id,reviewServiceType,reviewType,reviewContent,createDate,channelServiceType,reviewScore,productName,productOptionContent
3208578987,SELLBLOG,NORMAL,"장점: 귀여운 도안. 넉넉한 비즈
단점: 시작하면 빨리 끝내야지 안그러면 접착력이 떨어짐. 코팅 된 종이라서 퀄리티가 매우 좋은 편은 아닌듯",2021-06-30T13:45:29.057+0000,STOREFARM,3,어린이 보석십자수 DIY 캐릭터 큐빅 비즈 지니맘 정품 KC인증,타입선택: B타입(15cm15cm도안) / 디자인: B4번 왕관 고양이(액자별매)
3208117097,SELLBLOG,NORMAL,재구매예요 ^ ^ 아이가 만들기 재미있어해서 샀어요 배송도 빠르고 굳굳 ~,2021-06-30T03:34:23.162+0000,STOREFARM,5,어린이 보석십자수 DIY 캐릭터 큐빅 비즈 지니맘 정품 KC인증,타입선택: A타입(15cm20cm도안) / 디자인: A9번 겨울사슴 (액자별매)
3207315550,SELLBLOG,NORMAL,중1아들 금세 완성했네요^^ 클로버 심플하지만 이뻐요! 배송도 빨라서 좋았습니다. 아들도 완성하고 아주 만족하네요ㅋㅋ,2021-06-29T02:35:09.096+0000,STOREFARM,5,어린이 보석십자수 DIY 캐릭터 큐빅 비즈 지니맘 정품 KC인증,타입선택: A타입(15cm20cm도안) / 디자인: A11번 클로버 (액자별매)
3209898255,SELLBLOG,NORMAL,종류별로 다샀네요 이거만하면 아이가 조용해져서 ㅋ,2021-07-02T09:07:43.700+0000,STOREFARM,5,어린이 보석십자수 DIY 캐릭터 큐빅 비즈 지니맘 정품 KC인증,타입선택: A타입(15cm20cm도안) / 디자인: A3번 분홍사슴 (액자별매)
3207313939,SELLBLOG,NORMAL,아직 작업중이지만 예뻐요^^ 초1딸램 좋아하는 유니콘이라 구매했어요~~ 귀욤귀욤하니 좋습니다.,2021-06-29T02:32:47.124+0000,STOREFARM,5,어린이 보석십자수 DIY 캐릭터 큐빅 비즈 지니맘 정품 KC인증,타입선택: A타입(15cm20cm도안) / 디자인: A1번 유니콘  (액자별매)
3208492060,SELLBLOG,NORMAL,"너무 재미있게 이가격에 이퀄리티 대단해요~
선물로도 여러개 구매했어요~^^",2021-06-30T11:59:44.866+0000,STOREFARM,5,어린이 보석십자수 DIY 캐릭터 큐빅 비즈 지니맘 정품 KC인증,타입선택: A타입(15cm20cm도안) / 디자인: A16번 여우 (액자별매)
3209899143,SELLBLOG,NORMAL,종류별로 다샀네요 이거만 하면 아이가 조용해져요,2021-07-02T09:09:04.900+0000,STOREFARM,5,어린이 보석십자수 DIY 캐릭터 큐빅 비즈 지니맘 정품 KC인증,타입선택: A타입(15cm20cm도안) / 디자인: A4번 홍학 (액자별매)
3209908309,SELLBLOG,NORMAL,마지막이네요 리뷰도 묶어서 할수있게,2021-07-02T09:24:05.155+0000,STOREFARM,5,어린이 보석십자수 DIY 캐릭터 큐빅 비즈 지니맘 정품 KC인증,타입선택: A타입(15cm20cm도안) / 디자인: A20번 십자가 꽃 (액자별매)
3203345575,SELLBLOG,NORMAL,아이가 너무 좋아해서 재구매했어요  매진된거 빼고 21개 다  주문했어요  지난번에는 10개이상 주문했는데 시간 보내기 딱이네요,2021-06-23T05:59:43.504+0000,STOREFARM,5,어린이 보석십자수 DIY 캐릭터 큐빅 비즈 지니맘 정품 KC인증,타입선택: A타입(15cm20cm도안) / 디자인: A12번 돌고래 (액자별매)
3205607624,SELLBLOG,NORMAL,아이가 좋아해서 다 구매했어요 시간보내기 딱이예요매진된거 빼고 21개 플렉스~♡♡,2021-06-26T05:11:59.245+0000,STOREFARM,4,어린이 보석십자수 DIY 캐릭터 큐빅 비즈 지니맘 정품 KC인증,타입선택: A타입(15cm20cm도안) / 디자인: A13번 별유니콘 (액자별매)
3205607257,SELLBLOG,NORMAL,아이가 좋아해서 다 구매했어요 시간보내기 딱이예요매진된거 빼고 21개 플렉스~♡♡,2021-06-26T05:11:27.136+0000,STOREFARM,4,어린이 보석십자수 DIY 캐릭터 큐빅 비즈 지니맘 정품 KC인증,타입선택: A타입(15cm20cm도안) / 디자인: A14번 부엉이 (액자별매)
3205606982,SELLBLOG,NORMAL,아이가 좋아해서 다 구매했어요 시간보내기 딱이예요매진된거 빼고 21개 플렉스~♡♡,2021-06-26T05:10:59.279+0000,STOREFARM,4,어린이 보석십자수 DIY 캐릭터 큐빅 비즈 지니맘 정품 KC인증,타입선택: A타입(15cm20cm도안) / 디자인: A15번 핑크 유니콘 (액자별매)
3205606702,SELLBLOG,NORMAL,아이가 좋아해서 다 구매했어요 시간보내기 딱이예요매진된거 빼고 21개 플렉스~♡♡,2021-06-26T05:10:33.597+0000,STOREFARM,4,어린이 보석십자수 DIY 캐릭터 큐빅 비즈 지니맘 정품 KC인증,타입선택: A타입(15cm20cm도안) / 디자인: A16번 여우 (액자별매)
3205606410,SELLBLOG,NORMAL,아이가 좋아해서 다 구매했어요 시간보내기 딱이예요매진된거 빼고 21개 플렉스~♡♡,2021-06-26T05:10:08.011+0000,STOREFARM,4,어린이 보석십자수 DIY 캐릭터 큐빅 비즈 지니맘 정품 KC인증,타입선택: A타입(15cm20cm도안) / 디자인: A17번 아기 유니콘 (액자별매)
3205606132,SELLBLOG,NORMAL,아이가 좋아해서 다 구매했어요 시간보내기 딱이예요매진된거 빼고 21개 플렉스~♡♡,2021-06-26T05:09:42.921+0000,STOREFARM,4,어린이 보석십자수 DIY 캐릭터 큐빅 비즈 지니맘 정품 KC인증,타입선택: A타입(15cm20cm도안) / 디자인: A18번 파란사슴 (액자별매)
3205605880,SELLBLOG,NORMAL,아이가 좋아해서 다 구매했어요 시간보내기 딱이예요매진된거 빼고 21개 플렉스~♡♡,2021-06-26T05:09:18.124+0000,STOREFARM,4,어린이 보석십자수 DIY 캐릭터 큐빅 비즈 지니맘 정품 KC인증,타입선택: A타입(15cm20cm도안) / 디자인: A19번 아이스크림 (액자별매)
3205605634,SELLBLOG,NORMAL,아이가 좋아해서 다 구매했어요 시간보내기 딱이예요매진된거 빼고 21개 플렉스~♡♡,2021-06-26T05:08:54.418+0000,STOREFARM,4,어린이 보석십자수 DIY 캐릭터 큐빅 비즈 지니맘 정품 KC인증,타입선택: A타입(15cm20cm도안) / 디자인: A20번 십자가 꽃 (액자별매)
3205605366,SELLBLOG,NORMAL,아이가 좋아해서 다 구매했어요 시간보내기 딱이예요매진된거 빼고 21개 플렉스~♡♡,2021-06-26T05:08:30.078+0000,STOREFARM,4,어린이 보석십자수 DIY 캐릭터 큐빅 비즈 지니맘 정품 KC인증,타입선택: A타입(15cm20cm도안) / 디자인: A21번 하트십자가 (액자별매)
3205605101,SELLBLOG,NORMAL,아이가 좋아해서 다 구매했어요 시간보내기 딱이예요매진된거 빼고 21개 플렉스~♡♡,2021-06-26T05:08:05.376+0000,STOREFARM,4,어린이 보석십자수 DIY 캐릭터 큐빅 비즈 지니맘 정품 KC인증,타입선택: A타입(15cm20cm도안) / 디자인: A22번 교회 (액자별매)
3205604831,SELLBLOG,NORMAL,아이가 좋아해서 다 구매했어요 시간보내기 딱이예요매진된거 빼고 21개 플렉스~♡♡,2021-06-26T05:07:40.651+0000,STOREFARM,4,어린이 보석십자수 DIY 캐릭터 큐빅 비즈 지니맘 정품 KC인증,타입선택: A타입(15cm20cm도안) / 디자인: A23번 행복(액자별매)
3205604589,SELLBLOG,NORMAL,아이가 좋아해서 다 구매했어요 시간보내기 딱이예요매진된거 빼고 21개 플렉스~♡♡,2021-06-26T05:07:17.715+0000,STOREFARM,4,어린이 보석십자수 DIY 캐릭터 큐빅 비즈 지니맘 정품 KC인증,타입선택: A타입(15cm20cm도안) / 디자인: A1번 유니콘  (액자별매)
3205604326,SELLBLOG,NORMAL,아이가 좋아해서 다 구매했어요 시간보내기 딱이예요매진된거 빼고 21개 플렉스~♡♡,2021-06-26T05:06:54.159+0000,STOREFARM,4,어린이 보석십자수 DIY 캐릭터 큐빅 비즈 지니맘 정품 KC인증,타입선택: A타입(15cm20cm도안) / 디자인: A3번 분홍사슴 (액자별매)
3205604082,SELLBLOG,NORMAL,아이가 좋아해서 다 구매했어요 시간보내기 딱이예요매진된거 빼고 21개 플렉스~♡♡,2021-06-26T05:06:31.068+0000,STOREFARM,4,어린이 보석십자수 DIY 캐릭터 큐빅 비즈 지니맘 정품 KC인증,타입선택: A타입(15cm20cm도안) / 디자인: A4번 홍학 (액자별매)
3205603806,SELLBLOG,NORMAL,아이가 좋아해서 다 구매했어요 시간보내기 딱이예요매진된거 빼고 21개 플렉스~♡♡,2021-06-26T05:06:02.745+0000,STOREFARM,4,어린이 보석십자수 DIY 캐릭터 큐빅 비즈 지니맘 정품 KC인증,타입선택: A타입(15cm20cm도안) / 디자인: A5번  소녀1 (액자별매)
3205603594,SELLBLOG,NORMAL,아이가 좋아해서 다 구매했어요 시간보내기 딱이예요매진된거 빼고 21개 플렉스~♡♡,2021-06-26T05:05:40.542+0000,STOREFARM,4,어린이 보석십자수 DIY 캐릭터 큐빅 비즈 지니맘 정품 KC인증,타입선택: A타입(15cm20cm도안) / 디자인: A6번 소녀2 (액자별매)
3205603376,SELLBLOG,NORMAL,아이가 좋아해서 다 구매했어요 시간보내기 딱이예요매진된거 빼고 21개 플렉스~♡♡,2021-06-26T05:05:15.943+0000,STOREFARM,4,어린이 보석십자수 DIY 캐릭터 큐빅 비즈 지니맘 정품 KC인증,타입선택: A타입(15cm20cm도안) / 디자인: A7번 사자 (액자별매)
3205603111,SELLBLOG,NORMAL,아이가 좋아해서 다 구매했어요 시간보내기 딱이예요매진된거 빼고 21개 플렉스~♡♡,2021-06-26T05:04:51.046+0000,STOREFARM,4,어린이 보석십자수 DIY 캐릭터 큐빅 비즈 지니맘 정품 KC인증,타입선택: A타입(15cm20cm도안) / 디자인: A8번 꽃사슴 (액자별매)
3205602818,SELLBLOG,NORMAL,아이가 좋아해서 다 구매했어요 시간보내기 딱이예요매진된거 빼고 21개 플렉스~♡♡,2021-06-26T05:04:19.844+0000,STOREFARM,4,어린이 보석십자수 DIY 캐릭터 큐빅 비즈 지니맘 정품 KC인증,타입선택: A타입(15cm20cm도안) / 디자인: A9번 겨울사슴 (액자별매)
3205602437,SELLBLOG,NORMAL,아이가 좋아해서 다 구매했어요 시간보내기 딱이예요매진된거 빼고 21개 플렉스~♡♡,2021-06-26T05:03:41.072+0000,STOREFARM,4,어린이 보석십자수 DIY 캐릭터 큐빅 비즈 지니맘 정품 KC인증,타입선택: A타입(15cm20cm도안) / 디자인: A11번 클로버 (액자별매)
3209900535,SELLBLOG,NORMAL,종류별로 다샀어요 아이가 조용해져요,2021-07-02T09:11:14.126+0000,STOREFARM,5,어린이 보석십자수 DIY 캐릭터 큐빅 비즈 지니맘 정품 KC인증,타입선택: A타입(15cm20cm도안) / 디자인: A5번  소녀1 (액자별매)
3209679002,SELLBLOG,NORMAL,배송빨라요 애들좋아합니다,2021-07-02T04:13:04.851+0000,STOREFARM,5,어린이 보석십자수 DIY 캐릭터 큐빅 비즈 지니맘 정품 KC인증,타입선택: A타입(15cm20cm도안) / 디자인: A17번 아기 유니콘 (액자별매)
3209550607,SELLBLOG,NORMAL,사이즈 다른 큐빅으로.. 입체감 있고 반짝임도 있어 예쁘네요..,2021-07-02T01:49:45.291+0000,STOREFARM,5,어린이 보석십자수 DIY 캐릭터 큐빅 비즈 지니맘 정품 KC인증,타입선택: A타입(15cm20cm도안) / 디자인: A14번 부엉이 (액자별매)
3208787471,SELLBLOG,NORMAL,만족합니다. 선물했는데 좋아해요.,2021-07-01T01:07:01.660+0000,STOREFARM,5,어린이 보석십자수 DIY 캐릭터 큐빅 비즈 지니맘 정품 KC인증,타입선택: A타입(15cm20cm도안) / 디자인: A10번 안경토끼 (액자별매)
3202602937,SELLBLOG,NORMAL,여러종류를 함께 주문했는데 각각 깔끔하게 개별포장되어 왔네요 ^^ 아이가 너무 좋아합니다~,2021-06-22T07:15:04.938+0000,STOREFARM,5,어린이 보석십자수 DIY 캐릭터 큐빅 비즈 지니맘 정품 KC인증,타입선택: A타입(15cm20cm도안) / 디자인: A9번 겨울사슴 (액자별매)
3202602540,SELLBLOG,NORMAL,여러종류를 함께 주문했는데 각각 깔끔하게 개별포장되어 왔네요 ^^ 아이가 너무 좋아합니다~,2021-06-22T07:14:33.186+0000,STOREFARM,5,어린이 보석십자수 DIY 캐릭터 큐빅 비즈 지니맘 정품 KC인증,타입선택: A타입(15cm20cm도안) / 디자인: A8번 꽃사슴 (액자별매)
3210642621,SELLBLOG,NORMAL,"배송 빠르고, 제품 꼼꼼히 포장되어 잘 왔어요.",2021-07-03T11:20:23.478+0000,STOREFARM,5,어린이 보석십자수 DIY 캐릭터 큐빅 비즈 지니맘 정품 KC인증,타입선택: A타입(15cm20cm도안) / 디자인: A13번 별유니콘 (액자별매)
3209907773,SELLBLOG,NORMAL,이번거 다하면 똑같은걸 더사줘야 되나 고민,2021-07-02T09:23:11.626+0000,STOREFARM,5,어린이 보석십자수 DIY 캐릭터 큐빅 비즈 지니맘 정품 KC인증,타입선택: A타입(15cm20cm도안) / 디자인: A18번 파란사슴 (액자별매)
3209903437,SELLBLOG,NORMAL,리뷰도 한번에 묶어서 할수있게 해주세요,2021-07-02T09:15:59.513+0000,STOREFARM,5,어린이 보석십자수 DIY 캐릭터 큐빅 비즈 지니맘 정품 KC인증,타입선택: A타입(15cm20cm도안) / 디자인: A8번 꽃사슴 (액자별매)
3207802536,SELLBLOG,NORMAL,좋아해요.시간가는줄 몰고빠져서하네요,2021-06-29T13:21:49.673+0000,STOREFARM,5,어린이 보석십자수 DIY 캐릭터 큐빅 비즈 지니맘 정품 KC인증,타입선택: B타입(15cm15cm도안) / 디자인: B2번 강아지(액자별매)
3207426427,SELLBLOG,NORMAL,"배송도 빠르고 제품도 좋아요 
애들이 집중해서 할수있어서 더 좋구요",2021-06-29T05:30:47.947+0000,STOREFARM,5,어린이 보석십자수 DIY 캐릭터 큐빅 비즈 지니맘 정품 KC인증,타입선택: B타입(15cm15cm도안) / 디자인: B6번 클로버 고양이(액자별매)
3209904163,SELLBLOG,NORMAL,같은말 5번쯤 쓴거 같은데 언제 끝나려나,2021-07-02T09:17:07.146+0000,STOREFARM,5,어린이 보석십자수 DIY 캐릭터 큐빅 비즈 지니맘 정품 KC인증,타입선택: A타입(15cm20cm도안) / 디자인: A23번 행복(액자별매)
3209907233,SELLBLOG,NORMAL,다른 작품도 더많이 생겼음 좋겠네요,2021-07-02T09:22:19.502+0000,STOREFARM,5,어린이 보석십자수 DIY 캐릭터 큐빅 비즈 지니맘 정품 KC인증,타입선택: A타입(15cm20cm도안) / 디자인: A21번 하트십자가 (액자별매)
3209906118,SELLBLOG,NORMAL,다른 모양도 많이 생겼음 좋겠네요,2021-07-02T09:20:27.104+0000,STOREFARM,5,어린이 보석십자수 DIY 캐릭터 큐빅 비즈 지니맘 정품 KC인증,타입선택: A타입(15cm20cm도안) / 디자인: A17번 아기 유니콘 (액자별매)
3209904690,SELLBLOG,NORMAL,오자마자 벌써 뜯어서 하고 있네요,2021-07-02T09:18:00.548+0000,STOREFARM,5,어린이 보석십자수 DIY 캐릭터 큐빅 비즈 지니맘 정품 KC인증,타입선택: A타입(15cm20cm도안) / 디자인: A22번 교회 (액자별매)
3208492849,SELLBLOG,NORMAL,시간가는지 모르겠어요 힐링시간이네요~^^,2021-06-30T12:00:44.016+0000,STOREFARM,5,어린이 보석십자수 DIY 캐릭터 큐빅 비즈 지니맘 정품 KC인증,타입선택: A타입(15cm20cm도안) / 디자인: A17번 아기 유니콘 (액자별매)
3205316887,SELLBLOG,NORMAL,"시험삼아 작은거 사서 해봤는데 너무 만족~
다음엔 큰작품으로 도전해봐야겠어요",2021-06-25T15:46:37.532+0000,STOREFARM,5,어린이 보석십자수 DIY 캐릭터 큐빅 비즈 지니맘 정품 KC인증,타입선택: A타입(15cm20cm도안) / 디자인: A21번 하트십자가 (액자별매)
3209902148,SELLBLOG,NORMAL,12개 구매했는데 갯수대로 다 리뷰를 ㅠ,2021-07-02T09:13:52.509+0000,STOREFARM,5,어린이 보석십자수 DIY 캐릭터 큐빅 비즈 지니맘 정품 KC인증,타입선택: A타입(15cm20cm도안) / 디자인: A6번 소녀2 (액자별매)
3209905323,SELLBLOG,NORMAL,서비스도 주시고 감사합니다,2021-07-02T09:19:07.367+0000,STOREFARM,5,어린이 보석십자수 DIY 캐릭터 큐빅 비즈 지니맘 정품 KC인증,타입선택: A타입(15cm20cm도안) / 디자인: A15번 핑크 유니콘 (액자별매)
3209585540,SELLBLOG,NORMAL,아이가 좋아하고 집중하네요,2021-07-02T02:26:29.405+0000,STOREFARM,5,어린이 보석십자수 DIY 캐릭터 큐빅 비즈 지니맘 정품 KC인증,타입선택: A타입(15cm20cm도안) / 디자인: A13번 별유니콘 (액자별매)
3204671541,SELLBLOG,NORMAL,귀요미  액자 에요  아이가  금방 하네요~~,2021-06-25T00:28:06.554+0000,STOREFARM,5,어린이 보석십자수 DIY 캐릭터 큐빅 비즈 지니맘 정품 KC인증,타입선택: B타입(15cm15cm도안) / 디자인: B10번 장난감(액자별매)
3207801830,SELLBLOG,NORMAL,재밌어하네요~넘좋아요,2021-06-29T13:21:02.751+0000,STOREFARM,5,어린이 보석십자수 DIY 캐릭터 큐빅 비즈 지니맘 정품 KC인증,타입선택: A타입(15cm20cm도안) / 디자인: A19번 아이스크림 (액자별매)
3208493412,SELLBLOG,NORMAL,너무 좋아 선물로 여러개 구매해요~^^,2021-06-30T12:01:27.147+0000,STOREFARM,5,어린이 보석십자수 DIY 캐릭터 큐빅 비즈 지니맘 정품 KC인증,타입선택: B타입(15cm15cm도안) / 디자인: B9번 하트(액자별매)
3208493966,SELLBLOG,NORMAL,6살아이도 집중도 가지고 잘하네요~^^,2021-06-30T12:02:05.615+0000,STOREFARM,5,어린이 보석십자수 DIY 캐릭터 큐빅 비즈 지니맘 정품 KC인증,타입선택: B타입(15cm15cm도안) / 디자인: B3번 뿔 돌고래(액자별매)
3207427226,SELLBLOG,NORMAL,"배송도 빠르고 제품도 좋아요 
애들이 좋아해요",2021-06-29T05:31:58.321+0000,STOREFARM,5,어린이 보석십자수 DIY 캐릭터 큐빅 비즈 지니맘 정품 KC인증,타입선택: B타입(15cm15cm도안) / 디자인: B9번 하트(액자별매)
3192334503,SELLBLOG,NORMAL,같은색이라도 다양한 크기의 보석을 사용하여 질리지않게 할 수 있어서 너무 좋았어요. ^^,2021-06-07T12:19:43.002+0000,STOREFARM,5,어린이 보석십자수 DIY 캐릭터 큐빅 비즈 지니맘 정품 KC인증,타입선택: A타입(15cm20cm도안) / 디자인: A21번 하트십자가 (액자별매)
3192376394,SELLBLOG,NORMAL,"초1 초3 자매들 사주었더니 
시간 가는줄 모르고 집중해서 잘하네요~
완성하더니 또 사달래서 재구매 하러왔다가
리뷰 쓰고 갑니다~!
부모인 저도 해볼까 생각중입니다ㅋ
그만큼 재밌어요^^",2021-06-07T13:26:52.413+0000,STOREFARM,5,어린이 보석십자수 DIY 캐릭터 큐빅 비즈 지니맘 정품 KC인증,타입선택: A타입(15cm20cm도안) / 디자인: A1번 유니콘  (액자별매)
3192376127,SELLBLOG,NORMAL,"초1 초3 자매들 사주었더니 
시간 가는줄 모르고 집중해서 잘하네요~
완성하더니 또 사달래서 재구매 하러왔다가
리뷰 쓰고 갑니다~!
부모인 저도 해볼까 생각중입니다ㅋ
그만큼 재밌어요^^",2021-06-07T13:26:26.303+0000,STOREFARM,5,어린이 보석십자수 DIY 캐릭터 큐빅 비즈 지니맘 정품 KC인증,타입선택: A타입(15cm20cm도안) / 디자인: A2번 보라유니콘 (액자별매)
3208494599,SELLBLOG,NORMAL,완성하고 나면 뿌듯해요~~,2021-06-30T12:02:53.540+0000,STOREFARM,5,어린이 보석십자수 DIY 캐릭터 큐빅 비즈 지니맘 정품 KC인증,타입선택: B타입(15cm15cm도안) / 디자인: B5번 하트 고양이(액자별매)
3198766937,SELLBLOG,NORMAL,"초등학교 4학년 여자아이에게 선물할 거예요~ 
선물 상자를 옵션으로 추가했어요.",2021-06-16T12:18:42.103+0000,STOREFARM,5,어린이 보석십자수 DIY 캐릭터 큐빅 비즈 지니맘 정품 KC인증,타입선택: B타입(15cm15cm도안) / 디자인: B8번 빨간리본(액자별매)
3207427501,SELLBLOG,NORMAL,배송도 빠르고 제품도 좋아요,2021-06-29T05:32:22.164+0000,STOREFARM,5,어린이 보석십자수 DIY 캐릭터 큐빅 비즈 지니맘 정품 KC인증,타입선택: B타입(15cm15cm도안) / 디자인: B3번 뿔 돌고래(액자별매)
3207426841,SELLBLOG,NORMAL,배송도 빠르고 제품도 좋아요,2021-06-29T05:31:25.130+0000,STOREFARM,5,어린이 보석십자수 DIY 캐릭터 큐빅 비즈 지니맘 정품 KC인증,타입선택: B타입(15cm15cm도안) / 디자인: B1번 돌고래 하트(액자별매)
3196906848,SELLBLOG,NORMAL,"애들 하고싶다고해서
샀는데 제가 계속하고 뿌듯해하게되네요.
아들이 인내가 길러진다네요",2021-06-14T02:18:42.161+0000,STOREFARM,4,어린이 보석십자수 DIY 캐릭터 큐빅 비즈 지니맘 정품 KC인증,타입선택: A타입(15cm20cm도안) / 디자인: A3번 분홍사슴 (액자별매)
3207801297,SELLBLOG,NORMAL,좋아요 재밌어하네요,2021-06-29T13:20:24.666+0000,STOREFARM,4,어린이 보석십자수 DIY 캐릭터 큐빅 비즈 지니맘 정품 KC인증,타입선택: B타입(15cm15cm도안) / 디자인: B1번 돌고래 하트(액자별매)
3190326568,SELLBLOG,NORMAL,"아이가지난번에해보고
재미있다고 다시재구매했어요
요번엔 본인이 2개골라놨더라구요ㅎ",2021-06-04T10:04:36.355+0000,STOREFARM,5,어린이 보석십자수 DIY 캐릭터 큐빅 비즈 지니맘 정품 KC인증,타입선택: A타입(15cm20cm도안) / 디자인: A12번 돌고래 (액자별매)
3190327694,SELLBLOG,NORMAL,"아이가 재미있어하고 너무좋아해요
색이선명하고예쁘고 아이들이 편하게할수있도록
도안도 깔끔하네요
스마트폰을너무자주해서 이런보석십자수하는게
더좋을듯해요~",2021-06-04T10:06:30.768+0000,STOREFARM,5,어린이 보석십자수 DIY 캐릭터 큐빅 비즈 지니맘 정품 KC인증,타입선택: A타입(15cm20cm도안) / 디자인: A10번 안경토끼 (액자별매)
3192545927,SELLBLOG,NORMAL,"아이들이 넘 조아해서 ㅎ
재구매햇어요~
놀러갈때 가져간다고해서 빠른배송 부탁드렷는데
빨리해주시고 감사합니다^^",2021-06-08T00:57:06.724+0000,STOREFARM,5,어린이 보석십자수 DIY 캐릭터 큐빅 비즈 지니맘 정품 KC인증,타입선택: A타입(15cm20cm도안) / 디자인: A1번 유니콘  (액자별매)
3206528449,SELLBLOG,AFTER_USE,"코로나로 집콕시대
아이들 취미활동으로 딱이예요
집중력향상에 좋고
시간도 잘가고ㅎ
완성하고나니 너무 이쁘구요~~^^",2021-06-27T21:43:56.536+0000,STOREFARM,5,어린이 보석십자수 DIY 캐릭터 큐빅 비즈 지니맘 정품 KC인증,타입선택: B타입(15cm15cm도안) / 디자인: B2번 강아지(액자별매)
3204672462,SELLBLOG,NORMAL,맘에  들어요~  이뻐요^^,2021-06-25T00:29:20.022+0000,STOREFARM,5,어린이 보석십자수 DIY 캐릭터 큐빅 비즈 지니맘 정품 KC인증,타입선택: B타입(15cm15cm도안) / 디자인: B11번 낮잠(액자별매)
3198647320,SELLBLOG,NORMAL,아이가 재밌게 잘하네요..완성되면 너무 예뻐요,2021-06-16T09:48:46.150+0000,STOREFARM,5,어린이 보석십자수 DIY 캐릭터 큐빅 비즈 지니맘 정품 KC인증,타입선택: A타입(15cm20cm도안) / 디자인: A10번 안경토끼 (액자별매)
3204306296,SELLBLOG,NORMAL,아이가 좋아합니다.,2021-06-24T09:08:49.353+0000,STOREFARM,5,어린이 보석십자수 DIY 캐릭터 큐빅 비즈 지니맘 정품 KC인증,타입선택: B타입(15cm15cm도안) / 디자인: B1번 돌고래 하트(액자별매)
3204305873,SELLBLOG,NORMAL,아이가 좋아합니다.,2021-06-24T09:08:09.046+0000,STOREFARM,5,어린이 보석십자수 DIY 캐릭터 큐빅 비즈 지니맘 정품 KC인증,타입선택: B타입(15cm15cm도안) / 디자인: B10번 장난감(액자별매)
3194446611,SELLBLOG,NORMAL,보석크기도 다양해서 수업중에 하기 너무 좋아요! 감사합니다.,2021-06-10T07:33:43.754+0000,STOREFARM,5,어린이 보석십자수 DIY 캐릭터 큐빅 비즈 지니맘 정품 KC인증,타입선택: A타입(15cm20cm도안) / 디자인: A10번 안경토끼 (액자별매)
3185673398,SELLBLOG,NORMAL,좋아요. 아들들이 하고 싶다고 했어 신청하고 지금도 열심히 하고 있어요..큐빅 크기가 컸어 작은 아이들이 하기 좋아요.. 다 좋은데 큐빅이 상처가 많이 있네요..반짝이큐빅은 반짝이가 까져 있고 밝은큐빅들은 다른 색이 묻어있는것도 있어요..,2021-05-29T03:27:32.700+0000,STOREFARM,3,어린이 보석십자수 DIY 캐릭터 큐빅 비즈 지니맘 정품 KC인증,타입선택: A타입(15cm20cm도안) / 디자인: A12번 돌고래 (액자별매)
3185672894,SELLBLOG,NORMAL,좋아요. 아들들이 하고 싶다고 했어 신청하고 지금도 열심히 하고 있어요..큐빅 크기가 컸어 작은 아이들이 하기 좋아요.. 다 좋은데 큐빅이 상처가 많이 있네요..반짝이큐빅은 반짝이가 까져 있고 밝은큐빅들은 다른 색이 묻어있는것도 있어요..,2021-05-29T03:26:47.825+0000,STOREFARM,3,어린이 보석십자수 DIY 캐릭터 큐빅 비즈 지니맘 정품 KC인증,타입선택: B타입(15cm15cm도안) / 디자인: B11번 낮잠(액자별매)
3207803429,SELLBLOG,NORMAL,좋아요~~~~^^♡,2021-06-29T13:22:50.651+0000,STOREFARM,5,어린이 보석십자수 DIY 캐릭터 큐빅 비즈 지니맘 정품 KC인증,타입선택: B타입(15cm15cm도안) / 디자인: B11번 낮잠(액자별매)
3187752132,SELLBLOG,NORMAL,"딸아이가 직접 고른 강아지인데, 집중해서 잘 하네요. 배송도 빠르고, 포장도 껌꼼하게 왔어요. 다 완성하면 다른걸로 또 주문할게요.",2021-06-01T08:13:10.974+0000,STOREFARM,5,어린이 보석십자수 DIY 캐릭터 큐빅 비즈 지니맘 정품 KC인증,타입선택: B타입(15cm15cm도안) / 디자인: B9번 하트(액자별매)
3208025306,SELLBLOG,AFTER_USE,아이가 좋아해서 많이 구매했어요 혼자 놀기 딱 좋아요,2021-06-30T01:11:21.299+0000,STOREFARM,4,어린이 보석십자수 DIY 캐릭터 큐빅 비즈 지니맘 정품 KC인증,타입선택: A타입(15cm20cm도안) / 디자인: A23번 행복(액자별매)
3188685829,SELLBLOG,NORMAL,"배송도 무지 빠르고~
딸아이가 넘 조아하네요 ㅎ
덩달아 아들까지 잼있게 햇어요~
액자로 만들어 준다니 무지 신나하며~",2021-06-02T10:29:02.307+0000,STOREFARM,5,어린이 보석십자수 DIY 캐릭터 큐빅 비즈 지니맘 정품 KC인증,타입선택: A타입(15cm20cm도안) / 디자인: A13번 별유니콘 (액자별매)
3187198135,SELLBLOG,NORMAL,빠른배송 감사합니다. 조카가 놀러오면 하는걸 좋아해서 두번째 구매 입니다. 이번엔 열쇠고리형도 구입했어요,2021-05-31T11:40:36.341+0000,STOREFARM,5,어린이 보석십자수 DIY 캐릭터 큐빅 비즈 지니맘 정품 KC인증,타입선택: A타입(15cm20cm도안) / 디자인: A14번 부엉이 (액자별매)
3198019715,SELLBLOG,AFTER_USE,목이 빠지는줄~~ 그래도 완성하니 멋있어요,2021-06-15T12:44:04.445+0000,STOREFARM,3,어린이 보석십자수 DIY 캐릭터 큐빅 비즈 지니맘 정품 KC인증,타입선택: B타입(15cm15cm도안) / 디자인: B3번 뿔 돌고래(액자별매)
3187751032,SELLBLOG,NORMAL,"아이들이 좋아할거 같아서 주문했는데, 역시나 좋아하네요. 반짝반짝 이쁘고, 재미있다고 집중해서 하네요. 다 하고 또 주문할게요.",2021-06-01T08:11:52.961+0000,STOREFARM,5,어린이 보석십자수 DIY 캐릭터 큐빅 비즈 지니맘 정품 KC인증,타입선택: B타입(15cm15cm도안) / 디자인: B5번 하트 고양이(액자별매)
3208029585,SELLBLOG,AFTER_USE,혼자서도 아주ㅈ긴시간 잘놀아요  완성까지 서너시간동안 얌전히 잘 노네요,2021-06-30T01:17:53.427+0000,STOREFARM,4,어린이 보석십자수 DIY 캐릭터 큐빅 비즈 지니맘 정품 KC인증,타입선택: A타입(15cm20cm도안) / 디자인: A11번 클로버 (액자별매)
3204945444,SELLBLOG,NORMAL,5살따님 좀 하더니 저보고 하래요 ㅠㅜ 하다보니 재밌긴 한데 취지는 이게 아니었는데,2021-06-25T05:43:51.269+0000,STOREFARM,5,어린이 보석십자수 DIY 캐릭터 큐빅 비즈 지니맘 정품 KC인증,타입선택: A타입(15cm20cm도안) / 디자인: A14번 부엉이 (액자별매)
3204945347,SELLBLOG,NORMAL,5살따님 좀 하더니 저보고 하래요 ㅠㅜ 하다보니 재밌긴 한데 취지는 이게 아니었는데,2021-06-25T05:43:41.925+0000,STOREFARM,5,어린이 보석십자수 DIY 캐릭터 큐빅 비즈 지니맘 정품 KC인증,타입선택: A타입(15cm20cm도안) / 디자인: A13번 별유니콘 (액자별매)
3204945204,SELLBLOG,NORMAL,5살따님 좀 하더니 저보고 하래요 ㅠㅜ 하다보니 재밌긴 한데 취지는 이게 아니었는데,2021-06-25T05:43:31.576+0000,STOREFARM,5,어린이 보석십자수 DIY 캐릭터 큐빅 비즈 지니맘 정품 KC인증,타입선택: A타입(15cm20cm도안) / 디자인: A8번 꽃사슴 (액자별매)
3204944957,SELLBLOG,NORMAL,5살따님 좀 하더니 저보고 하래요 ㅠㅜ 하다보니 재밌긴 한데 취지는 이게 아니었는데,2021-06-25T05:43:14.938+0000,STOREFARM,5,어린이 보석십자수 DIY 캐릭터 큐빅 비즈 지니맘 정품 KC인증,타입선택: A타입(15cm20cm도안) / 디자인: A6번 소녀2 (액자별매)
3185779572,SELLBLOG,AFTER_USE,심심할때 하기 딱 좋아요. 너무 반짝거려 딸은 할때 눈이 아프다네요. 작품고를때 그 점도 참고하시면 되세요. 완성후에는 반짝거리는게 예뻐요.,2021-05-29T06:08:49.939+0000,STOREFARM,5,어린이 보석십자수 DIY 캐릭터 큐빅 비즈 지니맘 정품 KC인증,타입선택: A타입(15cm20cm도안) / 디자인: A11번 클로버 (액자별매)
3187996069,SELLBLOG,NORMAL,아이가 아주 잘 갖고 놀아요  비즈를 넉넉히 주셔서 반정도 남았는데 아까워서 못버리네요,2021-06-01T12:53:01.054+0000,STOREFARM,4,어린이 보석십자수 DIY 캐릭터 큐빅 비즈 지니맘 정품 KC인증,타입선택: A타입(15cm20cm도안) / 디자인: A10번 안경토끼 (액자별매)
3194291809,SELLBLOG,AFTER_USE,딸램이랑 재밌게 만들고 액자에 걸어두니 넘 이뿌네요,2021-06-10T04:05:13.726+0000,STOREFARM,5,어린이 보석십자수 DIY 캐릭터 큐빅 비즈 지니맘 정품 KC인증,타입선택: A타입(15cm20cm도안) / 디자인: A13번 별유니콘 (액자별매)
3194291349,SELLBLOG,AFTER_USE,딸램이랑 재밌게 만들고 액자에 걸어두니 넘 이뿌네요,2021-06-10T04:04:31.007+0000,STOREFARM,5,어린이 보석십자수 DIY 캐릭터 큐빅 비즈 지니맘 정품 KC인증,타입선택: A타입(15cm20cm도안) / 디자인: A5번  소녀1 (액자별매)
3207419090,SELLBLOG,NORMAL,아이가 너무예쁘다고좋아해요 반짝반짝 너무예쁘네요,2021-06-29T05:20:20.241+0000,STOREFARM,3,어린이 보석십자수 DIY 캐릭터 큐빅 비즈 지니맘 정품 KC인증,타입선택: B타입(15cm15cm도안) / 디자인: B1번 돌고래 하트(액자별매)
3193170024,SELLBLOG,NORMAL,아이가 좋아해요 하루 하나씩 차분해져요,2021-06-08T13:52:31.803+0000,STOREFARM,5,어린이 보석십자수 DIY 캐릭터 큐빅 비즈 지니맘 정품 KC인증,타입선택: A타입(15cm20cm도안) / 디자인: A19번 아이스크림 (액자별매)
3198766025,SELLBLOG,NORMAL,선물하려고 주문했어요^^,2021-06-16T12:17:39.426+0000,STOREFARM,5,어린이 보석십자수 DIY 캐릭터 큐빅 비즈 지니맘 정품 KC인증,타입선택: A타입(15cm20cm도안) / 디자인: A1번 유니콘  (액자별매)
3192853874,SELLBLOG,NORMAL,"넘 반짝여서 눈이 아파요 ㅎㅎ
완성후에는 예뻐요",2021-06-08T07:50:39.700+0000,STOREFARM,3,어린이 보석십자수 DIY 캐릭터 큐빅 비즈 지니맘 정품 KC인증,타입선택: B타입(15cm15cm도안) / 디자인: B3번 뿔 돌고래(액자별매)
3192853178,SELLBLOG,NORMAL,"넘 반짝여서 눈이 아파요 ㅎㅎ
완성후에는 예뻐요",2021-06-08T07:49:46.167+0000,STOREFARM,3,어린이 보석십자수 DIY 캐릭터 큐빅 비즈 지니맘 정품 KC인증,타입선택: A타입(15cm20cm도안) / 디자인: A13번 별유니콘 (액자별매)
3193171929,SELLBLOG,NORMAL,보석도 꼼꼼히 종류별로 지퍼백에 들어있어서 좋아요,2021-06-08T13:54:51.246+0000,STOREFARM,5,어린이 보석십자수 DIY 캐릭터 큐빅 비즈 지니맘 정품 KC인증,타입선택: A타입(15cm20cm도안) / 디자인: A16번 여우 (액자별매)
3193169261,SELLBLOG,NORMAL,아이가 넘 좋아해서 10개주문 하루 하나씩 차분해지고 좋아요,2021-06-08T13:51:37.249+0000,STOREFARM,5,어린이 보석십자수 DIY 캐릭터 큐빅 비즈 지니맘 정품 KC인증,타입선택: B타입(15cm15cm도안) / 디자인: B2번 강아지(액자별매)
3195974068,SELLBLOG,AFTER_USE,우리딸  3시간동안 꼼짝않고 했네요,2021-06-12T09:19:14.395+0000,STOREFARM,5,어린이 보석십자수 DIY 캐릭터 큐빅 비즈 지니맘 정품 KC인증,타입선택: A타입(15cm20cm도안) / 디자인: A22번 교회 (액자별매)
3199806874,SELLBLOG,NORMAL,번쩍번쩍하네요~~!,2021-06-18T01:21:58.396+0000,STOREFARM,5,어린이 보석십자수 DIY 캐릭터 큐빅 비즈 지니맘 정품 KC인증,타입선택: B타입(15cm15cm도안) / 디자인: B4번 왕관 고양이(액자별매)
3188770386,SELLBLOG,NORMAL,1학년 아이가 3일정도 집중해서 하네요.  중2 아들도 해보고 싶다고.. 많이 파세요.,2021-06-02T12:09:12.360+0000,STOREFARM,4,어린이 보석십자수 DIY 캐릭터 큐빅 비즈 지니맘 정품 KC인증,타입선택: B타입(15cm15cm도안) / 디자인: B1번 돌고래 하트(액자별매)
3189879405,SELLBLOG,NORMAL,큐빅도 불량이많이 없고 색도 선명하고 좋네요v,2021-06-04T01:01:51.562+0000,STOREFARM,4,어린이 보석십자수 DIY 캐릭터 큐빅 비즈 지니맘 정품 KC인증,타입선택: B타입(15cm15cm도안) / 디자인: B3번 뿔 돌고래(액자별매)
3192546409,SELLBLOG,NORMAL,"재구매예요~
저도해보니 잼있네요~^^",2021-06-08T00:57:43.689+0000,STOREFARM,5,어린이 보석십자수 DIY 캐릭터 큐빅 비즈 지니맘 정품 KC인증,타입선택: A타입(15cm20cm도안) / 디자인: A11번 클로버 (액자별매)
3203242674,SELLBLOG,NORMAL,"보석이 반짝반짝여서 딸이 좋아하네요
보석 크기도 살짝 커서 애들한테 좋아요",2021-06-23T03:38:00.814+0000,STOREFARM,5,어린이 보석십자수 DIY 캐릭터 큐빅 비즈 지니맘 정품 KC인증,타입선택: B타입(15cm15cm도안) / 디자인: B5번 하트 고양이(액자별매)
3199807517,SELLBLOG,NORMAL,번쩍번쩍 하네요~~~!!,2021-06-18T01:22:39.537+0000,STOREFARM,5,어린이 보석십자수 DIY 캐릭터 큐빅 비즈 지니맘 정품 KC인증,타입선택: B타입(15cm15cm도안) / 디자인: B2번 강아지(액자별매)
3186801773,SELLBLOG,NORMAL,"보석도넉넉하고 아이가 좋아하네요
해놓고나니 예쁘구요~~~
가격도 저렴하고 여기가 젤인것같아요^^",2021-05-31T01:26:02.403+0000,STOREFARM,5,어린이 보석십자수 DIY 캐릭터 큐빅 비즈 지니맘 정품 KC인증,타입선택: B타입(15cm15cm도안) / 디자인: B3번 뿔 돌고래(액자별매)
3208632865,SELLBLOG,NORMAL,배송도 빠르고 아이들이 좋아해요,2021-06-30T15:07:09.317+0000,STOREFARM,5,어린이 보석십자수 DIY 캐릭터 큐빅 비즈 지니맘 정품 KC인증,타입선택: A타입(15cm20cm도안) / 디자인: A1번 유니콘  (액자별매)
3208027869,SELLBLOG,AFTER_USE,혼자서도 잘 놀아서  아주 맘에 들어요,2021-06-30T01:15:18.697+0000,STOREFARM,4,어린이 보석십자수 DIY 캐릭터 큐빅 비즈 지니맘 정품 KC인증,타입선택: A타입(15cm20cm도안) / 디자인: A8번 꽃사슴 (액자별매)
3193174075,SELLBLOG,NORMAL,다른곳보다 꼼꼼하게 포장되어서 좋아요,2021-06-08T13:57:23.608+0000,STOREFARM,5,어린이 보석십자수 DIY 캐릭터 큐빅 비즈 지니맘 정품 KC인증,타입선택: A타입(15cm20cm도안) / 디자인: A13번 별유니콘 (액자별매)
3185778340,SELLBLOG,AFTER_USE,심심할때마다 조금씩하니 작품이 완성되네요. 맞는 사이즈로 액자까지 구매하니 좋아요.,2021-05-29T06:06:59.920+0000,STOREFARM,5,어린이 보석십자수 DIY 캐릭터 큐빅 비즈 지니맘 정품 KC인증,타입선택: B타입(15cm15cm도안) / 디자인: B9번 하트(액자별매)
3185275009,SELLBLOG,NORMAL,"애들이 좋아해요
다하면 또 사러 올려구요^^",2021-05-28T10:37:45.413+0000,STOREFARM,5,어린이 보석십자수 DIY 캐릭터 큐빅 비즈 지니맘 정품 KC인증,타입선택: A타입(15cm20cm도안) / 디자인: A21번 하트십자가 (액자별매)
3185273059,SELLBLOG,NORMAL,"생각보다 애들이 좋아하네요
많이 파세요^^",2021-05-28T10:34:40.679+0000,STOREFARM,5,어린이 보석십자수 DIY 캐릭터 큐빅 비즈 지니맘 정품 KC인증,타입선택: A타입(15cm20cm도안) / 디자인: A1번 유니콘  (액자별매)
3188933455,SELLBLOG,AFTER_USE,스트레스 해소용~ 멍때리기 딱 좋아요 ㅋㅋㅋ재구매 3번째 입니닷!!!,2021-06-02T15:48:08.160+0000,STOREFARM,5,어린이 보석십자수 DIY 캐릭터 큐빅 비즈 지니맘 KC인증,지니맘 큐빅십자수  DIY: 12번 돌고래 (액자별매)
3185780221,SELLBLOG,AFTER_USE,부엉이 예쁩니다.  액자까지 같이 구매했는데 좋아요. 심심할때 하기 딱 입니다.,2021-05-29T06:09:46.049+0000,STOREFARM,5,어린이 보석십자수 DIY 캐릭터 큐빅 비즈 지니맘 정품 KC인증,타입선택: A타입(15cm20cm도안) / 디자인: A14번 부엉이 (액자별매)
3190035340,SELLBLOG,NORMAL,맘에들어요전에도여기서구입했는데만들어서선물하고또구입하고있어요,2021-06-04T03:42:02.070+0000,STOREFARM,4,어린이 보석십자수 DIY 캐릭터 큐빅 비즈 지니맘 정품 KC인증,타입선택: A타입(15cm20cm도안) / 디자인: A3번 분홍사슴 (액자별매)
3190034892,SELLBLOG,NORMAL,맘에들어요전에도여기서구입했는데만들어서선물하고또구입하고있어요,2021-06-04T03:41:30.214+0000,STOREFARM,4,어린이 보석십자수 DIY 캐릭터 큐빅 비즈 지니맘 정품 KC인증,타입선택: A타입(15cm20cm도안) / 디자인: A22번 교회 (액자별매)
3190034381,SELLBLOG,NORMAL,맘에들어요전에도여기서구입했는데만들어서선물하고또구입하고있어요,2021-06-04T03:40:54.277+0000,STOREFARM,4,어린이 보석십자수 DIY 캐릭터 큐빅 비즈 지니맘 정품 KC인증,타입선택: A타입(15cm20cm도안) / 디자인: A11번 클로버 (액자별매)
3181812531,SELLBLOG,NORMAL,언니하는것 보고 7살 아이도 하고싶어해서 샀어요.혼자하긴 조금 힘들어하고 옆에서 도와주면 잘해요.완성하면 이쁠것 같아요.,2021-05-24T04:38:34.554+0000,STOREFARM,4,어린이 보석십자수 DIY 캐릭터 큐빅 비즈 지니맘 정품 KC인증,타입선택: A타입(15cm20cm도안) / 디자인: A16번 여우 (액자별매)
3181811360,SELLBLOG,NORMAL,언니하는것 보고 7살 아이도 하고싶어해서 샀어요.혼자하긴 조금 힘들어하고 옆에서 도와주면 잘해요.완성하면 이쁠것 같아요.,2021-05-24T04:37:06.382+0000,STOREFARM,4,어린이 보석십자수 DIY 캐릭터 큐빅 비즈 지니맘 정품 KC인증,타입선택: A타입(15cm20cm도안) / 디자인: A15번 핑크 유니콘 (액자별매)
3193171017,SELLBLOG,NORMAL,도안이 빳빳한 재질이라 좋아요,2021-06-08T13:53:45.197+0000,STOREFARM,5,어린이 보석십자수 DIY 캐릭터 큐빅 비즈 지니맘 정품 KC인증,타입선택: A타입(15cm20cm도안) / 디자인: A1번 유니콘  (액자별매)
3194447623,SELLBLOG,NORMAL,잘받았습니다. 감사합니다.,2021-06-10T07:35:00.816+0000,STOREFARM,5,어린이 보석십자수 DIY 캐릭터 큐빅 비즈 지니맘 정품 KC인증,타입선택: A타입(15cm20cm도안) / 디자인: A19번 아이스크림 (액자별매)
3173148817,SELLBLOG,AFTER_USE,이뻐요. 다양한디자인 많이 입고해주세요,2021-05-11T23:01:29.766+0000,STOREFARM,5,어린이 보석십자수 DIY 캐릭터 큐빅 비즈 지니맘 정품 KC인증,타입선택: B타입(15cm15cm도안) / 디자인: B12번 달빛부엉이(액자별매)
3205464751,SELLBLOG,NORMAL,완성해놓고 보니 너무 예뻐서 또 사고싶어요 ^^,2021-06-26T01:59:12.683+0000,STOREFARM,5,어린이 보석십자수 DIY 캐릭터 큐빅 비즈 지니맘 정품 KC인증,타입선택: A타입(15cm20cm도안) / 디자인: A14번 부엉이 (액자별매)
3185274316,SELLBLOG,NORMAL,"다하면 예쁠꺼 같아요
완성되면 빨리 액자에 넣고 싶네요",2021-05-28T10:36:40.680+0000,STOREFARM,5,어린이 보석십자수 DIY 캐릭터 큐빅 비즈 지니맘 정품 KC인증,타입선택: B타입(15cm15cm도안) / 디자인: B10번 장난감(액자별매)
3207419322,SELLBLOG,NORMAL,아이가너무좋아하네요,2021-06-29T05:20:39.976+0000,STOREFARM,3,어린이 보석십자수 DIY 캐릭터 큐빅 비즈 지니맘 정품 KC인증,타입선택: B타입(15cm15cm도안) / 디자인: B2번 강아지(액자별매)
3207419529,SELLBLOG,NORMAL,아이가 너무좋아해요,2021-06-29T05:20:59.018+0000,STOREFARM,3,어린이 보석십자수 DIY 캐릭터 큐빅 비즈 지니맘 정품 KC인증,타입선택: B타입(15cm15cm도안) / 디자인: B5번 하트 고양이(액자별매)
3206820132,SELLBLOG,AFTER_USE,아기자기 잘 가지고 놀아요,2021-06-28T05:16:05.958+0000,STOREFARM,4,어린이 보석십자수 DIY 캐릭터 큐빅 비즈 지니맘 정품 KC인증,타입선택: A타입(15cm20cm도안) / 디자인: A3번 분홍사슴 (액자별매)
3192589494,SELLBLOG,NORMAL,빈공간이 없어서 더 예쁘네요~ 큰비즈 중간비즈 작은비즈 섞여있으니 단순하지 않아서 더 잼있고 예뻐요~ 캠핑가서 심심할때쯤 꺼내주니 아이들도 좋아하네요~,2021-06-08T01:47:15.085+0000,STOREFARM,5,어린이 보석십자수 DIY 캐릭터 큐빅 비즈 지니맘 정품 KC인증,타입선택: A타입(15cm20cm도안) / 디자인: A23번 행복(액자별매)
3192589329,SELLBLOG,NORMAL,빈공간이 없어서 더 예쁘네요~ 큰비즈 중간비즈 작은비즈 섞여있으니 단순하지 않아서 더 잼있고 예뻐요~ 캠핑가서 심심할때쯤 꺼내주니 아이들도 좋아하네요~,2021-06-08T01:47:04.955+0000,STOREFARM,5,어린이 보석십자수 DIY 캐릭터 큐빅 비즈 지니맘 정품 KC인증,타입선택: A타입(15cm20cm도안) / 디자인: A16번 여우 (액자별매)
3192589177,SELLBLOG,NORMAL,빈공간이 없어서 더 예쁘네요~ 큰비즈 중간비즈 작은비즈 섞여있으니 단순하지 않아서 더 잼있고 예뻐요~ 캠핑가서 심심할때쯤 꺼내주니 아이들도 좋아하네요~,2021-06-08T01:46:55.422+0000,STOREFARM,5,어린이 보석십자수 DIY 캐릭터 큐빅 비즈 지니맘 정품 KC인증,타입선택: A타입(15cm20cm도안) / 디자인: A15번 핑크 유니콘 (액자별매)
3192588962,SELLBLOG,NORMAL,빈공간이 없어서 더 예쁘네요~ 큰비즈 중간비즈 작은비즈 섞여있으니 단순하지 않아서 더 잼있고 예뻐요~ 캠핑가서 심심할때쯤 꺼내주니 아이들도 좋아하네요~,2021-06-08T01:46:44.676+0000,STOREFARM,5,어린이 보석십자수 DIY 캐릭터 큐빅 비즈 지니맘 정품 KC인증,타입선택: A타입(15cm20cm도안) / 디자인: A13번 별유니콘 (액자별매)
3187822748,SELLBLOG,NORMAL,"아이가좋아하고
유치해보이지만
완성품은 생각보다 나아요",2021-06-01T09:43:09.383+0000,STOREFARM,4,어린이 보석십자수 DIY 캐릭터 큐빅 비즈 지니맘 정품 KC인증,타입선택: B타입(15cm15cm도안) / 디자인: B7번 작은 유니콘(액자별매)
3206637390,SELLBLOG,NORMAL,완성하고 나니 더 이뻐용~,2021-06-28T01:30:24.729+0000,STOREFARM,5,어린이 보석십자수 DIY 캐릭터 큐빅 비즈 지니맘 정품 KC인증,타입선택: A타입(15cm20cm도안) / 디자인: A7번 사자 (액자별매)
3204507086,SELLBLOG,NORMAL,배송도 빠르고 아이들이 좋아해요,2021-06-24T13:47:28.333+0000,STOREFARM,5,어린이 보석십자수 DIY 캐릭터 큐빅 비즈 지니맘 정품 KC인증,타입선택: A타입(15cm20cm도안) / 디자인: A12번 돌고래 (액자별매)
3188934461,SELLBLOG,AFTER_USE,코로나 심각할때 밖에 안나가고 이거만 했음요 ㅋㅋㅋ,2021-06-02T15:50:47.717+0000,STOREFARM,5,어린이 보석십자수 DIY 캐릭터 큐빅 비즈 지니맘 KC인증,지니맘 큐빅십자수  DIY: 1번 유니콘  (액자별매)
3181992977,SELLBLOG,NORMAL,"배송도빠르고  아이가 좋아해서  또시켰어요
지난번구매보다 할인을많이 하네요~~",2021-05-24T09:16:13.354+0000,STOREFARM,5,어린이 보석십자수 DIY 캐릭터 큐빅 비즈 지니맘 정품 KC인증,타입선택: A타입(15cm20cm도안) / 디자인: A7번 사자 (액자별매)
3181992786,SELLBLOG,NORMAL,"배송도빠르고  아이가 좋아해서  또시켰어요
지난번구매보다 할인을많이 하네요~~",2021-05-24T09:15:50.487+0000,STOREFARM,5,어린이 보석십자수 DIY 캐릭터 큐빅 비즈 지니맘 정품 KC인증,타입선택: A타입(15cm20cm도안) / 디자인: A13번 별유니콘 (액자별매)
3181992509,SELLBLOG,NORMAL,"배송도빠르고  아이가 좋아해서  또시켰어요
지난번구매보다 할인을많이 하네요~~",2021-05-24T09:15:18.799+0000,STOREFARM,5,어린이 보석십자수 DIY 캐릭터 큐빅 비즈 지니맘 정품 KC인증,타입선택: A타입(15cm20cm도안) / 디자인: A3번 분홍사슴 (액자별매)
3181992302,SELLBLOG,NORMAL,"배송도빠르고  아이가 좋아해서  또시켰어요
지난번구매보다 할인을많이 하네요~~",2021-05-24T09:14:51.779+0000,STOREFARM,5,어린이 보석십자수 DIY 캐릭터 큐빅 비즈 지니맘 정품 KC인증,타입선택: A타입(15cm20cm도안) / 디자인: A6번 소녀2 (액자별매)
3187551908,SELLBLOG,NORMAL,상품잘받았습니다배송도빠르고다양해서좋아요,2021-06-01T03:31:03.131+0000,STOREFARM,4,어린이 보석십자수 DIY 캐릭터 큐빅 비즈 지니맘 정품 KC인증,타입선택: A타입(15cm20cm도안) / 디자인: A21번 하트십자가 (액자별매)
3187551571,SELLBLOG,NORMAL,상품잘받았습니다배송도빠르고다양해서좋아요,2021-06-01T03:30:27.428+0000,STOREFARM,4,어린이 보석십자수 DIY 캐릭터 큐빅 비즈 지니맘 정품 KC인증,타입선택: A타입(15cm20cm도안) / 디자인: A22번 교회 (액자별매)
3187551265,SELLBLOG,NORMAL,상품잘받았습니다배송도빠르고다양해서좋아요,2021-06-01T03:29:57.307+0000,STOREFARM,4,어린이 보석십자수 DIY 캐릭터 큐빅 비즈 지니맘 정품 KC인증,타입선택: A타입(15cm20cm도안) / 디자인: A20번 십자가 꽃 (액자별매)
3187550919,SELLBLOG,NORMAL,상품잘받았습니다배송도빠르고다양해서좋아요,2021-06-01T03:29:24.602+0000,STOREFARM,4,어린이 보석십자수 DIY 캐릭터 큐빅 비즈 지니맘 정품 KC인증,타입선택: A타입(15cm20cm도안) / 디자인: A9번 겨울사슴 (액자별매)
3187550590,SELLBLOG,NORMAL,상품잘받았습니다배송도빠르고다양해서좋아요,2021-06-01T03:28:54.178+0000,STOREFARM,4,어린이 보석십자수 DIY 캐릭터 큐빅 비즈 지니맘 정품 KC인증,타입선택: A타입(15cm20cm도안) / 디자인: A3번 분홍사슴 (액자별매)
3187104668,SELLBLOG,NORMAL,보석십자수 매력에 빠졌어요 ㅎㅎ 넘 좋아요,2021-05-31T08:35:04.373+0000,STOREFARM,4,어린이 보석십자수 DIY 캐릭터 큐빅 비즈 지니맘 정품 KC인증,타입선택: B타입(15cm15cm도안) / 디자인: B2번 강아지(액자별매)
3206734301,SELLBLOG,AFTER_USE,아주 아이들이 좋아해요~~~~,2021-06-28T03:08:33.615+0000,STOREFARM,5,어린이 보석십자수 DIY 캐릭터 큐빅 비즈 지니맘 정품 KC인증,타입선택: A타입(15cm20cm도안) / 디자인: A9번 겨울사슴 (액자별매)
3186802785,SELLBLOG,NORMAL,"예쁘고 하기도어렵지않고 시간도잘가고
해놓음 뿌듯하고 그래요",2021-05-31T01:27:05.672+0000,STOREFARM,5,어린이 보석십자수 DIY 캐릭터 큐빅 비즈 지니맘 정품 KC인증,타입선택: A타입(15cm20cm도안) / 디자인: A1번 유니콘  (액자별매)
3190052109,SELLBLOG,NORMAL,아이들이너무좋아합니다,2021-06-04T04:02:15.517+0000,STOREFARM,5,어린이 보석십자수 DIY 캐릭터 큐빅 비즈 지니맘 정품 KC인증,타입선택: A타입(15cm20cm도안) / 디자인: A9번 겨울사슴 (액자별매)
3205407066,SELLBLOG,AFTER_USE,잘 사용하고 있어요 좋아요,2021-06-26T00:43:32.427+0000,STOREFARM,5,어린이 보석십자수 DIY 캐릭터 큐빅 비즈 지니맘 정품 KC인증,타입선택: A타입(15cm20cm도안) / 디자인: A4번 홍학 (액자별매)
3205406915,SELLBLOG,AFTER_USE,잘 사용하고 있어요 좋아요,2021-06-26T00:43:17.824+0000,STOREFARM,5,어린이 보석십자수 DIY 캐릭터 큐빅 비즈 지니맘 정품 KC인증,타입선택: A타입(15cm20cm도안) / 디자인: A12번 돌고래 (액자별매)
3205406765,SELLBLOG,AFTER_USE,잘 사용하고 있어요 좋아요,2021-06-26T00:43:03.173+0000,STOREFARM,5,어린이 보석십자수 DIY 캐릭터 큐빅 비즈 지니맘 정품 KC인증,타입선택: A타입(15cm20cm도안) / 디자인: A3번 분홍사슴 (액자별매)
3187436567,SELLBLOG,NORMAL,초등학생이 하기에 적당한 크기입니다!,2021-06-01T00:57:39.802+0000,STOREFARM,5,어린이 보석십자수 DIY 캐릭터 큐빅 비즈 지니맘 정품 KC인증,타입선택: B타입(15cm15cm도안) / 디자인: B2번 강아지(액자별매)
3187104365,SELLBLOG,NORMAL,재미있네요 ㅋㅋ 집중도 되고~~,2021-05-31T08:34:32.429+0000,STOREFARM,4,어린이 보석십자수 DIY 캐릭터 큐빅 비즈 지니맘 정품 KC인증,타입선택: B타입(15cm15cm도안) / 디자인: B8번 빨간리본(액자별매)
3186437496,SELLBLOG,NORMAL,아직 사용전이긴한데 배송이 빨라서 좋네요,2021-05-30T08:56:14.672+0000,STOREFARM,4,어린이 보석십자수 DIY 캐릭터 큐빅 비즈 지니맘 정품 KC인증,타입선택: B타입(15cm15cm도안) / 디자인: B3번 뿔 돌고래(액자별매)
3174647942,SELLBLOG,NORMAL,"도안 그림이 조금 흐려서 보기가 힘드네요.....
작은 사이즈임에도 시간도 오래걸리고 눈의 피로감도 있어 조금씩 조금씩 해야될거같아요ㅜㅜ
완성하연 예쁘긴할것같아요ㅎ",2021-05-13T15:36:40.997+0000,STOREFARM,4,어린이 보석십자수 DIY 캐릭터 큐빅 비즈 지니맘 정품 KC인증,타입선택: A타입(15cm20cm도안) / 디자인: A9번 겨울사슴 (액자별매)
3174647744,SELLBLOG,NORMAL,"도안 그림이 조금 흐려서 보기가 힘드네요.....
작은 사이즈임에도 시간도 오래걸리고 눈의 피로감도 있어 조금씩 조금씩 해야될거같아요ㅜㅜ
완성하연 예쁘긴할것같아요ㅎ",2021-05-13T15:36:11.124+0000,STOREFARM,4,어린이 보석십자수 DIY 캐릭터 큐빅 비즈 지니맘 정품 KC인증,타입선택: B타입(15cm15cm도안) / 디자인: B4번 왕관 고양이(액자별매)
3174647524,SELLBLOG,NORMAL,"도안 그림이 조금 흐려서 보기가 힘드네요.....
작은 사이즈임에도 시간도 오래걸리고 눈의 피로감도 있어 조금씩 조금씩 해야될거같아요ㅜㅜ
완성하연 예쁘긴할것같아요ㅎ",2021-05-13T15:35:39.879+0000,STOREFARM,4,어린이 보석십자수 DIY 캐릭터 큐빅 비즈 지니맘 정품 KC인증,타입선택: B타입(15cm15cm도안) / 디자인: B12번 달빛부엉이(액자별매)
3174647340,SELLBLOG,NORMAL,"도안 그림이 조금 흐려서 보기가 힘드네요.....
작은 사이즈임에도 시간도 오래걸리고 눈의 피로감도 있어 조금씩 조금씩 해야될거같아요ㅜㅜ
완성하연 예쁘긴할것같아요ㅎ",2021-05-13T15:35:13.526+0000,STOREFARM,4,어린이 보석십자수 DIY 캐릭터 큐빅 비즈 지니맘 정품 KC인증,타입선택: A타입(15cm20cm도안) / 디자인: A14번 부엉이 (액자별매)
3174647151,SELLBLOG,NORMAL,"도안 그림이 조금 흐려서 보기가 힘드네요.....
작은 사이즈임에도 시간도 오래걸리고 눈의 피로감도 있어 조금씩 조금씩 해야될거같아요ㅜㅜ
완성하연 예쁘긴할것같아요ㅎ",2021-05-13T15:34:47.840+0000,STOREFARM,4,어린이 보석십자수 DIY 캐릭터 큐빅 비즈 지니맘 정품 KC인증,타입선택: A타입(15cm20cm도안) / 디자인: A13번 별유니콘 (액자별매)
3174646981,SELLBLOG,NORMAL,"도안 그림이 조금 흐려서 보기가 힘드네요.....
작은 사이즈임에도 시간도 오래걸리고 눈의 피로감도 있어 조금씩 조금씩 해야될거같아요ㅜㅜ
완성하연 예쁘긴할것같아요ㅎ",2021-05-13T15:34:20.885+0000,STOREFARM,4,어린이 보석십자수 DIY 캐릭터 큐빅 비즈 지니맘 정품 KC인증,타입선택: A타입(15cm20cm도안) / 디자인: A12번 돌고래 (액자별매)
3202718892,SELLBLOG,NORMAL,아이들이 하기에 아주 좋아요.,2021-06-22T09:46:07.181+0000,STOREFARM,5,어린이 보석십자수 DIY 캐릭터 큐빅 비즈 지니맘 정품 KC인증,타입선택: A타입(15cm20cm도안) / 디자인: A21번 하트십자가 (액자별매)
3180244214,SELLBLOG,NORMAL,"꼼꼼한 포장 감사합니다. 
만들기 전인데 조카가 매우 조아할것같아요!",2021-05-21T15:48:32.806+0000,STOREFARM,4,어린이 보석십자수 DIY 캐릭터 큐빅 비즈 지니맘 정품 KC인증,타입선택: B타입(15cm15cm도안) / 디자인: B2번 강아지(액자별매)
3180243966,SELLBLOG,NORMAL,"꼼꼼한 포장 감사합니다. 
만들기 전인데 조카가 매우 조아할것같아요!",2021-05-21T15:47:57.281+0000,STOREFARM,4,어린이 보석십자수 DIY 캐릭터 큐빅 비즈 지니맘 정품 KC인증,타입선택: A타입(15cm20cm도안) / 디자인: A13번 별유니콘 (액자별매)
3180243732,SELLBLOG,NORMAL,"꼼꼼한 포장 감사합니다. 
만들기 전인데 조카가 매우 조아할것같아요!",2021-05-21T15:47:23.402+0000,STOREFARM,4,어린이 보석십자수 DIY 캐릭터 큐빅 비즈 지니맘 정품 KC인증,타입선택: A타입(15cm20cm도안) / 디자인: A15번 핑크 유니콘 (액자별매)
3186437018,SELLBLOG,NORMAL,아직 다 못했지만 배송은 빨라서 좋네요,2021-05-30T08:55:10.047+0000,STOREFARM,4,어린이 보석십자수 DIY 캐릭터 큐빅 비즈 지니맘 정품 KC인증,타입선택: B타입(15cm15cm도안) / 디자인: B2번 강아지(액자별매)
3188686501,SELLBLOG,NORMAL,"조아용~~~
저도 같이 해보니 잼나네요~~ㅎ",2021-06-02T10:29:57.308+0000,STOREFARM,5,어린이 보석십자수 DIY 캐릭터 큐빅 비즈 지니맘 정품 KC인증,타입선택: B타입(15cm15cm도안) / 디자인: B3번 뿔 돌고래(액자별매)
3185428998,SELLBLOG,NORMAL,"아이들이너무좋아합니다
추후재구매예정이요ㅎ",2021-05-28T14:46:43.173+0000,STOREFARM,5,어린이 보석십자수 DIY 캐릭터 큐빅 비즈 지니맘 정품 KC인증,타입선택: A타입(15cm20cm도안) / 디자인: A4번 홍학 (액자별매)
3187103962,SELLBLOG,NORMAL,아이들이 진짜 좋아해요 굳굳,2021-05-31T08:33:49.196+0000,STOREFARM,4,어린이 보석십자수 DIY 캐릭터 큐빅 비즈 지니맘 정품 KC인증,타입선택: B타입(15cm15cm도안) / 디자인: B7번 작은 유니콘(액자별매)
3202719273,SELLBLOG,NORMAL,재미있게 할 수 있겠어요.,2021-06-22T09:46:36.950+0000,STOREFARM,5,어린이 보석십자수 DIY 캐릭터 큐빅 비즈 지니맘 정품 KC인증,타입선택: B타입(15cm15cm도안) / 디자인: B2번 강아지(액자별매)
3171695459,SELLBLOG,NORMAL,품질 좋고 배송도 빨라서 좋았습니다.,2021-05-10T02:40:49.769+0000,STOREFARM,5,어린이 보석십자수 DIY 캐릭터 큐빅 비즈 지니맘 정품 KC인증,타입선택: A타입(15cm20cm도안) / 디자인: A3번 분홍사슴 (액자별매)
3187436123,SELLBLOG,NORMAL,아이들이 하기에 좋습니다!,2021-06-01T00:57:10.407+0000,STOREFARM,5,어린이 보석십자수 DIY 캐릭터 큐빅 비즈 지니맘 정품 KC인증,타입선택: B타입(15cm15cm도안) / 디자인: B11번 낮잠(액자별매)
3183314142,SELLBLOG,NORMAL,만족해요 너무 맘에 듭니당,2021-05-26T03:58:42.418+0000,STOREFARM,5,어린이 보석십자수 DIY 캐릭터 큐빅 비즈 지니맘 정품 KC인증,타입선택: A타입(15cm20cm도안) / 디자인: A11번 클로버 (액자별매)
3193597474,SELLBLOG,AFTER_USE,아이가 넘 좋아해요  비즈를 넘 많이 줘서  남아도는데 버릴수도 없고 아깝네요,2021-06-09T06:22:29.812+0000,STOREFARM,5,어린이 보석십자수 DIY 캐릭터 큐빅 비즈 지니맘 정품 KC인증,타입선택: A타입(15cm20cm도안) / 디자인: A21번 하트십자가 (액자별매)
3178933567,SELLBLOG,NORMAL,아이들이 너무 좋아해요. 시간 가는 줄도 모르고 재미있게 하고 있어요.,2021-05-20T04:39:17.443+0000,STOREFARM,5,어린이 보석십자수 DIY 캐릭터 큐빅 비즈 지니맘 정품 KC인증,타입선택: A타입(15cm20cm도안) / 디자인: A3번 분홍사슴 (액자별매)
3178933222,SELLBLOG,NORMAL,아이들이 너무 좋아해요. 시간 가는 줄도 모르고 재미있게 하고 있어요.,2021-05-20T04:38:45.989+0000,STOREFARM,5,어린이 보석십자수 DIY 캐릭터 큐빅 비즈 지니맘 정품 KC인증,타입선택: A타입(15cm20cm도안) / 디자인: A7번 사자 (액자별매)
3178932695,SELLBLOG,NORMAL,아이들이 너무 좋아해요. 시간 가는 줄도 모르고 재미있게 하고 있어요.,2021-05-20T04:38:01.336+0000,STOREFARM,5,어린이 보석십자수 DIY 캐릭터 큐빅 비즈 지니맘 정품 KC인증,타입선택: B타입(15cm15cm도안) / 디자인: B10번 장난감(액자별매)
3178932187,SELLBLOG,NORMAL,아이들이 너무 좋아해요. 시간 가는 줄도 모르고 재미있게 하고 있어요.,2021-05-20T04:37:17.434+0000,STOREFARM,5,어린이 보석십자수 DIY 캐릭터 큐빅 비즈 지니맘 정품 KC인증,타입선택: B타입(15cm15cm도안) / 디자인: B11번 낮잠(액자별매)
3183059811,SELLBLOG,NORMAL,"아이가 고른 디자인인데 이쁘고
보석도 이쁘다고 좋아하네요ㅎ",2021-05-25T15:48:38.586+0000,STOREFARM,5,어린이 보석십자수 DIY 캐릭터 큐빅 비즈 지니맘 정품 KC인증,타입선택: B타입(15cm15cm도안) / 디자인: B6번 클로버 고양이(액자별매)
3183308840,SELLBLOG,NORMAL,너무 예쁘네요 아들이 완성했어요,2021-05-26T03:50:53.311+0000,STOREFARM,5,어린이 보석십자수 DIY 캐릭터 큐빅 비즈 지니맘 정품 KC인증,타입선택: A타입(15cm20cm도안) / 디자인: A7번 사자 (액자별매)
3183492682,SELLBLOG,NORMAL,너무너무 좋아요 좋아요 좋아요 좋아요 좋아요 좋아요 그리고 일부회원들께서도,2021-05-26T07:43:07.119+0000,STOREFARM,5,어린이 보석십자수 DIY 캐릭터 큐빅 비즈 지니맘 정품 KC인증,타입선택: A타입(15cm20cm도안) / 디자인: A13번 별유니콘 (액자별매)
3193598402,SELLBLOG,AFTER_USE,아이가 좋아해서 한꺼번에  열개를 구매했어요  다하면 또 사야겠어요,2021-06-09T06:23:41.853+0000,STOREFARM,5,어린이 보석십자수 DIY 캐릭터 큐빅 비즈 지니맘 정품 KC인증,타입선택: A타입(15cm20cm도안) / 디자인: A5번  소녀1 (액자별매)
3153071464,SELLBLOG,NORMAL,온오프통틀어 제가찾아본중 가장저렴하고 퀄리티는 두말할거없이 좋구요.  너무 귀엽고 예쁜 보석십자수예요. 아이들이 만족스러워하네요. 쥔장님의 특별한 서비스도 감사하구요ㅎㅎ  구입후 뿌듯한제품입니다^^,2021-04-13T04:22:59.863+0000,STOREFARM,5,어린이 보석십자수 DIY 캐릭터 큐빅 비즈 지니맘 정품 KC인증,타입선택: A타입(15cm20cm도안) / 디자인: A3번 분홍사슴 (액자별매)
3185670240,SELLBLOG,NORMAL,"좋아요. 아들들이 하고 싶다고 했어 신청하고 지금도 열심히 하고 있어요..큐빅 크기가 컸어 작은 아이들이 하기 좋아요..
다 좋은데 큐빅이 상처가 많이 있네요..반짝이큐빅은 반짝이가 까져 있고  밝은큐빅들은 다른 색이 묻어있는것도 있어요..",2021-05-29T03:22:48.765+0000,STOREFARM,2,어린이 보석십자수 DIY 캐릭터 큐빅 비즈 지니맘 정품 KC인증,타입선택: A타입(15cm20cm도안) / 디자인: A9번 겨울사슴 (액자별매)
3183313320,SELLBLOG,NORMAL,귀여워요 딸이 골랐어요 만족해요,2021-05-26T03:57:31.850+0000,STOREFARM,5,어린이 보석십자수 DIY 캐릭터 큐빅 비즈 지니맘 정품 KC인증,타입선택: A타입(15cm20cm도안) / 디자인: A1번 유니콘  (액자별매)
3179760923,SELLBLOG,AFTER_USE,아직 못만들었어요~ 시간이 없어서 그렇지만 예쁠거 같아요~,2021-05-21T05:00:29.404+0000,STOREFARM,5,어린이 보석십자수 DIY 캐릭터 큐빅 비즈 지니맘 KC인증,지니맘 큐빅십자수  DIY: 16번 여우 (액자별매)
3194699660,SELLBLOG,AFTER_USE,"벌써 8개째 구매에요~
다른제품보다 반짝여서 이뻐요",2021-06-10T13:12:00.022+0000,STOREFARM,5,어린이 보석십자수 DIY 캐릭터 큐빅 비즈 지니맘 정품 KC인증,타입선택: B타입(15cm15cm도안) / 디자인: B2번 강아지(액자별매)
3183310923,SELLBLOG,NORMAL,맘에 들어요 딸이 골랐어요,2021-05-26T03:54:04.036+0000,STOREFARM,5,어린이 보석십자수 DIY 캐릭터 큐빅 비즈 지니맘 정품 KC인증,타입선택: A타입(15cm20cm도안) / 디자인: A8번 꽃사슴 (액자별매)
3186641449,SELLBLOG,NORMAL,아이가 너무 좋아해요,2021-05-30T15:02:02.459+0000,STOREFARM,5,어린이 보석십자수 DIY 캐릭터 큐빅 비즈 지니맘 정품 KC인증,타입선택: A타입(15cm20cm도안) / 디자인: A9번 겨울사슴 (액자별매)
3186641175,SELLBLOG,NORMAL,아이가 너무 좋아해요,2021-05-30T15:01:30.898+0000,STOREFARM,5,어린이 보석십자수 DIY 캐릭터 큐빅 비즈 지니맘 정품 KC인증,타입선택: A타입(15cm20cm도안) / 디자인: A11번 클로버 (액자별매)
3187164086,SELLBLOG,AFTER_USE,넘 예쁘고 좋아요 또 살게요,2021-05-31T10:37:23.350+0000,STOREFARM,5,어린이 보석십자수 DIY 캐릭터 큐빅 비즈 지니맘 KC인증,지니맘 큐빅십자수  DIY: 32번 A하트(액자별매)
3197427425,SELLBLOG,NORMAL,아이들이 쉽고 재미있게할수있어서좋았어요,2021-06-14T23:11:41.738+0000,STOREFARM,5,어린이 보석십자수 DIY 캐릭터 큐빅 비즈 지니맘 정품 KC인증,타입선택: A타입(15cm20cm도안) / 디자인: A12번 돌고래 (액자별매)
3191641417,SELLBLOG,AFTER_USE,"꼼꼼히 잘 포장 되어 왔네요
아이가 할려고 주문했는데 알아서 척척 너무 잘해요
좋네요",2021-06-06T12:32:29.578+0000,STOREFARM,5,어린이 보석십자수 DIY 캐릭터 큐빅 비즈 지니맘 정품 KC인증,타입선택: A타입(15cm20cm도안) / 디자인: A9번 겨울사슴 (액자별매)
3184390353,SELLBLOG,AFTER_USE,액자까지같이 구입하니까 좋네요,2021-05-27T09:12:27.619+0000,STOREFARM,5,어린이 보석십자수 DIY 캐릭터 큐빅 비즈 지니맘 정품 KC인증,타입선택: B타입(15cm15cm도안) / 디자인: B1번 돌고래 하트(액자별매)
3197426959,SELLBLOG,NORMAL,아이들이 쉽고 재밋게할수있어서좋았습니다~,2021-06-14T23:09:54.501+0000,STOREFARM,5,어린이 보석십자수 DIY 캐릭터 큐빅 비즈 지니맘 정품 KC인증,타입선택: A타입(15cm20cm도안) / 디자인: A9번 겨울사슴 (액자별매)
3175149809,SELLBLOG,NORMAL,"저렴하게 잘샀어요 애기가 조아하네요^^
우선 두개먼저 사봤는데 다만들고 또 다른그림으로 사줄려구요",2021-05-14T08:13:23.978+0000,STOREFARM,5,어린이 보석십자수 DIY 캐릭터 큐빅 비즈 지니맘 정품 KC인증,타입선택: A타입(15cm20cm도안) / 디자인: A1번 유니콘  (액자별매)
3175149419,SELLBLOG,NORMAL,"저렴하게 잘샀어요 애기가 조아하네요^^
우선 두개먼저 사봤는데 다만들고 또 다른그림으로 사줄려구요",2021-05-14T08:12:48.660+0000,STOREFARM,5,어린이 보석십자수 DIY 캐릭터 큐빅 비즈 지니맘 정품 KC인증,타입선택: A타입(15cm20cm도안) / 디자인: A12번 돌고래 (액자별매)
3178959046,SELLBLOG,AFTER_USE,"아이 시키려고 샀는데 제가 더 재미있어서...ㅎ
아이도 저도 잼났어요",2021-05-20T05:15:26.903+0000,STOREFARM,5,어린이 보석십자수 DIY 캐릭터 큐빅 비즈 지니맘 정품 KC인증,타입선택: A타입(15cm20cm도안) / 디자인: A4번 홍학 (액자별매)
3183311841,SELLBLOG,NORMAL,맘에 들어여 딸이 신중하게 골랐으요,2021-05-26T03:55:26.739+0000,STOREFARM,5,어린이 보석십자수 DIY 캐릭터 큐빅 비즈 지니맘 정품 KC인증,타입선택: A타입(15cm20cm도안) / 디자인: A13번 별유니콘 (액자별매)
3180057863,SELLBLOG,NORMAL,아이가 너무 좋아합니다^^ 시간 보내기엔 짱!!,2021-05-21T11:17:06.524+0000,STOREFARM,5,어린이 보석십자수 DIY 캐릭터 큐빅 비즈 지니맘 정품 KC인증,타입선택: B타입(15cm15cm도안) / 디자인: B3번 뿔 돌고래(액자별매)
3198541091,SELLBLOG,NORMAL,잡생각 안 나고 완성하면 이뻐요,2021-06-16T07:31:09.074+0000,STOREFARM,5,어린이 보석십자수 DIY 캐릭터 큐빅 비즈 지니맘 정품 KC인증,타입선택: A타입(15cm20cm도안) / 디자인: A4번 홍학 (액자별매)
3198540875,SELLBLOG,NORMAL,잡생각 안 나고 완성하면 이뻐요,2021-06-16T07:30:53.601+0000,STOREFARM,5,어린이 보석십자수 DIY 캐릭터 큐빅 비즈 지니맘 정품 KC인증,타입선택: A타입(15cm20cm도안) / 디자인: A8번 꽃사슴 (액자별매)
3198540692,SELLBLOG,NORMAL,잡생각 안 나고 완성하면 이뻐요,2021-06-16T07:30:40.217+0000,STOREFARM,5,어린이 보석십자수 DIY 캐릭터 큐빅 비즈 지니맘 정품 KC인증,타입선택: A타입(15cm20cm도안) / 디자인: A12번 돌고래 (액자별매)
3198540471,SELLBLOG,NORMAL,잡생각 안 나고 완성하면 이뻐요,2021-06-16T07:30:23.428+0000,STOREFARM,5,어린이 보석십자수 DIY 캐릭터 큐빅 비즈 지니맘 정품 KC인증,타입선택: A타입(15cm20cm도안) / 디자인: A16번 여우 (액자별매)
3198540291,SELLBLOG,NORMAL,잡생각 안 나고 완성하면 이뻐요,2021-06-16T07:30:10.559+0000,STOREFARM,5,어린이 보석십자수 DIY 캐릭터 큐빅 비즈 지니맘 정품 KC인증,타입선택: A타입(15cm20cm도안) / 디자인: A1번 유니콘  (액자별매)
3200131958,SELLBLOG,NORMAL,아이가 너무 좋아해용,2021-06-18T07:57:19.046+0000,STOREFARM,5,어린이 보석십자수 DIY 캐릭터 큐빅 비즈 지니맘 정품 KC인증,타입선택: A타입(15cm20cm도안) / 디자인: A13번 별유니콘 (액자별매)
3182717869,SELLBLOG,NORMAL,배송빠르고 상품도 꼼꼼하게 잘왔네요,2021-05-25T09:13:06.873+0000,STOREFARM,5,어린이 보석십자수 DIY 캐릭터 큐빅 비즈 지니맘 정품 KC인증,타입선택: B타입(15cm15cm도안) / 디자인: B9번 하트(액자별매)
3201606377,SELLBLOG,NORMAL,좋아요좋아요좋아요좋아요좋아요좋아요,2021-06-20T22:58:21.192+0000,STOREFARM,5,어린이 보석십자수 DIY 캐릭터 큐빅 비즈 지니맘 정품 KC인증,타입선택: B타입(15cm15cm도안) / 디자인: B3번 뿔 돌고래(액자별매)
3201606289,SELLBLOG,NORMAL,좋아요좋아요좋아요좋아요좋아요좋아요,2021-06-20T22:58:06.923+0000,STOREFARM,5,어린이 보석십자수 DIY 캐릭터 큐빅 비즈 지니맘 정품 KC인증,타입선택: B타입(15cm15cm도안) / 디자인: B11번 낮잠(액자별매)
3201606143,SELLBLOG,NORMAL,좋아요좋아요좋아요좋아요좋아요좋아요,2021-06-20T22:57:39.605+0000,STOREFARM,5,어린이 보석십자수 DIY 캐릭터 큐빅 비즈 지니맘 정품 KC인증,타입선택: A타입(15cm20cm도안) / 디자인: A7번 사자 (액자별매)
3183310205,SELLBLOG,NORMAL,아이들 집중력도 생기고 좋아요,2021-05-26T03:53:00.743+0000,STOREFARM,5,어린이 보석십자수 DIY 캐릭터 큐빅 비즈 지니맘 정품 KC인증,타입선택: A타입(15cm20cm도안) / 디자인: A14번 부엉이 (액자별매)
3197837687,SELLBLOG,NORMAL,항상 좋아해서 3번째 재주문이네요,2021-06-15T09:07:19.420+0000,STOREFARM,5,어린이 보석십자수 DIY 캐릭터 큐빅 비즈 지니맘 정품 KC인증,타입선택: A타입(15cm20cm도안) / 디자인: A16번 여우 (액자별매)
3176552587,SELLBLOG,NORMAL,"지난번 다른 그림 주문해서 아이들이 예쁘게 완성했었는데, 어린이날 선물로 또 받고싶다고해서 주문했어요^^",2021-05-16T10:45:40.561+0000,STOREFARM,4,어린이 보석십자수 DIY 캐릭터 큐빅 비즈 지니맘 정품 KC인증,타입선택: B타입(15cm15cm도안) / 디자인: B10번 장난감(액자별매)
3176552172,SELLBLOG,NORMAL,"지난번 다른 그림 주문해서 아이들이 예쁘게 완성했었는데, 어린이날 선물로 또 받고싶다고해서 주문했어요^^",2021-05-16T10:44:59.440+0000,STOREFARM,4,어린이 보석십자수 DIY 캐릭터 큐빅 비즈 지니맘 정품 KC인증,타입선택: B타입(15cm15cm도안) / 디자인: B9번 하트(액자별매)
3202777239,SELLBLOG,NORMAL,너무 좋아요~~~^^,2021-06-22T10:56:04.004+0000,STOREFARM,5,어린이 보석십자수 DIY 캐릭터 큐빅 비즈 지니맘 정품 KC인증,타입선택: A타입(15cm20cm도안) / 디자인: A13번 별유니콘 (액자별매)
3192619515,SELLBLOG,NORMAL,아이가 좋아해요 자주 구매해서 할거 같아요,2021-06-08T02:19:20.000+0000,STOREFARM,5,어린이 보석십자수 DIY 캐릭터 큐빅 비즈 지니맘 정품 KC인증,타입선택: B타입(15cm15cm도안) / 디자인: B11번 낮잠(액자별매)
3192619334,SELLBLOG,NORMAL,아이가 좋아해요 자주 구매해서 할거 같아요,2021-06-08T02:19:07.381+0000,STOREFARM,5,어린이 보석십자수 DIY 캐릭터 큐빅 비즈 지니맘 정품 KC인증,타입선택: B타입(15cm15cm도안) / 디자인: B10번 장난감(액자별매)
3192619101,SELLBLOG,NORMAL,아이가 좋아해요 자주 구매해서 할거 같아요,2021-06-08T02:18:50.975+0000,STOREFARM,5,어린이 보석십자수 DIY 캐릭터 큐빅 비즈 지니맘 정품 KC인증,타입선택: B타입(15cm15cm도안) / 디자인: B9번 하트(액자별매)
3192618962,SELLBLOG,NORMAL,아이가 좋아해요 자주 구매해서 할거 같아요,2021-06-08T02:18:41.268+0000,STOREFARM,5,어린이 보석십자수 DIY 캐릭터 큐빅 비즈 지니맘 정품 KC인증,타입선택: B타입(15cm15cm도안) / 디자인: B6번 클로버 고양이(액자별매)
3192618819,SELLBLOG,NORMAL,아이가 좋아해요 자주 구매해서 할거 같아요,2021-06-08T02:18:31.379+0000,STOREFARM,5,어린이 보석십자수 DIY 캐릭터 큐빅 비즈 지니맘 정품 KC인증,타입선택: B타입(15cm15cm도안) / 디자인: B3번 뿔 돌고래(액자별매)
3192618611,SELLBLOG,NORMAL,아이가 좋아해요 자주 구매해서 할거 같아요,2021-06-08T02:18:16.281+0000,STOREFARM,5,어린이 보석십자수 DIY 캐릭터 큐빅 비즈 지니맘 정품 KC인증,타입선택: B타입(15cm15cm도안) / 디자인: B2번 강아지(액자별매)
3192618448,SELLBLOG,NORMAL,아이가 좋아해요 자주 구매해서 할거 같아요,2021-06-08T02:18:05.900+0000,STOREFARM,5,어린이 보석십자수 DIY 캐릭터 큐빅 비즈 지니맘 정품 KC인증,타입선택: B타입(15cm15cm도안) / 디자인: B1번 돌고래 하트(액자별매)
3177981273,SELLBLOG,NORMAL,"아이가 너무 좋아하네요 
서비스 감사합니다~^^",2021-05-18T11:41:30.713+0000,STOREFARM,5,어린이 보석십자수 DIY 캐릭터 큐빅 비즈 지니맘 정품 KC인증,타입선택: A타입(15cm20cm도안) / 디자인: A8번 꽃사슴 (액자별매)
3177980560,SELLBLOG,NORMAL,"아이가 너무 좋아하네요 
서비스 감사합니다~^^",2021-05-18T11:40:38.022+0000,STOREFARM,5,어린이 보석십자수 DIY 캐릭터 큐빅 비즈 지니맘 정품 KC인증,타입선택: A타입(15cm20cm도안) / 디자인: A3번 분홍사슴 (액자별매)
3177980149,SELLBLOG,NORMAL,"아이가 너무 좋아하네요 
서비스 감사합니다~^^",2021-05-18T11:40:08.642+0000,STOREFARM,5,어린이 보석십자수 DIY 캐릭터 큐빅 비즈 지니맘 정품 KC인증,타입선택: A타입(15cm20cm도안) / 디자인: A6번 소녀2 (액자별매)
3179760379,SELLBLOG,AFTER_USE,선물했어요 정말예쁘고 귀엽더라구요~ㅎㅎ,2021-05-21T04:59:46.454+0000,STOREFARM,5,어린이 보석십자수 DIY 캐릭터 큐빅 비즈 지니맘 KC인증,지니맘 큐빅십자수  DIY: 10번 안경토끼 (액자별매)
3176560169,SELLBLOG,NORMAL,"6살 아이가 너무 재밌어야해용ㅎㅎ
조굼씩 도와주고 있어요",2021-05-16T10:58:05.328+0000,STOREFARM,5,어린이 보석십자수 DIY 캐릭터 큐빅 비즈 지니맘 정품 KC인증,타입선택: B타입(15cm15cm도안) / 디자인: B8번 빨간리본(액자별매)
3198579968,SELLBLOG,NORMAL,아이가 잘 하고 있어요-,2021-06-16T08:19:58.669+0000,STOREFARM,5,어린이 보석십자수 DIY 캐릭터 큐빅 비즈 지니맘 정품 KC인증,타입선택: B타입(15cm15cm도안) / 디자인: B11번 낮잠(액자별매)
3189795914,SELLBLOG,AFTER_USE,아이가 재밌어하네요~  코로나 시대에 집콕놀이로 최고인 것 같아요.,2021-06-03T22:07:34.715+0000,STOREFARM,5,어린이 보석십자수 DIY 캐릭터 큐빅 비즈 지니맘 정품 KC인증,타입선택: A타입(15cm20cm도안) / 디자인: A1번 유니콘  (액자별매)
3172496679,SELLBLOG,NORMAL,"작은액자를  선택해서 금방 다할수 있을것같아요
부엉이가 있으면좋다해서  구매했어요
재미있어요",2021-05-11T04:17:10.473+0000,STOREFARM,5,어린이 보석십자수 DIY 캐릭터 큐빅 비즈 지니맘 정품 KC인증,타입선택: B타입(15cm15cm도안) / 디자인: B12번 달빛부엉이(액자별매)
3178957571,SELLBLOG,AFTER_USE,아이들 엉덩이 힘기르기에도 좋고 장식으로고 예뻐요^^,2021-05-20T05:13:23.969+0000,STOREFARM,5,어린이 보석십자수 DIY 캐릭터 큐빅 비즈 지니맘 정품 KC인증,타입선택: A타입(15cm20cm도안) / 디자인: A9번 겨울사슴 (액자별매)
3166626075,SELLBLOG,AFTER_USE,아이들이 게임이 아닌 무언가에 집중하면서 시간을 보내는게 너무 신기하고 좋은것 같아요. 그리고 나이가 조금 어린 친구들도 하기에 너무 편하고 또 액자가 고급스러워서 선물용으로 너무 괜찮은것 같아요,2021-05-02T14:10:59.768+0000,STOREFARM,5,어린이 보석십자수 DIY 캐릭터 큐빅 비즈 지니맘 KC인증,지니맘 큐빅십자수  DIY: 17번 아기 유니콘 (액자별매)
3177979200,SELLBLOG,NORMAL,"아이가 너무 좋아하네요 
판매자님의 친절한 서비스 감사합니다~",2021-05-18T11:39:01.881+0000,STOREFARM,5,어린이 보석십자수 DIY 캐릭터 큐빅 비즈 지니맘 정품 KC인증,타입선택: A타입(15cm20cm도안) / 디자인: A17번 아기 유니콘 (액자별매)
3176854391,SELLBLOG,NORMAL,아이랑 하기에 너무 좋아요. 초1  남아도 즐겁게 해요.,2021-05-17T01:03:05.940+0000,STOREFARM,5,어린이 보석십자수 DIY 캐릭터 큐빅 비즈 지니맘 정품 KC인증,타입선택: A타입(15cm20cm도안) / 디자인: A13번 별유니콘 (액자별매)
3183059449,SELLBLOG,NORMAL,그림도 이쁘고 배송도 빨랐어요~,2021-05-25T15:47:44.249+0000,STOREFARM,5,어린이 보석십자수 DIY 캐릭터 큐빅 비즈 지니맘 정품 KC인증,타입선택: A타입(15cm20cm도안) / 디자인: A13번 별유니콘 (액자별매)
3187965157,SELLBLOG,NORMAL,보석도 충분하고 색감도 예뻐요. 8살 딸이랑 같이해요. 액자에 넣으면 장식효과 좋아요.,2021-06-01T12:21:30.597+0000,STOREFARM,5,어린이 보석십자수 DIY 캐릭터 큐빅 비즈 지니맘 정품 KC인증,타입선택: A타입(15cm20cm도안) / 디자인: A11번 클로버 (액자별매)
3187964973,SELLBLOG,NORMAL,보석도 충분하고 색감도 예뻐요. 8살 딸이랑 같이해요. 액자에 넣으면 장식효과 좋아요.,2021-06-01T12:21:18.101+0000,STOREFARM,5,어린이 보석십자수 DIY 캐릭터 큐빅 비즈 지니맘 정품 KC인증,타입선택: A타입(15cm20cm도안) / 디자인: A3번 분홍사슴 (액자별매)
3183312576,SELLBLOG,NORMAL,아들이 골랐어요 귀여워요,2021-05-26T03:56:26.906+0000,STOREFARM,5,어린이 보석십자수 DIY 캐릭터 큐빅 비즈 지니맘 정품 KC인증,타입선택: B타입(15cm15cm도안) / 디자인: B1번 돌고래 하트(액자별매)
3181085261,SELLBLOG,NORMAL,아이가 생일선물로 사달라고 해서 주문했어요. 동생과 함께 사이좋게 잘 하더라구요. 두시간 정도 집중해서 하기에 너무 좋았어요. 일단 집이 조용하니 제가 더 좋네요 ㅎㅎ,2021-05-23T03:28:00.399+0000,STOREFARM,5,어린이 보석십자수 DIY 캐릭터 큐빅 비즈 지니맘 정품 KC인증,타입선택: B타입(15cm15cm도안) / 디자인: B2번 강아지(액자별매)
3197517058,SELLBLOG,NORMAL,아이가너무좋아해요~~,2021-06-15T01:42:12.043+0000,STOREFARM,5,어린이 보석십자수 DIY 캐릭터 큐빅 비즈 지니맘 정품 KC인증,타입선택: B타입(15cm15cm도안) / 디자인: B10번 장난감(액자별매)
3173958252,SELLBLOG,AFTER_USE,아이들이 주문해달래서 샀는데 저도 같이했네요~ 재미있어요,2021-05-12T23:09:18.054+0000,STOREFARM,5,어린이 보석십자수 DIY 캐릭터 큐빅 비즈 지니맘 정품 KC인증,타입선택: A타입(15cm20cm도안) / 디자인: A3번 분홍사슴 (액자별매)
3196247627,SELLBLOG,AFTER_USE,빠른배송 감사합니다,2021-06-13T00:44:06.015+0000,STOREFARM,5,어린이 보석십자수 DIY 캐릭터 큐빅 비즈 지니맘 정품 KC인증,타입선택: B타입(15cm15cm도안) / 디자인: B2번 강아지(액자별매)
3178825830,SELLBLOG,NORMAL,아이들이 너무 좋아해서 재구매했습니다.,2021-05-20T01:49:45.179+0000,STOREFARM,5,어린이 보석십자수 DIY 캐릭터 큐빅 비즈 지니맘 정품 KC인증,타입선택: B타입(15cm15cm도안) / 디자인: B9번 하트(액자별매)
3182718467,SELLBLOG,NORMAL,배송빨라서 좋넹ᆢㄷ,2021-05-25T09:13:49.622+0000,STOREFARM,5,어린이 보석십자수 DIY 캐릭터 큐빅 비즈 지니맘 정품 KC인증,타입선택: B타입(15cm15cm도안) / 디자인: B1번 돌고래 하트(액자별매)
3176927392,SELLBLOG,NORMAL,좋아요 배송도 빠르고,2021-05-17T02:13:37.444+0000,STOREFARM,5,어린이 보석십자수 DIY 캐릭터 큐빅 비즈 지니맘 정품 KC인증,타입선택: B타입(15cm15cm도안) / 디자인: B10번 장난감(액자별매)
3171900934,SELLBLOG,NORMAL,원래 사슴 뿔 쪽에 글씨가 있었는데.. 좀 그래서 글씨 없앴음ㅎ 그래도 이쁨ㅎ,2021-05-10T06:46:52.148+0000,STOREFARM,5,어린이 보석십자수 DIY 캐릭터 큐빅 비즈 지니맘 정품 KC인증,타입선택: A타입(15cm20cm도안) / 디자인: A3번 분홍사슴 (액자별매)
3170984128,SELLBLOG,AFTER_USE,"8세 아이가 무착 재미있어하고 잘하네요.
완성해서 액자에 넣어 방에 놓아줬어요.",2021-05-09T02:15:28.487+0000,STOREFARM,5,어린이 보석십자수 DIY 캐릭터 큐빅 비즈 지니맘 KC인증,지니맘 큐빅십자수  DIY: 1번 유니콘  (액자별매)
3170513051,SELLBLOG,NORMAL,아이가 너무너무 좋아하네용,2021-05-08T07:51:03.944+0000,STOREFARM,5,어린이 보석십자수 DIY 캐릭터 큐빅 비즈 지니맘 정품 KC인증,타입선택: A타입(15cm20cm도안) / 디자인: A11번 클로버 (액자별매)
3182674452,SELLBLOG,NORMAL,짱 귀여웠어요ㅎㅎ ㅋ,2021-05-25T08:20:39.178+0000,STOREFARM,5,어린이 보석십자수 DIY 캐릭터 큐빅 비즈 지니맘 정품 KC인증,타입선택: A타입(15cm20cm도안) / 디자인: A10번 안경토끼 (액자별매)
3174062433,SELLBLOG,NORMAL,넘이쁘고 퀄리티 넘 좋네요~^^ 아이가 귀엽고 이쁘다고 넘 좋아해요~♡,2021-05-13T02:13:57.991+0000,STOREFARM,5,어린이 보석십자수 DIY 캐릭터 큐빅 비즈 지니맘 정품 KC인증,타입선택: A타입(15cm20cm도안) / 디자인: A21번 하트십자가 (액자별매)
3180058778,SELLBLOG,NORMAL,아이가 너무 좋아합니다^^,2021-05-21T11:18:18.078+0000,STOREFARM,5,어린이 보석십자수 DIY 캐릭터 큐빅 비즈 지니맘 정품 KC인증,타입선택: B타입(15cm15cm도안) / 디자인: B7번 작은 유니콘(액자별매)
3176926461,SELLBLOG,NORMAL,예뻐요!!배송도빠르고,2021-05-17T02:12:45.979+0000,STOREFARM,5,어린이 보석십자수 DIY 캐릭터 큐빅 비즈 지니맘 정품 KC인증,타입선택: B타입(15cm15cm도안) / 디자인: B4번 왕관 고양이(액자별매)
3170513676,SELLBLOG,NORMAL,아이가 너무너무 좋아합니당,2021-05-08T07:51:57.230+0000,STOREFARM,5,어린이 보석십자수 DIY 캐릭터 큐빅 비즈 지니맘 정품 KC인증,타입선택: A타입(15cm20cm도안) / 디자인: A3번 분홍사슴 (액자별매)
3188933957,SELLBLOG,AFTER_USE,재구매각 ㅎㅎㅎ 이거하고있음 시간 잘가요,2021-06-02T15:49:25.736+0000,STOREFARM,5,어린이 보석십자수 DIY 캐릭터 큐빅 비즈 지니맘 KC인증,지니맘 큐빅십자수  DIY: 2번 보라유니콘 (액자별매)
3188933710,SELLBLOG,AFTER_USE,접착력 좋아서 붙이기 쉬워요 구뜨~,2021-06-02T15:48:47.562+0000,STOREFARM,5,어린이 보석십자수 DIY 캐릭터 큐빅 비즈 지니맘 KC인증,지니맘 큐빅십자수  DIY: 17번 아기 유니콘 (액자별매)
3179560087,SELLBLOG,NORMAL,아이가 즐거워하네요 ㅎ,2021-05-21T01:19:18.200+0000,STOREFARM,5,어린이 보석십자수 DIY 캐릭터 큐빅 비즈 지니맘 정품 KC인증,타입선택: A타입(15cm20cm도안) / 디자인: A1번 유니콘  (액자별매)
3188562887,SELLBLOG,NORMAL,애가 좋아하는십자수 코로나 때문에 학교안가서 하고싶데요,2021-06-02T07:55:37.690+0000,STOREFARM,5,어린이 보석십자수 DIY 캐릭터 큐빅 비즈 지니맘 정품 KC인증,타입선택: B타입(15cm15cm도안) / 디자인: B3번 뿔 돌고래(액자별매)
3194049715,SELLBLOG,AFTER_USE,아이들집콕필수아이템ㅋ,2021-06-09T17:11:34.140+0000,STOREFARM,5,어린이 보석십자수 DIY 캐릭터 큐빅 비즈 지니맘 정품 KC인증,타입선택: A타입(15cm20cm도안) / 디자인: A1번 유니콘  (액자별매)
3193306792,SELLBLOG,NORMAL,만족도가 크네요 최고,2021-06-08T22:54:13.190+0000,STOREFARM,5,어린이 보석십자수 DIY 캐릭터 큐빅 비즈 지니맘 정품 KC인증,타입선택: B타입(15cm15cm도안) / 디자인: B6번 클로버 고양이(액자별매)
3164903451,SELLBLOG,AFTER_USE,"초등2학년 아이인데 13번 별유니콘이랑 9번 겨울사슴 2개 구매했는데 겨울사슴은 조금 어렵다하며 아직 미완성이네요
보기엔 비슷한 난이도인듯한데..",2021-04-30T01:37:25.618+0000,STOREFARM,5,어린이 보석십자수 DIY 캐릭터 큐빅 비즈 지니맘 KC인증,지니맘 큐빅십자수  DIY: 9번 겨울사슴 (액자별매)
3171012993,SELLBLOG,AFTER_USE,"아이가 정말 좋아해요~ 
일반 보석십자수에 비해 더 화려하네요~",2021-05-09T02:50:30.942+0000,STOREFARM,5,어린이 보석십자수 DIY 캐릭터 큐빅 비즈 지니맘 정품 KC인증,타입선택: A타입(15cm20cm도안) / 디자인: A6번 소녀2 (액자별매)
3191239302,SELLBLOG,NORMAL,반짝반짝 큐빅이라 아이들이 너무 좋아해요.,2021-06-06T00:07:13.886+0000,STOREFARM,5,어린이 보석십자수 DIY 캐릭터 큐빅 비즈 지니맘 정품 KC인증,타입선택: B타입(15cm15cm도안) / 디자인: B2번 강아지(액자별매)
3188560760,SELLBLOG,NORMAL,아이가 너뭉좋아해요  두시간만에 뚝딱 다 만들었답니다,2021-06-02T07:53:08.074+0000,STOREFARM,5,어린이 보석십자수 DIY 캐릭터 큐빅 비즈 지니맘 정품 KC인증,타입선택: B타입(15cm15cm도안) / 디자인: B11번 낮잠(액자별매)
3179560863,SELLBLOG,NORMAL,재밌게 잘하네요 ㅋ,2021-05-21T01:20:08.481+0000,STOREFARM,5,어린이 보석십자수 DIY 캐릭터 큐빅 비즈 지니맘 정품 KC인증,타입선택: A타입(15cm20cm도안) / 디자인: A8번 꽃사슴 (액자별매)
3171608781,SELLBLOG,NORMAL,아이가 엄청 좋아해요  하루만에  완성하네요,2021-05-10T01:24:25.618+0000,STOREFARM,5,어린이 보석십자수 DIY 캐릭터 큐빅 비즈 지니맘 정품 KC인증,타입선택: A타입(15cm20cm도안) / 디자인: A10번 안경토끼 (액자별매)
3191642358,SELLBLOG,NORMAL,엄마인제가더재밌었어요,2021-06-06T12:34:02.522+0000,STOREFARM,5,어린이 보석십자수 DIY 캐릭터 큐빅 비즈 지니맘 정품 KC인증,타입선택: A타입(15cm20cm도안) / 디자인: A13번 별유니콘 (액자별매)
3188442783,SELLBLOG,NORMAL,예뻐요~~~~~이거하다보면 시간금방 가네요,2021-06-02T05:32:26.745+0000,STOREFARM,5,어린이 보석십자수 DIY 캐릭터 큐빅 비즈 지니맘 정품 KC인증,타입선택: A타입(15cm20cm도안) / 디자인: A17번 아기 유니콘 (액자별매)
3173378420,SELLBLOG,AFTER_USE,어머니 사드렸는데 어렵지않게 이틀만에 완성하시네요^^,2021-05-12T05:08:28.003+0000,STOREFARM,5,어린이 보석십자수 DIY 캐릭터 큐빅 비즈 지니맘 KC인증,지니맘 큐빅십자수  DIY: 14번 부엉이 (액자별매)
3176626853,SELLBLOG,NORMAL,배송 품질 다 나쁘지 않았습니다.,2021-05-16T12:40:41.523+0000,STOREFARM,4,어린이 보석십자수 DIY 캐릭터 큐빅 비즈 지니맘 정품 KC인증,타입선택: A타입(15cm20cm도안) / 디자인: A9번 겨울사슴 (액자별매)
3176626516,SELLBLOG,NORMAL,배송 품질 다 나쁘지 않았습니다.,2021-05-16T12:40:10.523+0000,STOREFARM,4,어린이 보석십자수 DIY 캐릭터 큐빅 비즈 지니맘 정품 KC인증,타입선택: A타입(15cm20cm도안) / 디자인: A13번 별유니콘 (액자별매)
3176626176,SELLBLOG,NORMAL,배송 품질 다 나쁘지 않았습니다.,2021-05-16T12:39:41.282+0000,STOREFARM,4,어린이 보석십자수 DIY 캐릭터 큐빅 비즈 지니맘 정품 KC인증,타입선택: A타입(15cm20cm도안) / 디자인: A8번 꽃사슴 (액자별매)
3176625900,SELLBLOG,NORMAL,배송 품질 다 나쁘지 않았습니다.,2021-05-16T12:39:17.116+0000,STOREFARM,4,어린이 보석십자수 DIY 캐릭터 큐빅 비즈 지니맘 정품 KC인증,타입선택: A타입(15cm20cm도안) / 디자인: A14번 부엉이 (액자별매)
3176625555,SELLBLOG,NORMAL,배송 품질 다 나쁘지 않았습니다.,2021-05-16T12:38:46.557+0000,STOREFARM,4,어린이 보석십자수 DIY 캐릭터 큐빅 비즈 지니맘 정품 KC인증,타입선택: A타입(15cm20cm도안) / 디자인: A5번  소녀1 (액자별매)
3173377660,SELLBLOG,AFTER_USE,84세 어머니가 힘들어하지 않으시고  재미있게 완성하셨어요^^,2021-05-12T05:07:26.509+0000,STOREFARM,5,어린이 보석십자수 DIY 캐릭터 큐빅 비즈 지니맘 KC인증,지니맘 큐빅십자수  DIY: 4번 홍학 (액자별매)
3192498825,SELLBLOG,NORMAL,도안도 예쁘고 비즈도 좋아요.,2021-06-07T23:30:44.978+0000,STOREFARM,5,어린이 보석십자수 DIY 캐릭터 큐빅 비즈 지니맘 정품 KC인증,타입선택: A타입(15cm20cm도안) / 디자인: A9번 겨울사슴 (액자별매)
3191642553,SELLBLOG,NORMAL,만들어놓으니더예뻐요,2021-06-06T12:34:22.509+0000,STOREFARM,5,어린이 보석십자수 DIY 캐릭터 큐빅 비즈 지니맘 정품 KC인증,타입선택: A타입(15cm20cm도안) / 디자인: A1번 유니콘  (액자별매)
3188180337,SELLBLOG,NORMAL,5살 아이조 혼자서 해요. 넘  좋아해요.,2021-06-01T22:22:30.889+0000,STOREFARM,5,어린이 보석십자수 DIY 캐릭터 큐빅 비즈 지니맘 정품 KC인증,타입선택: A타입(15cm20cm도안) / 디자인: A3번 분홍사슴 (액자별매)
3155352155,SELLBLOG,NORMAL,"배송 빠르고 포장도 꼼꼼해서 정말 좋은거 같아요.  
지퍼백에 개별포장이라 아이가 스스로 쏟아서 사용하고 남은건 다시 포장하고..
엄마가 손 갈게 없어서 편하더라고요. 
그림 겉에 붙여주는 비닐?도 나눠져 있어서 조금씩 뜯어서 사용할 수 있는 것도 센스있게 느껴졌고요. 
완성한거 액자에 넣어주면 아이가 더 좋아하겠어요^^",2021-04-16T02:35:11.166+0000,STOREFARM,5,어린이 보석십자수 DIY 캐릭터 큐빅 비즈 지니맘 정품 KC인증,타입선택: A타입(15cm20cm도안) / 디자인: A9번 겨울사슴 (액자별매)
3155351662,SELLBLOG,NORMAL,"배송 빠르고 포장도 꼼꼼해서 정말 좋은거 같아요.  
지퍼백에 개별포장이라 아이가 스스로 쏟아서 사용하고 남은건 다시 포장하고..
엄마가 손 갈게 없어서 편하더라고요. 
그림 겉에 붙여주는 비닐?도 나눠져 있어서 조금씩 뜯어서 사용할 수 있는 것도 센스있게 느껴졌고요. 
완성한거 액자에 넣어주면 아이가 더 좋아하겠어요^^",2021-04-16T02:34:41.656+0000,STOREFARM,5,어린이 보석십자수 DIY 캐릭터 큐빅 비즈 지니맘 정품 KC인증,타입선택: A타입(15cm20cm도안) / 디자인: A13번 별유니콘 (액자별매)
3155350029,SELLBLOG,NORMAL,"배송 빠르고 포장도 꼼꼼해서 정말 좋은거 같아요.  
지퍼백에 개별포장이라 아이가 스스로 쏟아서 사용하고 남은건 다시 포장하고..
엄마가 손 갈게 없어서 편하더라고요. 
그림 겉에 붙여주는 비닐?도 나눠져 있어서 조금씩 뜯어서 사용할 수 있는 것도 센스있게 느껴졌고요. 
완성한거 액자에 넣어주면 아이가 더 좋아하겠어요^^",2021-04-16T02:33:08.036+0000,STOREFARM,5,어린이 보석십자수 DIY 캐릭터 큐빅 비즈 지니맘 정품 KC인증,타입선택: A타입(15cm20cm도안) / 디자인: A3번 분홍사슴 (액자별매)
3193222257,SELLBLOG,NORMAL,잘하고있어요 좋아해요,2021-06-08T15:05:22.039+0000,STOREFARM,5,어린이 보석십자수 DIY 캐릭터 큐빅 비즈 지니맘 정품 KC인증,타입선택: B타입(15cm15cm도안) / 디자인: B6번 클로버 고양이(액자별매)
3193222165,SELLBLOG,NORMAL,잘하고있어요 좋아해요,2021-06-08T15:05:11.984+0000,STOREFARM,5,어린이 보석십자수 DIY 캐릭터 큐빅 비즈 지니맘 정품 KC인증,타입선택: B타입(15cm15cm도안) / 디자인: B3번 뿔 돌고래(액자별매)
3174801782,SELLBLOG,NORMAL,아직 완성전이지만 이쁠것같아요,2021-05-14T01:20:39.203+0000,STOREFARM,4,어린이 보석십자수 DIY 캐릭터 큐빅 비즈 지니맘 정품 KC인증,타입선택: A타입(15cm20cm도안) / 디자인: A1번 유니콘  (액자별매)
3192498921,SELLBLOG,NORMAL,마음에 듭니다. 예뻐요. ^^,2021-06-07T23:31:03.900+0000,STOREFARM,5,어린이 보석십자수 DIY 캐릭터 큐빅 비즈 지니맘 정품 KC인증,타입선택: B타입(15cm15cm도안) / 디자인: B9번 하트(액자별매)
3164899842,SELLBLOG,AFTER_USE,초등2학년  여자아이 재미있어하며 잘 하네요 밖에 못 나다니고 집어서 보내는 시간 긴데 시간보내기 좋았어요,2021-04-30T01:33:25.684+0000,STOREFARM,5,어린이 보석십자수 DIY 캐릭터 큐빅 비즈 지니맘 KC인증,지니맘 큐빅십자수  DIY: 13번 별유니콘 (액자별매)
3187531668,SELLBLOG,AFTER_USE,중딩 초딩 미취학들 에너지 잠재우기좋습니다,2021-06-01T02:58:26.508+0000,STOREFARM,5,어린이 보석십자수 DIY 캐릭터 큐빅 비즈 지니맘 정품 KC인증,타입선택: A타입(15cm20cm도안) / 디자인: A2번 보라유니콘 (액자별매)
3172789397,SELLBLOG,NORMAL,아이가 너무 좋아해요~ 색도 너무 이뻐요^^,2021-05-11T10:23:58.153+0000,STOREFARM,5,어린이 보석십자수 DIY 캐릭터 큐빅 비즈 지니맘 정품 KC인증,타입선택: B타입(15cm15cm도안) / 디자인: B9번 하트(액자별매)
3190213712,SELLBLOG,NORMAL,잘받았습니다 감사합니다,2021-06-04T07:23:34.252+0000,STOREFARM,5,어린이 보석십자수 DIY 캐릭터 큐빅 비즈 지니맘 정품 KC인증,타입선택: A타입(15cm20cm도안) / 디자인: A17번 아기 유니콘 (액자별매)
3190213394,SELLBLOG,NORMAL,잘받았습니다 감사합니다,2021-06-04T07:23:09.475+0000,STOREFARM,5,어린이 보석십자수 DIY 캐릭터 큐빅 비즈 지니맘 정품 KC인증,타입선택: B타입(15cm15cm도안) / 디자인: B3번 뿔 돌고래(액자별매)
3172810512,SELLBLOG,AFTER_USE,"한달동안 하나 만들었는데
만들고 나니 이쁘네요^^",2021-05-11T10:46:23.476+0000,STOREFARM,4,어린이 보석십자수 DIY 캐릭터 큐빅 비즈 지니맘 정품 KC인증,타입선택: B타입(15cm15cm도안) / 디자인: B3번 뿔 돌고래(액자별매)
3188180525,SELLBLOG,NORMAL,4개 가지고 있는데 색이 젤 쨍하니 이뻐요.,2021-06-01T22:23:16.959+0000,STOREFARM,5,어린이 보석십자수 DIY 캐릭터 큐빅 비즈 지니맘 정품 KC인증,타입선택: A타입(15cm20cm도안) / 디자인: A8번 꽃사슴 (액자별매)
3176560425,SELLBLOG,NORMAL,아이가너무좋아해용ㅎㅎ,2021-05-16T10:58:30.522+0000,STOREFARM,5,어린이 보석십자수 DIY 캐릭터 큐빅 비즈 지니맘 정품 KC인증,타입선택: B타입(15cm15cm도안) / 디자인: B1번 돌고래 하트(액자별매)
3191641699,SELLBLOG,AFTER_USE,"좋아요
이쁘고 
하기 쉬워요",2021-06-06T12:32:56.284+0000,STOREFARM,5,어린이 보석십자수 DIY 캐릭터 큐빅 비즈 지니맘 정품 KC인증,타입선택: B타입(15cm15cm도안) / 디자인: B4번 왕관 고양이(액자별매)
3169468267,SELLBLOG,NORMAL,"예뻐요
아이가 너무 좋아하네요
하루만에 다했어요~",2021-05-07T02:05:51.941+0000,STOREFARM,4,어린이 보석십자수 DIY 캐릭터 큐빅 비즈 지니맘 정품 KC인증,타입선택: A타입(15cm20cm도안) / 디자인: A1번 유니콘  (액자별매)
3187529268,SELLBLOG,AFTER_USE,미취학아동 중딩들도 하기좋아요,2021-06-01T02:54:48.977+0000,STOREFARM,5,어린이 보석십자수 DIY 캐릭터 큐빅 비즈 지니맘 정품 KC인증,타입선택: A타입(15cm20cm도안) / 디자인: A1번 유니콘  (액자별매)
3188225360,SELLBLOG,NORMAL,아이가 좋아하고 시간 보내기 굳!,2021-06-02T00:13:39.630+0000,STOREFARM,5,어린이 보석십자수 DIY 캐릭터 큐빅 비즈 지니맘 정품 KC인증,타입선택: A타입(15cm20cm도안) / 디자인: A13번 별유니콘 (액자별매)
3175890170,SELLBLOG,AFTER_USE,아주 재밋게했어요 예뻐요,2021-05-15T09:20:12.194+0000,STOREFARM,5,어린이 보석십자수 DIY 캐릭터 큐빅 비즈 지니맘 정품 KC인증,타입선택: B타입(15cm15cm도안) / 디자인: B10번 장난감(액자별매)
3189250348,SELLBLOG,AFTER_USE,집콕놀이로 딱 이네요,2021-06-03T05:05:31.414+0000,STOREFARM,4,어린이 보석십자수 DIY 캐릭터 큐빅 비즈 지니맘 정품 KC인증,타입선택: B타입(15cm15cm도안) / 디자인: B1번 돌고래 하트(액자별매)
3166780129,SELLBLOG,NORMAL,아이들이 초집중 시간가는줄 모르고 하네요. 재구매 갑니다~^^,2021-05-03T01:01:37.807+0000,STOREFARM,5,어린이 보석십자수 DIY 캐릭터 큐빅 비즈 지니맘 정품 KC인증,타입선택: B타입(15cm15cm도안) / 디자인: B11번 낮잠(액자별매)
3171899517,SELLBLOG,NORMAL,첨 하는건데 넘 쉽게 잘한듯 너무 이뻐요ㅎ,2021-05-10T06:44:55.488+0000,STOREFARM,5,어린이 보석십자수 DIY 캐릭터 큐빅 비즈 지니맘 정품 KC인증,타입선택: A타입(15cm20cm도안) / 디자인: A11번 클로버 (액자별매)
3160821650,SELLBLOG,NORMAL,아이들이 만들기도 쉬워서 금방 만들었어요. 예뻐서 다른 디자인도 또 만들고 싶네요.,2021-04-24T02:05:20.029+0000,STOREFARM,5,어린이 보석십자수 DIY 캐릭터 큐빅 비즈 지니맘 정품 KC인증,타입선택: A타입(15cm20cm도안) / 디자인: A9번 겨울사슴 (액자별매)
3167614988,SELLBLOG,NORMAL,"깔끔하게 포장되어 있어요
딸이 좋아해요 엄청!!",2021-05-04T06:52:34.234+0000,STOREFARM,5,어린이 보석십자수 DIY 캐릭터 큐빅 비즈 지니맘 정품 KC인증,타입선택: B타입(15cm15cm도안) / 디자인: B9번 하트(액자별매)
3169587965,SELLBLOG,NORMAL,"아이가 좋아해서 구매해줬어요 ㅎㅎ
이쁘네요",2021-05-07T04:13:39.022+0000,STOREFARM,5,어린이 보석십자수 DIY 캐릭터 큐빅 비즈 지니맘 정품 KC인증,타입선택: B타입(15cm15cm도안) / 디자인: B2번 강아지(액자별매)
3169638755,SELLBLOG,NORMAL,"아이가 쉽게 만들수 있게 되어있어서
아이가 너무너무 즐겁게 잘 하고 있답니다^^",2021-05-07T05:18:36.824+0000,STOREFARM,5,어린이 보석십자수 DIY 캐릭터 큐빅 비즈 지니맘 정품 KC인증,타입선택: B타입(15cm15cm도안) / 디자인: B11번 낮잠(액자별매)
3172812351,SELLBLOG,AFTER_USE,하고 있으면 시간이 훅~~지나가요,2021-05-11T10:48:18.123+0000,STOREFARM,4,어린이 보석십자수 DIY 캐릭터 큐빅 비즈 지니맘 정품 KC인증,타입선택: A타입(15cm20cm도안) / 디자인: A12번 돌고래 (액자별매)
3171901481,SELLBLOG,NORMAL,완전 이뻐요ㅎ 짱짱!,2021-05-10T06:47:39.049+0000,STOREFARM,5,어린이 보석십자수 DIY 캐릭터 큐빅 비즈 지니맘 정품 KC인증,타입선택: A타입(15cm20cm도안) / 디자인: A1번 유니콘  (액자별매)
3167909504,SELLBLOG,AFTER_USE,이제 시작이네요ㅎ 빨리 완성하겠죠뭐,2021-05-04T12:51:34.344+0000,STOREFARM,5,어린이 보석십자수 DIY 캐릭터 큐빅 비즈 지니맘 KC인증,지니맘 큐빅십자수  DIY: 11번 클로버 (액자별매)
3166192518,SELLBLOG,NORMAL,퀄리티도 너무 좋고 너무 예뻐요!^^ 아이가 너무 좋아했어요~~ 담에 또 주문할게요^^,2021-05-01T23:28:52.149+0000,STOREFARM,5,어린이 보석십자수 DIY 캐릭터 큐빅 비즈 지니맘 정품 KC인증,타입선택: B타입(15cm15cm도안) / 디자인: B6번 클로버 고양이(액자별매)
3162596710,SELLBLOG,NORMAL,"아이들이 하고 싶다 해서 주문했는데.. 
그림이 커서 그런가.. 둘째는 포기하구 초딩딸래미는 잘하네요 ~^^  이뻐요 !",2021-04-27T01:29:36.073+0000,STOREFARM,4,어린이 보석십자수 DIY 캐릭터 큐빅 비즈 지니맘 정품 KC인증,타입선택: B타입(15cm15cm도안) / 디자인: B11번 낮잠(액자별매)
3171909617,SELLBLOG,NORMAL,친구 선물 주려고 구입했어요.,2021-05-10T06:59:14.001+0000,STOREFARM,5,어린이 보석십자수 DIY 캐릭터 큐빅 비즈 지니맘 정품 KC인증,
3169073461,SELLBLOG,AFTER_USE,아이들이랑 시간가는줄 모르고 잼있게 했네요~,2021-05-06T11:27:04.928+0000,STOREFARM,5,어린이 보석십자수 DIY 캐릭터 큐빅 비즈 지니맘 KC인증,지니맘 큐빅십자수  DIY: 34번 A낮잠(액자별매)
3188286804,SELLBLOG,NORMAL,아이가 좋아합니다.,2021-06-02T01:50:57.294+0000,STOREFARM,5,어린이 보석십자수 DIY 캐릭터 큐빅 비즈 지니맘 정품 KC인증,타입선택: A타입(15cm20cm도안) / 디자인: A9번 겨울사슴 (액자별매)
3188286631,SELLBLOG,NORMAL,아이가 좋아합니다.,2021-06-02T01:50:43.852+0000,STOREFARM,5,어린이 보석십자수 DIY 캐릭터 큐빅 비즈 지니맘 정품 KC인증,타입선택: B타입(15cm15cm도안) / 디자인: B6번 클로버 고양이(액자별매)
3188286435,SELLBLOG,NORMAL,아이가 좋아합니다.,2021-06-02T01:50:28.538+0000,STOREFARM,5,어린이 보석십자수 DIY 캐릭터 큐빅 비즈 지니맘 정품 KC인증,타입선택: A타입(15cm20cm도안) / 디자인: A19번 아이스크림 (액자별매)
3169076925,SELLBLOG,AFTER_USE,완성해서 액자에 넣어 예쁘게 보관하고 있어요~,2021-05-06T11:31:06.550+0000,STOREFARM,5,어린이 보석십자수 DIY 캐릭터 큐빅 비즈 지니맘 KC인증,지니맘 큐빅십자수  DIY: 25번 강아지(액자별매)
3181089718,SELLBLOG,NORMAL,초등아이가 사달라고 해서 구매했는데 집중력 업시킬 제품이네요,2021-05-23T03:35:51.163+0000,STOREFARM,5,어린이 보석십자수 DIY 캐릭터 큐빅 비즈 지니맘 정품 KC인증,타입선택: A타입(15cm20cm도안) / 디자인: A1번 유니콘  (액자별매)
3186404587,SELLBLOG,NORMAL,아이가 좋아해서 만족해요ㅎ,2021-05-30T07:44:10.295+0000,STOREFARM,5,어린이 보석십자수 DIY 캐릭터 큐빅 비즈 지니맘 정품 KC인증,타입선택: A타입(15cm20cm도안) / 디자인: A1번 유니콘  (액자별매)
3183630945,SELLBLOG,AFTER_USE,아이가 좋아해서 같이 만들어 선물한답니다,2021-05-26T10:33:56.832+0000,STOREFARM,4,어린이 보석십자수 DIY 캐릭터 큐빅 비즈 지니맘 정품 KC인증,타입선택: A타입(15cm20cm도안) / 디자인: A10번 안경토끼 (액자별매)
3183630832,SELLBLOG,AFTER_USE,아이가 좋아해서 같이 만들어 선물한답니다,2021-05-26T10:33:48.678+0000,STOREFARM,4,어린이 보석십자수 DIY 캐릭터 큐빅 비즈 지니맘 정품 KC인증,타입선택: B타입(15cm15cm도안) / 디자인: B1번 돌고래 하트(액자별매)
3179383485,SELLBLOG,AFTER_USE,"완성후  인테리어 효과도  되네요
딸이  좋아합니다",2021-05-20T14:25:47.425+0000,STOREFARM,4,어린이 보석십자수 DIY 캐릭터 큐빅 비즈 지니맘 KC인증,지니맘 큐빅십자수  DIY: 19번 아이스크림 (액자별매)
3176366243,SELLBLOG,NORMAL,아이들이 좋아합니다 좀더 다양한 상품도 기대해보고싶어요 어몽어스같은..,2021-05-16T05:06:24.713+0000,STOREFARM,5,어린이 보석십자수 DIY 캐릭터 큐빅 비즈 지니맘 정품 KC인증,타입선택: A타입(15cm20cm도안) / 디자인: A17번 아기 유니콘 (액자별매)
3164995754,SELLBLOG,NORMAL,"어린이날 선물로 주문했어요
어제 와서 바로 해보네요
좋아해요^^",2021-04-30T03:14:20.427+0000,STOREFARM,5,어린이 보석십자수 DIY 캐릭터 큐빅 비즈 지니맘 정품 KC인증,타입선택: B타입(15cm15cm도안) / 디자인: B3번 뿔 돌고래(액자별매)
3183735675,SELLBLOG,AFTER_USE,좋아요 아이가잘놀아요,2021-05-26T12:33:46.581+0000,STOREFARM,4,어린이 보석십자수 DIY 캐릭터 큐빅 비즈 지니맘 정품 KC인증,타입선택: B타입(15cm15cm도안) / 디자인: B11번 낮잠(액자별매)
3179384035,SELLBLOG,AFTER_USE,"아이들  집중하기  좋은것  같아요
고르는  재미도  있네요
배송도 빠르고 많이파세요",2021-05-20T14:26:39.280+0000,STOREFARM,4,어린이 보석십자수 DIY 캐릭터 큐빅 비즈 지니맘 KC인증,지니맘 큐빅십자수  DIY: 8번 꽃사슴 (액자별매)
3179383099,SELLBLOG,AFTER_USE,"아이가 좋아해서  2번째  주문했어요
집중력  최고네요",2021-05-20T14:25:11.744+0000,STOREFARM,4,어린이 보석십자수 DIY 캐릭터 큐빅 비즈 지니맘 KC인증,지니맘 큐빅십자수  DIY: 17번 아기 유니콘 (액자별매)
3163597710,SELLBLOG,NORMAL,"딸이 재밌어서 열심히 하고 있어요~
작품 끝내고 또 구매하고 싶다고 하네요~^^",2021-04-28T06:30:40.707+0000,STOREFARM,5,어린이 보석십자수 DIY 캐릭터 큐빅 비즈 지니맘 정품 KC인증,타입선택: B타입(15cm15cm도안) / 디자인: B9번 하트(액자별매)
3184534358,SELLBLOG,NORMAL,아직 사용전이지만 기대되요,2021-05-27T12:24:01.121+0000,STOREFARM,5,어린이 보석십자수 DIY 캐릭터 큐빅 비즈 지니맘 정품 KC인증,타입선택: B타입(15cm15cm도안) / 디자인: B3번 뿔 돌고래(액자별매)
3184534212,SELLBLOG,NORMAL,아직 사용전이지만 기대되요,2021-05-27T12:23:49.871+0000,STOREFARM,5,어린이 보석십자수 DIY 캐릭터 큐빅 비즈 지니맘 정품 KC인증,타입선택: A타입(15cm20cm도안) / 디자인: A17번 아기 유니콘 (액자별매)
3184534053,SELLBLOG,NORMAL,아직 사용전이지만 기대되요,2021-05-27T12:23:38.181+0000,STOREFARM,5,어린이 보석십자수 DIY 캐릭터 큐빅 비즈 지니맘 정품 KC인증,타입선택: A타입(15cm20cm도안) / 디자인: A9번 겨울사슴 (액자별매)
3184533907,SELLBLOG,NORMAL,아직 사용전이지만 기대되요,2021-05-27T12:23:27.927+0000,STOREFARM,5,어린이 보석십자수 DIY 캐릭터 큐빅 비즈 지니맘 정품 KC인증,타입선택: A타입(15cm20cm도안) / 디자인: A3번 분홍사슴 (액자별매)
3172848512,SELLBLOG,NORMAL,아이가 좋아해요..,2021-05-11T11:24:31.435+0000,STOREFARM,5,어린이 보석십자수 DIY 캐릭터 큐빅 비즈 지니맘 정품 KC인증,타입선택: B타입(15cm15cm도안) / 디자인: B4번 왕관 고양이(액자별매)
3201606463,SELLBLOG,NORMAL,좋아요좋아요좋아요좋아요좋아요좋아요,2021-06-20T22:58:38.042+0000,STOREFARM,5,어린이 보석십자수 DIY 캐릭터 큐빅 비즈 지니맘 정품 KC인증,타입선택: A타입(15cm20cm도안) / 디자인: A21번 하트십자가 (액자별매)
3201606430,SELLBLOG,NORMAL,좋아요좋아요좋아요좋아요좋아요좋아요,2021-06-20T22:58:31.859+0000,STOREFARM,5,어린이 보석십자수 DIY 캐릭터 큐빅 비즈 지니맘 정품 KC인증,타입선택: A타입(15cm20cm도안) / 디자인: A10번 안경토끼 (액자별매)
3172845380,SELLBLOG,NORMAL,아이가 좋아해요...,2021-05-11T11:21:13.546+0000,STOREFARM,5,어린이 보석십자수 DIY 캐릭터 큐빅 비즈 지니맘 정품 KC인증,타입선택: A타입(15cm20cm도안) / 디자인: A19번 아이스크림 (액자별매)
3182071641,SELLBLOG,NORMAL,아이가 너무 좋아해서 벌써 3번째 주문이네요,2021-05-24T11:37:33.270+0000,STOREFARM,5,어린이 보석십자수 DIY 캐릭터 큐빅 비즈 지니맘 정품 KC인증,타입선택: B타입(15cm15cm도안) / 디자인: B5번 하트 고양이(액자별매)
3182071517,SELLBLOG,NORMAL,아이가 너무 좋아해서 벌써 3번째 주문이네요,2021-05-24T11:37:22.547+0000,STOREFARM,5,어린이 보석십자수 DIY 캐릭터 큐빅 비즈 지니맘 정품 KC인증,타입선택: B타입(15cm15cm도안) / 디자인: B9번 하트(액자별매)
3183735414,SELLBLOG,AFTER_USE,이쁘고 아이가 혼자서잘해요,2021-05-26T12:33:28.270+0000,STOREFARM,4,어린이 보석십자수 DIY 캐릭터 큐빅 비즈 지니맘 정품 KC인증,타입선택: B타입(15cm15cm도안) / 디자인: B9번 하트(액자별매)
3167108471,SELLBLOG,NORMAL,아이 어린이날 선물로 샀는데 너무 좋아하네요.,2021-05-03T09:41:40.618+0000,STOREFARM,5,어린이 보석십자수 DIY 캐릭터 큐빅 비즈 지니맘 정품 KC인증,타입선택: A타입(15cm20cm도안) / 디자인: A1번 유니콘  (액자별매)
3179553330,SELLBLOG,NORMAL,애들이 좋아 합니다. 하지만 힘드네요 ㅠㅠ,2021-05-21T01:12:08.048+0000,STOREFARM,5,어린이 보석십자수 DIY 캐릭터 큐빅 비즈 지니맘 정품 KC인증,타입선택: A타입(15cm20cm도안) / 디자인: A15번 핑크 유니콘 (액자별매)
3169469093,SELLBLOG,NORMAL,"예뻐요
반짝반짝하네요
선물해도 좋겠어요",2021-05-07T02:06:42.704+0000,STOREFARM,4,어린이 보석십자수 DIY 캐릭터 큐빅 비즈 지니맘 정품 KC인증,타입선택: B타입(15cm15cm도안) / 디자인: B5번 하트 고양이(액자별매)
3151934966,SELLBLOG,NORMAL,"다른보석십자수에 비해서 질이 좋아서  완성된작품이 아주 마음에 듭니다. 아이들과 함께 하니 만족도가 높습니다
번창하세요",2021-04-11T07:45:44.890+0000,STOREFARM,5,어린이 보석십자수 DIY 캐릭터 큐빅 비즈 지니맘 정품 KC인증,타입선택: B타입(15cm15cm도안) / 디자인: B11번 낮잠(액자별매)
3167615389,SELLBLOG,NORMAL,"깔끔하게 포장되어 있어요
딸이 좋아해요 엄청!!",2021-05-04T06:53:06.680+0000,STOREFARM,5,어린이 보석십자수 DIY 캐릭터 큐빅 비즈 지니맘 정품 KC인증,타입선택: B타입(15cm15cm도안) / 디자인: B10번 장난감(액자별매)
3161911688,SELLBLOG,NORMAL,"배송도 빠르고 제품 품질도 좋아요!!
아이가 즇아하니 저도 괜스레 좋아지내요!!",2021-04-25T23:51:12.854+0000,STOREFARM,5,어린이 보석십자수 DIY 캐릭터 큐빅 비즈 지니맘 정품 KC인증,타입선택: B타입(15cm15cm도안) / 디자인: B1번 돌고래 하트(액자별매)
3179732725,SELLBLOG,AFTER_USE,정말 이뻐요 잘 간직하고 있어요,2021-05-21T04:23:35.180+0000,STOREFARM,5,어린이 보석십자수 DIY 캐릭터 큐빅 비즈 지니맘 정품 KC인증,타입선택: B타입(15cm15cm도안) / 디자인: B3번 뿔 돌고래(액자별매)
3178109328,SELLBLOG,NORMAL,"아이가 너무 좋아하네요 
서비스 감사합니다~^^",2021-05-18T14:24:03.414+0000,STOREFARM,5,어린이 보석십자수 DIY 캐릭터 큐빅 비즈 지니맘 정품 KC인증,타입선택: B타입(15cm15cm도안) / 디자인: B1번 돌고래 하트(액자별매)
3170954556,SELLBLOG,NORMAL,어린이날 선물로 사줬는데 유치원생이라 작은 사이즈 했더니 하나 금방 끝내서 액자에 넣었어요 너무 예쁘네요,2021-05-09T01:41:10.683+0000,STOREFARM,5,어린이 보석십자수 DIY 캐릭터 큐빅 비즈 지니맘 정품 KC인증,타입선택: A타입(15cm20cm도안) / 디자인: A13번 별유니콘 (액자별매)
3182671806,SELLBLOG,NORMAL,아이가 재미있다고 하네요.,2021-05-25T08:17:19.900+0000,STOREFARM,5,어린이 보석십자수 DIY 캐릭터 큐빅 비즈 지니맘 정품 KC인증,타입선택: B타입(15cm15cm도안) / 디자인: B2번 강아지(액자별매)
3182670996,SELLBLOG,NORMAL,아이가 재미있다고 하네요.,2021-05-25T08:16:24.963+0000,STOREFARM,5,어린이 보석십자수 DIY 캐릭터 큐빅 비즈 지니맘 정품 KC인증,타입선택: A타입(15cm20cm도안) / 디자인: A3번 분홍사슴 (액자별매)
3172399358,SELLBLOG,NORMAL,포장 깔끔하게 되어왔어요. 아이생일선물로 산건데 좋아할것 같아요. 액자도 나름 견고한것 같아요,2021-05-11T02:12:17.159+0000,STOREFARM,5,어린이 보석십자수 DIY 캐릭터 큐빅 비즈 지니맘 정품 KC인증,타입선택: B타입(15cm15cm도안) / 디자인: B4번 왕관 고양이(액자별매)
3169587409,SELLBLOG,NORMAL,아이가 좋아하네요 ㅎㅎ,2021-05-07T04:12:55.169+0000,STOREFARM,5,어린이 보석십자수 DIY 캐릭터 큐빅 비즈 지니맘 정품 KC인증,타입선택: A타입(15cm20cm도안) / 디자인: A14번 부엉이 (액자별매)
3180132957,SELLBLOG,AFTER_USE,7살조카 선물로 줬는데 너무 재밌게 잘하네요,2021-05-21T12:49:57.153+0000,STOREFARM,5,어린이 보석십자수 DIY 캐릭터 큐빅 비즈 지니맘 KC인증,지니맘 큐빅십자수  DIY: 24번 돌고래 하트(액자별매)
3180132825,SELLBLOG,AFTER_USE,7살조카 선물로 줬는데 너무 재밌게 잘하네요,2021-05-21T12:49:47.914+0000,STOREFARM,5,어린이 보석십자수 DIY 캐릭터 큐빅 비즈 지니맘 KC인증,지니맘 큐빅십자수  DIY: 25번 강아지(액자별매)
3180132713,SELLBLOG,AFTER_USE,7살조카 선물로 줬는데 너무 재밌게 잘하네요,2021-05-21T12:49:38.881+0000,STOREFARM,5,어린이 보석십자수 DIY 캐릭터 큐빅 비즈 지니맘 KC인증,지니맘 큐빅십자수  DIY: 31번 빨간리본(액자별매)
3179733116,SELLBLOG,AFTER_USE,이뻐요 잘 간직하고 있어요,2021-05-21T04:24:06.113+0000,STOREFARM,5,어린이 보석십자수 DIY 캐릭터 큐빅 비즈 지니맘 정품 KC인증,타입선택: A타입(15cm20cm도안) / 디자인: A1번 유니콘  (액자별매)
3162303162,SELLBLOG,NORMAL,아이가 너무좋아하네요 종류도 많어서 좋아요,2021-04-26T09:45:43.240+0000,STOREFARM,5,어린이 보석십자수 DIY 캐릭터 큐빅 비즈 지니맘 정품 KC인증,타입선택: B타입(15cm15cm도안) / 디자인: B3번 뿔 돌고래(액자별매)
3153145351,SELLBLOG,NORMAL,그동안 써왔던 보석십자수보다 더화려하고 구성이 알차네요. 특히 부분절개되어 뜯어붙이게끔 되어있는부분이 너무편해요. 아이들도 만족스러워해서 뿌듯해요^^,2021-04-13T06:15:03.717+0000,STOREFARM,5,어린이 보석십자수 DIY 캐릭터 큐빅 비즈 지니맘 정품 KC인증,타입선택: B타입(15cm15cm도안) / 디자인: B2번 강아지(액자별매)
3181580584,SELLBLOG,NORMAL,아이들이 아주 좋아합니다,2021-05-24T00:38:11.919+0000,STOREFARM,5,어린이 보석십자수 DIY 캐릭터 큐빅 비즈 지니맘 정품 KC인증,타입선택: A타입(15cm20cm도안) / 디자인: A13번 별유니콘 (액자별매)
3167521909,SELLBLOG,NORMAL,아이들이 좋아해요 굿,2021-05-04T04:38:55.587+0000,STOREFARM,5,어린이 보석십자수 DIY 캐릭터 큐빅 비즈 지니맘 정품 KC인증,타입선택: B타입(15cm15cm도안) / 디자인: B2번 강아지(액자별매)
3162303633,SELLBLOG,NORMAL,아이들이 너무 좋아해요 종류도 많아요,2021-04-26T09:46:50.096+0000,STOREFARM,5,어린이 보석십자수 DIY 캐릭터 큐빅 비즈 지니맘 정품 KC인증,타입선택: A타입(15cm20cm도안) / 디자인: A14번 부엉이 (액자별매)
3179499843,SELLBLOG,NORMAL,배송 빠르고 보석이 반짝이고 이뻐요,2021-05-20T23:58:28.413+0000,STOREFARM,5,어린이 보석십자수 DIY 캐릭터 큐빅 비즈 지니맘 정품 KC인증,타입선택: B타입(15cm15cm도안) / 디자인: B3번 뿔 돌고래(액자별매)
3176881586,SELLBLOG,NORMAL,딸이 참좋아해요 시간가는줄몰라요,2021-05-17T01:30:27.270+0000,STOREFARM,5,어린이 보석십자수 DIY 캐릭터 큐빅 비즈 지니맘 정품 KC인증,타입선택: B타입(15cm15cm도안) / 디자인: B8번 빨간리본(액자별매)
3172377202,SELLBLOG,NORMAL,"선물 받아 해 보고 너무 좋아서 왕창 구매 했어요
서비스 선물도 감사합니다",2021-05-11T01:49:36.238+0000,STOREFARM,5,어린이 보석십자수 DIY 캐릭터 큐빅 비즈 지니맘 정품 KC인증,타입선택: B타입(15cm15cm도안) / 디자인: B3번 뿔 돌고래(액자별매)
3182205036,SELLBLOG,NORMAL,아이들이 좋아해요흐 ㅎㅎ,2021-05-24T15:23:02.061+0000,STOREFARM,5,어린이 보석십자수 DIY 캐릭터 큐빅 비즈 지니맘 정품 KC인증,타입선택: A타입(15cm20cm도안) / 디자인: A9번 겨울사슴 (액자별매)
3177356338,SELLBLOG,NORMAL,두번째시켜요.아이들이 좋아해요,2021-05-17T13:32:22.763+0000,STOREFARM,5,어린이 보석십자수 DIY 캐릭터 큐빅 비즈 지니맘 정품 KC인증,타입선택: A타입(15cm20cm도안) / 디자인: A7번 사자 (액자별매)
3177356180,SELLBLOG,NORMAL,두번째 시켜요.아이들이 좋아해요,2021-05-17T13:32:07.687+0000,STOREFARM,5,어린이 보석십자수 DIY 캐릭터 큐빅 비즈 지니맘 정품 KC인증,타입선택: A타입(15cm20cm도안) / 디자인: A15번 핑크 유니콘 (액자별매)
3160035129,SELLBLOG,NORMAL,오자마자 했어요~발동 걸려서 밤까지 다 끝났네요~맘에들어요~,2021-04-23T00:58:09.621+0000,STOREFARM,5,어린이 보석십자수 DIY 캐릭터 큐빅 비즈 지니맘 정품 KC인증,타입선택: A타입(15cm20cm도안) / 디자인: A11번 클로버 (액자별매)
3168414176,SELLBLOG,NORMAL,"넘무짱짱입니다
선물로또재구매해야할듯해요~
자꾸 배송비가..
배송비가없음좋겠지만~~

사은품으로주신것도잘쓰겠습니다
감사합니다",2021-05-05T11:57:17.959+0000,STOREFARM,5,어린이 보석십자수 DIY 캐릭터 큐빅 비즈 지니맘 정품 KC인증,타입선택: A타입(15cm20cm도안) / 디자인: A11번 클로버 (액자별매)
3169914024,SELLBLOG,NORMAL,"배송도 빠르고 제품도 좋아요.
초3 이틀만에 하나 완성했어요.
보석 퀄리티가 뭔가 더 좋은거같아요.
이뻐요~~",2021-05-07T10:52:29.867+0000,STOREFARM,5,어린이 보석십자수 DIY 캐릭터 큐빅 비즈 지니맘 정품 KC인증,타입선택: A타입(15cm20cm도안) / 디자인: A10번 안경토끼 (액자별매)
3177356708,SELLBLOG,NORMAL,두번째주문해요.상품이 좋아요,2021-05-17T13:32:59.087+0000,STOREFARM,5,어린이 보석십자수 DIY 캐릭터 큐빅 비즈 지니맘 정품 KC인증,타입선택: A타입(15cm20cm도안) / 디자인: A14번 부엉이 (액자별매)
3133837721,SELLBLOG,NORMAL,배송도 빠르고 두개 시켜서 하나는 제가 반절까지 마무리시켜놓고 지금도 하다가 리뷰적고 있네요😊 엄마랑 같이 하고있는데 어무니께서 새로운 취미를 선사해줘서 고맙다고 하시네요 지금도 열심히 붙이고 계십니다^^♡,2021-03-16T12:12:35.914+0000,STOREFARM,5,어린이 보석십자수 DIY 캐릭터 큐빅 비즈 지니맘 KC인증,지니맘 큐빅십자수  DIY: 2번 보라유니콘 (액자별매)
3165070807,SELLBLOG,NORMAL,빠른배송과 저렴한 가격 좋네요,2021-04-30T04:53:04.862+0000,STOREFARM,5,어린이 보석십자수 DIY 캐릭터 큐빅 비즈 지니맘 정품 KC인증,타입선택: B타입(15cm15cm도안) / 디자인: B8번 빨간리본(액자별매)
3161054348,SELLBLOG,NORMAL,아이가 만족합니다 조금 더큰사이즈도 같이 판매 했으면좋겠어요 좋아요,2021-04-24T07:56:42.515+0000,STOREFARM,5,어린이 보석십자수 DIY 캐릭터 큐빅 비즈 지니맘 정품 KC인증,타입선택: A타입(15cm20cm도안) / 디자인: A13번 별유니콘 (액자별매)
3182204663,SELLBLOG,NORMAL,아이들이 좋아해요 ㅎㅎ,2021-05-24T15:22:02.115+0000,STOREFARM,5,어린이 보석십자수 DIY 캐릭터 큐빅 비즈 지니맘 정품 KC인증,타입선택: A타입(15cm20cm도안) / 디자인: A6번 소녀2 (액자별매)
3182204452,SELLBLOG,NORMAL,아이들이 좋아해요ㅎㅎ,2021-05-24T15:21:28.816+0000,STOREFARM,5,어린이 보석십자수 DIY 캐릭터 큐빅 비즈 지니맘 정품 KC인증,타입선택: A타입(15cm20cm도안) / 디자인: A1번 유니콘  (액자별매)
3180332786,SELLBLOG,NORMAL,배송도 빠르고 귀엽네요,2021-05-22T00:17:20.711+0000,STOREFARM,5,어린이 보석십자수 DIY 캐릭터 큐빅 비즈 지니맘 정품 KC인증,타입선택: B타입(15cm15cm도안) / 디자인: B9번 하트(액자별매)
3170028450,SELLBLOG,NORMAL,진짜 보석십자수 하는동안 시간가는줄 모르고 집중해서 재밌게 해요. 또구매하러 올게요,2021-05-07T13:06:59.777+0000,STOREFARM,5,어린이 보석십자수 DIY 캐릭터 큐빅 비즈 지니맘 정품 KC인증,타입선택: B타입(15cm15cm도안) / 디자인: B12번 달빛부엉이(액자별매)
3170028271,SELLBLOG,NORMAL,진짜 보석십자수 하는동안 시간가는줄 모르고 집중해서 재밌게 해요. 또구매하러 올게요,2021-05-07T13:06:46.982+0000,STOREFARM,5,어린이 보석십자수 DIY 캐릭터 큐빅 비즈 지니맘 정품 KC인증,타입선택: A타입(15cm20cm도안) / 디자인: A12번 돌고래 (액자별매)
3170028068,SELLBLOG,NORMAL,진짜 보석십자수 하는동안 시간가는줄 모르고 집중해서 재밌게 해요. 또구매하러 올게요,2021-05-07T13:06:31.416+0000,STOREFARM,5,어린이 보석십자수 DIY 캐릭터 큐빅 비즈 지니맘 정품 KC인증,타입선택: A타입(15cm20cm도안) / 디자인: A11번 클로버 (액자별매)
3180332586,SELLBLOG,NORMAL,배송도 빠르고 딸이 좋아해요~^^,2021-05-22T00:16:59.785+0000,STOREFARM,5,어린이 보석십자수 DIY 캐릭터 큐빅 비즈 지니맘 정품 KC인증,타입선택: B타입(15cm15cm도안) / 디자인: B5번 하트 고양이(액자별매)
3180332492,SELLBLOG,NORMAL,배송도 빠르고 딸이 좋아해요~^^,2021-05-22T00:16:49.991+0000,STOREFARM,5,어린이 보석십자수 DIY 캐릭터 큐빅 비즈 지니맘 정품 KC인증,타입선택: B타입(15cm15cm도안) / 디자인: B1번 돌고래 하트(액자별매)
3180332397,SELLBLOG,NORMAL,배송도 빠르고 딸이 좋아해요~^^,2021-05-22T00:16:39.471+0000,STOREFARM,5,어린이 보석십자수 DIY 캐릭터 큐빅 비즈 지니맘 정품 KC인증,타입선택: A타입(15cm20cm도안) / 디자인: A5번  소녀1 (액자별매)
3166451845,SELLBLOG,AFTER_USE,아이와 즐거운(?) 시간보냈어요^^,2021-05-02T08:23:08.002+0000,STOREFARM,5,어린이 보석십자수 DIY 캐릭터 큐빅 비즈 지니맘 정품 KC인증,타입선택: A타입(15cm20cm도안) / 디자인: A2번 보라유니콘 (액자별매)
3182204844,SELLBLOG,NORMAL,아이들이 좋아해요 ㅎㅎㅎ,2021-05-24T15:22:28.696+0000,STOREFARM,5,어린이 보석십자수 DIY 캐릭터 큐빅 비즈 지니맘 정품 KC인증,타입선택: A타입(15cm20cm도안) / 디자인: A10번 안경토끼 (액자별매)
3160209106,SELLBLOG,NORMAL,"비즈가 완전 반짝반짝 
아이가 누나하는거보고 자기도하고싶다고 해서
사주고 걱정을 햇습니다..
아..저거 작아서 막 굴러다닐텐데....
걱정이 무색하게 앉은자리에서 꼼짝않고 하네요..
크기도 넘 작지않고 그렇다고 넘 크지도 않은것이
적당해서 재미있게 완료햇네요
다음에도 구매할게요~",2021-04-23T04:06:06.307+0000,STOREFARM,5,어린이 보석십자수 DIY 캐릭터 큐빅 비즈 지니맘 정품 KC인증,타입선택: B타입(15cm15cm도안) / 디자인: B8번 빨간리본(액자별매)
3160208932,SELLBLOG,NORMAL,"비즈가 완전 반짝반짝 
아이가 누나하는거보고 자기도하고싶다고 해서
사주고 걱정을 햇습니다..
아..저거 작아서 막 굴러다닐텐데....
걱정이 무색하게 앉은자리에서 꼼짝않고 하네요..
크기도 넘 작지않고 그렇다고 넘 크지도 않은것이
적당해서 재미있게 완료햇네요
다음에도 구매할게요~",2021-04-23T04:05:51.670+0000,STOREFARM,5,어린이 보석십자수 DIY 캐릭터 큐빅 비즈 지니맘 정품 KC인증,타입선택: B타입(15cm15cm도안) / 디자인: B1번 돌고래 하트(액자별매)
3170955251,SELLBLOG,NORMAL,너무 예쁘네요 집중해서 하니 작은사이즈 금방 끝냈어요 어린이날 선물로 좋아요,2021-05-09T01:42:03.403+0000,STOREFARM,5,어린이 보석십자수 DIY 캐릭터 큐빅 비즈 지니맘 정품 KC인증,타입선택: A타입(15cm20cm도안) / 디자인: A3번 분홍사슴 (액자별매)
3177356876,SELLBLOG,NORMAL,두번째시켜요.상품이 좋아요,2021-05-17T13:33:16.641+0000,STOREFARM,5,어린이 보석십자수 DIY 캐릭터 큐빅 비즈 지니맘 정품 KC인증,타입선택: A타입(15cm20cm도안) / 디자인: A23번 행복(액자별매)
3177356494,SELLBLOG,NORMAL,두번째시켜요.상품이 좋아요,2021-05-17T13:32:36.850+0000,STOREFARM,5,어린이 보석십자수 DIY 캐릭터 큐빅 비즈 지니맘 정품 KC인증,타입선택: A타입(15cm20cm도안) / 디자인: A8번 꽃사슴 (액자별매)
3161604889,SELLBLOG,NORMAL,너무너무 좋네요 아이가 만족합니다,2021-04-25T07:38:52.412+0000,STOREFARM,5,어린이 보석십자수 DIY 캐릭터 큐빅 비즈 지니맘 정품 KC인증,타입선택: B타입(15cm15cm도안) / 디자인: B10번 장난감(액자별매)
3161604655,SELLBLOG,NORMAL,너무너무 좋네요 아이가 만족합니다,2021-04-25T07:38:17.412+0000,STOREFARM,5,어린이 보석십자수 DIY 캐릭터 큐빅 비즈 지니맘 정품 KC인증,타입선택: A타입(15cm20cm도안) / 디자인: A20번 십자가 꽃 (액자별매)
3161604422,SELLBLOG,NORMAL,너무너무 좋네요 아이가 만족합니다,2021-04-25T07:37:41.359+0000,STOREFARM,5,어린이 보석십자수 DIY 캐릭터 큐빅 비즈 지니맘 정품 KC인증,타입선택: A타입(15cm20cm도안) / 디자인: A8번 꽃사슴 (액자별매)
3159934531,SELLBLOG,NORMAL,포장도 꼼꼼하게 오고 설명서도 들어있네요 ^ ^,2021-04-22T17:21:38.050+0000,STOREFARM,5,어린이 보석십자수 DIY 캐릭터 큐빅 비즈 지니맘 정품 KC인증,타입선택: A타입(15cm20cm도안) / 디자인: A13번 별유니콘 (액자별매)
3155233539,SELLBLOG,NORMAL,여러모양으로사서 만드는재미가 있을것같아요.한동안 놀잇감은 필요없겠어요 왕창 잘 산것같아요,2021-04-16T00:30:52.609+0000,STOREFARM,5,어린이 보석십자수 DIY 캐릭터 큐빅 비즈 지니맘 정품 KC인증,타입선택: A타입(15cm20cm도안) / 디자인: A2번 보라유니콘 (액자별매)
3174499114,SELLBLOG,AFTER_USE,시간 잘가네요.. 허리는 조금 아퍼도 정신집중 잘되요,2021-05-13T12:05:53.110+0000,STOREFARM,5,어린이 보석십자수 DIY 캐릭터 큐빅 비즈 지니맘 정품 KC인증,타입선택: B타입(15cm15cm도안) / 디자인: B2번 강아지(액자별매)
3176880807,SELLBLOG,NORMAL,아이들이 넘 재밌어하고 이뻐서 좋아하네요,2021-05-17T01:29:42.185+0000,STOREFARM,5,어린이 보석십자수 DIY 캐릭터 큐빅 비즈 지니맘 정품 KC인증,타입선택: B타입(15cm15cm도안) / 디자인: B11번 낮잠(액자별매)
3165010658,SELLBLOG,NORMAL,"어린이날 선물로 샀어요
좋아하네요",2021-04-30T03:32:34.328+0000,STOREFARM,5,어린이 보석십자수 DIY 캐릭터 큐빅 비즈 지니맘 정품 KC인증,타입선택: A타입(15cm20cm도안) / 디자인: A14번 부엉이 (액자별매)
3165009741,SELLBLOG,NORMAL,"어린이날 선물로 샀어요
좋아하네요",2021-04-30T03:31:23.163+0000,STOREFARM,5,어린이 보석십자수 DIY 캐릭터 큐빅 비즈 지니맘 정품 KC인증,타입선택: B타입(15cm15cm도안) / 디자인: B6번 클로버 고양이(액자별매)
3164895298,SELLBLOG,NORMAL,초등학생 딸이 엄청 좋아합니다. 크기도 많이 크지 않고 저렴하기도 하고 액자가 기본옵션이 되어 있지 않아서 더 좋습니다. 저번에 사고 다시 사러 왔네요,2021-04-30T01:28:15.734+0000,STOREFARM,5,어린이 보석십자수 DIY 캐릭터 큐빅 비즈 지니맘 정품 KC인증,타입선택: B타입(15cm15cm도안) / 디자인: B9번 하트(액자별매)
3177357007,SELLBLOG,NORMAL,두번째시켜요.상품 좋아요,2021-05-17T13:33:29.682+0000,STOREFARM,5,어린이 보석십자수 DIY 캐릭터 큐빅 비즈 지니맘 정품 KC인증,타입선택: A타입(15cm20cm도안) / 디자인: A4번 홍학 (액자별매)
3173433892,SELLBLOG,NORMAL,7살딸아이 너무 좋아해요^^ 집중있게 잘하네요 번창하세요^^,2021-05-12T06:18:56.045+0000,STOREFARM,5,어린이 보석십자수 DIY 캐릭터 큐빅 비즈 지니맘 정품 KC인증,타입선택: A타입(15cm20cm도안) / 디자인: A20번 십자가 꽃 (액자별매)
3180359758,SELLBLOG,NORMAL,그럭저럭쓸만합니다...,2021-05-22T01:07:24.978+0000,STOREFARM,5,어린이 보석십자수 DIY 캐릭터 큐빅 비즈 지니맘 정품 KC인증,타입선택: A타입(15cm20cm도안) / 디자인: A23번 행복(액자별매)
3159934696,SELLBLOG,NORMAL,아이랑 같이 만들려고 액자랑 두 가지 디자인으로 구매했어요 ^ ^,2021-04-22T17:23:01.741+0000,STOREFARM,5,어린이 보석십자수 DIY 캐릭터 큐빅 비즈 지니맘 정품 KC인증,타입선택: A타입(15cm20cm도안) / 디자인: A9번 겨울사슴 (액자별매)
3155232786,SELLBLOG,NORMAL,대량구매해야 한동안 편할것같아서 좀 샀네요. 아이가 좋아해요,2021-04-16T00:29:55.553+0000,STOREFARM,5,어린이 보석십자수 DIY 캐릭터 큐빅 비즈 지니맘 정품 KC인증,타입선택: A타입(15cm20cm도안) / 디자인: A8번 꽃사슴 (액자별매)
3172182385,SELLBLOG,NORMAL,"아이들이 좋아해요!! 예뻐요!!
어른도 하고 싶어져요ㅎㅎ",2021-05-10T14:07:09.478+0000,STOREFARM,5,어린이 보석십자수 DIY 캐릭터 큐빅 비즈 지니맘 정품 KC인증,타입선택: A타입(15cm20cm도안) / 디자인: A11번 클로버 (액자별매)
3172182265,SELLBLOG,NORMAL,"아이들이 좋아해요!! 예뻐요!!
어른도 하고 싶어져요ㅎㅎ",2021-05-10T14:06:56.182+0000,STOREFARM,5,어린이 보석십자수 DIY 캐릭터 큐빅 비즈 지니맘 정품 KC인증,타입선택: B타입(15cm15cm도안) / 디자인: B2번 강아지(액자별매)
3172182092,SELLBLOG,NORMAL,"아이들이 좋아해요!! 예뻐요!!
어른도 하고 싶어져요ㅎㅎ",2021-05-10T14:06:41.026+0000,STOREFARM,5,어린이 보석십자수 DIY 캐릭터 큐빅 비즈 지니맘 정품 KC인증,타입선택: B타입(15cm15cm도안) / 디자인: B5번 하트 고양이(액자별매)
3172181946,SELLBLOG,NORMAL,"아이들이 좋아해요!! 예뻐요!!
어른도 하고 싶어져요ㅎㅎ",2021-05-10T14:06:27.189+0000,STOREFARM,5,어린이 보석십자수 DIY 캐릭터 큐빅 비즈 지니맘 정품 KC인증,타입선택: B타입(15cm15cm도안) / 디자인: B4번 왕관 고양이(액자별매)
3172181810,SELLBLOG,NORMAL,"아이들이 좋아해요!! 예뻐요!!
어른도 하고 싶어져요ㅎㅎ",2021-05-10T14:06:13.613+0000,STOREFARM,5,어린이 보석십자수 DIY 캐릭터 큐빅 비즈 지니맘 정품 KC인증,타입선택: B타입(15cm15cm도안) / 디자인: B3번 뿔 돌고래(액자별매)
3155231311,SELLBLOG,NORMAL,한동안 놀잇감은 필요없겠어요 왕창 잘 산것같아요,2021-04-16T00:28:03.572+0000,STOREFARM,5,어린이 보석십자수 DIY 캐릭터 큐빅 비즈 지니맘 정품 KC인증,타입선택: B타입(15cm15cm도안) / 디자인: B8번 빨간리본(액자별매)
3155230901,SELLBLOG,NORMAL,한동안 놀잇감은 필요없겠어요 왕창 잘 산것같아요,2021-04-16T00:27:32.534+0000,STOREFARM,5,어린이 보석십자수 DIY 캐릭터 큐빅 비즈 지니맘 정품 KC인증,타입선택: A타입(15cm20cm도안) / 디자인: A6번 소녀2 (액자별매)
3170252332,SELLBLOG,NORMAL,아이가 너무 좋아해요~집중력 최고인듯,2021-05-08T00:58:52.915+0000,STOREFARM,4,어린이 보석십자수 DIY 캐릭터 큐빅 비즈 지니맘 정품 KC인증,타입선택: B타입(15cm15cm도안) / 디자인: B2번 강아지(액자별매)
3176366548,SELLBLOG,NORMAL,아이들에게 인기만점,2021-05-16T05:06:58.561+0000,STOREFARM,5,어린이 보석십자수 DIY 캐릭터 큐빅 비즈 지니맘 정품 KC인증,타입선택: A타입(15cm20cm도안) / 디자인: A12번 돌고래 (액자별매)
3176366413,SELLBLOG,NORMAL,아이들한테 인기만점,2021-05-16T05:06:43.657+0000,STOREFARM,5,어린이 보석십자수 DIY 캐릭터 큐빅 비즈 지니맘 정품 KC인증,타입선택: A타입(15cm20cm도안) / 디자인: A16번 여우 (액자별매)
3169506781,SELLBLOG,AFTER_USE,아이들이 너무좋아해요. 요즘시기에 시간가는줄 ㅇ소르겠엉ᆢㄷ,2021-05-07T02:43:02.521+0000,STOREFARM,5,어린이 보석십자수 DIY 캐릭터 큐빅 비즈 지니맘 KC인증,지니맘 큐빅십자수  DIY: 9번 겨울사슴 (액자별매)
3170806112,SELLBLOG,NORMAL,세트로 구성되어 있어 편하고 좋습니다 보석의 품질도 좋네요,2021-05-08T15:25:22.257+0000,STOREFARM,5,어린이 보석십자수 DIY 캐릭터 큐빅 비즈 지니맘 정품 KC인증,타입선택: A타입(15cm20cm도안) / 디자인: A10번 안경토끼 (액자별매)
3176882487,SELLBLOG,NORMAL,넘 이쁘고 반짝반짝빛나요,2021-05-17T01:31:17.052+0000,STOREFARM,5,어린이 보석십자수 DIY 캐릭터 큐빅 비즈 지니맘 정품 KC인증,타입선택: B타입(15cm15cm도안) / 디자인: B2번 강아지(액자별매)
3170804903,SELLBLOG,NORMAL,아이들이 엄청 좋아합니다 완성되었을때 보석의 반짝임이 예뻐요,2021-05-08T15:22:40.855+0000,STOREFARM,5,어린이 보석십자수 DIY 캐릭터 큐빅 비즈 지니맘 정품 KC인증,타입선택: A타입(15cm20cm도안) / 디자인: A5번  소녀1 (액자별매)
3170805475,SELLBLOG,NORMAL,보석 퀄리티도 좋고 아이들이 하기에 어렵지 않고좋습니다,2021-05-08T15:24:02.075+0000,STOREFARM,5,어린이 보석십자수 DIY 캐릭터 큐빅 비즈 지니맘 정품 KC인증,타입선택: A타입(15cm20cm도안) / 디자인: A6번 소녀2 (액자별매)
3176646352,SELLBLOG,AFTER_USE,애들이 넘 좋아해요ㅎ,2021-05-16T13:09:27.403+0000,STOREFARM,5,어린이 보석십자수 DIY 캐릭터 큐빅 비즈 지니맘 정품 KC인증,타입선택: B타입(15cm15cm도안) / 디자인: B11번 낮잠(액자별매)
3161912103,SELLBLOG,NORMAL,배송도 빠르고 좋아요!!,2021-04-25T23:52:08.050+0000,STOREFARM,5,어린이 보석십자수 DIY 캐릭터 큐빅 비즈 지니맘 정품 KC인증,타입선택: B타입(15cm15cm도안) / 디자인: B8번 빨간리본(액자별매)
3172951788,SELLBLOG,NORMAL,아이들이 좋아해요~ 반짝반짝^^,2021-05-11T13:04:23.097+0000,STOREFARM,5,어린이 보석십자수 DIY 캐릭터 큐빅 비즈 지니맘 정품 KC인증,타입선택: A타입(15cm20cm도안) / 디자인: A1번 유니콘  (액자별매)
3162602775,SELLBLOG,NORMAL,"아이들이 좋아해서 구매했다가 최근에 또 생각나서 구매했습니다. 가격도 저렴하고, 코로나로 집에 있는 아이들에게 좋은 것 같습니다.",2021-04-27T01:36:42.957+0000,STOREFARM,5,어린이 보석십자수 DIY 캐릭터 큐빅 비즈 지니맘 정품 KC인증,타입선택: B타입(15cm15cm도안) / 디자인: B11번 낮잠(액자별매)
3131336216,SELLBLOG,NORMAL,한번 시작하면 집중하게 되고~ 액자에 넣으면 넘 이뻐서~ 시작하길 잘했다 싶어요~^^ 계속 사게 되네요~ 초등학교 아들과 대학생 딸아이와 같이 했는데~ 너무 좋아라 하네요~~^^,2021-03-12T16:23:33.325+0000,STOREFARM,5,어린이 보석십자수 DIY 캐릭터 큐빅 비즈 지니맘 KC인증,지니맘 큐빅십자수  DIY: 9번 겨울사슴 (액자별매)
3168742516,SELLBLOG,AFTER_USE,친구들 놀러왔을때 아파트에서 뛰지 않고 앉아서 놀기에 너무 좋아요~,2021-05-06T04:04:31.262+0000,STOREFARM,5,어린이 보석십자수 DIY 캐릭터 큐빅 비즈 지니맘 정품 KC인증,타입선택: B타입(15cm15cm도안) / 디자인: B2번 강아지(액자별매)
3162597588,SELLBLOG,NORMAL,재미있게 하네요 ~^^,2021-04-27T01:30:39.012+0000,STOREFARM,4,어린이 보석십자수 DIY 캐릭터 큐빅 비즈 지니맘 정품 KC인증,타입선택: B타입(15cm15cm도안) / 디자인: B9번 하트(액자별매)
3155218392,SELLBLOG,AFTER_USE,"이틀만에 끝내버린 아이ㅋㅋ
감사합니다",2021-04-16T00:08:36.214+0000,STOREFARM,5,어린이 보석십자수 DIY 캐릭터 큐빅 비즈 지니맘 KC인증,지니맘 큐빅십자수  DIY: 2번 보라유니콘 (액자별매)
3173615779,SELLBLOG,AFTER_USE,가격이 저렴해서 다 괜찮아요,2021-05-12T10:05:54.500+0000,STOREFARM,5,어린이 보석십자수 DIY 캐릭터 큐빅 비즈 지니맘 KC인증,지니맘 큐빅십자수  DIY: 24번 돌고래 하트(액자별매)
3168741835,SELLBLOG,AFTER_USE,"아이들 집중력에 최고..^^ 시간가는줄 몰라요,",2021-05-06T04:03:25.028+0000,STOREFARM,5,어린이 보석십자수 DIY 캐릭터 큐빅 비즈 지니맘 정품 KC인증,타입선택: B타입(15cm15cm도안) / 디자인: B1번 돌고래 하트(액자별매)
3156596778,SELLBLOG,NORMAL,"잘받았어요.
하루만에 완성",2021-04-18T01:00:54.856+0000,STOREFARM,5,어린이 보석십자수 DIY 캐릭터 큐빅 비즈 지니맘 정품 KC인증,타입선택: B타입(15cm15cm도안) / 디자인: B4번 왕관 고양이(액자별매)
3160036234,SELLBLOG,NORMAL,처음해보는데 재밌어요~,2021-04-23T00:59:22.811+0000,STOREFARM,5,어린이 보석십자수 DIY 캐릭터 큐빅 비즈 지니맘 정품 KC인증,타입선택: A타입(15cm20cm도안) / 디자인: A10번 안경토끼 (액자별매)
3158562536,SELLBLOG,NORMAL,아이가 넘 좋아해서 벌써 8개나 했어요~~^^,2021-04-21T01:36:03.022+0000,STOREFARM,5,어린이 보석십자수 DIY 캐릭터 큐빅 비즈 지니맘 정품 KC인증,타입선택: B타입(15cm15cm도안) / 디자인: B3번 뿔 돌고래(액자별매)
3151983954,SELLBLOG,AFTER_USE,사촌언니들이 하는걸 보고 초등아이라 좀 쉬운걸 찾아보다 리뷰도 좋아서 주문해 보았어요.,2021-04-11T09:38:28.708+0000,STOREFARM,3,어린이 보석십자수 DIY 캐릭터 큐빅 비즈 지니맘 KC인증,지니맘 큐빅십자수  DIY: 27번 왕관 고양이(액자별매)
3153398010,SELLBLOG,NORMAL,최고최고. 깔끔하게 포장되여 있어요. 애들이 좋아해요.,2021-04-13T11:30:21.783+0000,STOREFARM,5,어린이 보석십자수 DIY 캐릭터 큐빅 비즈 지니맘 정품 KC인증,타입선택: B타입(15cm15cm도안) / 디자인: B4번 왕관 고양이(액자별매)
3155348120,SELLBLOG,NORMAL,귀엽고 예뻐요 항상 여기서 사요,2021-04-16T02:31:17.367+0000,STOREFARM,5,어린이 보석십자수 DIY 캐릭터 큐빅 비즈 지니맘 KC인증,지니맘 큐빅십자수  DIY: 21번 하트십자가 (액자별매)
3170183650,SELLBLOG,NORMAL,배송 빠르고 상품 구성 좋고 가격도 저렴합니다,2021-05-07T21:50:56.404+0000,STOREFARM,5,어린이 보석십자수 DIY 캐릭터 큐빅 비즈 지니맘 정품 KC인증,타입선택: A타입(15cm20cm도안) / 디자인: A13번 별유니콘 (액자별매)
3164590827,SELLBLOG,NORMAL,우리아이와 친구를 위해 구매^^  제가먼저 해보니 재미 있어요^^~~아이들도 좋아할 듯~~~^^,2021-04-29T11:39:57.409+0000,STOREFARM,5,어린이 보석십자수 DIY 캐릭터 큐빅 비즈 지니맘 정품 KC인증,타입선택: A타입(15cm20cm도안) / 디자인: A1번 유니콘  (액자별매)
3171724762,SELLBLOG,NORMAL,비즈도 넉넉히 들어있고 예뻐요,2021-05-10T03:06:31.077+0000,STOREFARM,4,어린이 보석십자수 DIY 캐릭터 큐빅 비즈 지니맘 정품 KC인증,타입선택: A타입(15cm20cm도안) / 디자인: A8번 꽃사슴 (액자별매)
3168804613,SELLBLOG,NORMAL,좋아요 감사합니다. 아이가 좋아해요,2021-05-06T05:40:30.683+0000,STOREFARM,5,어린이 보석십자수 DIY 캐릭터 큐빅 비즈 지니맘 정품 KC인증,타입선택: B타입(15cm15cm도안) / 디자인: B5번 하트 고양이(액자별매)
3168804340,SELLBLOG,NORMAL,좋아요 감사합니다. 아이가 좋아해요,2021-05-06T05:40:02.852+0000,STOREFARM,5,어린이 보석십자수 DIY 캐릭터 큐빅 비즈 지니맘 정품 KC인증,타입선택: A타입(15cm20cm도안) / 디자인: A3번 분홍사슴 (액자별매)
3159107360,SELLBLOG,NORMAL,빠른배송 감사합니다,2021-04-21T13:51:02.539+0000,STOREFARM,5,어린이 보석십자수 DIY 캐릭터 큐빅 비즈 지니맘 정품 KC인증,타입선택: B타입(15cm15cm도안) / 디자인: B2번 강아지(액자별매)
3159107078,SELLBLOG,NORMAL,빠른배송 감사합니다,2021-04-21T13:50:40.876+0000,STOREFARM,5,어린이 보석십자수 DIY 캐릭터 큐빅 비즈 지니맘 정품 KC인증,타입선택: B타입(15cm15cm도안) / 디자인: B3번 뿔 돌고래(액자별매)
3156360801,SELLBLOG,NORMAL,아이들이 너무 좋아해서 재구매했어요.,2021-04-17T10:52:02.304+0000,STOREFARM,5,어린이 보석십자수 DIY 캐릭터 큐빅 비즈 지니맘 정품 KC인증,타입선택: A타입(15cm20cm도안) / 디자인: A9번 겨울사슴 (액자별매)
3159730107,SELLBLOG,NORMAL,우리딸이 좋아해요.,2021-04-22T11:16:55.157+0000,STOREFARM,4,어린이 보석십자수 DIY 캐릭터 큐빅 비즈 지니맘 정품 KC인증,타입선택: A타입(15cm20cm도안) / 디자인: A22번 교회 (액자별매)
3154294909,SELLBLOG,NORMAL,선물용으로 좋아요 7살 하기 쉬워요,2021-04-14T13:26:22.615+0000,STOREFARM,5,어린이 보석십자수 DIY 캐릭터 큐빅 비즈 지니맘 정품 KC인증,타입선택: B타입(15cm15cm도안) / 디자인: B9번 하트(액자별매)
3155230103,SELLBLOG,NORMAL,도착하지마자 아이가 신나서 하고있어요,2021-04-16T00:26:30.279+0000,STOREFARM,5,어린이 보석십자수 DIY 캐릭터 큐빅 비즈 지니맘 정품 KC인증,타입선택: A타입(15cm20cm도안) / 디자인: A5번  소녀1 (액자별매)
3171106035,SELLBLOG,NORMAL,아이들이 손쉽게하기 좋아요,2021-05-09T05:34:22.681+0000,STOREFARM,4,어린이 보석십자수 DIY 캐릭터 큐빅 비즈 지니맘 정품 KC인증,타입선택: A타입(15cm20cm도안) / 디자인: A23번 행복(액자별매)
3168414453,SELLBLOG,NORMAL,"큐빅이너무이뻐요~~~
불량도없고~",2021-05-05T11:57:51.218+0000,STOREFARM,5,어린이 보석십자수 DIY 캐릭터 큐빅 비즈 지니맘 정품 KC인증,타입선택: A타입(15cm20cm도안) / 디자인: A3번 분홍사슴 (액자별매)
3164481950,SELLBLOG,AFTER_USE,눈이 야간 피로ㅎᆢㅁ 보석은 엄청 반짝임,2021-04-29T09:04:25.884+0000,STOREFARM,3,어린이 보석십자수 DIY 캐릭터 큐빅 비즈 지니맘 KC인증,지니맘 큐빅십자수  DIY: 1번 유니콘  (액자별매)
3171484788,SELLBLOG,AFTER_USE,시간 가는줄 모르고 했었어요^^,2021-05-09T19:07:15.677+0000,STOREFARM,4,어린이 보석십자수 DIY 캐릭터 큐빅 비즈 지니맘 KC인증,지니맘 큐빅십자수  DIY: 10번 안경토끼 (액자별매)
3171484769,SELLBLOG,AFTER_USE,시간 가는줄 모르고 했었어요^^,2021-05-09T19:07:01.745+0000,STOREFARM,4,어린이 보석십자수 DIY 캐릭터 큐빅 비즈 지니맘 KC인증,지니맘 큐빅십자수  DIY: 14번 부엉이 (액자별매)
3171484754,SELLBLOG,AFTER_USE,시간 가는줄 모르고 했었어요^^,2021-05-09T19:06:46.447+0000,STOREFARM,4,어린이 보석십자수 DIY 캐릭터 큐빅 비즈 지니맘 KC인증,지니맘 큐빅십자수  DIY: 15번 핑크 유니콘 (액자별매)
3148097841,SELLBLOG,NORMAL,아이가 너무좋아합니다 재구매하려구요  액자도 같이 잘구매한것같아요,2021-04-06T02:15:01.540+0000,STOREFARM,5,어린이 보석십자수 DIY 캐릭터 큐빅 비즈 지니맘 정품 KC인증,타입선택: B타입(15cm15cm도안) / 디자인: B1번 돌고래 하트(액자별매)
3166821812,SELLBLOG,AFTER_USE,좋아요 가격대비 아주 좋습니다,2021-05-03T01:47:55.869+0000,STOREFARM,5,어린이 보석십자수 DIY 캐릭터 큐빅 비즈 지니맘 정품 KC인증,타입선택: A타입(15cm20cm도안) / 디자인: A10번 안경토끼 (액자별매)
3150810913,SELLBLOG,NORMAL,아이가 좋아해요 집중력향상에 최고입니다,2021-04-09T10:23:00.854+0000,STOREFARM,5,어린이 보석십자수 DIY 캐릭터 큐빅 비즈 지니맘 정품 KC인증,타입선택: B타입(15cm15cm도안) / 디자인: B5번 하트 고양이(액자별매)
3171082488,SELLBLOG,NORMAL,아이들이 재미있어해요,2021-05-09T04:49:24.745+0000,STOREFARM,5,어린이 보석십자수 DIY 캐릭터 큐빅 비즈 지니맘 정품 KC인증,타입선택: B타입(15cm15cm도안) / 디자인: B6번 클로버 고양이(액자별매)
3155861087,SELLBLOG,NORMAL,액자에 넣으니 그럴듯해보여요,2021-04-16T14:56:27.965+0000,STOREFARM,5,어린이 보석십자수 DIY 캐릭터 큐빅 비즈 지니맘 정품 KC인증,타입선택: A타입(15cm20cm도안) / 디자인: A8번 꽃사슴 (액자별매)
3168784849,SELLBLOG,NORMAL,아이가 좋아하고 구성품도 잘 들었어요,2021-05-06T05:10:27.297+0000,STOREFARM,4,어린이 보석십자수 DIY 캐릭터 큐빅 비즈 지니맘 정품 KC인증,타입선택: A타입(15cm20cm도안) / 디자인: A2번 보라유니콘 (액자별매)
3152230085,SELLBLOG,NORMAL,이뻐요. 새로운 디자인 나왔길래 구매했어요.,2021-04-11T23:20:49.549+0000,STOREFARM,5,어린이 보석십자수 DIY 캐릭터 큐빅 비즈 지니맘 정품 KC인증,타입선택: B타입(15cm15cm도안) / 디자인: B12번 달빛부엉이(액자별매)
3156675890,SELLBLOG,AFTER_USE,집중력도 길러주는 듯해요,2021-04-18T02:54:25.748+0000,STOREFARM,5,어린이 보석십자수 DIY 캐릭터 큐빅 비즈 지니맘 KC인증,지니맘 큐빅십자수  DIY: 16번 여우 (액자별매)
3159258748,SELLBLOG,NORMAL,아이가 좋아해요^^,2021-04-22T00:07:27.796+0000,STOREFARM,5,어린이 보석십자수 DIY 캐릭터 큐빅 비즈 지니맘 정품 KC인증,타입선택: A타입(15cm20cm도안) / 디자인: A3번 분홍사슴 (액자별매)
3156595952,SELLBLOG,NORMAL,아이가 혼자서도 잘하네요,2021-04-18T00:59:32.029+0000,STOREFARM,5,어린이 보석십자수 DIY 캐릭터 큐빅 비즈 지니맘 정품 KC인증,타입선택: B타입(15cm15cm도안) / 디자인: B2번 강아지(액자별매)
3158174034,SELLBLOG,NORMAL,딸이  좋아하네요 근데 조금 어려운것 같아요  (8살~12살)정도가 하기 좋겠어요 보석십자수에 보석 많이주시고 배송 빠르게옵니다 굳굳 추천 합니다,2021-04-20T10:44:50.694+0000,STOREFARM,5,어린이 보석십자수 DIY 캐릭터 큐빅 비즈 지니맘 정품 KC인증,타입선택: B타입(15cm15cm도안) / 디자인: B9번 하트(액자별매)
3133839571,SELLBLOG,NORMAL,배송도 빠르고 두개 시켜서 하나는 제가 반절까지 마무리시켜놓고 지금도 하다가 리뷰적고 있네요😊 엄마랑 같이 하고있는데 어무니께서 새로운 취미를 선사해줘서 고맙다고 하시네요 지금도 열심히 붙이고 계십니다^^♡,2021-03-16T12:14:25.288+0000,STOREFARM,5,어린이 보석십자수 DIY 캐릭터 큐빅 비즈 지니맘 KC인증,지니맘 큐빅십자수  DIY: 13번 별유니콘 (액자별매)
3171106136,SELLBLOG,NORMAL,다음에 또 사야겠어요,2021-05-09T05:34:33.450+0000,STOREFARM,4,어린이 보석십자수 DIY 캐릭터 큐빅 비즈 지니맘 정품 KC인증,타입선택: A타입(15cm20cm도안) / 디자인: A7번 사자 (액자별매)
3171105874,SELLBLOG,NORMAL,배송도 빠르고 좋아요,2021-05-09T05:34:05.166+0000,STOREFARM,4,어린이 보석십자수 DIY 캐릭터 큐빅 비즈 지니맘 정품 KC인증,타입선택: A타입(15cm20cm도안) / 디자인: A12번 돌고래 (액자별매)
3171105765,SELLBLOG,NORMAL,배송도 빠르고 좋아요,2021-05-09T05:33:54.426+0000,STOREFARM,4,어린이 보석십자수 DIY 캐릭터 큐빅 비즈 지니맘 정품 KC인증,타입선택: A타입(15cm20cm도안) / 디자인: A11번 클로버 (액자별매)
3152577247,SELLBLOG,NORMAL,"배송빨랐어요
생각보다 뭐가 많아서 같이해주느라 곤욕이네요 ㅋㅋ",2021-04-12T07:20:44.200+0000,STOREFARM,5,어린이 보석십자수 DIY 캐릭터 큐빅 비즈 지니맘 정품 KC인증,타입선택: B타입(15cm15cm도안) / 디자인: B2번 강아지(액자별매)
3159568842,SELLBLOG,NORMAL,누가 하는거 보고 찾아서 구매했어요 다른데 거는 큐빅 사이즈가 일정하던데 여기거는 사이즈가 달라서 예쁩니다 아이가 좋아해요,2021-04-22T07:34:37.353+0000,STOREFARM,5,어린이 보석십자수 DIY 캐릭터 큐빅 비즈 지니맘 정품 KC인증,타입선택: B타입(15cm15cm도안) / 디자인: B2번 강아지(액자별매)
3148490518,SELLBLOG,NORMAL,"아이용 사면서 조카것두 산거예요.
시리즈로 다 하고 싶네요.^^",2021-04-06T11:22:21.589+0000,STOREFARM,5,어린이 보석십자수 DIY 캐릭터 큐빅 비즈 지니맘 정품 KC인증,타입선택: B타입(15cm15cm도안) / 디자인: B3번 뿔 돌고래(액자별매)
3148805944,SELLBLOG,AFTER_USE,"완전 마음에 들어요.
블링블링",2021-04-07T00:11:14.370+0000,STOREFARM,5,어린이 보석십자수 DIY 캐릭터 큐빅 비즈 지니맘 KC인증,지니맘 큐빅십자수  DIY: 24번 돌고래 하트(액자별매)
3171105580,SELLBLOG,NORMAL,배송도 빠르고 좋아요.,2021-05-09T05:33:34.592+0000,STOREFARM,5,어린이 보석십자수 DIY 캐릭터 큐빅 비즈 지니맘 정품 KC인증,타입선택: A타입(15cm20cm도안) / 디자인: A10번 안경토끼 (액자별매)
3155218920,SELLBLOG,AFTER_USE,"감사합니다 
또 주문하겠습니다",2021-04-16T00:09:34.221+0000,STOREFARM,5,어린이 보석십자수 DIY 캐릭터 큐빅 비즈 지니맘 KC인증,지니맘 큐빅십자수  DIY: 18번 파란사슴 (액자별매)
3186258846,SELLBLOG,NORMAL,빠른배송 좋아요좋아요,2021-05-30T02:40:13.036+0000,STOREFARM,5,어린이 보석십자수 DIY 캐릭터 큐빅 비즈 지니맘 정품 KC인증,타입선택: B타입(15cm15cm도안) / 디자인: B3번 뿔 돌고래(액자별매)
3166618312,SELLBLOG,NORMAL,매우만족합니다. 많이파세요.,2021-05-02T13:57:07.115+0000,STOREFARM,5,어린이 보석십자수 DIY 캐릭터 큐빅 비즈 지니맘 정품 KC인증,타입선택: A타입(15cm20cm도안) / 디자인: A1번 유니콘  (액자별매)
3169326124,SELLBLOG,NORMAL,보석도 넉넉하고 좋아요,2021-05-06T22:33:38.568+0000,STOREFARM,5,어린이 보석십자수 DIY 캐릭터 큐빅 비즈 지니맘 정품 KC인증,타입선택: A타입(15cm20cm도안) / 디자인: A2번 보라유니콘 (액자별매)
3153462557,SELLBLOG,AFTER_USE,잡생각을 없애주고 성취감도있어요.,2021-04-13T12:36:43.612+0000,STOREFARM,4,어린이 보석십자수 DIY 캐릭터 큐빅 비즈 지니맘 KC인증,지니맘 큐빅십자수  DIY: 9번 겨울사슴 (액자별매)
3153461546,SELLBLOG,AFTER_USE,잡생각을 없애주고 성취감도있어요.,2021-04-13T12:35:40.821+0000,STOREFARM,4,어린이 보석십자수 DIY 캐릭터 큐빅 비즈 지니맘 KC인증,지니맘 큐빅십자수  DIY: 14번 부엉이 (액자별매)
3155863291,SELLBLOG,NORMAL,애가 너무 좋아해요,2021-04-16T15:01:35.370+0000,STOREFARM,5,어린이 보석십자수 DIY 캐릭터 큐빅 비즈 지니맘 정품 KC인증,타입선택: B타입(15cm15cm도안) / 디자인: B9번 하트(액자별매)
3155863072,SELLBLOG,NORMAL,애가 너무 좋아해요,2021-04-16T15:01:04.732+0000,STOREFARM,5,어린이 보석십자수 DIY 캐릭터 큐빅 비즈 지니맘 정품 KC인증,타입선택: A타입(15cm20cm도안) / 디자인: A13번 별유니콘 (액자별매)
3169594664,SELLBLOG,AFTER_USE,아이가 재밌어하네요,2021-05-07T04:22:09.639+0000,STOREFARM,5,어린이 보석십자수 DIY 캐릭터 큐빅 비즈 지니맘 KC인증,지니맘 큐빅십자수  DIY: 25번 강아지(액자별매)
3161537732,SELLBLOG,AFTER_USE,"안떨어지고 아이 방에 액자로 걸어두었어요.

비즈도 넉넉하고 좋았어요",2021-04-25T05:05:00.716+0000,STOREFARM,5,어린이 보석십자수 DIY 캐릭터 큐빅 비즈 지니맘 KC인증,지니맘 큐빅십자수  DIY: 27번 왕관 고양이(액자별매)
3166762898,SELLBLOG,NORMAL,너무 만족해 합니다 2일만에 하나씩 했습니다,2021-05-03T00:41:03.367+0000,STOREFARM,5,어린이 보석십자수 DIY 캐릭터 큐빅 비즈 지니맘 정품 KC인증,타입선택: A타입(15cm20cm도안) / 디자인: A15번 핑크 유니콘 (액자별매)
3152090862,SELLBLOG,AFTER_USE,아주 좋은 구성품으로 아이들이 하기 좋아요.,2021-04-11T12:56:18.551+0000,STOREFARM,5,어린이 보석십자수 DIY 캐릭터 큐빅 비즈 지니맘 KC인증,지니맘 큐빅십자수  DIY: 3번 분홍사슴 (액자별매)
3148360704,SELLBLOG,NORMAL,친구가 추천해줘서 구입했어요 아이들이 좋아하네요~^^,2021-04-06T08:45:58.584+0000,STOREFARM,5,어린이 보석십자수 DIY 캐릭터 큐빅 비즈 지니맘 정품 KC인증,타입선택: A타입(15cm20cm도안) / 디자인: A17번 아기 유니콘 (액자별매)
3167615581,SELLBLOG,NORMAL,"깔끔하게 포장되어 있어요
딸이 좋아해요 엄청!!",2021-05-04T06:53:23.181+0000,STOREFARM,5,어린이 보석십자수 DIY 캐릭터 큐빅 비즈 지니맘 정품 KC인증,타입선택: B타입(15cm15cm도안) / 디자인: B11번 낮잠(액자별매)
3150811275,SELLBLOG,NORMAL,아이가좋아해요 집중력에 좋아요,2021-04-09T10:23:35.163+0000,STOREFARM,5,어린이 보석십자수 DIY 캐릭터 큐빅 비즈 지니맘 정품 KC인증,타입선택: B타입(15cm15cm도안) / 디자인: B9번 하트(액자별매)
3142855770,SELLBLOG,NORMAL,"딸아이가 하고 싶다고해서 첨에 주문했는데
친정엄마가 재미를 붙이셔서 계속 주문하네요 
보석이 커서 붙이기쉽고 좋아요 ~",2021-03-29T07:35:29.386+0000,STOREFARM,5,어린이 보석십자수 DIY 캐릭터 큐빅 비즈 지니맘 정품 KC인증,타입선택: A타입(15cm20cm도안) / 디자인: A9번 겨울사슴 (액자별매)
3170183701,SELLBLOG,NORMAL,배송이 빠르고 좋습니다...,2021-05-07T21:51:13.848+0000,STOREFARM,5,어린이 보석십자수 DIY 캐릭터 큐빅 비즈 지니맘 정품 KC인증,타입선택: A타입(15cm20cm도안) / 디자인: A19번 아이스크림 (액자별매)
3152091479,SELLBLOG,AFTER_USE,아주 좋은 구성으로 아이와 완성하기 좋아요~~,2021-04-11T12:57:18.839+0000,STOREFARM,5,어린이 보석십자수 DIY 캐릭터 큐빅 비즈 지니맘 KC인증,지니맘 큐빅십자수  DIY: 14번 부엉이 (액자별매)
3149371415,SELLBLOG,NORMAL,"너무 너무 좋아해요
오자마자 앉아서 집중모드",2021-04-07T12:57:09.369+0000,STOREFARM,4,어린이 보석십자수 DIY 캐릭터 큐빅 비즈 지니맘 정품 KC인증,타입선택: A타입(15cm20cm도안) / 디자인: A12번 돌고래 (액자별매)
3168807876,SELLBLOG,NORMAL,빠른배송 감사합니다,2021-05-06T05:45:23.308+0000,STOREFARM,5,어린이 보석십자수 DIY 캐릭터 큐빅 비즈 지니맘 정품 KC인증,타입선택: A타입(15cm20cm도안) / 디자인: A19번 아이스크림 (액자별매)
3168703674,SELLBLOG,NORMAL,조카사줬는데 좋아해요~,2021-05-06T02:55:55.459+0000,STOREFARM,5,어린이 보석십자수 DIY 캐릭터 큐빅 비즈 지니맘 정품 KC인증,타입선택: B타입(15cm15cm도안) / 디자인: B1번 돌고래 하트(액자별매)
3164481529,SELLBLOG,AFTER_USE,눈이 피로함 아이는 너ㅇ수좋아함,2021-04-29T09:03:46.512+0000,STOREFARM,3,어린이 보석십자수 DIY 캐릭터 큐빅 비즈 지니맘 KC인증,지니맘 큐빅십자수  DIY: 8번 꽃사슴 (액자별매)
3166780436,SELLBLOG,NORMAL,디자인도 이쁘고 해놓으면 퀄리티 짱,2021-05-03T01:01:59.915+0000,STOREFARM,5,어린이 보석십자수 DIY 캐릭터 큐빅 비즈 지니맘 정품 KC인증,타입선택: B타입(15cm15cm도안) / 디자인: B9번 하트(액자별매)
3151988394,SELLBLOG,AFTER_USE,초등아이가 할 만할 것 같아서 사 보았어요.,2021-04-11T09:48:22.857+0000,STOREFARM,3,어린이 보석십자수 DIY 캐릭터 큐빅 비즈 지니맘 KC인증,지니맘 큐빅십자수  DIY: 8번 꽃사슴 (액자별매)
3148362060,SELLBLOG,NORMAL,여러가지모양 구입했어요 아이들이좋아하네요~,2021-04-06T08:47:40.613+0000,STOREFARM,5,어린이 보석십자수 DIY 캐릭터 큐빅 비즈 지니맘 정품 KC인증,타입선택: A타입(15cm20cm도안) / 디자인: A2번 보라유니콘 (액자별매)
3184638163,SELLBLOG,NORMAL,"편하고 넘 좋아요
편하고 넘 좋아요",2021-05-27T14:44:24.781+0000,STOREFARM,5,어린이 보석십자수 DIY 캐릭터 큐빅 비즈 지니맘 정품 KC인증,타입선택: A타입(15cm20cm도안) / 디자인: A13번 별유니콘 (액자별매)
3150504372,SELLBLOG,AFTER_USE,재밌는데요 딸아이대신 제가 하네요ㅠㅠ,2021-04-09T03:18:04.590+0000,STOREFARM,3,어린이 보석십자수 DIY 캐릭터 큐빅 비즈 지니맘 KC인증,지니맘 큐빅십자수  DIY: 13번 별유니콘 (액자별매)
3153713643,SELLBLOG,NORMAL,아이가 재밌게 잘했어요,2021-04-14T00:40:56.531+0000,STOREFARM,5,어린이 보석십자수 DIY 캐릭터 큐빅 비즈 지니맘 정품 KC인증,타입선택: B타입(15cm15cm도안) / 디자인: B2번 강아지(액자별매)
3168703533,SELLBLOG,NORMAL,조카 사줬어요 좋아하네요,2021-05-06T02:55:39.358+0000,STOREFARM,5,어린이 보석십자수 DIY 캐릭터 큐빅 비즈 지니맘 정품 KC인증,타입선택: A타입(15cm20cm도안) / 디자인: A1번 유니콘  (액자별매)
3151987163,SELLBLOG,AFTER_USE,초등아이라 할 것으로 사 보았어요,2021-04-11T09:45:33.697+0000,STOREFARM,3,어린이 보석십자수 DIY 캐릭터 큐빅 비즈 지니맘 KC인증,지니맘 큐빅십자수  DIY: 3번 분홍사슴 (액자별매)
3155002476,SELLBLOG,NORMAL,아이가 넘 좋아해요!,2021-04-15T12:19:46.888+0000,STOREFARM,5,어린이 보석십자수 DIY 캐릭터 큐빅 비즈 지니맘 정품 KC인증,타입선택: B타입(15cm15cm도안) / 디자인: B6번 클로버 고양이(액자별매)
3148925294,SELLBLOG,NORMAL,도안도마음에들고액자랑같이해놓으면이쁠것같아요,2021-04-07T03:23:00.502+0000,STOREFARM,3,어린이 보석십자수 DIY 캐릭터 큐빅 비즈 지니맘 정품 KC인증,타입선택: A타입(15cm20cm도안) / 디자인: A22번 교회 (액자별매)
3148924960,SELLBLOG,NORMAL,도안도마음에들고액자랑같이해놓으면이쁠것같아요,2021-04-07T03:22:28.549+0000,STOREFARM,3,어린이 보석십자수 DIY 캐릭터 큐빅 비즈 지니맘 정품 KC인증,타입선택: A타입(15cm20cm도안) / 디자인: A21번 하트십자가 (액자별매)
3148923946,SELLBLOG,NORMAL,도안도마음에들고액자랑같이해놓으면이쁠것같아요,2021-04-07T03:20:45.820+0000,STOREFARM,3,어린이 보석십자수 DIY 캐릭터 큐빅 비즈 지니맘 정품 KC인증,타입선택: A타입(15cm20cm도안) / 디자인: A20번 십자가 꽃 (액자별매)
3148923632,SELLBLOG,NORMAL,도안도마음에들고액자랑같이해놓으면이쁠것같아요,2021-04-07T03:20:13.853+0000,STOREFARM,3,어린이 보석십자수 DIY 캐릭터 큐빅 비즈 지니맘 정품 KC인증,타입선택: A타입(15cm20cm도안) / 디자인: A11번 클로버 (액자별매)
3148923306,SELLBLOG,NORMAL,도안도마음에들고액자랑같이해놓으면이쁠것같아요,2021-04-07T03:19:37.976+0000,STOREFARM,3,어린이 보석십자수 DIY 캐릭터 큐빅 비즈 지니맘 정품 KC인증,타입선택: A타입(15cm20cm도안) / 디자인: A10번 안경토끼 (액자별매)
3168546262,SELLBLOG,NORMAL,완성하니까 이뻐요 ㅋ,2021-05-05T16:57:35.431+0000,STOREFARM,5,어린이 보석십자수 DIY 캐릭터 큐빅 비즈 지니맘 정품 KC인증,타입선택: B타입(15cm15cm도안) / 디자인: B12번 달빛부엉이(액자별매)
3141377634,SELLBLOG,NORMAL,"아이가 학교에서 했는데 보고는 아이들과함께해서 집에 걸어두려했네요.
판이 코팅이 되어있어서 더 편하고 조아요",2021-03-27T01:50:05.483+0000,STOREFARM,5,어린이 보석십자수 DIY 캐릭터 큐빅 비즈 지니맘 정품 KC인증,타입선택: A타입(15cm20cm도안) / 디자인: A3번 분홍사슴 (액자별매)
3156361387,SELLBLOG,NORMAL,아이들이 좋아해요~~~~~~~,2021-04-17T10:53:07.509+0000,STOREFARM,5,어린이 보석십자수 DIY 캐릭터 큐빅 비즈 지니맘 정품 KC인증,타입선택: A타입(15cm20cm도안) / 디자인: A11번 클로버 (액자별매)
3153397462,SELLBLOG,NORMAL,포장도 깔끔하고 좋네요.,2021-04-13T11:29:45.620+0000,STOREFARM,5,어린이 보석십자수 DIY 캐릭터 큐빅 비즈 지니맘 정품 KC인증,타입선택: A타입(15cm20cm도안) / 디자인: A9번 겨울사슴 (액자별매)
3168389536,SELLBLOG,NORMAL,큐빅이 반짝반짝이뻐요,2021-05-05T11:10:34.578+0000,STOREFARM,5,어린이 보석십자수 DIY 캐릭터 큐빅 비즈 지니맘 정품 KC인증,타입선택: B타입(15cm15cm도안) / 디자인: B2번 강아지(액자별매)
3168389387,SELLBLOG,NORMAL,큐빅이 반짝반짝이뻐요,2021-05-05T11:10:17.533+0000,STOREFARM,5,어린이 보석십자수 DIY 캐릭터 큐빅 비즈 지니맘 정품 KC인증,타입선택: A타입(15cm20cm도안) / 디자인: A21번 하트십자가 (액자별매)
3152577786,SELLBLOG,NORMAL,"배송빨랐구요
아이들이 좋아하네요",2021-04-12T07:21:37.900+0000,STOREFARM,5,어린이 보석십자수 DIY 캐릭터 큐빅 비즈 지니맘 정품 KC인증,타입선택: A타입(15cm20cm도안) / 디자인: A15번 핑크 유니콘 (액자별매)
3162797262,SELLBLOG,NORMAL,학교 준비물로 구입 했고 접착식 이라 애들 금방하네요~,2021-04-27T06:26:34.313+0000,STOREFARM,4,어린이 보석십자수 DIY 캐릭터 큐빅 비즈 지니맘 정품 KC인증,타입선택: A타입(15cm20cm도안) / 디자인: A9번 겨울사슴 (액자별매)
3161171463,SELLBLOG,NORMAL,아이가 무척좋아해요~  포니좋아하는 케릭터라서요,2021-04-24T11:28:57.251+0000,STOREFARM,5,어린이 보석십자수 DIY 캐릭터 큐빅 비즈 지니맘 정품 KC인증,타입선택: A타입(15cm20cm도안) / 디자인: A2번 보라유니콘 (액자별매)
3141164379,SELLBLOG,NORMAL,"초등 저학년이 처음 접해본건데 잘하네요~~
반짝반짝 비즈도 너무 예쁘고 컬러도 예뻐요~~고학년 오빠가 하겠다며 탐내고있어요~",2021-03-26T13:14:13.265+0000,STOREFARM,5,어린이 보석십자수 DIY 캐릭터 큐빅 비즈 지니맘 정품 KC인증,타입선택: A타입(15cm20cm도안) / 디자인: A1번 유니콘  (액자별매)
3156361852,SELLBLOG,NORMAL,재구매 했습니다~~~~~~~,2021-04-17T10:53:54.042+0000,STOREFARM,5,어린이 보석십자수 DIY 캐릭터 큐빅 비즈 지니맘 정품 KC인증,타입선택: A타입(15cm20cm도안) / 디자인: A13번 별유니콘 (액자별매)
3151988855,SELLBLOG,AFTER_USE,"초등 할 만한 것,리뷰도 좋네요",2021-04-11T09:49:18.243+0000,STOREFARM,3,어린이 보석십자수 DIY 캐릭터 큐빅 비즈 지니맘 KC인증,지니맘 큐빅십자수  DIY: 5번  소녀1 (액자별매)
3148358506,SELLBLOG,NORMAL,아이들이 그림도예쁘고 보석처럼 반짝거리니 좋아라합니다~^^,2021-04-06T08:43:09.274+0000,STOREFARM,5,어린이 보석십자수 DIY 캐릭터 큐빅 비즈 지니맘 정품 KC인증,타입선택: A타입(15cm20cm도안) / 디자인: A13번 별유니콘 (액자별매)
3151986754,SELLBLOG,AFTER_USE,리뷰도 좋아서 사 보았어요,2021-04-11T09:44:40.479+0000,STOREFARM,3,어린이 보석십자수 DIY 캐릭터 큐빅 비즈 지니맘 KC인증,지니맘 큐빅십자수  DIY: 4번 홍학 (액자별매)
3164685115,SELLBLOG,NORMAL,너무 이뻐요... 대박나세요!!,2021-04-29T13:43:09.384+0000,STOREFARM,5,어린이 보석십자수 DIY 캐릭터 큐빅 비즈 지니맘 정품 KC인증,타입선택: A타입(15cm20cm도안) / 디자인: A4번 홍학 (액자별매)
3164684968,SELLBLOG,NORMAL,너무 이뻐요... 대박나세요!!,2021-04-29T13:42:57.647+0000,STOREFARM,5,어린이 보석십자수 DIY 캐릭터 큐빅 비즈 지니맘 정품 KC인증,타입선택: A타입(15cm20cm도안) / 디자인: A17번 아기 유니콘 (액자별매)
3162452122,SELLBLOG,NORMAL,벌써 3번째 재구매요 집중력짱,2021-04-26T14:38:41.052+0000,STOREFARM,4,어린이 보석십자수 DIY 캐릭터 큐빅 비즈 지니맘 정품 KC인증,타입선택: A타입(15cm20cm도안) / 디자인: A1번 유니콘  (액자별매)
3149370650,SELLBLOG,NORMAL,빠른배송에 아이들은 한시간은 앉아서 신나게 하네요^^,2021-04-07T12:56:16.921+0000,STOREFARM,5,어린이 보석십자수 DIY 캐릭터 큐빅 비즈 지니맘 정품 KC인증,타입선택: A타입(15cm20cm도안) / 디자인: A9번 겨울사슴 (액자별매)
3148210322,SELLBLOG,NORMAL,직접 해보고 마음에 들어서 선물용으로 구입했어요,2021-04-06T05:18:47.319+0000,STOREFARM,5,어린이 보석십자수 DIY 캐릭터 큐빅 비즈 지니맘 정품 KC인증,타입선택: B타입(15cm15cm도안) / 디자인: B4번 왕관 고양이(액자별매)
3151986393,SELLBLOG,AFTER_USE,리뷰도 좋아서 사 보았어요.,2021-04-11T09:43:51.532+0000,STOREFARM,3,어린이 보석십자수 DIY 캐릭터 큐빅 비즈 지니맘 KC인증,지니맘 큐빅십자수  DIY: 16번 여우 (액자별매)
3151986004,SELLBLOG,AFTER_USE,리뷰도 좋아서 사 보았어요.,2021-04-11T09:42:54.846+0000,STOREFARM,3,어린이 보석십자수 DIY 캐릭터 큐빅 비즈 지니맘 KC인증,지니맘 큐빅십자수  DIY: 25번 강아지(액자별매)
3166762474,SELLBLOG,NORMAL,너무 만족해 합니다,2021-05-03T00:40:30.225+0000,STOREFARM,5,어린이 보석십자수 DIY 캐릭터 큐빅 비즈 지니맘 정품 KC인증,타입선택: A타입(15cm20cm도안) / 디자인: A21번 하트십자가 (액자별매)
3167108695,SELLBLOG,NORMAL,아이가 너무 좋아해요~~,2021-05-03T09:42:09.751+0000,STOREFARM,5,어린이 보석십자수 DIY 캐릭터 큐빅 비즈 지니맘 정품 KC인증,타입선택: B타입(15cm15cm도안) / 디자인: B5번 하트 고양이(액자별매)
3153590877,SELLBLOG,NORMAL,늘시켜먹어요 최고!!,2021-04-13T15:20:00.520+0000,STOREFARM,5,어린이 보석십자수 DIY 캐릭터 큐빅 비즈 지니맘 정품 KC인증,타입선택: A타입(15cm20cm도안) / 디자인: A1번 유니콘  (액자별매)
3164980968,SELLBLOG,NORMAL,퀄리티 굿!!! 본 것중에서는 최고입니다,2021-04-30T02:58:06.471+0000,STOREFARM,5,어린이 보석십자수 DIY 캐릭터 큐빅 비즈 지니맘 정품 KC인증,타입선택: B타입(15cm15cm도안) / 디자인: B3번 뿔 돌고래(액자별매)
3149372601,SELLBLOG,NORMAL,"너무 너무 좋아해요
추가 도안 나오면 또 구매할께요",2021-04-07T12:58:30.108+0000,STOREFARM,5,어린이 보석십자수 DIY 캐릭터 큐빅 비즈 지니맘 정품 KC인증,타입선택: B타입(15cm15cm도안) / 디자인: B3번 뿔 돌고래(액자별매)
3151988044,SELLBLOG,AFTER_USE,초등&amp;리뷰가 좋아서 사 보았어요.,2021-04-11T09:47:30.740+0000,STOREFARM,3,어린이 보석십자수 DIY 캐릭터 큐빅 비즈 지니맘 KC인증,지니맘 큐빅십자수  DIY: 9번 겨울사슴 (액자별매)
3151987571,SELLBLOG,AFTER_USE,초등&amp;리뷰도 좋아서 사 보았어요.,2021-04-11T09:46:26.476+0000,STOREFARM,3,어린이 보석십자수 DIY 캐릭터 큐빅 비즈 지니맘 KC인증,지니맘 큐빅십자수  DIY: 14번 부엉이 (액자별매)
3151519801,SELLBLOG,AFTER_USE,시간가는줄 모르고 호도도하던 ㅎ.ㅎ,2021-04-10T12:09:37.007+0000,STOREFARM,5,어린이 보석십자수 DIY 캐릭터 큐빅 비즈 지니맘 KC인증,지니맘 큐빅십자수  DIY: 15번 핑크 유니콘 (액자별매)
3149372013,SELLBLOG,NORMAL,"빠른배송에 감동
아이들이 너무 좋아해요",2021-04-07T12:57:47.897+0000,STOREFARM,5,어린이 보석십자수 DIY 캐릭터 큐빅 비즈 지니맘 정품 KC인증,타입선택: B타입(15cm15cm도안) / 디자인: B11번 낮잠(액자별매)
3161641626,SELLBLOG,NORMAL,배송 빠르고요~ 캐릭터가 엄청 귀여워요^^,2021-04-25T09:02:38.981+0000,STOREFARM,5,어린이 보석십자수 DIY 캐릭터 큐빅 비즈 지니맘 정품 KC인증,타입선택: B타입(15cm15cm도안) / 디자인: B11번 낮잠(액자별매)
3147057706,SELLBLOG,AFTER_USE,아이들리 너무 재미있어하고 완성후 만족도도 높고 넘  이뻐요^^,2021-04-04T07:24:35.743+0000,STOREFARM,5,어린이 보석십자수 DIY 캐릭터 큐빅 비즈 지니맘 KC인증,지니맘 큐빅십자수  DIY: 25번 강아지(액자별매)
3140401301,SELLBLOG,NORMAL,"추가 주문한 액자에 끼워두니 딱이네요
딸 아이가 너무 좋아합니다
한번에 여러개 주문하길 잘했네요",2021-03-25T12:58:02.910+0000,STOREFARM,5,어린이 보석십자수 DIY 캐릭터 큐빅 비즈 지니맘 KC인증,지니맘 큐빅십자수  DIY: 10번 안경토끼 (액자별매)
3161115287,SELLBLOG,NORMAL,아이가 하고싶어해서 구매했는데 열심히 잘하네요 좋아요,2021-04-24T09:43:05.060+0000,STOREFARM,5,어린이 보석십자수 DIY 캐릭터 큐빅 비즈 지니맘 정품 KC인증,타입선택: A타입(15cm20cm도안) / 디자인: A12번 돌고래 (액자별매)
3162452288,SELLBLOG,NORMAL,재구매요 세번째  좋아요,2021-04-26T14:39:08.637+0000,STOREFARM,3,어린이 보석십자수 DIY 캐릭터 큐빅 비즈 지니맘 정품 KC인증,타입선택: A타입(15cm20cm도안) / 디자인: A8번 꽃사슴 (액자별매)
3164981148,SELLBLOG,NORMAL,아이도 친구도 너무 좋아해요,2021-04-30T02:58:17.047+0000,STOREFARM,5,어린이 보석십자수 DIY 캐릭터 큐빅 비즈 지니맘 정품 KC인증,타입선택: A타입(15cm20cm도안) / 디자인: A7번 사자 (액자별매)
3120089469,SELLBLOG,NORMAL,"아이와 개봉후 10시부터 12시까지 하다가 잠들었는데 너무 재미있어서 멈출수가 없었어요.
큰비즈,작은비즈 붙여가며 심심하지 않고 서로 칭찬해주면서 붙였는데 완성된 모습이 너무궁금해요",2021-02-25T00:15:38.080+0000,STOREFARM,5,어린이 보석십자수 DIY 캐릭터 큐빅 비즈 지니맘 KC인증,지니맘 큐빅십자수  DIY: 4번 홍학 (액자별매)
3140387855,SELLBLOG,NORMAL,"큐빅 크기도 다양 반짝임이 너무 이뿌네요
딸 아이가 하기 딱 좋은 사이즈입니다",2021-03-25T12:41:18.707+0000,STOREFARM,5,어린이 보석십자수 DIY 캐릭터 큐빅 비즈 지니맘 KC인증,지니맘 큐빅십자수  DIY: 3번 분홍사슴 (액자별매)
3133385554,SELLBLOG,NORMAL,다음날 딸냄 친구 생일선물과 함께 딸것도 같이 구매했는데 배송도 빠르고 아이가 너무 좋아하고 집중해서 바로 완성했어요. 또 사달라고 조르고 있어서 조만갸 또 구입할 예정입니다.,2021-03-16T02:09:33.088+0000,STOREFARM,5,어린이 보석십자수 DIY 2+1 캐릭터 큐빅 비즈 지니맘 KC인증,지니맘 큐빅십자수  DIY: 14번 부엉이 (액자별매)
3160750785,SELLBLOG,AFTER_USE,재구매했어요  반짝반짝 너무 예쁘네요,2021-04-24T00:32:25.045+0000,STOREFARM,5,어린이 보석십자수 DIY 캐릭터 큐빅 비즈 지니맘 KC인증,지니맘 큐빅십자수  DIY: 2번 보라유니콘 (액자별매)
3145124865,SELLBLOG,NORMAL,아이가 좋아해요 당일에 액자 완성했네요@@,2021-04-01T10:49:11.011+0000,STOREFARM,5,어린이 보석십자수 DIY 캐릭터 큐빅 비즈 지니맘 정품 KC인증,타입선택: A타입(15cm20cm도안) / 디자인: A1번 유니콘  (액자별매)
3164217543,SELLBLOG,AFTER_USE,애들이 엄청엄청 집중해요,2021-04-29T02:57:43.732+0000,STOREFARM,5,어린이 보석십자수 DIY 캐릭터 큐빅 비즈 지니맘 정품 KC인증,타입선택: B타입(15cm15cm도안) / 디자인: B3번 뿔 돌고래(액자별매)
3148488432,SELLBLOG,NORMAL,조카선물용으로 추가 구매했어요.^^,2021-04-06T11:20:11.482+0000,STOREFARM,5,어린이 보석십자수 DIY 캐릭터 큐빅 비즈 지니맘 정품 KC인증,타입선택: B타입(15cm15cm도안) / 디자인: B2번 강아지(액자별매)
3136854168,SELLBLOG,AFTER_USE,초등학생 저학년 아이가 혼자서 완성하기에 적당한 수준으로 완성에 대한 성취감도 생기고 좋네요. 재료도 넉넉하게 보내주셔서 넘 좋아요.,2021-03-20T11:26:18.091+0000,STOREFARM,5,어린이 보석십자수 DIY 캐릭터 큐빅 비즈 지니맘 KC인증,지니맘 큐빅십자수  DIY: 3번 분홍사슴 (액자별매)
3136853851,SELLBLOG,AFTER_USE,초등학생 저학년 아이가 혼자서 완성하기에 적당한 수준으로 완성에 대한 성취감도 생기고 좋네요. 재료도 넉넉하게 보내주셔서 넘 좋아요.,2021-03-20T11:25:46.959+0000,STOREFARM,5,어린이 보석십자수 DIY 캐릭터 큐빅 비즈 지니맘 KC인증,지니맘 큐빅십자수  DIY: 2번 보라유니콘 (액자별매)
3148359551,SELLBLOG,NORMAL,아이들이 반짝반짝 보석같아서 좋아합니다~^^,2021-04-06T08:44:30.054+0000,STOREFARM,5,어린이 보석십자수 DIY 캐릭터 큐빅 비즈 지니맘 정품 KC인증,타입선택: A타입(15cm20cm도안) / 디자인: A14번 부엉이 (액자별매)
3140608863,SELLBLOG,NORMAL,이쁘고 5살 7살 너무 좋아해요. 시간이 금방가고 아이들 집중력에 너무 좋은거같아요.,2021-03-26T00:38:11.409+0000,STOREFARM,5,어린이 보석십자수 DIY 캐릭터 큐빅 비즈 지니맘 KC인증,지니맘 큐빅십자수  DIY: 24번 돌고래 하트(액자별매)
3145533844,SELLBLOG,NORMAL,이뻐요 딸아이가 무척 좋아해요~,2021-04-02T02:31:36.917+0000,STOREFARM,5,어린이 보석십자수 DIY 캐릭터 큐빅 비즈 지니맘 정품 KC인증,타입선택: A타입(15cm20cm도안) / 디자인: A16번 여우 (액자별매)
3148181249,SELLBLOG,AFTER_USE,아이가 너무 좋아합니다,2021-04-06T04:32:48.251+0000,STOREFARM,5,어린이 보석십자수 DIY 캐릭터 큐빅 비즈 지니맘 KC인증,지니맘 큐빅십자수  DIY: 13번 별유니콘 (액자별매)
3164038606,SELLBLOG,AFTER_USE,아이가 좋아해요 좋아요,2021-04-28T17:51:57.754+0000,STOREFARM,5,어린이 보석십자수 DIY 캐릭터 큐빅 비즈 지니맘 KC인증,지니맘 큐빅십자수  DIY: 15번 핑크 유니콘 (액자별매)
3143455330,SELLBLOG,AFTER_USE,"기독교이신 할머니 생신선물로 드린다며
아이가 열심히 만들었어요^^",2021-03-30T07:29:46.755+0000,STOREFARM,5,어린이 보석십자수 DIY 캐릭터 큐빅 비즈 지니맘 KC인증,지니맘 큐빅십자수  DIY: 22번 교회 (액자별매)
3137212562,SELLBLOG,NORMAL,"아이가 재밌어하며 곧잘하네요
집에서 심심해하는 저학년 초등생이 하기 괜찮아요",2021-03-21T04:14:51.851+0000,STOREFARM,5,어린이 보석십자수 DIY 캐릭터 큐빅 비즈 지니맘 KC인증,지니맘 큐빅십자수  DIY: 13번 별유니콘 (액자별매)
3133345559,SELLBLOG,NORMAL,"간단하게 하고 싶어서 작은 사이즈 찾다가 구매했어요. 소소하게 재미있고 퀄리티 괜찮아요.
큐빅은 불량이 있지만 엄청 넉넉히 들어있어서 충분합니다",2021-03-16T01:23:23.010+0000,STOREFARM,5,어린이 보석십자수 DIY 캐릭터 큐빅 비즈 지니맘 KC인증,지니맘 큐빅십자수  DIY: 9번 겨울사슴 (액자별매)
3147386259,SELLBLOG,NORMAL,아이가 너무 신나게 하네요.,2021-04-05T00:09:22.052+0000,STOREFARM,5,어린이 보석십자수 DIY 캐릭터 큐빅 비즈 지니맘 정품 KC인증,타입선택: A타입(15cm20cm도안) / 디자인: A17번 아기 유니콘 (액자별매)
3148363218,SELLBLOG,NORMAL,반짝반짝 아이들이 좋아해요~,2021-04-06T08:49:09.014+0000,STOREFARM,5,어린이 보석십자수 DIY 캐릭터 큐빅 비즈 지니맘 정품 KC인증,타입선택: A타입(15cm20cm도안) / 디자인: A7번 사자 (액자별매)
3163318355,SELLBLOG,NORMAL,재밋게 해보게씁니다 ㅈ굿,2021-04-27T23:04:11.627+0000,STOREFARM,5,어린이 보석십자수 DIY 캐릭터 큐빅 비즈 지니맘 정품 KC인증,타입선택: A타입(15cm20cm도안) / 디자인: A14번 부엉이 (액자별매)
3162453858,SELLBLOG,AFTER_USE,집중집중력으로  딱좋아요,2021-04-26T14:43:13.861+0000,STOREFARM,3,어린이 보석십자수 DIY 캐릭터 큐빅 비즈 지니맘 KC인증,지니맘 큐빅십자수  DIY: 21번 하트십자가 (액자별매)
3146028309,SELLBLOG,NORMAL,아이들이 엄청 좋아하고 집중해요,2021-04-02T14:21:09.590+0000,STOREFARM,5,어린이 보석십자수 DIY 캐릭터 큐빅 비즈 지니맘 정품 KC인증,타입선택: A타입(15cm20cm도안) / 디자인: A13번 별유니콘 (액자별매)
3098628551,SELLBLOG,NORMAL,"아이들이직접고른디자인으로 부담없이 잼있게
빠져들수있어 너무좋네요
다하고나면 무지뿌듯해하고요~^^
한색이 유독많음 모자를수도있어요^^;;
저희아이 흰색이 유독많았던지라모자랐는데
다행히 나머지 두개가흰색이남아채웠어요~~
고려하시고. 주문하시면좋으실듯요
기본적으로전체적인색이 많이남을정도로 여유있긴해요
포장도꼼꼼하게보내주시고 액자도완전만족입니다",2021-01-24T02:26:54.650+0000,STOREFARM,5,어린이 보석십자수 DIY 캐릭터 큐빅 비즈 지니맘 KC인증,지니맘 큐빅십자수  DIY: 25번 강아지(액자별매)
3140922616,SELLBLOG,NORMAL,선물하려고 샀어요. 초등4학년 줄건데 좋아했으면 좋겠어요~,2021-03-26T06:56:46.038+0000,STOREFARM,5,어린이 보석십자수 DIY 캐릭터 큐빅 비즈 지니맘 정품 KC인증,타입선택: B타입(15cm15cm도안) / 디자인: B4번 왕관 고양이(액자별매)
3159895843,SELLBLOG,NORMAL,애들 주려고 산건데 저만 너무 잼나요ㅠㅠ,2021-04-22T15:03:14.699+0000,STOREFARM,5,어린이 보석십자수 DIY 캐릭터 큐빅 비즈 지니맘 정품 KC인증,타입선택: A타입(15cm20cm도안) / 디자인: A16번 여우 (액자별매)
3126765165,SELLBLOG,NORMAL,"블링블링 이뻐요^^
불량 보석이 몇개있긴해도 넉넉하게 넣어주셔서 만드는데 문제 없어요^^
7살 딸 혼자 다 하긴 힘들어하는데 같이 하면 뚝딱!!이에요
액자에 넣으니 확실히 더 이쁘네요^^",2021-03-06T14:30:13.354+0000,STOREFARM,5,어린이 보석십자수 DIY 캐릭터 큐빅 비즈 지니맘 KC인증,지니맘 큐빅십자수  DIY: 1번 유니콘  (액자별매)
3167325538,SELLBLOG,NORMAL,굿-------------입니다,2021-05-03T22:52:29.782+0000,STOREFARM,5,어린이 보석십자수 DIY 캐릭터 큐빅 비즈 지니맘 정품 KC인증,타입선택: A타입(15cm20cm도안) / 디자인: A10번 안경토끼 (액자별매)
3167325428,SELLBLOG,NORMAL,굿-------------입니다,2021-05-03T22:51:52.098+0000,STOREFARM,5,어린이 보석십자수 DIY 캐릭터 큐빅 비즈 지니맘 정품 KC인증,타입선택: A타입(15cm20cm도안) / 디자인: A12번 돌고래 (액자별매)
3139157248,SELLBLOG,NORMAL,코로나로 인해 엄마가 집에만 있어하셔서  구매했는데 너무 좋아하시고 시간이 빨리 간다고 하네요,2021-03-24T02:21:11.159+0000,STOREFARM,5,어린이 보석십자수 DIY 캐릭터 큐빅 비즈 지니맘 KC인증,타입선택: A타입(15cm20cm도안) / 디자인: A14번 부엉이 (액자별매)
3129898712,SELLBLOG,NORMAL,아이들이 너무 재밌어하고 집중력도 길러지고 성취감도 느껴지는 좋은 시간이었네요. 각자 책상에 두고 뿌듯해 하네요~,2021-03-11T01:14:23.512+0000,STOREFARM,5,어린이 보석십자수 DIY 캐릭터 큐빅 비즈 지니맘 KC인증,지니맘 큐빅십자수  DIY: 13번 별유니콘 (액자별매)
3158066970,SELLBLOG,NORMAL,배송도 빠르고 원하던 상퓸이어서 만족합니다.,2021-04-20T08:32:26.498+0000,STOREFARM,5,어린이 보석십자수 DIY 캐릭터 큐빅 비즈 지니맘 정품 KC인증,타입선택: A타입(15cm20cm도안) / 디자인: A1번 유니콘  (액자별매)
3143954280,SELLBLOG,NORMAL,아이가 좋아해요^^잘하고 있어요,2021-03-31T00:28:41.872+0000,STOREFARM,5,어린이 보석십자수 DIY 캐릭터 큐빅 비즈 지니맘 정품 KC인증,타입선택: B타입(15cm15cm도안) / 디자인: B1번 돌고래 하트(액자별매)
3144498499,SELLBLOG,NORMAL,항상 만족하는 제품 보내주셔서 감사합니다♡♡,2021-03-31T13:16:49.688+0000,STOREFARM,5,어린이 보석십자수 DIY 캐릭터 큐빅 비즈 지니맘 정품 KC인증,타입선택: A타입(15cm20cm도안) / 디자인: A12번 돌고래 (액자별매)
3160060242,SELLBLOG,NORMAL,굿 좋아요 ㅎ잘쓸게요,2021-04-23T01:25:52.619+0000,STOREFARM,5,어린이 보석십자수 DIY 캐릭터 큐빅 비즈 지니맘 정품 KC인증,타입선택: A타입(15cm20cm도안) / 디자인: A1번 유니콘  (액자별매)
3159571342,SELLBLOG,NORMAL,좋ㅇ습니다 추천할게요,2021-04-22T07:37:58.070+0000,STOREFARM,5,어린이 보석십자수 DIY 캐릭터 큐빅 비즈 지니맘 정품 KC인증,타입선택: B타입(15cm15cm도안) / 디자인: B12번 달빛부엉이(액자별매)
3155231804,SELLBLOG,NORMAL,이미 집에 액자가 여러개네요. 재미있대요,2021-04-16T00:28:41.398+0000,STOREFARM,5,어린이 보석십자수 DIY 캐릭터 큐빅 비즈 지니맘 정품 KC인증,타입선택: B타입(15cm15cm도안) / 디자인: B11번 낮잠(액자별매)
3136458926,SELLBLOG,AFTER_USE,"보석십자수 아이들이 사달라고 해서 샀어요 
한동안 집중 해서 하긴 하네요 아들이
공룡을 좋아해요",2021-03-20T01:55:05.360+0000,STOREFARM,5,어린이 보석십자수 DIY 캐릭터 큐빅 비즈 지니맘 KC인증,지니맘 큐빅십자수  DIY: 27번 하트 고양이(액자별매)
3135682472,SELLBLOG,NORMAL,엄마가 만족하며 하고계세요 완성하신거 먼지 쌓이실까바 걱정하시네요ㅋㅋ,2021-03-19T00:58:08.454+0000,STOREFARM,5,어린이 보석십자수 DIY 캐릭터 큐빅 비즈 지니맘 KC인증,지니맘 큐빅십자수  DIY: 28번 하트 고양이(액자별매)
3153686948,SELLBLOG,NORMAL,배송 빠르게 해주셔서 감사합니다. 잘 만들겠습니다.,2021-04-13T23:53:01.468+0000,STOREFARM,5,어린이 보석십자수 DIY 캐릭터 큐빅 비즈 지니맘 정품 KC인증,타입선택: A타입(15cm20cm도안) / 디자인: A1번 유니콘  (액자별매)
3153686877,SELLBLOG,NORMAL,배송 빠르게 해주셔서 감사합니다. 잘 만들겠습니다.,2021-04-13T23:52:53.579+0000,STOREFARM,5,어린이 보석십자수 DIY 캐릭터 큐빅 비즈 지니맘 정품 KC인증,타입선택: A타입(15cm20cm도안) / 디자인: A12번 돌고래 (액자별매)
3144341120,SELLBLOG,NORMAL,적극추찬합니다 배송도 완젼빠름,2021-03-31T10:10:47.315+0000,STOREFARM,5,어린이 보석십자수 DIY 캐릭터 큐빅 비즈 지니맘 KC인증,지니맘 큐빅십자수  DIY: 9번 겨울사슴 (액자별매)
3160079292,SELLBLOG,NORMAL,아이들이 좋아합니다,2021-04-23T01:45:02.623+0000,STOREFARM,5,어린이 보석십자수 DIY 캐릭터 큐빅 비즈 지니맘 정품 KC인증,타입선택: A타입(15cm20cm도안) / 디자인: A21번 하트십자가 (액자별매)
3160079034,SELLBLOG,NORMAL,아이들이 좋아합니다,2021-04-23T01:44:46.889+0000,STOREFARM,5,어린이 보석십자수 DIY 캐릭터 큐빅 비즈 지니맘 정품 KC인증,타입선택: B타입(15cm15cm도안) / 디자인: B3번 뿔 돌고래(액자별매)
3160023861,SELLBLOG,NORMAL,아이들이 좋아합니다,2021-04-23T00:45:16.361+0000,STOREFARM,5,어린이 보석십자수 DIY 캐릭터 큐빅 비즈 지니맘 정품 KC인증,타입선택: A타입(15cm20cm도안) / 디자인: A19번 아이스크림 (액자별매)
3120090335,SELLBLOG,NORMAL,"아이와 개봉후 10시부터 12시까지 하다가 잠들었는데 너무 재미있어서 멈출수가 없었어요.
큰비즈,작은비즈 붙여가며 심심하지 않고 서로 칭찬해주면서 붙였는데 완성된 모습이 너무궁금해요",2021-02-25T00:16:55.057+0000,STOREFARM,5,어린이 보석십자수 DIY 캐릭터 큐빅 비즈 지니맘 KC인증,지니맘 큐빅십자수  DIY: 24번 돌고래 하트(액자별매)
3120089922,SELLBLOG,NORMAL,"아이와 개봉후 10시부터 12시까지 하다가 잠들었는데 너무 재미있어서 멈출수가 없었어요.
큰비즈,작은비즈 붙여가며 심심하지 않고 서로 칭찬해주면서 붙였는데 완성된 모습이 너무궁금해요",2021-02-25T00:16:18.238+0000,STOREFARM,5,어린이 보석십자수 DIY 캐릭터 큐빅 비즈 지니맘 KC인증,지니맘 큐빅십자수  DIY: 11번 클로버 (액자별매)
3135660031,SELLBLOG,AFTER_USE,"아이가 너무 좋아해요
코로나때문에 집콕 해서 뭘 해볼까했는데 시간도 잘 가고 아이도 집중해서 해요",2021-03-19T00:30:56.949+0000,STOREFARM,5,어린이 보석십자수 DIY 캐릭터 큐빅 비즈 지니맘 KC인증,지니맘 큐빅십자수  DIY: 25번 뿔 돌고래(액자별매)
3146625134,SELLBLOG,NORMAL,반짝반짝 예뻐요 깨끗합니다,2021-04-03T11:43:30.701+0000,STOREFARM,4,어린이 보석십자수 DIY 캐릭터 큐빅 비즈 지니맘 정품 KC인증,타입선택: B타입(15cm15cm도안) / 디자인: B9번 하트(액자별매)
3144452882,SELLBLOG,NORMAL,시간가는 줄 모르게 재밌어요,2021-03-31T12:25:59.870+0000,STOREFARM,5,어린이 보석십자수 DIY 캐릭터 큐빅 비즈 지니맘 KC인증,지니맘 큐빅십자수  DIY: 17번 아기 유니콘 (액자별매)
3160059950,SELLBLOG,NORMAL,좋아요 ㅎ 귀엽네요,2021-04-23T01:25:35.293+0000,STOREFARM,5,어린이 보석십자수 DIY 캐릭터 큐빅 비즈 지니맘 정품 KC인증,타입선택: B타입(15cm15cm도안) / 디자인: B4번 왕관 고양이(액자별매)
3156464752,SELLBLOG,NORMAL,선물받았는데 재미있어 검색하고 구매했네요,2021-04-17T14:01:40.014+0000,STOREFARM,4,어린이 보석십자수 DIY 캐릭터 큐빅 비즈 지니맘 정품 KC인증,타입선택: A타입(15cm20cm도안) / 디자인: A8번 꽃사슴 (액자별매)
3140631554,SELLBLOG,NORMAL,좋아요. 계속 구매할 예정이에요,2021-03-26T01:04:53.078+0000,STOREFARM,5,어린이 보석십자수 DIY 캐릭터 큐빅 비즈 지니맘 정품 KC인증,타입선택: A타입(15cm20cm도안) / 디자인: A21번 하트십자가 (액자별매)
3146626488,SELLBLOG,NORMAL,반짝반짝예쁘고귀여워요,2021-04-03T11:45:39.621+0000,STOREFARM,4,어린이 보석십자수 DIY 캐릭터 큐빅 비즈 지니맘 정품 KC인증,타입선택: B타입(15cm15cm도안) / 디자인: B6번 클로버 고양이(액자별매)
3146625840,SELLBLOG,NORMAL,반짝반짝 예쁘고 귀여워요,2021-04-03T11:44:38.615+0000,STOREFARM,4,어린이 보석십자수 DIY 캐릭터 큐빅 비즈 지니맘 정품 KC인증,타입선택: B타입(15cm15cm도안) / 디자인: B11번 낮잠(액자별매)
3153173044,SELLBLOG,NORMAL,"애들이 좋아하네요
집중력있고 아주 좋아요",2021-04-13T06:53:48.210+0000,STOREFARM,4,어린이 보석십자수 DIY 캐릭터 큐빅 비즈 지니맘 정품 KC인증,타입선택: B타입(15cm15cm도안) / 디자인: B2번 강아지(액자별매)
3144884940,SELLBLOG,NORMAL,아이가너무재밌어해요..,2021-04-01T05:08:45.967+0000,STOREFARM,5,어린이 보석십자수 DIY 캐릭터 큐빅 비즈 지니맘 KC인증,지니맘 큐빅십자수  DIY: 33번 A장난감(액자별매)
3122046243,SELLBLOG,NORMAL,"8세 남자아이 이틀만에 끝냈어요~
너무 예쁨니다~
아이가 뿌듯해합니다~
감사합니다~",2021-02-27T12:25:25.664+0000,STOREFARM,5,어린이 보석십자수 DIY 캐릭터 큐빅 비즈 지니맘 KC인증,지니맘 큐빅십자수  DIY: 18번 파란사슴 (액자별매)
3155057442,SELLBLOG,NORMAL,"배송빨라요~
아이가 너무 좋아하네요~",2021-04-15T13:28:15.641+0000,STOREFARM,5,어린이 보석십자수 DIY 캐릭터 큐빅 비즈 지니맘 정품 KC인증,타입선택: A타입(15cm20cm도안) / 디자인: A9번 겨울사슴 (액자별매)
3140962417,SELLBLOG,NORMAL,"아이가 좋아했어요
재미있네요",2021-03-26T07:54:07.971+0000,STOREFARM,5,어린이 보석십자수 DIY 캐릭터 큐빅 비즈 지니맘 KC인증,지니맘 큐빅십자수  DIY: 1번 유니콘  (액자별매)
3156170751,SELLBLOG,NORMAL,보석 넉넉하게 들어있고 너무 이뻐요,2021-04-17T05:32:32.915+0000,STOREFARM,5,어린이 보석십자수 DIY 캐릭터 큐빅 비즈 지니맘 정품 KC인증,타입선택: A타입(15cm20cm도안) / 디자인: A14번 부엉이 (액자별매)
3156334032,SELLBLOG,NORMAL,아이들이 좋아하길래 주문해봤아요 ㅋ,2021-04-17T09:58:31.429+0000,STOREFARM,4,어린이 보석십자수 DIY 캐릭터 큐빅 비즈 지니맘 정품 KC인증,타입선택: A타입(15cm20cm도안) / 디자인: A15번 핑크 유니콘 (액자별매)
3155367701,SELLBLOG,NORMAL,아이들이 재밌어해서 다시 재구매 합니다,2021-04-16T02:50:11.526+0000,STOREFARM,5,어린이 보석십자수 DIY 캐릭터 큐빅 비즈 지니맘 정품 KC인증,타입선택: B타입(15cm15cm도안) / 디자인: B12번 달빛부엉이(액자별매)
3156855642,SELLBLOG,NORMAL,색상과 도안 모두 만족합니다,2021-04-18T09:44:26.035+0000,STOREFARM,5,어린이 보석십자수 DIY 캐릭터 큐빅 비즈 지니맘 정품 KC인증,타입선택: A타입(15cm20cm도안) / 디자인: A10번 안경토끼 (액자별매)
3124287851,SELLBLOG,NORMAL,"배송이 우선 진짜 빠르고요
상품 꼼꼼히 포장되어 있어요
큐빅이 반짝거려서 예뻐요~ 아이도 반짝 거리니 신나서 같이 하네요
사이즈는 생각보다 커요~ 그래서 어른이 완성해도 넉넉잡아 1시간은 더 걸릴거 같아요
취미로 하기에 좋은거 같아요",2021-03-03T11:56:38.578+0000,STOREFARM,5,어린이 보석십자수 DIY 캐릭터 큐빅 비즈 지니맘 KC인증,지니맘 큐빅십자수  DIY: 31번 빨간리본(액자별매)
3135982882,SELLBLOG,NORMAL,"딸이 좋아해요^^
해보고 좋아서 친구 생일 선물로 주려고 더 샀어요",2021-03-19T06:59:37.428+0000,STOREFARM,5,어린이 보석십자수 DIY 캐릭터 큐빅 비즈 지니맘 KC인증,지니맘 큐빅십자수  DIY: 9번 겨울사슴 (액자별매)
3141819054,SELLBLOG,NORMAL,애들 친구와서 시간 보내기좋아요,2021-03-27T12:54:32.585+0000,STOREFARM,5,어린이 보석십자수 DIY 캐릭터 큐빅 비즈 지니맘 정품 KC인증,타입선택: A타입(15cm20cm도안) / 디자인: A2번 보라유니콘 (액자별매)
3141818666,SELLBLOG,NORMAL,애들 친구와서 시간 보내기좋아요,2021-03-27T12:53:51.271+0000,STOREFARM,5,어린이 보석십자수 DIY 캐릭터 큐빅 비즈 지니맘 정품 KC인증,타입선택: A타입(15cm20cm도안) / 디자인: A17번 아기 유니콘 (액자별매)
3139389618,SELLBLOG,NORMAL,지난번 돌고래도 맘에들어서 다른 고래로 또 주문햇어요ㅎㅎ,2021-03-24T07:44:53.404+0000,STOREFARM,5,어린이 보석십자수 DIY 캐릭터 큐빅 비즈 지니맘 정품 KC인증,타입선택: B타입(15cm15cm도안) / 디자인: B3번 뿔 돌고래(액자별매)
3156855344,SELLBLOG,NORMAL,밑그림도 예쁘고 색배합도 예뻐요,2021-04-18T09:43:44.234+0000,STOREFARM,5,어린이 보석십자수 DIY 캐릭터 큐빅 비즈 지니맘 정품 KC인증,타입선택: A타입(15cm20cm도안) / 디자인: A1번 유니콘  (액자별매)
3130523815,SELLBLOG,NORMAL,"지닌번 4개 완성하고, 이번에 4개 더 주문했어요~ 보석이 반짝반짝 빛나는 스타일이라 완성해 놓으니 더 예쁘네요. 초딩 아이들도 참 좋아합니다.",2021-03-11T15:19:57.821+0000,STOREFARM,5,어린이 보석십자수 DIY 캐릭터 큐빅 비즈 지니맘 KC인증,지니맘 큐빅십자수  DIY: 2번 보라유니콘 (액자별매)
3136740974,SELLBLOG,NORMAL,보석이 반짝반짝 색감이 예쁘네요~ 아이들이 재미있게 잘하고 있어요,2021-03-20T08:14:27.011+0000,STOREFARM,5,어린이 보석십자수 DIY 캐릭터 큐빅 비즈 지니맘 KC인증,지니맘 큐빅십자수  DIY: 26번 뿔 돌고래(액자별매)
3156050549,SELLBLOG,NORMAL,집에서 심심할때 좋은 것 같아요.,2021-04-17T02:28:53.838+0000,STOREFARM,5,어린이 보석십자수 DIY 캐릭터 큐빅 비즈 지니맘 정품 KC인증,타입선택: B타입(15cm15cm도안) / 디자인: B1번 돌고래 하트(액자별매)
3155861224,SELLBLOG,NORMAL,액자에 넣으니 그럴듯해보여요,2021-04-16T14:56:49.510+0000,STOREFARM,5,어린이 보석십자수 DIY 캐릭터 큐빅 비즈 지니맘 정품 KC인증,타입선택: A타입(15cm20cm도안) / 디자인: A15번 핑크 유니콘 (액자별매)
3155411143,SELLBLOG,AFTER_USE,집중력도 좋아지고 재밌어하네요,2021-04-16T03:42:00.458+0000,STOREFARM,4,어린이 보석십자수 DIY 캐릭터 큐빅 비즈 지니맘 KC인증,지니맘 큐빅십자수  DIY: 28번 하트 고양이(액자별매)
3131331333,SELLBLOG,NORMAL,2~3시간정도 걸리구요~ 집중하기에 딱 좋으네요~^^ 액자에 넣으니 작품같이 멋있어보여요~ 지인들에게 선물로 주기에 딱인거 같아요~^^,2021-03-12T16:05:37.602+0000,STOREFARM,5,어린이 보석십자수 DIY 캐릭터 큐빅 비즈 지니맘 KC인증,지니맘 큐빅십자수  DIY: 14번 부엉이 (액자별매)
3152094776,SELLBLOG,NORMAL,아이가좋아해요재구매입니다,2021-04-11T13:02:32.118+0000,STOREFARM,5,어린이 보석십자수 DIY 캐릭터 큐빅 비즈 지니맘 KC인증,지니맘 큐빅십자수  DIY: 16번 여우 (액자별매)
3156050889,SELLBLOG,NORMAL,집에서 시간보낼때 좋아요,2021-04-17T02:29:16.962+0000,STOREFARM,5,어린이 보석십자수 DIY 캐릭터 큐빅 비즈 지니맘 정품 KC인증,타입선택: B타입(15cm15cm도안) / 디자인: B9번 하트(액자별매)
3155003271,SELLBLOG,NORMAL,심심할때 시간도 잘 가고 재밌어해요~,2021-04-15T12:20:42.061+0000,STOREFARM,5,어린이 보석십자수 DIY 캐릭터 큐빅 비즈 지니맘 정품 KC인증,타입선택: B타입(15cm15cm도안) / 디자인: B8번 빨간리본(액자별매)
3139060813,SELLBLOG,AFTER_USE,이뻐요 딸이 잼있어 하네요,2021-03-23T23:42:57.800+0000,STOREFARM,5,어린이 보석십자수 DIY 캐릭터 큐빅 비즈 지니맘 KC인증,지니맘 큐빅십자수  DIY: 29번 클로버 고양이(액자별매)
3141212068,SELLBLOG,AFTER_USE,행운을  빌어주며 만들엇습니다,2021-03-26T14:49:05.615+0000,STOREFARM,5,어린이 보석십자수 DIY 캐릭터 큐빅 비즈 지니맘 KC인증,지니맘 큐빅십자수  DIY: 11번 클로버 (액자별매)
3135777374,SELLBLOG,NORMAL,"하루 한개씩 하나봐요.^^
초 집중~
더 사줄걸 후회하고 있어요.ㅎㅎ",2021-03-19T02:34:32.604+0000,STOREFARM,5,어린이 보석십자수 DIY 캐릭터 큐빅 비즈 지니맘 KC인증,지니맘 큐빅십자수  DIY: 9번 겨울사슴 (액자별매)
3153173426,SELLBLOG,NORMAL,좋아요. 집중력도 생기고 아주좋아요,2021-04-13T06:54:22.185+0000,STOREFARM,5,어린이 보석십자수 DIY 캐릭터 큐빅 비즈 지니맘 정품 KC인증,타입선택: B타입(15cm15cm도안) / 디자인: B9번 하트(액자별매)
3139061216,SELLBLOG,AFTER_USE,크기가 적당해서 초딩이 하기에 적합합니다,2021-03-23T23:43:53.367+0000,STOREFARM,5,어린이 보석십자수 DIY 캐릭터 큐빅 비즈 지니맘 KC인증,지니맘 큐빅십자수  DIY: 25번 강아지(액자별매)
3140630288,SELLBLOG,NORMAL,잘붙고 아이가 좋아하는 거에요,2021-03-26T01:03:34.593+0000,STOREFARM,5,어린이 보석십자수 DIY 캐릭터 큐빅 비즈 지니맘 정품 KC인증,타입선택: A타입(15cm20cm도안) / 디자인: A13번 별유니콘 (액자별매)
3153855685,SELLBLOG,NORMAL,아직 다 못했지만  힐링되서 좋은가봐요~,2021-04-14T04:23:55.447+0000,STOREFARM,5,어린이 보석십자수 DIY 캐릭터 큐빅 비즈 지니맘 정품 KC인증,타입선택: A타입(15cm20cm도안) / 디자인: A15번 핑크 유니콘 (액자별매)
3137726233,SELLBLOG,AFTER_USE,"아이가 작품을 완성하고 뿌듯해 합니다
그리고 예뻐요",2021-03-22T01:51:08.447+0000,STOREFARM,5,어린이 보석십자수 DIY 캐릭터 큐빅 비즈 지니맘 KC인증,지니맘 큐빅십자수  DIY: 25번 강아지(액자별매)
3141859166,SELLBLOG,NORMAL,배송도빠르고 좋아요,2021-03-27T14:11:00.314+0000,STOREFARM,5,어린이 보석십자수 DIY 캐릭터 큐빅 비즈 지니맘 정품 KC인증,타입선택: B타입(15cm15cm도안) / 디자인: B6번 클로버 고양이(액자별매)
3128000896,SELLBLOG,AFTER_USE,초2딸이좋아합니다. 허나 동생이자꾸방해해서ㅋ 집중을 조금씩밖에 못하여 숨어가며 합니다. 넘좋아해요.집콕놀이 짱 이랍니다.,2021-03-08T11:15:52.196+0000,STOREFARM,5,어린이 보석십자수 DIY 캐릭터 큐빅 비즈 지니맘 KC인증,지니맘 큐빅십자수  DIY: 10번 안경토끼 (액자별매)
3140630798,SELLBLOG,NORMAL,아이가 좋아하고 잘 붙어요,2021-03-26T01:04:06.092+0000,STOREFARM,5,어린이 보석십자수 DIY 캐릭터 큐빅 비즈 지니맘 정품 KC인증,타입선택: A타입(15cm20cm도안) / 디자인: A15번 핑크 유니콘 (액자별매)
3155861389,SELLBLOG,NORMAL,좋아서 재구매했어요,2021-04-16T14:57:12.240+0000,STOREFARM,5,어린이 보석십자수 DIY 캐릭터 큐빅 비즈 지니맘 정품 KC인증,타입선택: B타입(15cm15cm도안) / 디자인: B10번 장난감(액자별매)
3136126290,SELLBLOG,NORMAL,딸이 친구 생일 선물로 주고 싶다고해서 주문했는데너무 예뻐요~,2021-03-19T10:31:42.392+0000,STOREFARM,5,어린이 보석십자수 DIY 캐릭터 큐빅 비즈 지니맘 KC인증,지니맘 큐빅십자수  DIY: 14번 부엉이 (액자별매)
3140629658,SELLBLOG,NORMAL,잘붙고 아이가 좋아해요,2021-03-26T01:02:52.445+0000,STOREFARM,5,어린이 보석십자수 DIY 캐릭터 큐빅 비즈 지니맘 정품 KC인증,타입선택: A타입(15cm20cm도안) / 디자인: A9번 겨울사슴 (액자별매)
3140632009,SELLBLOG,NORMAL,계속 구매할 예정이에요,2021-03-26T01:05:21.794+0000,STOREFARM,5,어린이 보석십자수 DIY 캐릭터 큐빅 비즈 지니맘 정품 KC인증,타입선택: A타입(15cm20cm도안) / 디자인: A23번 행복(액자별매)
3155118697,SELLBLOG,NORMAL,배송도 빠르고 반짝반짝 예뻐요,2021-04-15T15:03:24.570+0000,STOREFARM,5,어린이 보석십자수 DIY 캐릭터 큐빅 비즈 지니맘 정품 KC인증,타입선택: B타입(15cm15cm도안) / 디자인: B5번 하트 고양이(액자별매)
3139881241,SELLBLOG,NORMAL,잠시 잠깐도 가만히 있지 않은 7살 5살 아들과 함께 집중력 기를겸 구매해봤어요 아직 안해봐서 모르겠는데 아이들이 좋아했음 좋겠네요 배송은 아주 빠릅니다,2021-03-25T00:47:28.940+0000,STOREFARM,5,어린이 보석십자수 DIY 캐릭터 큐빅 비즈 지니맘 정품 KC인증,타입선택: A타입(15cm20cm도안) / 디자인: A1번 유니콘  (액자별매)
3136740169,SELLBLOG,NORMAL,아이들이 예쁘고 재미있다고 집중해서 잘하고있어요~,2021-03-20T08:13:17.633+0000,STOREFARM,5,어린이 보석십자수 DIY 캐릭터 큐빅 비즈 지니맘 KC인증,지니맘 큐빅십자수  DIY: 25번 강아지(액자별매)
3143261915,SELLBLOG,AFTER_USE,코로나로 학교안가는동안 해봤는데 집중력있게 잘하더라구요.. 보석도 넉넉하고 즐겁게 잘했습니다.,2021-03-30T02:24:35.712+0000,STOREFARM,5,어린이 보석십자수 DIY 캐릭터 큐빅 비즈 지니맘 KC인증,지니맘 큐빅십자수  DIY: 26번 뿔 돌고래(액자별매)
3129900738,SELLBLOG,NORMAL,아이들이랑 같이 저도 만들어봤는데 재밌고 인테리어적으로도 좋네요~^^,2021-03-11T01:17:18.973+0000,STOREFARM,5,어린이 보석십자수 DIY 캐릭터 큐빅 비즈 지니맘 KC인증,지니맘 큐빅십자수  DIY: 9번 겨울사슴 (액자별매)
3143260610,SELLBLOG,AFTER_USE,코로나로 학교안가는동안 했는데 집중력있게 잘하더라구요..보석도 넉넉하고 재미있었습니다.,2021-03-30T02:22:39.804+0000,STOREFARM,5,어린이 보석십자수 DIY 캐릭터 큐빅 비즈 지니맘 KC인증,지니맘 큐빅십자수  DIY: 16번 여우 (액자별매)
3139161735,SELLBLOG,NORMAL,할머니사드렸는데 좋아하세요!,2021-03-24T02:27:55.216+0000,STOREFARM,5,어린이 보석십자수 DIY 캐릭터 큐빅 비즈 지니맘 정품 KC인증,타입선택: A타입(15cm20cm도안) / 디자인: A15번 핑크 유니콘 (액자별매)
3139161500,SELLBLOG,NORMAL,할머니사드렸는데좋아하세요~,2021-03-24T02:27:35.042+0000,STOREFARM,5,어린이 보석십자수 DIY 캐릭터 큐빅 비즈 지니맘 정품 KC인증,타입선택: A타입(15cm20cm도안) / 디자인: A16번 여우 (액자별매)
3147135924,SELLBLOG,NORMAL,"재밌어요~~~ 
애들 하라고 샀는데 제가 꽂혀서 더 재밌게 하고 있네요ㅎㅎ",2021-04-04T10:17:00.362+0000,STOREFARM,5,어린이 보석십자수 DIY 캐릭터 큐빅 비즈 지니맘 정품 KC인증,타입선택: A타입(15cm20cm도안) / 디자인: A6번 소녀2 (액자별매)
3135757957,SELLBLOG,AFTER_USE,아이들이 좋아하네요..좋아요..또사고싶어요,2021-03-19T02:15:26.642+0000,STOREFARM,5,어린이 보석십자수 DIY 캐릭터 큐빅 비즈 지니맘 KC인증,지니맘 큐빅십자수  DIY: 25번 강아지(액자별매)
3130835779,SELLBLOG,NORMAL,배송도 빠르고 이뻐요~ 기대됩니다 ㅎㅎ 애가 워낙 보석십자수 하는걸 좋아해서요~,2021-03-12T03:58:08.316+0000,STOREFARM,5,어린이 보석십자수 DIY 캐릭터 큐빅 비즈 지니맘 KC인증,지니맘 큐빅십자수  DIY: 8번 꽃사슴 (액자별매)
3133819978,SELLBLOG,AFTER_USE,아이가 너무 좋아해요 만들기도 쉽고 큐빅도 예쁘네요,2021-03-16T11:54:23.859+0000,STOREFARM,4,어린이 보석십자수 DIY 캐릭터 큐빅 비즈 지니맘 KC인증,지니맘 큐빅십자수  DIY: 17번 아기 유니콘 (액자별매)
3147135833,SELLBLOG,NORMAL,"재밌어요~~~ 
애들 하라고 샀는데 제가 꽂혀서 더 재밌게 하고 있네요ㅎㅎㅎ",2021-04-04T10:16:50.222+0000,STOREFARM,5,어린이 보석십자수 DIY 캐릭터 큐빅 비즈 지니맘 정품 KC인증,타입선택: B타입(15cm15cm도안) / 디자인: B2번 강아지(액자별매)
3141363837,SELLBLOG,AFTER_USE,"집콕하면서 가족들이 좋아하네요
70대 엄마도 재미있다 하시고 재택하던 아들도 한번 해 보네요
사실 나이드신 엄마 하시라고 구입했어요",2021-03-27T01:34:15.245+0000,STOREFARM,5,어린이 보석십자수 DIY 캐릭터 큐빅 비즈 지니맘 KC인증,지니맘 큐빅십자수  DIY: 27번 왕관 고양이(액자별매)
3154533605,SELLBLOG,AFTER_USE,아이가 또 사달라 하네요...,2021-04-15T01:33:49.670+0000,STOREFARM,5,어린이 보석십자수 DIY 캐릭터 큐빅 비즈 지니맘 KC인증,지니맘 큐빅십자수  DIY: 13번 별유니콘 (액자별매)
3141081604,SELLBLOG,NORMAL,아이들이 좋아해요^^,2021-03-26T11:02:04.901+0000,STOREFARM,5,어린이 보석십자수 DIY 캐릭터 큐빅 비즈 지니맘 KC인증,지니맘 큐빅십자수  DIY: 25번 강아지(액자별매)
3141707291,SELLBLOG,AFTER_USE,반짝반짝 넘 예뻐요,2021-03-27T09:47:43.504+0000,STOREFARM,5,어린이 보석십자수 DIY 캐릭터 큐빅 비즈 지니맘 KC인증,지니맘 큐빅십자수  DIY: 8번 꽃사슴 (액자별매)
3156676307,SELLBLOG,AFTER_USE,집중력 upup이에요,2021-04-18T02:55:08.862+0000,STOREFARM,5,어린이 보석십자수 DIY 캐릭터 큐빅 비즈 지니맘 KC인증,지니맘 큐빅십자수  DIY: 13번 별유니콘 (액자별매)
3130087458,SELLBLOG,NORMAL,"큐빅 많이 부족한건 불량인거죠?ㅠㅠ
한세트만 그런거 같아요
그래도 애들이 좋아해서 좋아요^^",2021-03-11T05:47:44.597+0000,STOREFARM,5,어린이 보석십자수 DIY 캐릭터 큐빅 비즈 지니맘 KC인증,지니맘 큐빅십자수  DIY: 8번 꽃사슴 (액자별매)
3130087058,SELLBLOG,NORMAL,"큐빅 많이 부족한건 불량인거죠?ㅠㅠ
한세트만 그런거 같아요
그래도 애들이 좋아해서 좋아요^^",2021-03-11T05:47:14.221+0000,STOREFARM,5,어린이 보석십자수 DIY 캐릭터 큐빅 비즈 지니맘 KC인증,지니맘 큐빅십자수  DIY: 2번 보라유니콘 (액자별매)
3150500768,SELLBLOG,AFTER_USE,아이가좋아해요 잼있네요,2021-04-09T03:13:38.604+0000,STOREFARM,5,어린이 보석십자수 DIY 캐릭터 큐빅 비즈 지니맘 KC인증,지니맘 큐빅십자수  DIY: 10번 안경토끼 (액자별매)
3153179657,SELLBLOG,NORMAL,아이가 엄청 좋아해요,2021-04-13T07:02:55.391+0000,STOREFARM,5,어린이 보석십자수 DIY 캐릭터 큐빅 비즈 지니맘 정품 KC인증,타입선택: A타입(15cm20cm도안) / 디자인: A3번 분홍사슴 (액자별매)
3153179363,SELLBLOG,NORMAL,아이가 엄청 좋아해요,2021-04-13T07:02:29.922+0000,STOREFARM,5,어린이 보석십자수 DIY 캐릭터 큐빅 비즈 지니맘 정품 KC인증,타입선택: B타입(15cm15cm도안) / 디자인: B2번 강아지(액자별매)
3153178974,SELLBLOG,NORMAL,아이가 엄청 좋아해요,2021-04-13T07:01:57.612+0000,STOREFARM,5,어린이 보석십자수 DIY 캐릭터 큐빅 비즈 지니맘 정품 KC인증,타입선택: B타입(15cm15cm도안) / 디자인: B1번 돌고래 하트(액자별매)
3153566938,SELLBLOG,AFTER_USE,애들이재미있어하네요^^,2021-04-13T14:38:46.532+0000,STOREFARM,3,어린이 보석십자수 DIY 캐릭터 큐빅 비즈 지니맘 KC인증,지니맘 큐빅십자수  DIY: 8번 꽃사슴 (액자별매)
3153566696,SELLBLOG,AFTER_USE,애들이재미있어하네요^^,2021-04-13T14:38:22.721+0000,STOREFARM,3,어린이 보석십자수 DIY 캐릭터 큐빅 비즈 지니맘 KC인증,지니맘 큐빅십자수  DIY: 26번 뿔 돌고래(액자별매)
3153566496,SELLBLOG,AFTER_USE,애들이재미있어하네요^^,2021-04-13T14:38:05.010+0000,STOREFARM,3,어린이 보석십자수 DIY 캐릭터 큐빅 비즈 지니맘 KC인증,지니맘 큐빅십자수  DIY: 17번 아기 유니콘 (액자별매)
3144729429,SELLBLOG,NORMAL,온라인수업기간이라 집에 있는 시간 긴 아이들이 심심하지 않게 시반 보낼수 있어 너무 좋아요,2021-04-01T01:07:03.095+0000,STOREFARM,5,어린이 보석십자수 DIY 캐릭터 큐빅 비즈 지니맘 정품 KC인증,타입선택: B타입(15cm15cm도안) / 디자인: B1번 돌고래 하트(액자별매)
3153398571,SELLBLOG,NORMAL,좋아요. 캐릭터도 이ㅃㅓ요.,2021-04-13T11:30:55.904+0000,STOREFARM,5,어린이 보석십자수 DIY 캐릭터 큐빅 비즈 지니맘 정품 KC인증,타입선택: B타입(15cm15cm도안) / 디자인: B12번 달빛부엉이(액자별매)
3167901267,SELLBLOG,NORMAL,너무좋아요 좋아요 좋아요 좋아요 좋아요 좋아요 좋아요 좋아요 좋아요,2021-05-04T12:41:20.496+0000,STOREFARM,5,어린이 보석십자수 DIY 캐릭터 큐빅 비즈 지니맘 정품 KC인증,타입선택: A타입(15cm20cm도안) / 디자인: A3번 분홍사슴 (액자별매)
3127610626,SELLBLOG,NORMAL,우연히 서비스로 받은 보석십자수를 해보고 완전 빠졌어요~~이제 액자에 넣으면 완성이네요,2021-03-08T01:29:16.920+0000,STOREFARM,5,어린이 보석십자수 DIY 캐릭터 큐빅 비즈 지니맘 KC인증,지니맘 큐빅십자수  DIY: 19번 아이스크림 (액자별매)
3129899511,SELLBLOG,NORMAL,너무 재밌어해요 다 만들고 나니 인테리어적으로도 좋네요^^,2021-03-11T01:15:30.313+0000,STOREFARM,5,어린이 보석십자수 DIY 캐릭터 큐빅 비즈 지니맘 KC인증,지니맘 큐빅십자수  DIY: 14번 부엉이 (액자별매)
3135757058,SELLBLOG,AFTER_USE,아이들이 좋아하네요..좋아요,2021-03-19T02:14:36.895+0000,STOREFARM,5,어린이 보석십자수 DIY 캐릭터 큐빅 비즈 지니맘 KC인증,지니맘 큐빅십자수  DIY: 18번 파란사슴 (액자별매)
3130525238,SELLBLOG,NORMAL,두번째 주문입니다. 빨리 해버리면 아까울까봐 조금씩 합니다 ㅋㅋㅋ,2021-03-11T15:23:08.278+0000,STOREFARM,5,어린이 보석십자수 DIY 캐릭터 큐빅 비즈 지니맘 KC인증,지니맘 큐빅십자수  DIY: 17번 아기 유니콘 (액자별매)
3153855190,SELLBLOG,NORMAL,우리딸  좋아해요~,2021-04-14T04:23:13.025+0000,STOREFARM,5,어린이 보석십자수 DIY 캐릭터 큐빅 비즈 지니맘 정품 KC인증,타입선택: A타입(15cm20cm도안) / 디자인: A16번 여우 (액자별매)
3124151281,SELLBLOG,NORMAL,배송도 생각보다 빨리왔어요.7살아이 해볼려구 구입행어요. 다**에서 스티커로된것해보더니 큰거하고싶다고해서 구입했는데...잘할수있겠죠? ㅋㅋ,2021-03-03T09:27:19.294+0000,STOREFARM,5,어린이 보석십자수 DIY 캐릭터 큐빅 비즈 지니맘 KC인증,지니맘 큐빅십자수  DIY: 28번 하트 고양이(액자별매)
3152873822,SELLBLOG,NORMAL,다시 주문할꺼에요~,2021-04-12T22:50:56.532+0000,STOREFARM,5,어린이 보석십자수 DIY 캐릭터 큐빅 비즈 지니맘 정품 KC인증,타입선택: B타입(15cm15cm도안) / 디자인: B5번 하트 고양이(액자별매)
3154533870,SELLBLOG,AFTER_USE,추가구매했어요....,2021-04-15T01:34:11.482+0000,STOREFARM,5,어린이 보석십자수 DIY 캐릭터 큐빅 비즈 지니맘 KC인증,지니맘 큐빅십자수  DIY: 27번 왕관 고양이(액자별매)
3137402170,SELLBLOG,NORMAL,배송 빠르고 너무 이쁘네요~!,2021-03-21T10:58:41.023+0000,STOREFARM,5,어린이 보석십자수 DIY 캐릭터 큐빅 비즈 지니맘 KC인증,타입선택: B타입(15cm15cm도안) / 디자인: B4번 왕관 고양이(액자별매)
3147179790,SELLBLOG,AFTER_USE,"아이가좋아해요
시간이금방가네요",2021-04-04T11:41:04.282+0000,STOREFARM,5,어린이 보석십자수 DIY 캐릭터 큐빅 비즈 지니맘 KC인증,지니맘 큐빅십자수  DIY: 27번 왕관 고양이(액자별매)
3127613085,SELLBLOG,NORMAL,"잘하고있습니다.
이거 하다보면 진짜 시간 가는줄 모르겠네요
다만 목이 아프다는...ㅋㅋㅋ",2021-03-08T01:31:35.908+0000,STOREFARM,5,어린이 보석십자수 DIY 캐릭터 큐빅 비즈 지니맘 KC인증,지니맘 큐빅십자수  DIY: 28번 하트 고양이(액자별매)
3152873916,SELLBLOG,NORMAL,다시주문할꺼에요~~!,2021-04-12T22:51:16.784+0000,STOREFARM,5,어린이 보석십자수 DIY 캐릭터 큐빅 비즈 지니맘 정품 KC인증,타입선택: B타입(15cm15cm도안) / 디자인: B2번 강아지(액자별매)
3131331615,SELLBLOG,NORMAL,너무 귀여운 그림입니다~^^ 아이들 방에 두려구요~^^,2021-03-12T16:06:41.155+0000,STOREFARM,5,어린이 보석십자수 DIY 캐릭터 큐빅 비즈 지니맘 KC인증,지니맘 큐빅십자수  DIY: 33번 A장난감(액자별매)
3130765734,SELLBLOG,NORMAL,색깔이너무예쁘고맘에들어요~,2021-03-12T02:40:46.779+0000,STOREFARM,5,어린이 보석십자수 DIY 캐릭터 큐빅 비즈 지니맘 KC인증,지니맘 큐빅십자수  DIY: 28번 하트 고양이(액자별매)
3150369895,SELLBLOG,NORMAL,아이가 좋아하고 예쁘네요,2021-04-09T00:59:07.833+0000,STOREFARM,4,어린이 보석십자수 DIY 캐릭터 큐빅 비즈 지니맘 정품 KC인증,타입선택: B타입(15cm15cm도안) / 디자인: B9번 하트(액자별매)
3126349115,SELLBLOG,NORMAL,"배송도 빠르고 초등딸이랑 재밌게 했어요~~~
반짝잔짝 예뻐요~~
큐빅도 넉넉하게 넣어주셔서 많이 남았네요~~~^^",2021-03-06T04:44:28.710+0000,STOREFARM,5,어린이 보석십자수 DIY 캐릭터 큐빅 비즈 지니맘 KC인증,지니맘 큐빅십자수  DIY: 3번 분홍사슴 (액자별매)
3138037928,SELLBLOG,NORMAL,배송 빠르고 좋아요~!,2021-03-22T10:16:00.813+0000,STOREFARM,5,어린이 보석십자수 DIY 캐릭터 큐빅 비즈 지니맘 KC인증,타입선택: A타입(15cm20cm도안) / 디자인: A8번 꽃사슴 (액자별매)
3133851982,SELLBLOG,NORMAL,재밌어요 아이도 좋아해요,2021-03-16T12:26:48.483+0000,STOREFARM,5,어린이 보석십자수 DIY 캐릭터 큐빅 비즈 지니맘 KC인증,지니맘 큐빅십자수  DIY: 34번 A낮잠(액자별매)
3140402255,SELLBLOG,NORMAL,"추가 주문한 액자에 끼워두니 딱이네요
딸 아이가 너무 좋아합니다
한번에 여러개 주문하길 잘했네요",2021-03-25T12:59:11.168+0000,STOREFARM,5,어린이 보석십자수 DIY 캐릭터 큐빅 비즈 지니맘 KC인증,지니맘 큐빅십자수  DIY: 11번 클로버 (액자별매)
3140402127,SELLBLOG,NORMAL,"추가 주문한 액자에 끼워두니 딱이네요
딸 아이가 너무 좋아합니다
한번에 여러개 주문하길 잘했네요",2021-03-25T12:59:02.033+0000,STOREFARM,5,어린이 보석십자수 DIY 캐릭터 큐빅 비즈 지니맘 KC인증,지니맘 큐빅십자수  DIY: 19번 아이스크림 (액자별매)
3140401871,SELLBLOG,NORMAL,"추가 주문한 액자에 끼워두니 딱이네요
딸 아이가 너무 좋아합니다
한번에 여러개 주문하길 잘했네요",2021-03-25T12:58:42.912+0000,STOREFARM,5,어린이 보석십자수 DIY 캐릭터 큐빅 비즈 지니맘 KC인증,지니맘 큐빅십자수  DIY: 29번 클로버 고양이(액자별매)
3140401605,SELLBLOG,NORMAL,"추가 주문한 액자에 끼워두니 딱이네요
딸 아이가 너무 좋아합니다
한번에 여러개 주문하길 잘했네요",2021-03-25T12:58:24.427+0000,STOREFARM,5,어린이 보석십자수 DIY 캐릭터 큐빅 비즈 지니맘 KC인증,지니맘 큐빅십자수  DIY: 24번 돌고래 하트(액자별매)
3140401490,SELLBLOG,NORMAL,"추가 주문한 액자에 끼워두니 딱이네요
딸 아이가 너무 좋아합니다
한번에 여러개 주문하길 잘했네요",2021-03-25T12:58:15.454+0000,STOREFARM,5,어린이 보석십자수 DIY 캐릭터 큐빅 비즈 지니맘 KC인증,지니맘 큐빅십자수  DIY: 32번 A하트(액자별매)
3147947032,SELLBLOG,AFTER_USE,조카선물로 줬는데 아주 만족스럽습니다,2021-04-05T16:42:30.853+0000,STOREFARM,5,어린이 보석십자수 DIY 캐릭터 큐빅 비즈 지니맘 KC인증,지니맘 큐빅십자수  DIY: 29번 클로버 고양이(액자별매)
3130525729,SELLBLOG,NORMAL,현재 8개 구매!! 더 많은 디자인이 니왛음 좋겠어용!!!,2021-03-11T15:24:13.605+0000,STOREFARM,5,어린이 보석십자수 DIY 캐릭터 큐빅 비즈 지니맘 KC인증,지니맘 큐빅십자수  DIY: 12번 돌고래 (액자별매)
3144387441,SELLBLOG,AFTER_USE,보석십자수재미있네용!  취미로 할거에용,2021-03-31T11:10:09.630+0000,STOREFARM,4,어린이 보석십자수 DIY 캐릭터 큐빅 비즈 지니맘 KC인증,지니맘 큐빅십자수  DIY: 8번 꽃사슴 (액자별매)
3149190732,SELLBLOG,NORMAL,"좋습니다
디자인도맘에듭니다",2021-04-07T09:23:18.878+0000,STOREFARM,5,어린이 보석십자수 DIY 캐릭터 큐빅 비즈 지니맘 KC인증,지니맘 큐빅십자수  DIY: 2번 보라유니콘 (액자별매)
3147179955,SELLBLOG,AFTER_USE,"이가좋아해요
시간이금방가네요",2021-04-04T11:41:20.975+0000,STOREFARM,5,어린이 보석십자수 DIY 캐릭터 큐빅 비즈 지니맘 KC인증,지니맘 큐빅십자수  DIY: 17번 아기 유니콘 (액자별매)
3124632818,SELLBLOG,NORMAL,아이와 함께할려구 구입했어요..7살아이 다**에서 스티커로된거 해보더니 큰거하고싶다고해서 구입했네요 ㅋㅋ,2021-03-04T01:43:48.273+0000,STOREFARM,5,어린이 보석십자수 DIY 캐릭터 큐빅 비즈 지니맘 KC인증,지니맘 큐빅십자수  DIY: 14번 부엉이 (액자별매)
3140761392,SELLBLOG,NORMAL,"아이들이 쉽게 할수있어 너무 좋아해요~
포장도 꼼꼼하게 해주시고 배송도 빨라요",2021-03-26T03:19:06.243+0000,STOREFARM,5,어린이 보석십자수 DIY 캐릭터 큐빅 비즈 지니맘 정품 KC인증,타입선택: A타입(15cm20cm도안) / 디자인: A15번 핑크 유니콘 (액자별매)
3125567541,SELLBLOG,NORMAL,"다이소에서 해보고 재밌길래 찾아봤어요
아이랑 어제부터 하고 있는데 너무 재밌네요~^^",2021-03-05T04:21:49.058+0000,STOREFARM,5,어린이 보석십자수 DIY 캐릭터 큐빅 비즈 지니맘 KC인증,지니맘 큐빅십자수  DIY: 13번 별유니콘 (액자별매)
3130526485,SELLBLOG,NORMAL,아이들과 취미생활로 조용히 집중하며 같이 하기에 딱 좋아요^^,2021-03-11T15:25:58.713+0000,STOREFARM,5,어린이 보석십자수 DIY 캐릭터 큐빅 비즈 지니맘 KC인증,지니맘 큐빅십자수  DIY: 1번 유니콘  (액자별매)
3131513425,SELLBLOG,AFTER_USE,"아이들이 너무 좋아해요
이쁘네요",2021-03-13T02:32:23.514+0000,STOREFARM,5,어린이 보석십자수 DIY 캐릭터 큐빅 비즈 지니맘 KC인증,지니맘 큐빅십자수  DIY: 9번 겨울사슴 (액자별매)
3149190312,SELLBLOG,NORMAL,"예뻐요
딸이조아라합니다",2021-04-07T09:22:46.224+0000,STOREFARM,5,어린이 보석십자수 DIY 캐릭터 큐빅 비즈 지니맘 KC인증,지니맘 큐빅십자수  DIY: 11번 클로버 (액자별매)
3149189900,SELLBLOG,NORMAL,"좋아요
딸이조아라합니다",2021-04-07T09:22:13.158+0000,STOREFARM,5,어린이 보석십자수 DIY 캐릭터 큐빅 비즈 지니맘 KC인증,지니맘 큐빅십자수  DIY: 13번 별유니콘 (액자별매)
3140923023,SELLBLOG,NORMAL,선물하려고 샀어요 후기보니 예쁘고 초등4학년 줄건데 좋아했음 좋겠네요,2021-03-26T06:57:22.199+0000,STOREFARM,5,어린이 보석십자수 DIY 캐릭터 큐빅 비즈 지니맘 정품 KC인증,타입선택: B타입(15cm15cm도안) / 디자인: B2번 강아지(액자별매)
3119686766,SELLBLOG,NORMAL,가격이 저렴해서 별로 기대는 안했었는데 너무 편안하게 사용할수 있게 개별 포장이 너무 좋았습니다.그리고 액자가 깔끔하고 너무 고급져서 마음에 쏙 들었습니다,2021-02-24T09:17:08.226+0000,STOREFARM,5,어린이 보석십자수 DIY 캐릭터 큐빅 비즈 지니맘 KC인증,지니맘 큐빅십자수  DIY: 14번 부엉이 (액자별매)
3146506899,SELLBLOG,NORMAL,이뻐요 아이가 집중잘해요,2021-04-03T08:33:09.231+0000,STOREFARM,5,어린이 보석십자수 DIY 캐릭터 큐빅 비즈 지니맘 KC인증,지니맘 큐빅십자수  DIY: 1번 유니콘  (액자별매)
3143359959,SELLBLOG,AFTER_USE,열심히 하더니 딸방에 걸어놨네요 이뻐요 반짝반짝,2021-03-30T05:10:23.621+0000,STOREFARM,5,어린이 보석십자수 DIY 캐릭터 큐빅 비즈 지니맘 KC인증,지니맘 큐빅십자수  DIY: 9번 겨울사슴 (액자별매)
3144729832,SELLBLOG,NORMAL,산만한 남자아이에게 집중할수 있는시간이 되어요,2021-04-01T01:07:37.039+0000,STOREFARM,5,어린이 보석십자수 DIY 캐릭터 큐빅 비즈 지니맘 정품 KC인증,타입선택: B타입(15cm15cm도안) / 디자인: B2번 강아지(액자별매)
3125570101,SELLBLOG,NORMAL,생각보다 재밌어요 ㅎㅎ 같은 색상이라도 큰거 작은거 있어서 어른이해도 재밌어오,2021-03-05T04:25:48.904+0000,STOREFARM,5,어린이 보석십자수 DIY 캐릭터 큐빅 비즈 지니맘 KC인증,지니맘 큐빅십자수  DIY: 13번 별유니콘 (액자별매)
3148314242,SELLBLOG,NORMAL,배송도 빠르고 아이가 좋하해요!!^^,2021-04-06T07:44:20.751+0000,STOREFARM,5,어린이 보석십자수 DIY 캐릭터 큐빅 비즈 지니맘 정품 KC인증,타입선택: A타입(15cm20cm도안) / 디자인: A1번 유니콘  (액자별매)
3131514291,SELLBLOG,AFTER_USE,"시간이 훅 지나가게요
이뻐요",2021-03-13T02:33:19.195+0000,STOREFARM,5,어린이 보석십자수 DIY 캐릭터 큐빅 비즈 지니맘 KC인증,지니맘 큐빅십자수  DIY: 3번 분홍사슴 (액자별매)
3150396985,SELLBLOG,NORMAL,"좋네요
만족합니다 ㅎㅎ",2021-04-09T01:28:51.700+0000,STOREFARM,5,어린이 보석십자수 DIY 캐릭터 큐빅 비즈 지니맘 정품 KC인증,타입선택: A타입(15cm20cm도안) / 디자인: A6번 소녀2 (액자별매)
3132145237,SELLBLOG,AFTER_USE,잡생각 안들고 완성품도 만족합니다.,2021-03-14T01:58:50.128+0000,STOREFARM,4,어린이 보석십자수 DIY 캐릭터 큐빅 비즈 지니맘 KC인증,지니맘 큐빅십자수  DIY: 1번 유니콘  (액자별매)
3133728887,SELLBLOG,NORMAL,배송 빠르고 아이들이 좋아해요^^~~~,2021-03-16T10:14:46.413+0000,STOREFARM,5,어린이 보석십자수 DIY 캐릭터 큐빅 비즈 지니맘 KC인증,지니맘 큐빅십자수  DIY: 27번 왕관 고양이(액자별매)
3130040061,SELLBLOG,NORMAL,아이들이 너무좋아하고 스스로 하기에도 어려움이 없어요,2021-03-11T04:43:05.788+0000,STOREFARM,5,어린이 보석십자수 DIY 캐릭터 큐빅 비즈 지니맘 KC인증,지니맘 큐빅십자수  DIY: 14번 부엉이 (액자별매)
3136958499,SELLBLOG,AFTER_USE,"아이가 너무하고싶어해서 여러개구매했어요
비즈가 화려하고 사이즈별로 다양해서 빈틈없이 메꿔지니 이쁩니다 ^^",2021-03-20T14:26:16.077+0000,STOREFARM,5,어린이 보석십자수 DIY 캐릭터 큐빅 비즈 지니맘 KC인증,지니맘 큐빅십자수  DIY: 13번 별유니콘 (액자별매)
3136958360,SELLBLOG,AFTER_USE,"아이가 너무하고싶어해서 여러개구매했어요
비즈가 화려하고 사이즈별로 다양해서 빈틈없이 메꿔지니 이쁩니다 ^^",2021-03-20T14:25:59.091+0000,STOREFARM,5,어린이 보석십자수 DIY 캐릭터 큐빅 비즈 지니맘 KC인증,지니맘 큐빅십자수  DIY: 25번 강아지(액자별매)
3136958221,SELLBLOG,AFTER_USE,"아이가 너무하고싶어해서 여러개구매했어요
비즈가 화려하고 사이즈별로 다양해서 빈틈없이 메꿔지니 이쁩니다 ^^",2021-03-20T14:25:44.511+0000,STOREFARM,5,어린이 보석십자수 DIY 캐릭터 큐빅 비즈 지니맘 KC인증,지니맘 큐빅십자수  DIY: 9번 겨울사슴 (액자별매)
3144481573,SELLBLOG,NORMAL,잘받았습니다~^^ 아이가 좋아해요 ㅋ,2021-03-31T12:57:24.292+0000,STOREFARM,5,어린이 보석십자수 DIY 캐릭터 큐빅 비즈 지니맘 정품 KC인증,타입선택: B타입(15cm15cm도안) / 디자인: B7번 작은 유니콘(액자별매)
3133630626,SELLBLOG,NORMAL,애들이 좋아라합니다,2021-03-16T08:08:41.234+0000,STOREFARM,5,어린이 보석십자수 DIY 캐릭터 큐빅 비즈 지니맘 KC인증,지니맘 큐빅십자수  DIY: 29번 클로버 고양이(액자별매)
3133629818,SELLBLOG,NORMAL,애들이 재밌어합니다,2021-03-16T08:07:35.994+0000,STOREFARM,5,어린이 보석십자수 DIY 캐릭터 큐빅 비즈 지니맘 KC인증,지니맘 큐빅십자수  DIY: 10번 안경토끼 (액자별매)
3128219033,SELLBLOG,NORMAL,10살아이 완성했어요. 집중력에 좋은것같아요,2021-03-09T00:17:13.050+0000,STOREFARM,5,어린이 보석십자수 DIY 캐릭터 큐빅 비즈 지니맘 KC인증,지니맘 큐빅십자수  DIY: 28번 하트 고양이(액자별매)
3146504475,SELLBLOG,NORMAL,아이랑 조용히 하기가 딱 좋아요,2021-04-03T08:29:35.090+0000,STOREFARM,5,어린이 보석십자수 DIY 캐릭터 큐빅 비즈 지니맘 KC인증,지니맘 큐빅십자수  DIY: 25번 강아지(액자별매)
3140762046,SELLBLOG,NORMAL,아이들이 너무 좋아해요~포장도 꼼꼼하게 해주시고 배송도 빨라요~,2021-03-26T03:19:56.152+0000,STOREFARM,5,어린이 보석십자수 DIY 캐릭터 큐빅 비즈 지니맘 정품 KC인증,타입선택: A타입(15cm20cm도안) / 디자인: A10번 안경토끼 (액자별매)
3133850319,SELLBLOG,NORMAL,예쁘고 아이도 저도 재밌어요,2021-03-16T12:25:06.304+0000,STOREFARM,5,어린이 보석십자수 DIY 캐릭터 큐빅 비즈 지니맘 KC인증,지니맘 큐빅십자수  DIY: 13번 별유니콘 (액자별매)
3133306256,SELLBLOG,NORMAL,아이들이 엄청좋아해요~,2021-03-16T00:32:55.571+0000,STOREFARM,5,어린이 보석십자수 DIY 캐릭터 큐빅 비즈 지니맘 KC인증,지니맘 큐빅십자수  DIY: 1번 유니콘  (액자별매)
3119682164,SELLBLOG,NORMAL,아이들이 너무 좋아합니다. 퀄러티도 너무 좋아요.완성하고 액자에 넣어 친구들 생일때 선물을 해도 너무 좋을 정도로 고급지고 이쁘네요,2021-02-24T09:11:24.182+0000,STOREFARM,5,어린이 보석십자수 DIY 캐릭터 큐빅 비즈 지니맘 KC인증,지니맘 큐빅십자수  DIY: 17번 아기 유니콘 (액자별매)
3147197933,SELLBLOG,NORMAL,아이가 너무 좋아라 해요,2021-04-04T12:11:28.758+0000,STOREFARM,4,어린이 보석십자수 DIY 캐릭터 큐빅 비즈 지니맘 정품 KC인증,타입선택: B타입(15cm15cm도안) / 디자인: B10번 장난감(액자별매)
3147197756,SELLBLOG,NORMAL,아이가 너무 좋아라 해요,2021-04-04T12:11:09.605+0000,STOREFARM,4,어린이 보석십자수 DIY 캐릭터 큐빅 비즈 지니맘 정품 KC인증,타입선택: A타입(15cm20cm도안) / 디자인: A14번 부엉이 (액자별매)
3111519012,SELLBLOG,NORMAL,"2번째주문이요~~
하는동안에는 집이 조용해서 넘좋아요~~ㅋ
8살 둘째는 자주 엄마도움을 청하기도 하지만...저도 하다보면 빠지게되더라구요
흰색큐빅은 갈색점이 찍혀있는 불량이 있어서 다시 제거하고 했어요",2021-02-12T03:20:46.395+0000,STOREFARM,5,어린이 보석십자수 DIY 캐릭터 큐빅 비즈 지니맘 KC인증,지니맘 큐빅십자수  DIY: 1번 유니콘  (액자별매)
3111587680,SELLBLOG,NORMAL,"7살 여자 조카 에게 선물 했어요 
요즘 다리를 다쳐서 본의아니게 집콕 중이라 ... 

선물로 주신 게 제가 구입 한거 보다 더 많이 와서 감동! 
액자 1개 랑 
열쇠고리 2셋트 구입 
아직 집중이 짧아서 인지 큰건 힘들어 하는데 
열쇠고리는 작품이 금방금방 나와서 인지 재밌어하더라구요 

주위에 선물도 하고  ... 

열쇠고리 를 좀 더 구입 해서 선물 할 예정 입니다",2021-02-12T06:11:15.410+0000,STOREFARM,4,어린이 보석십자수 DIY 캐릭터 큐빅 비즈 지니맘 KC인증,지니맘 큐빅십자수  DIY: 25번 강아지(액자별매)
3144743185,SELLBLOG,NORMAL,아이가 몹시 좋아해서 추가주문 들어갑니다~,2021-04-01T01:27:16.836+0000,STOREFARM,5,어린이 보석십자수 DIY 캐릭터 큐빅 비즈 지니맘 정품 KC인증,타입선택: B타입(15cm15cm도안) / 디자인: B5번 하트 고양이(액자별매)
3141999720,SELLBLOG,NORMAL,아이들이 엄청 좋아해요 선물로도 좋아요,2021-03-28T01:13:04.206+0000,STOREFARM,5,어린이 보석십자수 DIY 캐릭터 큐빅 비즈 지니맘 정품 KC인증,타입선택: A타입(15cm20cm도안) / 디자인: A13번 별유니콘 (액자별매)
3123822945,SELLBLOG,NORMAL,"귀엽고 예뻐요
재미있게 완성하고 책상에 두니 넘 예쁩니다
큐빅 넉넉해요~",2021-03-02T23:55:10.602+0000,STOREFARM,5,어린이 보석십자수 DIY 캐릭터 큐빅 비즈 지니맘 KC인증,지니맘 큐빅십자수  DIY: 34번 A낮잠(액자별매)
3122197599,SELLBLOG,NORMAL,"짜잔~~!  넘 쉽게끝난것이  괜히 긴장 많이했나봐요 ~
진짜 후기대로  반짝반짝 인테리어 효과납니다~",2021-02-27T22:52:53.970+0000,STOREFARM,5,어린이 보석십자수 DIY 캐릭터 큐빅 비즈 지니맘 KC인증,지니맘 큐빅십자수  DIY: 10번 안경토끼 (액자별매)
3141388444,SELLBLOG,NORMAL,초4 딸래미 사달라고 해서 주문했는데 알도 크고 크기도 다양하고 좋네요~,2021-03-27T02:02:11.031+0000,STOREFARM,5,어린이 보석십자수 DIY 캐릭터 큐빅 비즈 지니맘 정품 KC인증,타입선택: A타입(15cm20cm도안) / 디자인: A23번 행복(액자별매)
3148093949,SELLBLOG,NORMAL,아이들이  좋아해요~~,2021-04-06T02:09:42.250+0000,STOREFARM,5,어린이 보석십자수 DIY 캐릭터 큐빅 비즈 지니맘 정품 KC인증,타입선택: B타입(15cm15cm도안) / 디자인: B1번 돌고래 하트(액자별매)
3125567916,SELLBLOG,NORMAL,아이랑 같이 하는데 너무 재밌어요 색상도 다양해요,2021-03-05T04:22:24.774+0000,STOREFARM,5,어린이 보석십자수 DIY 캐릭터 큐빅 비즈 지니맘 KC인증,지니맘 큐빅십자수  DIY: 17번 아기 유니콘 (액자별매)
3144730149,SELLBLOG,NORMAL,완성품을 보니 또 구매하고싶어요,2021-04-01T01:08:03.570+0000,STOREFARM,5,어린이 보석십자수 DIY 캐릭터 큐빅 비즈 지니맘 정품 KC인증,타입선택: B타입(15cm15cm도안) / 디자인: B3번 뿔 돌고래(액자별매)
3121539551,SELLBLOG,NORMAL,"딸아이가 아빠랑 큐빅을 통에 쏟아놔서 번호찾느라 애먹었어요ㅜㅜ
넘 좋아하니 눈물을 머금고 정리했네요",2021-02-26T20:27:29.670+0000,STOREFARM,5,어린이 보석십자수 DIY 캐릭터 큐빅 비즈 지니맘 KC인증,지니맘 큐빅십자수  DIY: 31번 빨간리본(액자별매)
3133631144,SELLBLOG,NORMAL,재밌게 잘 하네요.,2021-03-16T08:09:22.741+0000,STOREFARM,5,어린이 보석십자수 DIY 캐릭터 큐빅 비즈 지니맘 KC인증,지니맘 큐빅십자수  DIY: 32번 A하트(액자별매)
3133949492,SELLBLOG,NORMAL,"시작하면 멈출수 없어요...
국산인줄 알았는데.차이나구욤 ㅎㅎ 
그래도 다른 사이트보다 싸게 샀어요. 세개를 샀는데 시작하면 멈출수 없네요.
재밌어요!!",2021-03-16T14:13:09.179+0000,STOREFARM,5,어린이 보석십자수 DIY 캐릭터 큐빅 비즈 지니맘 KC인증,지니맘 큐빅십자수  DIY: 25번 강아지(액자별매)
3142267397,SELLBLOG,AFTER_USE,아주 재밌게 잘사용했어요. 추천드려요.,2021-03-28T09:45:47.244+0000,STOREFARM,5,어린이 보석십자수 DIY 캐릭터 큐빅 비즈 지니맘 KC인증,지니맘 큐빅십자수  DIY: 25번 뿔 돌고래(액자별매)
3133632062,SELLBLOG,NORMAL,재밌게 잘 합니다.,2021-03-16T08:10:37.985+0000,STOREFARM,5,어린이 보석십자수 DIY 캐릭터 큐빅 비즈 지니맘 KC인증,지니맘 큐빅십자수  DIY: 12번 돌고래 (액자별매)
3116103455,SELLBLOG,NORMAL,코로나로 집에 조카들 놀이삼아 사줬더니 너무 좋아하네요~ 특히 올해 8살 조카가 너무 좋아라합니당ㅎㅎ 그리고 저희 엄마도 재밌어라 하시네요ㅎㅎㅎ 다음에 재구매 의사 백퍼입니다.,2021-02-19T11:44:28.064+0000,STOREFARM,5,어린이 보석십자수 DIY 캐릭터 큐빅 비즈 지니맘 KC인증,지니맘 큐빅십자수  DIY: 14번 부엉이 (액자별매)
3132118231,SELLBLOG,NORMAL,아이들이 좋아하네요,2021-03-14T01:26:27.649+0000,STOREFARM,3,어린이 보석십자수 DIY 캐릭터 큐빅 비즈 지니맘 KC인증,지니맘 큐빅십자수  DIY: 1번 유니콘  (액자별매)
3140073269,SELLBLOG,NORMAL,재밌게 했어요 ㅎㅎ 여러개 하려면 액자 없어도 될뻔,2021-03-25T05:34:30.681+0000,STOREFARM,5,어린이 보석십자수 DIY 캐릭터 큐빅 비즈 지니맘 KC인증,지니맘 큐빅십자수  DIY: 9번 겨울사슴 (액자별매)
3128045377,SELLBLOG,AFTER_USE,심심할때 하기 참좋아요 두개사서 방학동안 잘 했네요,2021-03-08T12:28:25.206+0000,STOREFARM,5,어린이 보석십자수 DIY 캐릭터 큐빅 비즈 지니맘 KC인증,지니맘 큐빅십자수  DIY: 13번 별유니콘 (액자별매)
3144462603,SELLBLOG,AFTER_USE,아이가 재미있어하고 집중하네요,2021-03-31T12:36:37.848+0000,STOREFARM,5,어린이 보석십자수 DIY 캐릭터 큐빅 비즈 지니맘 KC인증,지니맘 큐빅십자수  DIY: 25번 강아지(액자별매)
3145357884,SELLBLOG,NORMAL,벌써 두번째 재구매입니다,2021-04-01T19:33:41.994+0000,STOREFARM,5,어린이 보석십자수 DIY 캐릭터 큐빅 비즈 지니맘 정품 KC인증,타입선택: A타입(15cm20cm도안) / 디자인: A8번 꽃사슴 (액자별매)
3129330639,SELLBLOG,AFTER_USE,다른디자인 더 많이 나왔으면 좋겠어요.,2021-03-10T06:41:39.661+0000,STOREFARM,5,어린이 보석십자수 DIY 캐릭터 큐빅 비즈 지니맘 KC인증,지니맘 큐빅십자수  DIY: 27번 왕관 고양이(액자별매)
3142089871,SELLBLOG,AFTER_USE,너무졸아요 재구매의사,2021-03-28T03:25:00.223+0000,STOREFARM,5,어린이 보석십자수 DIY 캐릭터 큐빅 비즈 지니맘 KC인증,지니맘 큐빅십자수  DIY: 23번 행복(액자별매)
3114633106,SELLBLOG,AFTER_USE,보석 색감들이 고급지고 반짝임도 너무 예뻐요~ 엉덩이 들썩들썩 초딩 아들이 요렇게 집중 하는거 오랜만에 봤네요~ㅎㅎ 저도 조금 큰 작품으로 하나 더 주문해서 해보려구요~*^^*,2021-02-17T23:39:24.379+0000,STOREFARM,5,어린이 보석십자수 DIY 캐릭터 큐빅 비즈 지니맘 KC인증,지니맘 큐빅십자수  DIY: 9번 겨울사슴 (액자별매)
3115976870,SELLBLOG,AFTER_USE,최고예요.보석자체 퀄 리티도 너무좋고 완성하면서 느끼는 만족감도 엄청크답니다.보석을 여유있게 주셔서 아이와 다른놀이하기에도 충분했어요,2021-02-19T09:03:40.443+0000,STOREFARM,5,어린이 보석십자수 DIY 캐릭터 큐빅 비즈 지니맘 KC인증,지니맘 큐빅십자수  DIY: 9번 겨울사슴 (액자별매)
3140389057,SELLBLOG,NORMAL,"큐빅 사이즈가 다양하고 반짝임이 좋아서
완성후 장식하기에도 굿",2021-03-25T12:42:53.209+0000,STOREFARM,5,어린이 보석십자수 DIY 캐릭터 큐빅 비즈 지니맘 KC인증,지니맘 큐빅십자수  DIY: 25번 강아지(액자별매)
3115573823,SELLBLOG,NORMAL,"빠르게 배송되어 정말 만족스럽고
깔끔하게 포장되어 왔네요~
아이들이 너무 좋아합니다~감사해요^^",2021-02-19T01:18:30.929+0000,STOREFARM,5,어린이 보석십자수 DIY 캐릭터 큐빅 비즈 지니맘 KC인증,지니맘 큐빅십자수  DIY: 2번 보라유니콘 (액자별매)
3128001413,SELLBLOG,AFTER_USE,잘쓰고있어요. 너무좋아하네요.,2021-03-08T11:16:47.141+0000,STOREFARM,5,어린이 보석십자수 DIY 캐릭터 큐빅 비즈 지니맘 KC인증,지니맘 큐빅십자수  DIY: 4번 홍학 (액자별매)
3114631965,SELLBLOG,AFTER_USE,여섯살 딸이 초집중 해서 4일만에 완성 했어요~!! 요거 하고 싶어서 잠을 못자더라구요~ 보석들도 불량 없이 고급지고 예뻐요~ 다른 것도 많이 주문 해주기로 했답니다~*^^*,2021-02-17T23:36:47.636+0000,STOREFARM,5,어린이 보석십자수 DIY 캐릭터 큐빅 비즈 지니맘 KC인증,지니맘 큐빅십자수  DIY: 1번 유니콘  (액자별매)
3123822573,SELLBLOG,NORMAL,"완성하니 너무 예뻐요~
큐빅 크기가 다르니 더 블링블링하네요",2021-03-02T23:53:53.661+0000,STOREFARM,5,어린이 보석십자수 DIY 캐릭터 큐빅 비즈 지니맘 KC인증,지니맘 큐빅십자수  DIY: 26번 뿔 돌고래(액자별매)
3143582686,SELLBLOG,NORMAL,아이가너무좋아해서 주문했어요,2021-03-30T10:17:33.091+0000,STOREFARM,5,어린이 보석십자수 DIY 캐릭터 큐빅 비즈 지니맘 정품 KC인증,타입선택: A타입(15cm20cm도안) / 디자인: A17번 아기 유니콘 (액자별매)
3145357902,SELLBLOG,NORMAL,아이가 너무 좋아해요,2021-04-01T19:33:57.392+0000,STOREFARM,5,어린이 보석십자수 DIY 캐릭터 큐빅 비즈 지니맘 정품 KC인증,타입선택: A타입(15cm20cm도안) / 디자인: A1번 유니콘  (액자별매)
3133065139,SELLBLOG,NORMAL,애들이 좋아해요~^^,2021-03-15T10:30:35.189+0000,STOREFARM,5,어린이 보석십자수 DIY 캐릭터 큐빅 비즈 지니맘 KC인증,지니맘 큐빅십자수  DIY: 16번 여우 (액자별매)
3143701527,SELLBLOG,NORMAL,아이가 좋아해서 재구매햇어요,2021-03-30T12:26:32.728+0000,STOREFARM,5,어린이 보석십자수 DIY 캐릭터 큐빅 비즈 지니맘 정품 KC인증,타입선택: A타입(15cm20cm도안) / 디자인: A8번 꽃사슴 (액자별매)
3129663536,SELLBLOG,NORMAL,선물했는데 너무 좋아했어요,2021-03-10T13:20:11.476+0000,STOREFARM,5,어린이 보석십자수 DIY 캐릭터 큐빅 비즈 지니맘 KC인증,지니맘 큐빅십자수  DIY: 21번 하트십자가 (액자별매)
3141277220,SELLBLOG,AFTER_USE,아이가 혼자서 할수있는정도이고 재밌어하네요,2021-03-26T22:18:07.413+0000,STOREFARM,4,어린이 보석십자수 DIY 캐릭터 큐빅 비즈 지니맘 KC인증,지니맘 큐빅십자수  DIY: 17번 아기 유니콘 (액자별매)
3139908026,SELLBLOG,NORMAL,아이가 좋아해요~마음에 쏙듭니다,2021-03-25T01:26:34.704+0000,STOREFARM,5,어린이 보석십자수 DIY 캐릭터 큐빅 비즈 지니맘 정품 KC인증,타입선택: B타입(15cm15cm도안) / 디자인: B3번 뿔 돌고래(액자별매)
3139907959,SELLBLOG,NORMAL,아이가 좋아해요~마음에 쏙듭니다,2021-03-25T01:26:29.329+0000,STOREFARM,5,어린이 보석십자수 DIY 캐릭터 큐빅 비즈 지니맘 정품 KC인증,타입선택: A타입(15cm20cm도안) / 디자인: A10번 안경토끼 (액자별매)
3139907890,SELLBLOG,NORMAL,아이가 좋아해요~마음에 쏙듭니다,2021-03-25T01:26:24.368+0000,STOREFARM,5,어린이 보석십자수 DIY 캐릭터 큐빅 비즈 지니맘 정품 KC인증,타입선택: A타입(15cm20cm도안) / 디자인: A17번 아기 유니콘 (액자별매)
3129334707,SELLBLOG,AFTER_USE,디자인 더 많았으면 좋겠어요,2021-03-10T06:46:41.713+0000,STOREFARM,5,어린이 보석십자수 DIY 캐릭터 큐빅 비즈 지니맘 KC인증,지니맘 큐빅십자수  DIY: 25번 강아지(액자별매)
3143644846,SELLBLOG,NORMAL,배송 빠르고 물건도 만족합니다.,2021-03-30T11:27:33.635+0000,STOREFARM,5,어린이 보석십자수 DIY 캐릭터 큐빅 비즈 지니맘 정품 KC인증,타입선택: A타입(15cm20cm도안) / 디자인: A1번 유니콘  (액자별매)
3111413174,SELLBLOG,NORMAL,아이가 너무 즐거워해요. 다 완성하고 얼마나 뿌듯해하는지 몰라요. 생각보다 오랜시간 앉아서 해야하니 목이 아프다고 하는데 그런데도 그만두지 못하고 계속해요ㅋ끝까지 하고싶은가봐요. 여러 모양 주문했는데 다 맘에들어하네요.,2021-02-11T15:39:22.900+0000,STOREFARM,5,어린이 보석십자수 DIY 캐릭터 큐빅 비즈 지니맘 KC인증,지니맘 큐빅십자수  DIY: 8번 꽃사슴 (액자별매)
3143702036,SELLBLOG,NORMAL,아이가 좋아해서 재구매햇어요~~,2021-03-30T12:27:05.149+0000,STOREFARM,5,어린이 보석십자수 DIY 캐릭터 큐빅 비즈 지니맘 정품 KC인증,타입선택: A타입(15cm20cm도안) / 디자인: A17번 아기 유니콘 (액자별매)
3145021498,SELLBLOG,NORMAL,상품 잘 받았습니다,2021-04-01T08:18:21.792+0000,STOREFARM,5,어린이 보석십자수 DIY 캐릭터 큐빅 비즈 지니맘 정품 KC인증,타입선택: A타입(15cm20cm도안) / 디자인: A1번 유니콘  (액자별매)
3145021275,SELLBLOG,NORMAL,상품 잘 받았습니다,2021-04-01T08:18:02.950+0000,STOREFARM,5,어린이 보석십자수 DIY 캐릭터 큐빅 비즈 지니맘 정품 KC인증,타입선택: A타입(15cm20cm도안) / 디자인: A9번 겨울사슴 (액자별매)
3145021090,SELLBLOG,NORMAL,상품 잘 받았습니다,2021-04-01T08:17:47.608+0000,STOREFARM,5,어린이 보석십자수 DIY 캐릭터 큐빅 비즈 지니맘 정품 KC인증,타입선택: A타입(15cm20cm도안) / 디자인: A12번 돌고래 (액자별매)
3141277439,SELLBLOG,AFTER_USE,재밌고 싶게만들고 다하고나니까 보기좋네요,2021-03-26T22:19:29.855+0000,STOREFARM,4,어린이 보석십자수 DIY 캐릭터 큐빅 비즈 지니맘 KC인증,지니맘 큐빅십자수  DIY: 24번 돌고래 하트(액자별매)
3132090783,SELLBLOG,NORMAL,아이가좋아해요 요즘같이 코로나로인해 집에있기만하는 아이들한테 집중력도 길러주고 좋을것같아요,2021-03-14T00:48:26.746+0000,STOREFARM,5,어린이 보석십자수 DIY 2+1 캐릭터 큐빅 비즈 지니맘 KC인증,지니맘 큐빅십자수  DIY: 14번 부엉이 (액자별매)
3115712166,SELLBLOG,NORMAL,"아이가 재미있어하고 집중력 향상에도 좋을듯 해요~
그날 할 수 있는 만큼만 뜯어서 하는 중이에요~~
재구매 의사 있습니다~~",2021-02-19T03:33:58.798+0000,STOREFARM,5,어린이 보석십자수 DIY 캐릭터 큐빅 비즈 지니맘 KC인증,지니맘 큐빅십자수  DIY: 26번 뿔 돌고래(액자별매)
3115709464,SELLBLOG,NORMAL,"아이 방학 숙제로 주문했는데 만족합니다~아이들이 하기에도 쉽고 만들어 장식도 가능하고 좋네요~
집중력 훈련에도 좋을듯해요~",2021-02-19T03:31:09.497+0000,STOREFARM,5,어린이 보석십자수 DIY 캐릭터 큐빅 비즈 지니맘 KC인증,지니맘 큐빅십자수  DIY: 9번 겨울사슴 (액자별매)
3126209154,SELLBLOG,NORMAL,배송도빠르고 엄마가 재밌게 잘하셨대요,2021-03-06T02:01:56.688+0000,STOREFARM,5,어린이 보석십자수 DIY 캐릭터 큐빅 비즈 지니맘 KC인증,지니맘 큐빅십자수  DIY: 32번 A하트(액자별매)
3128669753,SELLBLOG,AFTER_USE,재밌게 하고 있어요 만족,2021-03-09T10:10:55.245+0000,STOREFARM,5,어린이 보석십자수 DIY 캐릭터 큐빅 비즈 지니맘 KC인증,지니맘 큐빅십자수  DIY: 1번 유니콘  (액자별매)
3112274533,SELLBLOG,NORMAL,홍학 너무 예뻐요~ 하늘색과 핑크색의 조화가 시원해보이고 예쁘네요^^ 재미있고 중독성 있어서 한번 잡으니 다 하게 되네요 ㅋㅋㅋ 부작용은 목아픔입니다. 쉬엄쉬엄 하세요~~,2021-02-14T11:21:30.739+0000,STOREFARM,5,어린이 보석십자수 DIY 캐릭터 큐빅 비즈 지니맘 KC인증,지니맘 큐빅십자수  DIY: 4번 홍학 (액자별매)
3143232525,SELLBLOG,AFTER_USE,싸게 구입해서 좋아요,2021-03-30T01:45:05.790+0000,STOREFARM,5,어린이 보석십자수 DIY 캐릭터 큐빅 비즈 지니맘 KC인증,
3143232133,SELLBLOG,AFTER_USE,싸게 구입해서 좋아요,2021-03-30T01:44:38.136+0000,STOREFARM,5,어린이 보석십자수 DIY 캐릭터 큐빅 비즈 지니맘 KC인증,
3125718150,SELLBLOG,AFTER_USE,시간보내기 좋고 만들어 놓으니 예뻐요,2021-03-05T07:52:34.060+0000,STOREFARM,5,어린이 보석십자수 DIY 캐릭터 큐빅 비즈 지니맘 KC인증,지니맘 큐빅십자수  DIY: 4번 홍학 (액자별매)
3142876513,SELLBLOG,NORMAL,적당한 크기로 좋습니다,2021-03-29T08:14:24.596+0000,STOREFARM,5,어린이 보석십자수 DIY 캐릭터 큐빅 비즈 지니맘 KC인증,지니맘 큐빅십자수  DIY: 1번 유니콘  (액자별매)
3142876192,SELLBLOG,NORMAL,아이가 많이 좋아합니다,2021-03-29T08:13:48.243+0000,STOREFARM,5,어린이 보석십자수 DIY 캐릭터 큐빅 비즈 지니맘 KC인증,지니맘 큐빅십자수  DIY: 30번 작은 유니콘(액자별매)
3135769861,SELLBLOG,NORMAL,"2번째  구매했어요
애들이  너무  좋아하네요
집중력 최고에요",2021-03-19T02:26:53.527+0000,STOREFARM,4,어린이 보석십자수 DIY 캐릭터 큐빅 비즈 지니맘 KC인증,지니맘 큐빅십자수  DIY: 34번 A낮잠(액자별매)
3118560946,SELLBLOG,AFTER_USE,"아이가 재미있어해여!!
저도 같이 할 수 있어서 좋으네요^^
시간이 금방 금방 가는듯한 ㅎㅎㅎ",2021-02-23T02:21:03.770+0000,STOREFARM,5,어린이 보석십자수 DIY 캐릭터 큐빅 비즈 지니맘 KC인증,지니맘 큐빅십자수  DIY: 25번 뿔 돌고래(액자별매)
3127259733,SELLBLOG,NORMAL,아이들이너무재밌어하네요,2021-03-07T10:13:08.900+0000,STOREFARM,5,어린이 보석십자수 DIY 캐릭터 큐빅 비즈 지니맘 KC인증,지니맘 큐빅십자수  DIY: 8번 꽃사슴 (액자별매)
3127259507,SELLBLOG,NORMAL,아이들이너무재밌어하네요,2021-03-07T10:12:42.165+0000,STOREFARM,5,어린이 보석십자수 DIY 캐릭터 큐빅 비즈 지니맘 KC인증,지니맘 큐빅십자수  DIY: 12번 돌고래 (액자별매)
3128114491,SELLBLOG,AFTER_USE,아주 잘가지고ㅜ놀았습니다,2021-03-08T14:20:46.445+0000,STOREFARM,5,어린이 보석십자수 DIY 캐릭터 큐빅 비즈 지니맘 KC인증,지니맘 큐빅십자수  DIY: 17번 아기 유니콘 (액자별매)
3128670340,SELLBLOG,AFTER_USE,액자도 샀어요 굿뜨,2021-03-09T10:11:36.627+0000,STOREFARM,5,어린이 보석십자수 DIY 캐릭터 큐빅 비즈 지니맘 KC인증,지니맘 큐빅십자수  DIY: 25번 강아지(액자별매)
3130410978,SELLBLOG,NORMAL,보석  반짝임도 너무 예쁘고 애들도 좋아해요.  크기도 적당해서 하기 쉽고 추가 주문한 액자도 튼튼하네요. 다음에도 주문 할게요. 번창하세요.^^,2021-03-11T12:42:17.841+0000,STOREFARM,5,어린이 보석십자수 DIY 캐릭터 큐빅 비즈 지니맘 KC인증,지니맘 큐빅십자수  DIY: 1번 유니콘  (액자별매)
3127259071,SELLBLOG,NORMAL,아이들이 너무재밌어하네요ㅎ,2021-03-07T10:11:54.513+0000,STOREFARM,5,어린이 보석십자수 DIY 캐릭터 큐빅 비즈 지니맘 KC인증,지니맘 큐빅십자수  DIY: 9번 겨울사슴 (액자별매)
3115974313,SELLBLOG,AFTER_USE,가격대비 퀄리티도 너무좋고 아이와도 너무재미있게 시간보내기 좋아요.다만든 작품도 너무 멋져서 활용도 짱입니다,2021-02-19T09:00:27.536+0000,STOREFARM,5,어린이 보석십자수 DIY 캐릭터 큐빅 비즈 지니맘 KC인증,지니맘 큐빅십자수  DIY: 3번 분홍사슴 (액자별매)
3129536892,SELLBLOG,NORMAL,아이가 좋아합니다 ^^,2021-03-10T11:03:22.351+0000,STOREFARM,5,어린이 보석십자수 DIY 캐릭터 큐빅 비즈 지니맘 KC인증,지니맘 큐빅십자수  DIY: 32번 A하트(액자별매)
3129536584,SELLBLOG,NORMAL,아이가 좋아합니다 ^^,2021-03-10T11:03:03.108+0000,STOREFARM,5,어린이 보석십자수 DIY 캐릭터 큐빅 비즈 지니맘 KC인증,지니맘 큐빅십자수  DIY: 27번 왕관 고양이(액자별매)
3112273218,SELLBLOG,NORMAL,딸이 보석십자수 재미있어해서 명절에 하려고 주문했어요. 2학년 아이인데 혼자서 다 하기는 힘들어해서 같이 도와주면서 했어요. 만들어놓고 보니 반짝반짝 예쁘네요~,2021-02-14T11:18:04.488+0000,STOREFARM,5,어린이 보석십자수 DIY 캐릭터 큐빅 비즈 지니맘 KC인증,지니맘 큐빅십자수  DIY: 12번 돌고래 (액자별매)
3143696218,SELLBLOG,NORMAL,항상 잘쓰고 잇어요~~,2021-03-30T12:21:05.583+0000,STOREFARM,5,어린이 보석십자수 DIY 캐릭터 큐빅 비즈 지니맘 정품 KC인증,타입선택: A타입(15cm20cm도안) / 디자인: A14번 부엉이 (액자별매)
3143693395,SELLBLOG,NORMAL,항상 잘쓰고 잇어요~~,2021-03-30T12:18:09.569+0000,STOREFARM,5,어린이 보석십자수 DIY 캐릭터 큐빅 비즈 지니맘 정품 KC인증,타입선택: A타입(15cm20cm도안) / 디자인: A11번 클로버 (액자별매)
3127290956,SELLBLOG,AFTER_USE,애들하고 잘 만들었네요,2021-03-07T11:10:08.740+0000,STOREFARM,4,어린이 보석십자수 DIY 캐릭터 큐빅 비즈 지니맘 KC인증,지니맘 큐빅십자수  DIY: 14번 부엉이 (액자별매)
3126142540,SELLBLOG,NORMAL,"다른 곳보다 더 저렴하고, 깔끔한 포장, 친절한 안내, 빠른 배송!!
액자사이즈를 잘못 주문했는데 연락주셔서 
감사했어요 
아이가 만들면서 너무 만족해해서 곧 또 주문할 거 같아요^^!!",2021-03-06T00:48:02.423+0000,STOREFARM,5,어린이 보석십자수 DIY 캐릭터 큐빅 비즈 지니맘 KC인증,지니맘 큐빅십자수  DIY: 27번 왕관 고양이(액자별매)
3125570796,SELLBLOG,NORMAL,다 하고 나면 추가로 구매하려구요,2021-03-05T04:26:49.973+0000,STOREFARM,5,어린이 보석십자수 DIY 캐릭터 큐빅 비즈 지니맘 KC인증,지니맘 큐빅십자수  DIY: 15번 핑크 유니콘 (액자별매)
3143697155,SELLBLOG,NORMAL,항상 잘쓰고 잇어요~~~,2021-03-30T12:22:00.586+0000,STOREFARM,5,어린이 보석십자수 DIY 캐릭터 큐빅 비즈 지니맘 정품 KC인증,타입선택: A타입(15cm20cm도안) / 디자인: A16번 여우 (액자별매)
3142352179,SELLBLOG,NORMAL,너무 예쁘고 좋아요,2021-03-28T12:23:41.076+0000,STOREFARM,5,어린이 보석십자수 DIY 캐릭터 큐빅 비즈 지니맘 KC인증,지니맘 큐빅십자수  DIY: 8번 꽃사슴 (액자별매)
3111725638,SELLBLOG,NORMAL,"위에 붙어있는종이가 투명한 비닐로 되어있음 좋겠다는 생각을 하다가~
지퍼팩 오려서 붙이고 하고있네요~
불투명 불편해요~~~
그래도 아이가 좋아하고 재미있어하네요",2021-02-12T14:12:35.990+0000,STOREFARM,5,어린이 보석십자수 DIY 캐릭터 큐빅 비즈 지니맘 KC인증,지니맘 큐빅십자수  DIY: 1번 유니콘  (액자별매)
3136369392,SELLBLOG,NORMAL,만족합니다. 수업때사용예정이에요,2021-03-19T23:35:47.736+0000,STOREFARM,5,어린이 보석십자수 DIY 캐릭터 큐빅 비즈 지니맘 KC인증,지니맘 큐빅십자수  DIY: 1번 유니콘  (액자별매)
3141097103,SELLBLOG,AFTER_USE,가격이 저렴하고 좋네요,2021-03-26T11:27:18.409+0000,STOREFARM,5,어린이 보석십자수 DIY 캐릭터 큐빅 비즈 지니맘 KC인증,지니맘 큐빅십자수  DIY: 6번 소녀2 (액자별매)
3141096935,SELLBLOG,AFTER_USE,가격이 저렴하고 좋네요,2021-03-26T11:27:03.559+0000,STOREFARM,5,어린이 보석십자수 DIY 캐릭터 큐빅 비즈 지니맘 KC인증,지니맘 큐빅십자수  DIY: 17번 아기 유니콘 (액자별매)
3135921526,SELLBLOG,AFTER_USE,사용후기 만족해요 좋아해요 아이들이,2021-03-19T05:37:33.046+0000,STOREFARM,5,어린이 보석십자수 DIY 캐릭터 큐빅 비즈 지니맘 KC인증,지니맘 큐빅십자수  DIY: 1번 유니콘  (액자별매)
3112943025,SELLBLOG,NORMAL,겨울사슴은 아이가 제일 예쁘다고 하네요? 어려울거 같아 유니콘 먼저해보라고 두개 샀는데.. 겨울사슴은 다하면 거실에 장식하려구요 ㅎㅎ,2021-02-15T23:46:29.339+0000,STOREFARM,5,어린이 보석십자수 DIY 캐릭터 큐빅 비즈 지니맘 KC인증,지니맘 큐빅십자수  DIY: 9번 겨울사슴 (액자별매)
3112192736,SELLBLOG,AFTER_USE,"집중잘하고 재미있어해요
오래하면 힘들어서
쉬면서 조금씩 하게 하려고 했는데
한번시작하니 멈추질 않네요
그래서 몇시간만에 완성해버렸어요ㅠ",2021-02-14T07:05:42.268+0000,STOREFARM,5,어린이 보석십자수 DIY 캐릭터 큐빅 비즈 지니맘 KC인증,지니맘 큐빅십자수  DIY: 17번 아기 유니콘 (액자별매)
3122240167,SELLBLOG,AFTER_USE,"집중력에 좋은거 같고
어른인 저도 너무 재미있었어요",2021-02-28T00:58:36.044+0000,STOREFARM,5,어린이 보석십자수 DIY 캐릭터 큐빅 비즈 지니맘 KC인증,지니맘 큐빅십자수  DIY: 24번 돌고래 하트(액자별매)
3121250437,SELLBLOG,NORMAL,딸이 너무조아해요 집중도잘하그,2021-02-26T08:42:18.671+0000,STOREFARM,5,어린이 보석십자수 DIY 캐릭터 큐빅 비즈 지니맘 KC인증,지니맘 큐빅십자수  DIY: 28번 하트 고양이(액자별매)
3125720112,SELLBLOG,AFTER_USE,만들어 놓으니 예쁘네요,2021-03-05T07:55:10.102+0000,STOREFARM,5,어린이 보석십자수 DIY 캐릭터 큐빅 비즈 지니맘 KC인증,지니맘 큐빅십자수  DIY: 23번 돌고래 하트(액자별매)
3112192422,SELLBLOG,AFTER_USE,"집중잘하고 재미있어해요
오래하면 힘들어서
쉬면서 조금씩 하게 하려고 했는데
한번시작하니 멈추질 않네요
그래서 몇시간만에 완성해버렸어요ㅠ",2021-02-14T07:04:43.241+0000,STOREFARM,5,어린이 보석십자수 DIY 캐릭터 큐빅 비즈 지니맘 KC인증,지니맘 큐빅십자수  DIY: 13번 별유니콘 (액자별매)
3123473312,SELLBLOG,NORMAL,아이들이 시간가는줄모르고하네요,2021-03-02T05:32:53.299+0000,STOREFARM,5,어린이 보석십자수 DIY 캐릭터 큐빅 비즈 지니맘 KC인증,지니맘 큐빅십자수  DIY: 25번 강아지(액자별매)
3125064324,SELLBLOG,NORMAL,예쁘고 귀여운 그림이네요,2021-03-04T11:09:20.956+0000,STOREFARM,5,어린이 보석십자수 DIY 캐릭터 큐빅 비즈 지니맘 KC인증,지니맘 큐빅십자수  DIY: 25번 강아지(액자별매)
3116864114,SELLBLOG,NORMAL,여기에 있는 보석십자수를 11살 딸아이가 대부분 해본것같아요~~딸아이가 좋아합니다~,2021-02-20T11:12:06.377+0000,STOREFARM,5,어린이 보석십자수 DIY 캐릭터 큐빅 비즈 지니맘 KC인증,지니맘 큐빅십자수  DIY: 8번 꽃사슴 (액자별매)
3125063190,SELLBLOG,NORMAL,귀엽고 예쁜 그림이에요,2021-03-04T11:08:08.635+0000,STOREFARM,5,어린이 보석십자수 DIY 캐릭터 큐빅 비즈 지니맘 KC인증,지니맘 큐빅십자수  DIY: 27번 왕관 고양이(액자별매)
3124630533,SELLBLOG,AFTER_USE,아이들이 너무 만족해요,2021-03-04T01:40:12.157+0000,STOREFARM,5,어린이 보석십자수 DIY 캐릭터 큐빅 비즈 지니맘 KC인증,지니맘 큐빅십자수  DIY: 14번 부엉이 (액자별매)
3117843328,SELLBLOG,NORMAL,아이들이 너무좋아하네요 배송도 빠르고 해놓으니 이뻐요,2021-02-22T01:44:07.154+0000,STOREFARM,5,어린이 보석십자수 DIY 캐릭터 큐빅 비즈 지니맘 KC인증,지니맘 큐빅십자수  DIY: 12번 돌고래 (액자별매)
3137556523,SELLBLOG,AFTER_USE,좋아요 매우 만족했어요,2021-03-21T15:39:35.679+0000,STOREFARM,5,어린이 보석십자수 DIY 캐릭터 큐빅 비즈 지니맘 KC인증,지니맘 큐빅십자수  DIY: 13번 별유니콘 (액자별매)
3117372079,SELLBLOG,AFTER_USE,재미있긴하나 7세여아는 부모가 도와줘야해요 양이 많아요,2021-02-21T06:27:08.890+0000,STOREFARM,4,어린이 보석십자수 DIY 캐릭터 큐빅 비즈 지니맘 KC인증,지니맘 큐빅십자수  DIY: 1번 유니콘  (액자별매)
3139249640,SELLBLOG,AFTER_USE,아이가 즐겨합니다. 너무 만족합니다,2021-03-24T04:41:34.127+0000,STOREFARM,5,어린이 보석십자수 DIY 캐릭터 큐빅 비즈 지니맘 KC인증,지니맘 큐빅십자수  DIY: 3번 분홍사슴 (액자별매)
3100141164,SELLBLOG,NORMAL,우와 생각보다 넘 재미있네요. 보석들이 척척 붙는게 넘 신기해요^^ 아이들 집중력 키우는데 짱일것 같아요. 지금 몇시간째 하는지 모르겠어요. 하루에 하나 뚝딱일것 같아요. 며칠안게 또 구매해야될것 같아요. 아이가 너무너무 재미있대요. 요렇게 신기하고 재미있는 보석자수 팔아주셔서 넘 감사해요^^,2021-01-26T08:25:44.483+0000,STOREFARM,5,어린이 보석십자수 DIY 캐릭터 큐빅 비즈 지니맘 KC인증,지니맘 큐빅십자수  DIY: 11번 클로버 (액자별매)
3117199006,SELLBLOG,NORMAL,반짝하고 예쁘네요 액자도 깔끔해요생각보다금새 완성 되었어요,2021-02-21T01:58:35.642+0000,STOREFARM,4,어린이 보석십자수 DIY 캐릭터 큐빅 비즈 지니맘 KC인증,지니맘 큐빅십자수  DIY: 13번 별유니콘 (액자별매)
3117199446,SELLBLOG,NORMAL,시간 가는줄 모르게 민들어 액지에 끼우니 이쁘네요. 재미있어요,2021-02-21T01:59:04.437+0000,STOREFARM,5,어린이 보석십자수 DIY 캐릭터 큐빅 비즈 지니맘 KC인증,지니맘 큐빅십자수  DIY: 5번  소녀1 (액자별매)
3139638940,SELLBLOG,NORMAL,아이다 정말좋아해요,2021-03-24T12:45:06.945+0000,STOREFARM,5,어린이 보석십자수 DIY 캐릭터 큐빅 비즈 지니맘 정품 KC인증,타입선택: A타입(15cm20cm도안) / 디자인: A9번 겨울사슴 (액자별매)
3120373837,SELLBLOG,AFTER_USE,"아이들이 직접한걸보며
뿌듯해하고
인테리어효과까지굿",2021-02-25T06:50:39.872+0000,STOREFARM,5,어린이 보석십자수 DIY 캐릭터 큐빅 비즈 지니맘 KC인증,지니맘 큐빅십자수  DIY: 25번 강아지(액자별매)
3111090903,SELLBLOG,AFTER_USE,"아이가 집중해서 열심히 만들더라구요
다 만들어서 완성하니 너무너무 예뻐요
집중력향상에 최고인거같아요
같이 구매한 액자도 고급지네요
많이 파세요
감사합니다",2021-02-10T16:27:39.499+0000,STOREFARM,5,어린이 보석십자수 DIY 캐릭터 큐빅 비즈 지니맘 KC인증,지니맘 큐빅십자수  DIY: 14번 부엉이 (액자별매)
3134176011,SELLBLOG,NORMAL,"집중력키우기위해 구매했는데 성공입니다
재구매하려구요",2021-03-17T02:18:58.695+0000,STOREFARM,4,어린이 보석십자수 DIY 캐릭터 큐빅 비즈 지니맘 KC인증,지니맘 큐빅십자수  DIY: 22번 교회 (액자별매)
3114974279,SELLBLOG,NORMAL,배송 빠르고 포장도 꼼꼼해요. 5살 10살 남매가 집중해서 해서 하느라 시간가는줄 모르고했어요.,2021-02-18T06:48:57.590+0000,STOREFARM,5,어린이 보석십자수 DIY 캐릭터 큐빅 비즈 지니맘 KC인증,지니맘 큐빅십자수  DIY: 5번  소녀1 (액자별매)
3114974005,SELLBLOG,NORMAL,배송 빠르고 포장도 꼼꼼해요. 5살 10살 남매가 집중해서 해서 하느라 시간가는줄 모르고했어요.,2021-02-18T06:48:38.668+0000,STOREFARM,5,어린이 보석십자수 DIY 캐릭터 큐빅 비즈 지니맘 KC인증,지니맘 큐빅십자수  DIY: 6번 소녀2 (액자별매)
3122289344,SELLBLOG,AFTER_USE,아이가또사달래요 좋아요^^,2021-02-28T02:04:49.904+0000,STOREFARM,5,어린이 보석십자수 DIY 캐릭터 큐빅 비즈 지니맘 KC인증,지니맘 큐빅십자수  DIY: 3번 분홍사슴 (액자별매)
3110921014,SELLBLOG,NORMAL,"포장이 진짜 하나하나 너무 정성스러워요!
큐빅도 다 진짜 큐빅
너무 예뻐요!
금세 하나 뚝딱 완성했습니다",2021-02-10T08:56:31.576+0000,STOREFARM,5,어린이 보석십자수 DIY 캐릭터 큐빅 비즈 지니맘 KC인증,지니맘 큐빅십자수  DIY: 17번 아기 유니콘 (액자별매)
3122240768,SELLBLOG,AFTER_USE,"다음에 또 구매하고 싶어요
너무 재미 있어요",2021-02-28T00:59:31.226+0000,STOREFARM,5,어린이 보석십자수 DIY 캐릭터 큐빅 비즈 지니맘 KC인증,지니맘 큐빅십자수  DIY: 30번 작은 유니콘(액자별매)
3117845079,SELLBLOG,NORMAL,아이들이 많이 좋아해요 배송도 빠르고 이뻐요,2021-02-22T01:45:51.523+0000,STOREFARM,5,어린이 보석십자수 DIY 캐릭터 큐빅 비즈 지니맘 KC인증,지니맘 큐빅십자수  DIY: 33번 A장난감(액자별매)
3116769155,SELLBLOG,NORMAL,"아이가즐기면서하기좋은사이즈예요
사이즈별대로있는 큐빅도좋구요
아이가좋아하며 즐길수있는좋은아이템이네요",2021-02-20T08:52:44.089+0000,STOREFARM,5,어린이 보석십자수 DIY 캐릭터 큐빅 비즈 지니맘 KC인증,지니맘 큐빅십자수  DIY: 27번 왕관 고양이(액자별매)
3114967309,SELLBLOG,NORMAL,다음날 바로 배송됐어요. 포장도 꼼꼼하고 액자에 넣어두니 더 예쁘네요.,2021-02-18T06:40:44.514+0000,STOREFARM,5,어린이 보석십자수 DIY 캐릭터 큐빅 비즈 지니맘 KC인증,지니맘 큐빅십자수  DIY: 17번 아기 유니콘 (액자별매)
3116767911,SELLBLOG,NORMAL,"이거너무좋네요
포장도꼼꼼
너무많은건아이가부담스러운데
아이가편하게하기딱좋은사이즈
이쁘네요",2021-02-20T08:51:04.014+0000,STOREFARM,5,어린이 보석십자수 DIY 캐릭터 큐빅 비즈 지니맘 KC인증,지니맘 큐빅십자수  DIY: 9번 겨울사슴 (액자별매)
3135920092,SELLBLOG,NORMAL,좋습니다 저렴하고 아이들이 좋아해요,2021-03-19T05:35:42.859+0000,STOREFARM,5,어린이 보석십자수 DIY 캐릭터 큐빅 비즈 지니맘 KC인증,지니맘 큐빅십자수  DIY: 14번 부엉이 (액자별매)
3109194907,SELLBLOG,NORMAL,"6살아이가 직접골라서 주문했는데 큰 보석14개정도 붙이고는 아빠한테 부탁해서 아빠가 작업했어요
시간과 정성이 많이 들어가는 십자수 입니다
액자까지 해주니 너무 좋아하네요",2021-02-07T14:36:05.815+0000,STOREFARM,5,어린이 보석십자수 DIY 캐릭터 큐빅 비즈 지니맘 KC인증,지니맘 큐빅십자수  DIY: 11번 클로버 (액자별매)
3125069089,SELLBLOG,NORMAL,예쁘고 아주아주좋아요,2021-03-04T11:14:21.793+0000,STOREFARM,5,어린이 보석십자수 DIY 캐릭터 큐빅 비즈 지니맘 KC인증,지니맘 큐빅십자수  DIY: 3번 분홍사슴 (액자별매)
3123447709,SELLBLOG,NORMAL,"쉽고 예쁘게 만들수 있어요
일반 보석십자수보다 빤짝이고 
보석크기도 달라서 
완성했을때 만족이 높은듯해요
9살 아이혼자 2시간이면 완성되는거 같아요
만족합니다.",2021-03-02T04:44:11.798+0000,STOREFARM,5,어린이 보석십자수 DIY 캐릭터 큐빅 비즈 지니맘 KC인증,지니맘 큐빅십자수  DIY: 34번 A낮잠(액자별매)
3121313182,SELLBLOG,NORMAL,"아이가 좋아해요ㅋ
잘 만들게요ㅋ",2021-02-26T10:22:00.709+0000,STOREFARM,5,어린이 보석십자수 DIY 캐릭터 큐빅 비즈 지니맘 KC인증,지니맘 큐빅십자수  DIY: 32번 A하트(액자별매)
3137556790,SELLBLOG,AFTER_USE,받아보니 좋아요 마음에 들어요,2021-03-21T15:40:21.964+0000,STOREFARM,5,어린이 보석십자수 DIY 캐릭터 큐빅 비즈 지니맘 KC인증,지니맘 큐빅십자수  DIY: 12번 돌고래 (액자별매)
3129079318,SELLBLOG,AFTER_USE,초등 2학년 여자아이가 정말 신나게 하고 있어요 한참 걸려서 힘들어하기도 하긴하는데 집중해서 하네요,2021-03-10T00:44:16.937+0000,STOREFARM,5,어린이 보석십자수 DIY 캐릭터 큐빅 비즈 지니맘 KC인증,지니맘 큐빅십자수  DIY: 31번 빨간리본(액자별매)
3129079207,SELLBLOG,AFTER_USE,초등 2학년 여자아이가 정말 신나게 하고 있어요 한참 걸려서 힘들어하기도 하긴하는데 집중해서 하네요,2021-03-10T00:44:05.306+0000,STOREFARM,5,어린이 보석십자수 DIY 캐릭터 큐빅 비즈 지니맘 KC인증,지니맘 큐빅십자수  DIY: 27번 왕관 고양이(액자별매)
3129079123,SELLBLOG,AFTER_USE,초등 2학년 여자아이가 정말 신나게 하고 있어요 한참 걸려서 힘들어하기도 하긴하는데 집중해서 하네요,2021-03-10T00:43:57.293+0000,STOREFARM,5,어린이 보석십자수 DIY 캐릭터 큐빅 비즈 지니맘 KC인증,지니맘 큐빅십자수  DIY: 25번 강아지(액자별매)
3129079012,SELLBLOG,AFTER_USE,초등 2학년 여자아이가 정말 신나게 하고 있어요 한참 걸려서 힘들어하기도 하긴하는데 집중해서 하네요,2021-03-10T00:43:46.795+0000,STOREFARM,5,어린이 보석십자수 DIY 캐릭터 큐빅 비즈 지니맘 KC인증,지니맘 큐빅십자수  DIY: 2번 보라유니콘 (액자별매)
3129078242,SELLBLOG,AFTER_USE,초등 2학년 여자아이가 정말 신나게 하고 있어요 한참 걸려서 힘들어하기도 하긴하는데 집중해서 하네요,2021-03-10T00:42:25.747+0000,STOREFARM,5,어린이 보석십자수 DIY 캐릭터 큐빅 비즈 지니맘 KC인증,지니맘 큐빅십자수  DIY: 1번 유니콘  (액자별매)
3135768382,SELLBLOG,AFTER_USE,선물용으로 열심히 도전중입니다,2021-03-19T02:25:26.600+0000,STOREFARM,5,어린이 보석십자수 DIY 캐릭터 큐빅 비즈 지니맘 KC인증,지니맘 큐빅십자수  DIY: 5번  소녀1 (액자별매)
3121187971,SELLBLOG,NORMAL,첨으로 해봤는데  쉽고  이쁘고~ 뿌듯하네요^^,2021-02-26T07:12:51.785+0000,STOREFARM,5,어린이 보석십자수 DIY 캐릭터 큐빅 비즈 지니맘 KC인증,지니맘 큐빅십자수  DIY: 31번 빨간리본(액자별매)
3115975324,SELLBLOG,AFTER_USE,"최고예요
아이와 함께시간보내기도 너무좋고 작품완성도도 너무높아서 충분히 멋진 선물이 됩니다",2021-02-19T09:01:43.878+0000,STOREFARM,5,어린이 보석십자수 DIY 캐릭터 큐빅 비즈 지니맘 KC인증,지니맘 큐빅십자수  DIY: 4번 홍학 (액자별매)
3120564189,SELLBLOG,NORMAL,정말 너무 예쁘고 포장도 정성들였어요,2021-02-25T11:04:26.655+0000,STOREFARM,5,어린이 보석십자수 DIY 캐릭터 큐빅 비즈 지니맘 KC인증,지니맘 큐빅십자수  DIY: 6번 소녀2 (액자별매)
3135919661,SELLBLOG,NORMAL,너무 만족합니다 가성비좋아요,2021-03-19T05:35:09.057+0000,STOREFARM,5,어린이 보석십자수 DIY 캐릭터 큐빅 비즈 지니맘 KC인증,지니맘 큐빅십자수  DIY: 26번 뿔 돌고래(액자별매)
3129315804,SELLBLOG,AFTER_USE,"둘째아이가 너무너무 재밌게 만들었어요.. 
발다에 좋고 머리도 좋아져요",2021-03-10T06:22:59.663+0000,STOREFARM,5,어린이 보석십자수 DIY 캐릭터 큐빅 비즈 지니맘 KC인증,지니맘 큐빅십자수  DIY: 14번 부엉이 (액자별매)
3111413871,SELLBLOG,NORMAL,아이 둘이 앉아 집중해서 하는 모습보면 괜히 뿌듯하네요ㅋ어린 아이들도 쉽게 해요. 그런데 가끔씩 목운동 시켜주셔야해요ㅋㅋ,2021-02-11T15:42:55.649+0000,STOREFARM,5,어린이 보석십자수 DIY 캐릭터 큐빅 비즈 지니맘 KC인증,지니맘 큐빅십자수  DIY: 26번 뿔 돌고래(액자별매)
3135033412,SELLBLOG,NORMAL,시간도 잘 가고 애들이 재미있게 잘 합니다,2021-03-18T03:44:06.005+0000,STOREFARM,5,어린이 보석십자수 DIY 캐릭터 큐빅 비즈 지니맘 KC인증,지니맘 큐빅십자수  DIY: 26번 뿔 돌고래(액자별매)
3124919142,SELLBLOG,NORMAL,"아이들이 너무 좋아해요~~
액자에 끼워놓으니 예뻐요  목아픈거 참고 할 만 합니다 ㅎㅎ 집중력에도 도움되네요ㅎ",2021-03-04T08:23:42.912+0000,STOREFARM,5,어린이 보석십자수 DIY 캐릭터 큐빅 비즈 지니맘 KC인증,지니맘 큐빅십자수  DIY: 13번 별유니콘 (액자별매)
3129710817,SELLBLOG,NORMAL,"아이가 너무 좋아해요
반짝거려서 다른제품보다 더 이뻐요",2021-03-10T14:14:38.314+0000,STOREFARM,5,어린이 보석십자수 DIY 캐릭터 큐빅 비즈 지니맘 KC인증,지니맘 큐빅십자수  DIY: 25번 강아지(액자별매)
3112942725,SELLBLOG,NORMAL,"아~주 잘받았어요,, 아이가 엄청 기다렸는데 받자마자 좋아하더라구요~ 엄청 하고 싶었나봐요 ㅎ",2021-02-15T23:45:19.696+0000,STOREFARM,5,어린이 보석십자수 DIY 캐릭터 큐빅 비즈 지니맘 KC인증,지니맘 큐빅십자수  DIY: 1번 유니콘  (액자별매)
3114966197,SELLBLOG,NORMAL,주문하고 다음날 바로 받았어요. 포장도 꼼꼼하고 십자수도 예뻐요.,2021-02-18T06:39:27.105+0000,STOREFARM,5,어린이 보석십자수 DIY 캐릭터 큐빅 비즈 지니맘 KC인증,지니맘 큐빅십자수  DIY: 34번 A낮잠(액자별매)
3109243912,SELLBLOG,NORMAL,큐빅이 너무 예뻐서 시켰는데 아무래도 싼 가격이다 보니까 제품 구성 퀄리티가 많이 떨어지더라구요 참고 하셨으면 좋겠습니다ㅜㅠㅠ 완성품은 너무 예뻤어요!,2021-02-07T17:06:13.656+0000,STOREFARM,4,어린이 보석십자수 DIY 캐릭터 큐빅 비즈 지니맘 KC인증,지니맘 큐빅십자수  DIY: 2번 보라유니콘 (액자별매)
3094664282,SELLBLOG,NORMAL,"조카선물로 구입했어요
방학을 맞아 놀러 왔는데 차분히 대화하며
잘 만드네요^^덕분에 새벽 1시까지 함께 만들었어요ㅎㅎ
그리고 전에 해봤던 것보다 보석이 큰게 많고 더 화려하고 영롱해서 예쁘다며 아주 좋다고 하네요^^
액자도 퀄리티가 아주 좋아서 완성해서 벽에 전시했는데 보는 사람마다 예쁘다하니 조카가 뿌듯해 하네요^^",2021-01-19T03:27:00.578+0000,STOREFARM,5,어린이 보석십자수 DIY 캐릭터 큐빅 비즈 지니맘 KC인증,지니맘 큐빅십자수  DIY: 19번 아이스크림 (액자별매)
3134950730,SELLBLOG,AFTER_USE,포장 꼼꼼하게 배송도 빨랐어요,2021-03-18T01:41:49.216+0000,STOREFARM,5,어린이 보석십자수 DIY 캐릭터 큐빅 비즈 지니맘 KC인증,지니맘 큐빅십자수  DIY: 29번 클로버 고양이(액자별매)
3120563634,SELLBLOG,NORMAL,배농도 빠르고 아이가좋아해요,2021-02-25T11:03:43.830+0000,STOREFARM,5,어린이 보석십자수 DIY 캐릭터 큐빅 비즈 지니맘 KC인증,지니맘 큐빅십자수  DIY: 21번 하트십자가 (액자별매)
3134802143,SELLBLOG,NORMAL,아이가 다하면 또 구매할듯해요,2021-03-17T16:34:22.156+0000,STOREFARM,5,어린이 보석십자수 DIY 캐릭터 큐빅 비즈 지니맘 KC인증,지니맘 큐빅십자수  DIY: 9번 겨울사슴 (액자별매)
3134802264,SELLBLOG,NORMAL,아이가 시간가는줄 모르고 하네요 좋아요~,2021-03-17T16:34:55.601+0000,STOREFARM,5,어린이 보석십자수 DIY 캐릭터 큐빅 비즈 지니맘 KC인증,지니맘 큐빅십자수  DIY: 3번 분홍사슴 (액자별매)
3136126775,SELLBLOG,AFTER_USE,너무 좋아요 추천합니다,2021-03-19T10:32:29.200+0000,STOREFARM,5,어린이 보석십자수 DIY 캐릭터 큐빅 비즈 지니맘 KC인증,지니맘 큐빅십자수  DIY: 8번 꽃사슴 (액자별매)
3137009974,SELLBLOG,NORMAL,애들이 엄청 좋아해요~~,2021-03-20T16:48:43.202+0000,STOREFARM,3,어린이 보석십자수 DIY 캐릭터 큐빅 비즈 지니맘 KC인증,지니맘 큐빅십자수  DIY: 8번 꽃사슴 (액자별매)
3137009883,SELLBLOG,NORMAL,애들이 엄청 좋아해요~~,2021-03-20T16:48:20.499+0000,STOREFARM,3,어린이 보석십자수 DIY 캐릭터 큐빅 비즈 지니맘 KC인증,지니맘 큐빅십자수  DIY: 26번 뿔 돌고래(액자별매)
3137009832,SELLBLOG,NORMAL,애들이 엄청 좋아해요~~,2021-03-20T16:48:04.813+0000,STOREFARM,3,어린이 보석십자수 DIY 캐릭터 큐빅 비즈 지니맘 KC인증,지니맘 큐빅십자수  DIY: 17번 아기 유니콘 (액자별매)
3124918082,SELLBLOG,NORMAL,아이들이 택배 받자마자 3시간 만에 끝내 버리네요ㅎㅎ재밌어하고  액자에 끼워놓으니 반짝한게 예뻐요,2021-03-04T08:22:27.505+0000,STOREFARM,5,어린이 보석십자수 DIY 캐릭터 큐빅 비즈 지니맘 KC인증,지니맘 큐빅십자수  DIY: 25번 강아지(액자별매)
3121313539,SELLBLOG,NORMAL,배송이 정말 빠르고 좋아요ㅋ,2021-02-26T10:22:35.912+0000,STOREFARM,5,어린이 보석십자수 DIY 캐릭터 큐빅 비즈 지니맘 KC인증,지니맘 큐빅십자수  DIY: 13번 별유니콘 (액자별매)
3109193521,SELLBLOG,NORMAL,"예뻐요.
애들꺼 시키면서 엄마도 하고 싶어서 했는데 어깨 허리가 너무 아파요.  그런데  은근 중독성있어서 계속하게 됩니다.
재미있어요",2021-02-07T14:33:27.537+0000,STOREFARM,5,어린이 보석십자수 DIY 캐릭터 큐빅 비즈 지니맘 KC인증,지니맘 큐빅십자수  DIY: 10번 안경토끼 (액자별매)
3111724934,SELLBLOG,NORMAL,"6살 아이가 하려고 주문했어요~ 하루에 조금씩 집중해서 하고있네요~
다 하고난 뒤 더 구매하려구요~^^",2021-02-12T14:10:16.482+0000,STOREFARM,5,어린이 보석십자수 DIY 캐릭터 큐빅 비즈 지니맘 KC인증,지니맘 큐빅십자수  DIY: 18번 파란사슴 (액자별매)
3134099919,SELLBLOG,NORMAL,도안이랑 구성 모두 맘에 들어요,2021-03-17T00:18:10.398+0000,STOREFARM,5,어린이 보석십자수 DIY 캐릭터 큐빅 비즈 지니맘 KC인증,지니맘 큐빅십자수  DIY: 4번 홍학 (액자별매)
3118944476,SELLBLOG,NORMAL,너무너무예뻐요~~너무예뻐요~^^,2021-02-23T10:47:19.971+0000,STOREFARM,5,어린이 보석십자수 DIY 캐릭터 큐빅 비즈 지니맘 KC인증,지니맘 큐빅십자수  DIY: 11번 클로버 (액자별매)
3128592567,SELLBLOG,AFTER_USE,짬날때마다 잘 가고놀아요.창의력에도 좋은것같아요.,2021-03-09T08:38:18.451+0000,STOREFARM,5,어린이 보석십자수 DIY 캐릭터 큐빅 비즈 지니맘 KC인증,지니맘 큐빅십자수  DIY: 12번 돌고래 (액자별매)
3134048423,SELLBLOG,NORMAL,"재구매입니다, 상품도 좋고 아이도 좋아해요~",2021-03-16T21:53:56.847+0000,STOREFARM,4,어린이 보석십자수 DIY 캐릭터 큐빅 비즈 지니맘 KC인증,지니맘 큐빅십자수  DIY: 16번 여우 (액자별매)
3131402431,SELLBLOG,AFTER_USE,가족모두 둘러앉아 도란도란 얘기나누며 완성했어요,2021-03-13T00:14:48.630+0000,STOREFARM,5,어린이 보석십자수 DIY 캐릭터 큐빅 비즈 지니맘 KC인증,지니맘 큐빅십자수  DIY: 1번 유니콘  (액자별매)
3116771216,SELLBLOG,NORMAL,"너무많지않아
아이가즐기기좋은듯해요
컬러도이쁘고",2021-02-20T08:55:31.368+0000,STOREFARM,5,어린이 보석십자수 DIY 캐릭터 큐빅 비즈 지니맘 KC인증,지니맘 큐빅십자수  DIY: 15번 핑크 유니콘 (액자별매)
3118917107,SELLBLOG,NORMAL,"배송 빠르고 좋아요
아이가 좋아해용",2021-02-23T10:17:07.064+0000,STOREFARM,5,어린이 보석십자수 DIY 캐릭터 큐빅 비즈 지니맘 KC인증,지니맘 큐빅십자수  DIY: 32번 A하트(액자별매)
3119090583,SELLBLOG,NORMAL,아이들이 옆에서 별 5개를 외치네요,2021-02-23T13:12:13.979+0000,STOREFARM,5,어린이 보석십자수 DIY 캐릭터 큐빅 비즈 지니맘 KC인증,지니맘 큐빅십자수  DIY: 25번 강아지(액자별매)
3133698822,SELLBLOG,NORMAL,배송 빠르고 좋아요 추천합니다,2021-03-16T09:36:53.018+0000,STOREFARM,5,어린이 보석십자수 DIY 캐릭터 큐빅 비즈 지니맘 KC인증,지니맘 큐빅십자수  DIY: 32번 A하트(액자별매)
3133698556,SELLBLOG,NORMAL,배송빠르고 좋아요 추천합니다,2021-03-16T09:36:33.597+0000,STOREFARM,5,어린이 보석십자수 DIY 캐릭터 큐빅 비즈 지니맘 KC인증,지니맘 큐빅십자수  DIY: 17번 아기 유니콘 (액자별매)
3133698279,SELLBLOG,NORMAL,배송 빠르고 좋아요 추천합니다,2021-03-16T09:36:11.537+0000,STOREFARM,5,어린이 보석십자수 DIY 캐릭터 큐빅 비즈 지니맘 KC인증,지니맘 큐빅십자수  DIY: 16번 여우 (액자별매)
3134447524,SELLBLOG,AFTER_USE,선물좋는데 좋아도하네요,2021-03-17T08:35:34.714+0000,STOREFARM,5,어린이 보석십자수 DIY 캐릭터 큐빅 비즈 지니맘 KC인증,지니맘 큐빅십자수  DIY: 28번 하트 고양이(액자별매)
3124434003,SELLBLOG,AFTER_USE,아이가 재밌어하고 완성 후 예쁘다고 좋아하네요. 집에서 심심할때 한번씩 만들기 좋아요.,2021-03-03T14:26:13.146+0000,STOREFARM,5,어린이 보석십자수 DIY 캐릭터 큐빅 비즈 지니맘 KC인증,지니맘 큐빅십자수  DIY: 1번 유니콘  (액자별매)
3130375122,SELLBLOG,NORMAL,아이들이 좋아해요 재구매입니다 ㅎㅎ,2021-03-11T11:59:17.023+0000,STOREFARM,5,어린이 보석십자수 DIY 캐릭터 큐빅 비즈 지니맘 KC인증,지니맘 큐빅십자수  DIY: 24번 돌고래 하트(액자별매)
3130378696,SELLBLOG,AFTER_USE,아이들 집중력 향상에도 좋고 액자에 넣어보니 예뻐요,2021-03-11T12:03:37.683+0000,STOREFARM,5,어린이 보석십자수 DIY 캐릭터 큐빅 비즈 지니맘 KC인증,지니맘 큐빅십자수  DIY: 11번 클로버 (액자별매)
3132150121,SELLBLOG,NORMAL,비즈도 넉넉하고 완성해놓으니 넘 예뻐요!,2021-03-14T02:03:59.038+0000,STOREFARM,5,어린이 보석십자수 DIY 캐릭터 큐빅 비즈 지니맘 KC인증,지니맘 큐빅십자수  DIY: 8번 꽃사슴 (액자별매)
3132149615,SELLBLOG,NORMAL,비즈도 넉넉하고 완성해놓으니 넘 예뻐요!,2021-03-14T02:03:25.941+0000,STOREFARM,5,어린이 보석십자수 DIY 캐릭터 큐빅 비즈 지니맘 KC인증,지니맘 큐빅십자수  DIY: 13번 별유니콘 (액자별매)
3134802031,SELLBLOG,NORMAL,아이가 너무 좋아해요,2021-03-17T16:33:47.949+0000,STOREFARM,5,어린이 보석십자수 DIY 캐릭터 큐빅 비즈 지니맘 KC인증,지니맘 큐빅십자수  DIY: 25번 강아지(액자별매)
3121251066,SELLBLOG,NORMAL,딸이너무조아해용 ㅎ,2021-02-26T08:43:13.836+0000,STOREFARM,5,어린이 보석십자수 DIY 캐릭터 큐빅 비즈 지니맘 KC인증,지니맘 큐빅십자수  DIY: 26번 뿔 돌고래(액자별매)
3111320838,SELLBLOG,NORMAL,배송 빠르고 제품도 좋아요. 아이들이 좋아해서 조카들 선물하려고 여러개 주문했어요ㅎ,2021-02-11T10:07:48.220+0000,STOREFARM,5,어린이 보석십자수 DIY 캐릭터 큐빅 비즈 지니맘 KC인증,지니맘 큐빅십자수  DIY: 18번 파란사슴 (액자별매)
3129272101,SELLBLOG,NORMAL,재미있게 잘했습니다. 큐빅 크기도 다 달라서 붙이는 재미가 더 있었어요,2021-03-10T05:26:45.884+0000,STOREFARM,5,어린이 보석십자수 DIY 캐릭터 큐빅 비즈 지니맘 KC인증,지니맘 큐빅십자수  DIY: 33번 A장난감(액자별매)
3110792185,SELLBLOG,NORMAL,딸이 자꾸 택배 언제 오냐고...진짜 빠른배송 감사해요~도착 하자마자 보석십자수 스타트~~ㅎㅎ,2021-02-10T04:15:25.162+0000,STOREFARM,5,어린이 보석십자수 DIY 캐릭터 큐빅 비즈 지니맘 KC인증,지니맘 큐빅십자수  DIY: 3번 분홍사슴 (액자별매)
3119113142,SELLBLOG,AFTER_USE,완성본 잘 간직하고 있어요,2021-02-23T13:35:09.850+0000,STOREFARM,5,어린이 보석십자수 DIY 캐릭터 큐빅 비즈 지니맘 KC인증,지니맘 큐빅십자수  DIY: 29번 클로버 고양이(액자별매)
3119088806,SELLBLOG,NORMAL,배송도 빠르고 너무 예뻐요,2021-02-23T13:10:27.648+0000,STOREFARM,5,어린이 보석십자수 DIY 캐릭터 큐빅 비즈 지니맘 KC인증,지니맘 큐빅십자수  DIY: 26번 뿔 돌고래(액자별매)
3115673483,SELLBLOG,NORMAL,"아이가 하고싶어해서 샀는데
어느새 내가 더 집중해서 하게 됨.. 뿌듯함ㅋㅋ",2021-02-19T02:55:13.310+0000,STOREFARM,5,어린이 보석십자수 DIY 캐릭터 큐빅 비즈 지니맘 KC인증,지니맘 큐빅십자수  DIY: 8번 꽃사슴 (액자별매)
3115672956,SELLBLOG,NORMAL,"아이가 하고싶어해서 샀는데
어느새 내가 더 집중해서 하게 됨.. 뿌듯함ㅋㅋ",2021-02-19T02:54:42.144+0000,STOREFARM,5,어린이 보석십자수 DIY 캐릭터 큐빅 비즈 지니맘 KC인증,지니맘 큐빅십자수  DIY: 12번 돌고래 (액자별매)
3115672560,SELLBLOG,NORMAL,"아이가 하고싶어해서 샀는데
어느새 내가 더 집중해서 하게 됨.. 뿌듯함ㅋㅋ",2021-02-19T02:54:17.844+0000,STOREFARM,5,어린이 보석십자수 DIY 캐릭터 큐빅 비즈 지니맘 KC인증,지니맘 큐빅십자수  DIY: 21번 하트십자가 (액자별매)
3119088248,SELLBLOG,NORMAL,다 하면 또 재구매할게요,2021-02-23T13:09:52.348+0000,STOREFARM,5,어린이 보석십자수 DIY 캐릭터 큐빅 비즈 지니맘 KC인증,지니맘 큐빅십자수  DIY: 29번 클로버 고양이(액자별매)
3119087423,SELLBLOG,NORMAL,아이들이 엄청 좋아해요,2021-02-23T13:09:08.936+0000,STOREFARM,5,어린이 보석십자수 DIY 캐릭터 큐빅 비즈 지니맘 KC인증,지니맘 큐빅십자수  DIY: 31번 빨간리본(액자별매)
3133787144,SELLBLOG,AFTER_USE,시간날때 하면 좋아요,2021-03-16T11:20:49.387+0000,STOREFARM,5,어린이 보석십자수 DIY 캐릭터 큐빅 비즈 지니맘 KC인증,지니맘 큐빅십자수  DIY: 13번 별유니콘 (액자별매)
3117489381,SELLBLOG,NORMAL,시간가는줄도 모르고 하게 되네요,2021-02-21T10:27:41.117+0000,STOREFARM,5,어린이 보석십자수 DIY 캐릭터 큐빅 비즈 지니맘 KC인증,지니맘 큐빅십자수  DIY: 3번 분홍사슴 (액자별매)
3111318928,SELLBLOG,NORMAL,배송빠르고 제품도 좋아요. 5살 아이가 집중해서 하느라 시간가는줄 모르네요.ㅎ,2021-02-11T09:59:34.559+0000,STOREFARM,5,어린이 보석십자수 DIY 캐릭터 큐빅 비즈 지니맘 KC인증,지니맘 큐빅십자수  DIY: 1번 유니콘  (액자별매)
3119089756,SELLBLOG,NORMAL,실제로 보니까 엄청 블링블링해요,2021-02-23T13:11:24.303+0000,STOREFARM,5,어린이 보석십자수 DIY 캐릭터 큐빅 비즈 지니맘 KC인증,지니맘 큐빅십자수  DIY: 24번 돌고래 하트(액자별매)
3112048157,SELLBLOG,NORMAL,조카선물로 줬는데 잼있어해요. 큐빅도 이쁘고 좋네요,2021-02-13T16:13:48.574+0000,STOREFARM,5,어린이 보석십자수 DIY 캐릭터 큐빅 비즈 지니맘 KC인증,지니맘 큐빅십자수  DIY: 28번 하트 고양이(액자별매)
3111321293,SELLBLOG,NORMAL,배송 빠르고 제품도 좋아요. 조카들과 같이 하려고 여러개 주문했어요ㅎ,2021-02-11T10:09:43.968+0000,STOREFARM,5,어린이 보석십자수 DIY 캐릭터 큐빅 비즈 지니맘 KC인증,지니맘 큐빅십자수  DIY: 17번 아기 유니콘 (액자별매)
3111320477,SELLBLOG,NORMAL,배송 빠르고 제품도 좋아요. 조카들과 같이하려고 여러개 주문했어요ㅎ,2021-02-11T10:06:27.968+0000,STOREFARM,5,어린이 보석십자수 DIY 캐릭터 큐빅 비즈 지니맘 KC인증,지니맘 큐빅십자수  DIY: 9번 겨울사슴 (액자별매)
3133949874,SELLBLOG,NORMAL,열심히 붙이는 중입니다 ㅎㅎ,2021-03-16T14:13:38.875+0000,STOREFARM,5,어린이 보석십자수 DIY 캐릭터 큐빅 비즈 지니맘 KC인증,지니맘 큐빅십자수  DIY: 9번 겨울사슴 (액자별매)
3109196293,SELLBLOG,NORMAL,"초등아이 좋아해요.
시간이 많이 걸리긴했는데 완성작보고 액자까지 해주니  너무 좋아하네요.
반짝반짝 예뻐요",2021-02-07T14:38:38.299+0000,STOREFARM,5,어린이 보석십자수 DIY 캐릭터 큐빅 비즈 지니맘 KC인증,지니맘 큐빅십자수  DIY: 29번 클로버 고양이(액자별매)
3132091627,SELLBLOG,NORMAL,좋아요 이쁘게만들어서 걸어놔야겠어요,2021-03-14T00:49:46.588+0000,STOREFARM,5,어린이 보석십자수 DIY 2+1 캐릭터 큐빅 비즈 지니맘 KC인증,지니맘 큐빅십자수  DIY: 32번 A하트(액자별매)
3132091510,SELLBLOG,NORMAL,좋아요 이쁘게만들어서 걸어놔야겠어요,2021-03-14T00:49:36.229+0000,STOREFARM,5,어린이 보석십자수 DIY 2+1 캐릭터 큐빅 비즈 지니맘 KC인증,지니맘 큐빅십자수  DIY: 6번 소녀2 (액자별매)
3132091410,SELLBLOG,NORMAL,좋아요 이쁘게만들어서 걸어놔야겠어요,2021-03-14T00:49:27.530+0000,STOREFARM,5,어린이 보석십자수 DIY 2+1 캐릭터 큐빅 비즈 지니맘 KC인증,지니맘 큐빅십자수  DIY: 31번 빨간리본(액자별매)
3119083823,SELLBLOG,NORMAL,배송도 빠르고 제품도좋아요,2021-02-23T13:05:32.793+0000,STOREFARM,5,어린이 보석십자수 DIY 캐릭터 큐빅 비즈 지니맘 KC인증,지니맘 큐빅십자수  DIY: 34번 A낮잠(액자별매)
3111054586,SELLBLOG,AFTER_USE,집중하기도 좋고 블링블링 예쁘네요^^*아직 반밖에 완성을 못했어요!!완성되면 너무 예쁠듯요!!,2021-02-10T14:18:56.043+0000,STOREFARM,5,어린이 보석십자수 DIY 캐릭터 큐빅 비즈 지니맘 KC인증,지니맘 큐빅십자수  DIY: 13번 별유니콘 (액자별매)
3108372130,SELLBLOG,NORMAL,아이들이 정말 좋아하네요 싸게 잘 구입했습니다.,2021-02-06T09:55:12.584+0000,STOREFARM,5,어린이 보석십자수 DIY 캐릭터 큐빅 비즈 지니맘 KC인증,지니맘 큐빅십자수  DIY: 27번 왕관 고양이(액자별매)
3119952314,SELLBLOG,AFTER_USE,5살 아들은 좀 어려워하고 7살 딸은 집중잘하네요ㅎㅎ 만들고나니 너무 이뻐요^^ 오히려 어른들 취미용으로 만들기에도 좋을듯합니다. 힐링되네요,2021-02-24T14:33:03.548+0000,STOREFARM,5,어린이 보석십자수 DIY 캐릭터 큐빅 비즈 지니맘 KC인증,지니맘 큐빅십자수  DIY: 1번 유니콘  (액자별매)
3087718089,SELLBLOG,AFTER_USE,시간가는줄 모르고 집중해서 뚝딱! 아이들이 하는동안 고요한 집안에서 전 커피한잔의 여유를~ 완성하고나서 각자 방에 예쁜게 놓아두었어요~ 너무 예쁘네요. 근데 액자 플라스틱은 왜 푸른걸까요? 투명이면 좋았을것 같은 아쉬움이 있네요ㅎㅎ 비즈도 넉너해서 남았는데 그냥 버리기엔 아깝고 모라도 해보고싶다는 생각에 우선 보관해두었네요~  많이 파세요!,2021-01-10T07:38:35.169+0000,STOREFARM,5,어린이 보석십자수 DIY 캐릭터 큐빅 비즈 지니맘 KC인증,지니맘 큐빅십자수  DIY: 24번 강아지(액자별매)
3087717791,SELLBLOG,AFTER_USE,시간가는줄 모르고 집중해서 뚝딱! 아이들이 하는동안 고요한 집안에서 전 커피한잔의 여유를~ 완성하고나서 각자 방에 예쁜게 놓아두었어요~ 너무 예쁘네요. 근데 액자 플라스틱은 왜 푸른걸까요? 투명이면 좋았을것 같은 아쉬움이 있네요ㅎㅎ 비즈도 넉너해서 남았는데 그냥 버리기엔 아깝고 모라도 해보고싶다는 생각에 우선 보관해두었네요~  많이 파세요!,2021-01-10T07:38:06.415+0000,STOREFARM,5,어린이 보석십자수 DIY 캐릭터 큐빅 비즈 지니맘 KC인증,지니맘 큐빅십자수  DIY: 8번 꽃사슴 (액자별매)
3087717507,SELLBLOG,AFTER_USE,시간가는줄 모르고 집중해서 뚝딱! 아이들이 하는동안 고요한 집안에서 전 커피한잔의 여유를~ 완성하고나서 각자 방에 예쁜게 놓아두었어요~ 너무 예쁘네요. 근데 액자 플라스틱은 왜 푸른걸까요? 투명이면 좋았을것 같은 아쉬움이 있네요ㅎㅎ 비즈도 넉너해서 남았는데 그냥 버리기엔 아깝고 모라도 해보고싶다는 생각에 우선 보관해두었네요~  많이 파세요!,2021-01-10T07:37:37.725+0000,STOREFARM,5,어린이 보석십자수 DIY 캐릭터 큐빅 비즈 지니맘 KC인증,지니맘 큐빅십자수  DIY: 23번 돌고래 하트(액자별매)
3087717208,SELLBLOG,AFTER_USE,시간가는줄 모르고 집중해서 뚝딱! 아이들이 하는동안 고요한 집안에서 전 커피한잔의 여유를~ 완성하고나서 각자 방에 예쁜게 놓아두었어요~ 너무 예쁘네요. 근데 액자 플라스틱은 왜 푸른걸까요? 투명이면 좋았을것 같은 아쉬움이 있네요ㅎㅎ 비즈도 넉너해서 남았는데 그냥 버리기엔 아깝고 모라도 해보고싶다는 생각에 우선 보관해두었네요~  많이 파세요!,2021-01-10T07:37:07.573+0000,STOREFARM,5,어린이 보석십자수 DIY 캐릭터 큐빅 비즈 지니맘 KC인증,지니맘 큐빅십자수  DIY: 16번 여우 (액자별매)
3111819439,SELLBLOG,NORMAL,배송빠르고 좋아요 연휴에 심심해 할까봐 사줬어요,2021-02-13T01:57:21.385+0000,STOREFARM,5,어린이 보석십자수 DIY 캐릭터 큐빅 비즈 지니맘 KC인증,지니맘 큐빅십자수  DIY: 26번 뿔 돌고래(액자별매)
3111319617,SELLBLOG,NORMAL,배송 빠르고 제품도 좋아요. 조카들도 같이 하려고 여러개 주문했어요ㅎ,2021-02-11T10:02:51.427+0000,STOREFARM,5,어린이 보석십자수 DIY 캐릭터 큐빅 비즈 지니맘 KC인증,지니맘 큐빅십자수  DIY: 3번 분홍사슴 (액자별매)
3131401911,SELLBLOG,AFTER_USE,아이들 집중력에 정말 좋아요,2021-03-13T00:13:51.508+0000,STOREFARM,5,어린이 보석십자수 DIY 캐릭터 큐빅 비즈 지니맘 KC인증,지니맘 큐빅십자수  DIY: 25번 강아지(액자별매)
3131730587,SELLBLOG,NORMAL,애기꺼 샀어요 잘 만들엇음,2021-03-13T07:53:38.426+0000,STOREFARM,5,어린이 보석십자수 DIY 캐릭터 큐빅 비즈 지니맘 KC인증,지니맘 큐빅십자수  DIY: 7번 사자 (액자별매)
3116678994,SELLBLOG,NORMAL,아이가 좋아 해서 3번째 구매입니다~,2021-02-20T06:50:02.593+0000,STOREFARM,5,어린이 보석십자수 DIY 캐릭터 큐빅 비즈 지니맘 KC인증,지니맘 큐빅십자수  DIY: 29번 클로버 고양이(액자별매)
3110359071,SELLBLOG,NORMAL,8살 딸래미 집중력좀 키워볼까 해서 샀는데 재밌나봐요. 제법 잘 앉아있네요.,2021-02-09T09:46:56.140+0000,STOREFARM,5,어린이 보석십자수 DIY 캐릭터 큐빅 비즈 지니맘 KC인증,지니맘 큐빅십자수  DIY: 14번 부엉이 (액자별매)
3103755433,SELLBLOG,NORMAL,처음접해보는거고 뭔지몰라 대충시켜봤는데 아이가 받자마자 너무 좋아해서 하루종일 집주 해서 시바견했어요~~다른상품도 잘해보고 또주문할께요,2021-01-31T05:08:15.656+0000,STOREFARM,5,어린이 보석십자수 DIY 캐릭터 큐빅 비즈 지니맘 KC인증,지니맘 큐빅십자수  DIY: 1번 유니콘  (액자별매)
3103754991,SELLBLOG,NORMAL,처음접해보는거고 뭔지몰라 대충시켜봤는데 아이가 받자마자 너무 좋아해서 하루종일 집주 해서 시바견했어요~~다른상품도 잘해보고 또주문할께요,2021-01-31T05:07:23.085+0000,STOREFARM,5,어린이 보석십자수 DIY 캐릭터 큐빅 비즈 지니맘 KC인증,지니맘 큐빅십자수  DIY: 25번 강아지(액자별매)
3114668443,SELLBLOG,NORMAL,"두번째 구매에요..
조카하나 해보라고 선물로 1개
하나는 우리딸 다른 디자인으로 해본다고해서 1개
 
집콕으로 있을때 아이들이 집중해서하기 넘 좋아요..해놓으면 이쁘고요
이번에 완성하면 할머니 선물로 드리려고요~~ㅎㅎ",2021-02-18T00:39:16.352+0000,STOREFARM,5,어린이 보석십자수 DIY 캐릭터 큐빅 비즈 지니맘 KC인증,지니맘 큐빅십자수  DIY: 9번 겨울사슴 (액자별매)
3132056751,SELLBLOG,AFTER_USE,또 구매할 의향있어여,2021-03-13T23:16:42.696+0000,STOREFARM,5,어린이 보석십자수 DIY 캐릭터 큐빅 비즈 지니맘 KC인증,지니맘 큐빅십자수  DIY: 15번 핑크 유니콘 (액자별매)
3130763677,SELLBLOG,NORMAL,색깔이나무예쁘고맘에들어요~,2021-03-12T02:38:55.854+0000,STOREFARM,5,어린이 보석십자수 DIY 캐릭터 큐빅 비즈 지니맘 KC인증,지니맘 큐빅십자수  DIY: 24번 돌고래 하트(액자별매)
3126298507,SELLBLOG,AFTER_USE,아이들이 재밌어해요 예쁘구요 강력추천,2021-03-06T03:35:23.726+0000,STOREFARM,5,어린이 보석십자수 DIY 캐릭터 큐빅 비즈 지니맘 KC인증,지니맘 큐빅십자수  DIY: 13번 별유니콘 (액자별매)
3114156955,SELLBLOG,AFTER_USE,아이들이 너무좋아합니다.  반짝거리구 예뻐요.,2021-02-17T09:04:32.917+0000,STOREFARM,5,어린이 보석십자수 DIY 캐릭터 큐빅 비즈 지니맘 KC인증,지니맘 큐빅십자수  DIY: 3번 분홍사슴 (액자별매)
3128592986,SELLBLOG,AFTER_USE,시간날때마다 안질려하고 잘가지고놀아요~,2021-03-09T08:38:48.127+0000,STOREFARM,5,어린이 보석십자수 DIY 캐릭터 큐빅 비즈 지니맘 KC인증,지니맘 큐빅십자수  DIY: 13번 별유니콘 (액자별매)
3111319994,SELLBLOG,NORMAL,배송도 빠르고 제품도 좋아요. 완성하고 보니 더 에쁘네요ㅎ,2021-02-11T10:04:29.493+0000,STOREFARM,5,어린이 보석십자수 DIY 캐릭터 큐빅 비즈 지니맘 KC인증,지니맘 큐빅십자수  DIY: 13번 별유니콘 (액자별매)
3102257022,SELLBLOG,NORMAL,"배송 빠르고  잘포장되어 왔네요  .
여유분으로 비즈도 많이 들어 있고 풀도 넉넉히 들어있어서 아이들이 잘했어요",2021-01-29T02:33:08.769+0000,STOREFARM,4,어린이 보석십자수 DIY 캐릭터 큐빅 비즈 지니맘 KC인증,지니맘 큐빅십자수  DIY: 31번 빨간리본(액자별매)
3131402129,SELLBLOG,AFTER_USE,작품 완성도가 제법이네요^^,2021-03-13T00:14:14.445+0000,STOREFARM,5,어린이 보석십자수 DIY 캐릭터 큐빅 비즈 지니맘 KC인증,지니맘 큐빅십자수  DIY: 28번 하트 고양이(액자별매)
3104046424,SELLBLOG,NORMAL,"재미있네요~ 
액자에 넣으니 제법 멋집니다! 
아이도 쉽게 할 수 있어 좋아합니다~",2021-01-31T14:17:36.883+0000,STOREFARM,5,어린이 보석십자수 DIY 캐릭터 큐빅 비즈 지니맘 KC인증,지니맘 큐빅십자수  DIY: 13번 별유니콘 (액자별매)
3108032604,SELLBLOG,NORMAL,딸아이 동네언니 생일선물로 줬어요 맘에 들어했음 좋겠어요 살짝 열어보니 퀄 좋았어요,2021-02-06T02:18:38.449+0000,STOREFARM,5,어린이 보석십자수 DIY 캐릭터 큐빅 비즈 지니맘 KC인증,지니맘 큐빅십자수  DIY: 1번 유니콘  (액자별매)
3129822468,SELLBLOG,AFTER_USE,아이가너무좋아하고 너무재밌어해요,2021-03-10T22:54:21.563+0000,STOREFARM,5,어린이 보석십자수 DIY 캐릭터 큐빅 비즈 지니맘 KC인증,지니맘 큐빅십자수  DIY: 11번 클로버 (액자별매)
3110711983,SELLBLOG,NORMAL,빠른배송 아이생일선물로 구매했어요 너무좋아해요,2021-02-10T01:19:44.694+0000,STOREFARM,5,어린이 보석십자수 DIY 캐릭터 큐빅 비즈 지니맘 KC인증,지니맘 큐빅십자수  DIY: 21번 하트십자가 (액자별매)
3122265703,SELLBLOG,NORMAL,2개시켰는데  사이즈도 둘이 틀리고 액자랑 사이즈 틀려서 좀 당황  액자도 어차피 제가 고른거니까 잘 안보고산 제잘못 이지요,2021-02-28T01:34:09.339+0000,STOREFARM,2,어린이 보석십자수 DIY 캐릭터 큐빅 비즈 지니맘 KC인증,지니맘 큐빅십자수  DIY: 1번 유니콘  (액자별매)
3133117619,SELLBLOG,NORMAL,여기꺼가 젤예ㅣ뻐요,2021-03-15T12:07:00.276+0000,STOREFARM,5,어린이 보석십자수 DIY 캐릭터 큐빅 비즈 지니맘 KC인증,지니맘 큐빅십자수  DIY: 6번 소녀2 (액자별매)
3130376330,SELLBLOG,NORMAL,아이들이 너무 좋아해요,2021-03-11T12:00:39.573+0000,STOREFARM,5,어린이 보석십자수 DIY 캐릭터 큐빅 비즈 지니맘 KC인증,지니맘 큐빅십자수  DIY: 1번 유니콘  (액자별매)
3130375356,SELLBLOG,NORMAL,아이들이 너무 좋아해요,2021-03-11T11:59:32.458+0000,STOREFARM,5,어린이 보석십자수 DIY 캐릭터 큐빅 비즈 지니맘 KC인증,지니맘 큐빅십자수  DIY: 31번 빨간리본(액자별매)
3130370032,SELLBLOG,NORMAL,아이들이 너무 좋아해요,2021-03-11T11:53:20.227+0000,STOREFARM,5,어린이 보석십자수 DIY 캐릭터 큐빅 비즈 지니맘 KC인증,지니맘 큐빅십자수  DIY: 19번 아이스크림 (액자별매)
3117200245,SELLBLOG,NORMAL,블링블링 예쁘고 재미있습니다.,2021-02-21T01:59:58.321+0000,STOREFARM,5,어린이 보석십자수 DIY 캐릭터 큐빅 비즈 지니맘 KC인증,지니맘 큐빅십자수  DIY: 10번 안경토끼 (액자별매)
3128720970,SELLBLOG,NORMAL,아이가 즐거워하고 비즈도 예뻐요,2021-03-09T11:06:17.087+0000,STOREFARM,5,어린이 보석십자수 DIY 캐릭터 큐빅 비즈 지니맘 KC인증,지니맘 큐빅십자수  DIY: 8번 꽃사슴 (액자별매)
3128720771,SELLBLOG,NORMAL,아이가 즐거워하고 비즈도 예뻐요,2021-03-09T11:06:05.280+0000,STOREFARM,5,어린이 보석십자수 DIY 캐릭터 큐빅 비즈 지니맘 KC인증,지니맘 큐빅십자수  DIY: 1번 유니콘  (액자별매)
3130376003,SELLBLOG,AFTER_USE,"구슬이 예쁘고, 접착력이 뛰어납니다",2021-03-11T12:00:16.046+0000,STOREFARM,5,어린이 보석십자수 DIY 캐릭터 큐빅 비즈 지니맘 KC인증,지니맘 큐빅십자수  DIY: 26번 뿔 돌고래(액자별매)
3130529669,SELLBLOG,NORMAL,간단하고 예뻐요 취미로 좋아요,2021-03-11T15:33:48.808+0000,STOREFARM,5,어린이 보석십자수 DIY 캐릭터 큐빅 비즈 지니맘 KC인증,지니맘 큐빅십자수  DIY: 28번 하트 고양이(액자별매)
3130529579,SELLBLOG,NORMAL,간단하고 예뻐요 취미로 좋아요,2021-03-11T15:33:37.409+0000,STOREFARM,5,어린이 보석십자수 DIY 캐릭터 큐빅 비즈 지니맘 KC인증,지니맘 큐빅십자수  DIY: 33번 A장난감(액자별매)
3130529511,SELLBLOG,NORMAL,간단하고 예뻐요 취미로 좋아요,2021-03-11T15:33:26.536+0000,STOREFARM,5,어린이 보석십자수 DIY 캐릭터 큐빅 비즈 지니맘 KC인증,지니맘 큐빅십자수  DIY: 31번 빨간리본(액자별매)
3130529422,SELLBLOG,NORMAL,간단하고 예뻐요 취미로 좋아요,2021-03-11T15:33:14.936+0000,STOREFARM,5,어린이 보석십자수 DIY 캐릭터 큐빅 비즈 지니맘 KC인증,지니맘 큐빅십자수  DIY: 29번 클로버 고양이(액자별매)
3130529344,SELLBLOG,NORMAL,간단하고 예뻐요 취미로 좋아요,2021-03-11T15:33:03.584+0000,STOREFARM,5,어린이 보석십자수 DIY 캐릭터 큐빅 비즈 지니맘 KC인증,지니맘 큐빅십자수  DIY: 27번 왕관 고양이(액자별매)
3130529260,SELLBLOG,NORMAL,간단하고 예뻐요 취미로 좋아요,2021-03-11T15:32:51.508+0000,STOREFARM,5,어린이 보석십자수 DIY 캐릭터 큐빅 비즈 지니맘 KC인증,지니맘 큐빅십자수  DIY: 26번 뿔 돌고래(액자별매)
3130529142,SELLBLOG,NORMAL,간단하고 예뻐요 취미로 좋아요,2021-03-11T15:32:32.829+0000,STOREFARM,5,어린이 보석십자수 DIY 캐릭터 큐빅 비즈 지니맘 KC인증,지니맘 큐빅십자수  DIY: 25번 강아지(액자별매)
3130528831,SELLBLOG,NORMAL,간단하고 예뻐요 취미로 좋아요,2021-03-11T15:31:39.568+0000,STOREFARM,5,어린이 보석십자수 DIY 캐릭터 큐빅 비즈 지니맘 KC인증,지니맘 큐빅십자수  DIY: 24번 돌고래 하트(액자별매)
3128383785,SELLBLOG,AFTER_USE,너무 만족합니다 재구매의사있음,2021-03-09T03:51:08.161+0000,STOREFARM,5,어린이 보석십자수 DIY 캐릭터 큐빅 비즈 지니맘 KC인증,지니맘 큐빅십자수  DIY: 25번 강아지(액자별매)
3128383554,SELLBLOG,AFTER_USE,너무 만족합니다 재구매의사있음,2021-03-09T03:50:47.543+0000,STOREFARM,5,어린이 보석십자수 DIY 캐릭터 큐빅 비즈 지니맘 KC인증,지니맘 큐빅십자수  DIY: 10번 안경토끼 (액자별매)
3128381682,SELLBLOG,AFTER_USE,너무 만족합니다 재구매의사있음,2021-03-09T03:47:49.978+0000,STOREFARM,5,어린이 보석십자수 DIY 캐릭터 큐빅 비즈 지니맘 KC인증,지니맘 큐빅십자수  DIY: 6번 소녀2 (액자별매)
3128378001,SELLBLOG,AFTER_USE,너무 만족합니다 재구매의사있음,2021-03-09T03:41:51.442+0000,STOREFARM,5,어린이 보석십자수 DIY 캐릭터 큐빅 비즈 지니맘 KC인증,지니맘 큐빅십자수  DIY: 3번 분홍사슴 (액자별매)
3128377692,SELLBLOG,AFTER_USE,너무 만족합니다 재구매의사있음,2021-03-09T03:41:19.089+0000,STOREFARM,5,어린이 보석십자수 DIY 캐릭터 큐빅 비즈 지니맘 KC인증,지니맘 큐빅십자수  DIY: 1번 유니콘  (액자별매)
3128008625,SELLBLOG,NORMAL,아이하려고 샀는데 제가 빠져버렸네요ㅋ,2021-03-08T11:29:25.917+0000,STOREFARM,5,어린이 보석십자수 DIY 캐릭터 큐빅 비즈 지니맘 KC인증,지니맘 큐빅십자수  DIY: 19번 아이스크림 (액자별매)
3122546440,SELLBLOG,NORMAL,올해 7세 된 아이 집중해서 잘 하네요~ 첫날은 밥 먹고 이것만 했어요 ㅋㅋㅋ,2021-02-28T11:39:18.210+0000,STOREFARM,5,어린이 보석십자수 DIY 캐릭터 큐빅 비즈 지니맘 KC인증,지니맘 큐빅십자수  DIY: 28번 하트 고양이(액자별매)
3110359773,SELLBLOG,NORMAL,아이가 재밌어해요. 8살인데 도움없이 혼자서도 잘하네요.,2021-02-09T09:47:59.097+0000,STOREFARM,5,어린이 보석십자수 DIY 캐릭터 큐빅 비즈 지니맘 KC인증,지니맘 큐빅십자수  DIY: 1번 유니콘  (액자별매)
3128593949,SELLBLOG,AFTER_USE,좋아요~~ 아이가 좋아해요,2021-03-09T08:39:59.404+0000,STOREFARM,5,어린이 보석십자수 DIY 캐릭터 큐빅 비즈 지니맘 KC인증,지니맘 큐빅십자수  DIY: 17번 아기 유니콘 (액자별매)
3128591946,SELLBLOG,AFTER_USE,좋아요~~ 아이가 좋아해요,2021-03-09T08:37:31.580+0000,STOREFARM,5,어린이 보석십자수 DIY 캐릭터 큐빅 비즈 지니맘 KC인증,지니맘 큐빅십자수  DIY: 13번 별유니콘 (액자별매)
3129890654,SELLBLOG,NORMAL,애들이 하기 딱좋네요,2021-03-11T01:02:43.029+0000,STOREFARM,5,어린이 보석십자수 DIY 캐릭터 큐빅 비즈 지니맘 KC인증,지니맘 큐빅십자수  DIY: 13번 별유니콘 (액자별매)
3128464507,SELLBLOG,NORMAL,아이가 하기 적당하고 좋아해요,2021-03-09T05:51:33.042+0000,STOREFARM,5,어린이 보석십자수 DIY 캐릭터 큐빅 비즈 지니맘 KC인증,지니맘 큐빅십자수  DIY: 14번 부엉이 (액자별매)
3111572898,SELLBLOG,AFTER_USE,"아이가 너무 좋아해요
또 구매 하려고요",2021-02-12T05:26:48.442+0000,STOREFARM,5,어린이 보석십자수 DIY 캐릭터 큐빅 비즈 지니맘 KC인증,지니맘 큐빅십자수  DIY: 13번 별유니콘 (액자별매)
3128221485,SELLBLOG,NORMAL,예쁘고 귀여워 애기가 잘하네요,2021-03-09T00:21:17.843+0000,STOREFARM,5,어린이 보석십자수 DIY 캐릭터 큐빅 비즈 지니맘 KC인증,지니맘 큐빅십자수  DIY: 31번 빨간리본(액자별매)
3122545232,SELLBLOG,NORMAL,올해 7세 된 아이 집중해서 잘하네요~ 첨엔 밥 먹고 이것만 했어요 ㅋㅋㅋ,2021-02-28T11:36:52.909+0000,STOREFARM,5,어린이 보석십자수 DIY 캐릭터 큐빅 비즈 지니맘 KC인증,지니맘 큐빅십자수  DIY: 29번 클로버 고양이(액자별매)
3117200993,SELLBLOG,NORMAL,억수로 재미있어요~^^,2021-02-21T02:00:52.192+0000,STOREFARM,5,어린이 보석십자수 DIY 캐릭터 큐빅 비즈 지니맘 KC인증,지니맘 큐빅십자수  DIY: 19번 아이스크림 (액자별매)
3106395312,SELLBLOG,AFTER_USE,"아이가 한번 해보더니 또 사달라고 하네요
액자로 해 놓으니 더 이쁘고 인테리어 효과 있네요",2021-02-04T00:34:11.010+0000,STOREFARM,5,어린이 보석십자수 DIY 캐릭터 큐빅 비즈 지니맘 KC인증,지니맘 큐빅십자수  DIY: 13번 별유니콘 (액자별매)
3115034840,SELLBLOG,NORMAL,아이와 함께 즐겁게 했네요 ^^,2021-02-18T07:57:28.868+0000,STOREFARM,5,어린이 보석십자수 DIY 캐릭터 큐빅 비즈 지니맘 KC인증,지니맘 큐빅십자수  DIY: 19번 아이스크림 (액자별매)
3111055407,SELLBLOG,AFTER_USE,아이가 다 뜯어버려서 찾는데 어려움이 있지만 너무 재미있어하네요^^,2021-02-10T14:21:09.826+0000,STOREFARM,5,어린이 보석십자수 DIY 캐릭터 큐빅 비즈 지니맘 KC인증,지니맘 큐빅십자수  DIY: 1번 유니콘  (액자별매)
3110568004,SELLBLOG,NORMAL,이쁜 녹색 토끼네요  선물용으로 삿어오,2021-02-09T14:29:31.855+0000,STOREFARM,5,어린이 보석십자수 DIY 캐릭터 큐빅 비즈 지니맘 KC인증,지니맘 큐빅십자수  DIY: 10번 안경토끼 (액자별매)
3091597785,SELLBLOG,NORMAL,큰애가 너무 좋아하네요..  오자마자 벌써 한개 완성하고  액자도 마음에 드네요,2021-01-15T02:07:58.985+0000,STOREFARM,5,어린이 보석십자수 DIY 캐릭터 큐빅 비즈 지니맘 KC인증,지니맘 큐빅십자수  DIY: 13번 별유니콘 (액자별매)
3126468961,SELLBLOG,NORMAL,우리애가 넝넘 좋아하네요 2주만에 두개 완성했네요,2021-03-06T07:25:47.599+0000,STOREFARM,5,어린이 보석십자수 DIY 캐릭터 큐빅 비즈 지니맘 KC인증,지니맘 큐빅십자수  DIY: 9번 겨울사슴 (액자별매)
3111054959,SELLBLOG,AFTER_USE,아직 안해봤네요~~만들어놓으면 예쁠것같아요!!,2021-02-10T14:19:54.656+0000,STOREFARM,5,어린이 보석십자수 DIY 캐릭터 큐빅 비즈 지니맘 KC인증,지니맘 큐빅십자수  DIY: 3번 분홍사슴 (액자별매)
3128593413,SELLBLOG,AFTER_USE,질리지않고 잘가지고 노네요~,2021-03-09T08:39:19.762+0000,STOREFARM,5,어린이 보석십자수 DIY 캐릭터 큐빅 비즈 지니맘 KC인증,지니맘 큐빅십자수  DIY: 2번 보라유니콘 (액자별매)
3122546795,SELLBLOG,NORMAL,올해 7세 된 아이 집중해서 잘 하네요~ 완성하니 반짝반짝 예뻐요,2021-02-28T11:40:02.203+0000,STOREFARM,5,어린이 보석십자수 DIY 캐릭터 큐빅 비즈 지니맘 KC인증,지니맘 큐빅십자수  DIY: 27번 왕관 고양이(액자별매)
3109862459,SELLBLOG,NORMAL,아이들이 스스로 해요.  집중력길러주기~~ 어렵지않아요,2021-02-08T13:58:06.536+0000,STOREFARM,5,어린이 보석십자수 DIY 캐릭터 큐빅 비즈 지니맘 KC인증,지니맘 큐빅십자수  DIY: 26번 뿔 돌고래(액자별매)
3108067164,SELLBLOG,NORMAL,명절에 조카들 시키려고 구매했습니다. 배송빠르네요. 얼른 구매하세요^^,2021-02-06T03:02:55.255+0000,STOREFARM,5,어린이 보석십자수 DIY 캐릭터 큐빅 비즈 지니맘 KC인증,지니맘 큐빅십자수  DIY: 15번 핑크 유니콘 (액자별매)
3108066759,SELLBLOG,NORMAL,명절에 조카들 시키려고 구매했습니다. 배송빠르네요. 얼른 구매하세요^^,2021-02-06T03:02:24.607+0000,STOREFARM,5,어린이 보석십자수 DIY 캐릭터 큐빅 비즈 지니맘 KC인증,지니맘 큐빅십자수  DIY: 9번 겨울사슴 (액자별매)
3107775697,SELLBLOG,AFTER_USE,하면서도 즐겁고 보면서도 즐겁네요~^^  아이들 너무 좋아해요~  또 구매해보렵니다~^^,2021-02-05T13:02:48.337+0000,STOREFARM,5,어린이 보석십자수 DIY 캐릭터 큐빅 비즈 지니맘 kc인증,지니맘 큐빅십자수  DIY: 18번 파란사슴 (액자별매)
3078139836,SELLBLOG,NORMAL,"완성해서 액자에 넣어 장식하니 너무 예쁘네요.
반짝반짝 볼때마다 기분좋아요.
더 다양한 상품들이 나오길 기대합니다. 
포장도 깔끔하고 여유비즈가 많아 듬직^^",2020-12-28T18:53:55.071+0000,STOREFARM,5,어린이 보석십자수 DIY 캐릭터 큐빅 비즈 지니맘 KC인증,지니맘 큐빅십자수  DIY: 3번 분홍사슴 (액자별매)
3145356782,SELLBLOG,NORMAL,좋아요좋아요좋아요좋아요좋아요좋아요좋아요좋아요,2021-04-01T19:14:15.674+0000,STOREFARM,5,어린이 보석십자수 DIY 캐릭터 큐빅 비즈 지니맘 정품 KC인증,타입선택: B타입(15cm15cm도안) / 디자인: B6번 클로버 고양이(액자별매)
3122547127,SELLBLOG,NORMAL,올해 7세 된 아이 집중해서 잘 하네요~ 완성하니 반짝반짝 예뻐요~~,2021-02-28T11:40:44.687+0000,STOREFARM,5,어린이 보석십자수 DIY 캐릭터 큐빅 비즈 지니맘 KC인증,지니맘 큐빅십자수  DIY: 25번 강아지(액자별매)
3109772570,SELLBLOG,NORMAL,아이가 좋아해요. 배송료 때문에 여러개씩 구입해요. ^^,2021-02-08T11:31:46.503+0000,STOREFARM,5,어린이 보석십자수 DIY 캐릭터 큐빅 비즈 지니맘 KC인증,지니맘 큐빅십자수  DIY: 31번 빨간리본(액자별매)
3128464932,SELLBLOG,NORMAL,재미있어하고 좋아해요,2021-03-09T05:52:09.337+0000,STOREFARM,5,어린이 보석십자수 DIY 캐릭터 큐빅 비즈 지니맘 KC인증,지니맘 큐빅십자수  DIY: 13번 별유니콘 (액자별매)
3125173446,SELLBLOG,NORMAL,아이도 어른도 완성품 보고 감탄하지 않는 사람이 없어요~~,2021-03-04T12:56:57.268+0000,STOREFARM,5,어린이 보석십자수 DIY 캐릭터 큐빅 비즈 지니맘 KC인증,지니맘 큐빅십자수  DIY: 1번 유니콘  (액자별매)
3115035389,SELLBLOG,NORMAL,아이와 줄겁게 했어요^^,2021-02-18T07:58:02.757+0000,STOREFARM,5,어린이 보석십자수 DIY 캐릭터 큐빅 비즈 지니맘 KC인증,지니맘 큐빅십자수  DIY: 29번 클로버 고양이(액자별매)
3110330245,SELLBLOG,NORMAL,"아이가너무좋아해요
빠른배송감사드려요",2021-02-09T09:02:54.582+0000,STOREFARM,5,어린이 보석십자수 DIY 캐릭터 큐빅 비즈 지니맘 KC인증,지니맘 큐빅십자수  DIY: 12번 돌고래 (액자별매)
3124935245,SELLBLOG,NORMAL,두번째 구매입니다~7살 딸과 함께 집중력 키우기 좋아용~^^,2021-03-04T08:42:39.913+0000,STOREFARM,4,어린이 보석십자수 DIY 캐릭터 큐빅 비즈 지니맘 KC인증,지니맘 큐빅십자수  DIY: 7번 사자 (액자별매)
3110567566,SELLBLOG,NORMAL,이뻐요 선물로 최고에요 미리미리  사 놓아요,2021-02-09T14:28:45.072+0000,STOREFARM,5,어린이 보석십자수 DIY 캐릭터 큐빅 비즈 지니맘 KC인증,지니맘 큐빅십자수  DIY: 11번 클로버 (액자별매)
3109861790,SELLBLOG,NORMAL,아이들이좋아해요. 집중력 키워주기 짱,2021-02-08T13:56:55.065+0000,STOREFARM,5,어린이 보석십자수 DIY 캐릭터 큐빅 비즈 지니맘 KC인증,지니맘 큐빅십자수  DIY: 19번 아이스크림 (액자별매)
3108883706,SELLBLOG,NORMAL,비즈랑 도안이 너무 예뻐요~~~☆ 6세8세 아이들 하기 좋습니다,2021-02-07T05:17:27.757+0000,STOREFARM,5,어린이 보석십자수 DIY 캐릭터 큐빅 비즈 지니맘 KC인증,지니맘 큐빅십자수  DIY: 13번 별유니콘 (액자별매)
3135313541,SELLBLOG,AFTER_USE,좋아요~~~~~~~~,2021-03-18T09:59:05.883+0000,STOREFARM,5,어린이 보석십자수 DIY 캐릭터 큐빅 비즈 지니맘 KC인증,지니맘 큐빅십자수  DIY: 9번 겨울사슴 (액자별매)
3113355646,SELLBLOG,NORMAL,조성아 물분크림 파스타,2021-02-16T10:43:10.801+0000,STOREFARM,5,어린이 보석십자수 DIY 캐릭터 큐빅 비즈 지니맘 KC인증,지니맘 큐빅십자수  DIY: 1번 유니콘  (액자별매)
3128221701,SELLBLOG,NORMAL,아이가 재미있어해요,2021-03-09T00:21:38.626+0000,STOREFARM,5,어린이 보석십자수 DIY 캐릭터 큐빅 비즈 지니맘 KC인증,지니맘 큐빅십자수  DIY: 25번 강아지(액자별매)
3099900132,SELLBLOG,NORMAL,"8살 딸아이 하다가 쉬고 하다가 쉬고
이틀동안 완성 했어요!
바탕부분이 많아서 조금 지루해 하더라구요!

그래도 어서 완성하고 싶다며 ㅋㅋ
하나 남은건 좀더 천천히 해보려구요!",2021-01-26T03:21:15.176+0000,STOREFARM,4,어린이 보석십자수 DIY 캐릭터 큐빅 비즈 지니맘 KC인증,지니맘 큐빅십자수  DIY: 3번 분홍사슴 (액자별매)
3135312838,SELLBLOG,AFTER_USE,좋아요~~~~~~~~~~~,2021-03-18T09:58:07.119+0000,STOREFARM,5,어린이 보석십자수 DIY 캐릭터 큐빅 비즈 지니맘 KC인증,지니맘 큐빅십자수  DIY: 19번 아이스크림 (액자별매)
3135312660,SELLBLOG,AFTER_USE,좋아요~~~~~~~~~~~~,2021-03-18T09:57:54.255+0000,STOREFARM,5,어린이 보석십자수 DIY 캐릭터 큐빅 비즈 지니맘 KC인증,지니맘 큐빅십자수  DIY: 8번 꽃사슴 (액자별매)
3108317620,SELLBLOG,AFTER_USE,덕분에 긴 연휴 잘 보냈습니다 큐빅 사이즈도 다르고 마감도 좋아서 깔끔하게 완성되었어요,2021-02-06T08:37:21.129+0000,STOREFARM,5,어린이 보석십자수 DIY 캐릭터 큐빅 비즈 지니맘 KC인증,지니맘 큐빅십자수  DIY: 28번 클로버 고양이(액자별매)
3108317132,SELLBLOG,AFTER_USE,덕분에 긴 연휴 잘 보냈습니다 큐빅 사이즈도 다르고 마감도 좋아서 깔끔하게 완성되었어요,2021-02-06T08:36:37.251+0000,STOREFARM,5,어린이 보석십자수 DIY 캐릭터 큐빅 비즈 지니맘 KC인증,지니맘 큐빅십자수  DIY: 3번 분홍사슴 (액자별매)
3122546009,SELLBLOG,NORMAL,올해 7세 된 아이 집중해서 잘 하네요 ^^ 아이가 재밌어 해요~,2021-02-28T11:38:25.232+0000,STOREFARM,5,어린이 보석십자수 DIY 캐릭터 큐빅 비즈 지니맘 KC인증,지니맘 큐빅십자수  DIY: 1번 유니콘  (액자별매)
3125822478,SELLBLOG,NORMAL,사용하기 편합니다 냄새도 안나구요,2021-03-05T10:19:00.410+0000,STOREFARM,4,어린이 보석십자수 DIY 캐릭터 큐빅 비즈 지니맘 KC인증,지니맘 큐빅십자수  DIY: 12번 돌고래 (액자별매)
3125821896,SELLBLOG,NORMAL,사용하기 편합니다   냄새도 안나구요,2021-03-05T10:18:15.059+0000,STOREFARM,4,어린이 보석십자수 DIY 캐릭터 큐빅 비즈 지니맘 KC인증,지니맘 큐빅십자수  DIY: 10번 안경토끼 (액자별매)
3122047925,SELLBLOG,NORMAL,넘맘에드려여.아아들과신나게만들었어여.,2021-02-27T12:28:14.341+0000,STOREFARM,4,어린이 보석십자수 DIY 캐릭터 큐빅 비즈 지니맘 KC인증,지니맘 큐빅십자수  DIY: 25번 강아지(액자별매)
3128009196,SELLBLOG,NORMAL,아이가 너무 좋아해요,2021-03-08T11:30:22.484+0000,STOREFARM,5,어린이 보석십자수 DIY 캐릭터 큐빅 비즈 지니맘 KC인증,지니맘 큐빅십자수  DIY: 14번 부엉이 (액자별매)
3103876688,SELLBLOG,AFTER_USE,신기한지 며칠 집중해서 했어요. 이후엔 완성도 하기전에 시큰둥 하네요ㅋ 저상태로 방치중요ㅠ,2021-01-31T09:18:14.366+0000,STOREFARM,4,어린이 보석십자수 DIY 캐릭터 큐빅 비즈 지니맘 kc인증,지니맘 큐빅십자수  DIY: 2번 보라유니콘 (액자별매)
3126651661,SELLBLOG,NORMAL,꼼꼼한 포장과  색깔이 너무예뻐요^^,2021-03-06T11:41:33.624+0000,STOREFARM,5,어린이 보석십자수 DIY 캐릭터 큐빅 비즈 지니맘 KC인증,지니맘 큐빅십자수  DIY: 27번 왕관 고양이(액자별매)
3117762597,SELLBLOG,NORMAL,코로나로 인해 집에 있는시간이 많아져서. 혹시나 사줬더니 집중력 최고입니다,2021-02-22T00:14:18.170+0000,STOREFARM,5,어린이 보석십자수 DIY 캐릭터 큐빅 비즈 지니맘 KC인증,지니맘 큐빅십자수  DIY: 12번 돌고래 (액자별매)
3110143141,SELLBLOG,NORMAL,집중해서 잘 하네요~ 시간 보내기 좋아요,2021-02-09T04:22:12.997+0000,STOREFARM,5,어린이 보석십자수 DIY 캐릭터 큐빅 비즈 지니맘 KC인증,지니맘 큐빅십자수  DIY: 13번 별유니콘 (액자별매)
3124937863,SELLBLOG,NORMAL,7살 딸래미랑 집중력도 키우고 재미있어요,2021-03-04T08:45:41.639+0000,STOREFARM,4,어린이 보석십자수 DIY 캐릭터 큐빅 비즈 지니맘 KC인증,지니맘 큐빅십자수  DIY: 26번 뿔 돌고래(액자별매)
3124937501,SELLBLOG,NORMAL,7살 딸래미랑 집중력도 키우고 재미있어요,2021-03-04T08:45:16.647+0000,STOREFARM,4,어린이 보석십자수 DIY 캐릭터 큐빅 비즈 지니맘 KC인증,지니맘 큐빅십자수  DIY: 8번 꽃사슴 (액자별매)
3124937304,SELLBLOG,NORMAL,7살 딸래미랑 집중력도 키우고 재미있어요,2021-03-04T08:45:02.432+0000,STOREFARM,4,어린이 보석십자수 DIY 캐릭터 큐빅 비즈 지니맘 KC인증,지니맘 큐빅십자수  DIY: 28번 하트 고양이(액자별매)
3127326830,SELLBLOG,NORMAL,애들 시간때우기 좋아요,2021-03-07T12:05:04.850+0000,STOREFARM,5,어린이 보석십자수 DIY 캐릭터 큐빅 비즈 지니맘 KC인증,지니맘 큐빅십자수  DIY: 25번 강아지(액자별매)
3105171789,SELLBLOG,NORMAL,집중해서 하니 휴대폰이나 티비보는 시간이 줄고 좋아요,2021-02-02T09:30:06.996+0000,STOREFARM,5,어린이 보석십자수 DIY 캐릭터 큐빅 비즈 지니맘 KC인증,지니맘 큐빅십자수  DIY: 29번 클로버 고양이(액자별매)
3111969713,SELLBLOG,AFTER_USE,집콕템으로 시간보내기조아요,2021-02-13T11:29:29.893+0000,STOREFARM,5,어린이 보석십자수 DIY 캐릭터 큐빅 비즈 지니맘 KC인증,지니맘 큐빅십자수  DIY: 6번 소녀2 (액자별매)
3118564922,SELLBLOG,NORMAL,"방학동안 집콕하며 보석십자수 완성했어요.
초1남아도 잘 집중해서 하더라구요.
좋아요~",2021-02-23T02:25:48.002+0000,STOREFARM,5,어린이 보석십자수 DIY 캐릭터 큐빅 비즈 지니맘 KC인증,지니맘 큐빅십자수  DIY: 16번 여우 (액자별매)
3105880691,SELLBLOG,NORMAL,"우리 아이가 너무 재미있어 하네요~~
어렵지도 않고 집중력 최고인것 같아요~^^",2021-02-03T07:37:19.183+0000,STOREFARM,5,어린이 보석십자수 DIY 캐릭터 큐빅 비즈 지니맘 KC인증,지니맘 큐빅십자수  DIY: 19번 아이스크림 (액자별매)
3108842139,SELLBLOG,NORMAL,"신세계네요 
만들어보니 너무이쁘고 재미있어요",2021-02-07T04:10:44.401+0000,STOREFARM,3,어린이 보석십자수 DIY 캐릭터 큐빅 비즈 지니맘 KC인증,지니맘 큐빅십자수  DIY: 11번 클로버 (액자별매)
3121920421,SELLBLOG,AFTER_USE,아이가 너무좋아해요 ~ 다음에 또 사기로 했어요,2021-02-27T08:41:47.436+0000,STOREFARM,5,어린이 보석십자수 DIY 캐릭터 큐빅 비즈 지니맘 KC인증,지니맘 큐빅십자수  DIY: 32번 강아지3(액자별매)
3096592631,SELLBLOG,NORMAL,반짝반짝 예뻐요~애들이 넘 재밌어하고 시간가는줄 모르게 열시미하네요~^^,2021-01-21T07:35:36.388+0000,STOREFARM,5,어린이 보석십자수 DIY 캐릭터 큐빅 비즈 지니맘 KC인증,지니맘 큐빅십자수  DIY: 13번 별유니콘 (액자별매)
3118565971,SELLBLOG,NORMAL,"배송도 빠르고 좋아요.
보석도 넉넉하게 들어있어서 충분했어요~
다른 디자인도 구매하려구요~",2021-02-23T02:27:02.232+0000,STOREFARM,5,어린이 보석십자수 DIY 캐릭터 큐빅 비즈 지니맘 KC인증,지니맘 큐빅십자수  DIY: 26번 뿔 돌고래(액자별매)
3111770001,SELLBLOG,NORMAL,보석도 넉넉히 들어있고 좋아요,2021-02-12T21:42:02.140+0000,STOREFARM,5,어린이 보석십자수 DIY 캐릭터 큐빅 비즈 지니맘 KC인증,지니맘 큐빅십자수  DIY: 4번 홍학 (액자별매)
3110358339,SELLBLOG,NORMAL,8살아이 받자마자 하고 있어요. 재밌다네요.,2021-02-09T09:45:51.186+0000,STOREFARM,5,어린이 보석십자수 DIY 캐릭터 큐빅 비즈 지니맘 KC인증,지니맘 큐빅십자수  DIY: 10번 안경토끼 (액자별매)
3125831477,SELLBLOG,AFTER_USE,완성후 액자에 넣으니 반짝반짝 블링블링합니다ㅋ,2021-03-05T10:31:06.391+0000,STOREFARM,5,어린이 보석십자수 DIY 캐릭터 큐빅 비즈 지니맘 KC인증,지니맘 큐빅십자수  DIY: 24번 강아지(액자별매)
3100137908,SELLBLOG,NORMAL,"보석색깔도 넘 이쁘고
도안도 코팅되서 탄탄하니
품질 넘 좋아요~!!

아이들 하나씩 완성하고
액자에 넣어 진열해놨어요^^
아이들도 좋아하고 저도 넘 만족합니다!!♡",2021-01-26T08:21:49.947+0000,STOREFARM,5,어린이 보석십자수 DIY 캐릭터 큐빅 비즈 지니맘 KC인증,지니맘 큐빅십자수  DIY: 1번 유니콘  (액자별매)
3143600392,SELLBLOG,AFTER_USE,조아요조아요조아요조아요,2021-03-30T10:38:43.406+0000,STOREFARM,5,어린이 보석십자수 DIY 캐릭터 큐빅 비즈 지니맘 KC인증,지니맘 큐빅십자수  DIY: 17번 아기 유니콘 (액자별매)
3110033644,SELLBLOG,NORMAL,예쁘네요~~액자와 같이 구매하니 좋아요..,2021-02-09T01:54:53.181+0000,STOREFARM,5,어린이 보석십자수 DIY 캐릭터 큐빅 비즈 지니맘 KC인증,지니맘 큐빅십자수  DIY: 23번 행복(액자별매)
3097980622,SELLBLOG,NORMAL,막내딸이 방학인데 심심해서 주문했어요. 비즈가 반짝반짝 너무 예뻐요. 완성해서 액자에 담았더니 근사한  데코작품이 됐어요. 아이도 좋아하고 아이방 장식용으로도 훌륭해요~,2021-01-23T03:38:42.887+0000,STOREFARM,5,어린이 보석십자수 DIY 캐릭터 큐빅 비즈 지니맘 KC인증,지니맘 큐빅십자수  DIY: 10번 안경토끼 (액자별매)
3091602127,SELLBLOG,NORMAL,"붙이고도 편하고 애들이 좋아하네요
액자도 맘에 들어요",2021-01-15T02:12:59.774+0000,STOREFARM,5,어린이 보석십자수 DIY 캐릭터 큐빅 비즈 지니맘 KC인증,지니맘 큐빅십자수  DIY: 27번 왕관 고양이(액자별매)
3091601374,SELLBLOG,NORMAL,"붙이고도 편하고 애들이 좋아하네요
액자도 맘에 들어요",2021-01-15T02:12:08.154+0000,STOREFARM,5,어린이 보석십자수 DIY 캐릭터 큐빅 비즈 지니맘 KC인증,지니맘 큐빅십자수  DIY: 25번 강아지(액자별매)
3091600718,SELLBLOG,NORMAL,"붙이고도 편하고 애들이 좋아하네요
액자도 맘에 들어요",2021-01-15T02:11:24.785+0000,STOREFARM,5,어린이 보석십자수 DIY 캐릭터 큐빅 비즈 지니맘 KC인증,지니맘 큐빅십자수  DIY: 14번 부엉이 (액자별매)
3110184720,SELLBLOG,NORMAL,좋으네요 설연휴동안 잘할거같아요~~^^,2021-02-09T05:22:34.823+0000,STOREFARM,5,어린이 보석십자수 DIY 캐릭터 큐빅 비즈 지니맘 KC인증,지니맘 큐빅십자수  DIY: 9번 겨울사슴 (액자별매)
3124350431,SELLBLOG,NORMAL,딸이 인내심있게 성공해서 너무좋았어요~^^,2021-03-03T12:57:16.428+0000,STOREFARM,5,어린이 보석십자수 DIY 캐릭터 큐빅 비즈 지니맘 KC인증,지니맘 큐빅십자수  DIY: 15번 핑크 유니콘 (액자별매)
3104321706,SELLBLOG,NORMAL,지난번에 하나 구매해보고 괜찮아서 또 샀어요. 비즈가 빛나니깐 너무 이쁘네요.,2021-02-01T03:41:24.157+0000,STOREFARM,5,어린이 보석십자수 DIY 캐릭터 큐빅 비즈 지니맘 KC인증,지니맘 큐빅십자수  DIY: 9번 겨울사슴 (액자별매)
3122264276,SELLBLOG,NORMAL,종이코팅한 책받침에  끈끈이 붙인게 올줄은  몰랐네요,2021-02-28T01:32:17.062+0000,STOREFARM,2,어린이 보석십자수 DIY 캐릭터 큐빅 비즈 지니맘 KC인증,지니맘 큐빅십자수  DIY: 29번 클로버 고양이(액자별매)
3109882187,SELLBLOG,NORMAL,"이뻐요, 집중해서 재미있게 잘해요",2021-02-08T14:37:04.294+0000,STOREFARM,5,어린이 보석십자수 DIY 캐릭터 큐빅 비즈 지니맘 KC인증,지니맘 큐빅십자수  DIY: 13번 별유니콘 (액자별매)
3110921366,SELLBLOG,NORMAL,"포장이 너무 정성스러워요
배송도 빨라요",2021-02-10T08:57:22.320+0000,STOREFARM,5,어린이 보석십자수 DIY 캐릭터 큐빅 비즈 지니맘 KC인증,지니맘 큐빅십자수  DIY: 28번 하트 고양이(액자별매)
3110967082,SELLBLOG,AFTER_USE,십자수 좋아요   계속구매하려고 합니다,2021-02-10T10:55:43.680+0000,STOREFARM,5,어린이 보석십자수 DIY 캐릭터 큐빅 비즈 지니맘 KC인증,지니맘 큐빅십자수  DIY: 26번 왕관 고양이(액자별매)
3104039984,SELLBLOG,NORMAL,"그림에 쉽게 표시가 되어 있어서 너무 편해요~ 
배송도 정말 빠르고 좋습니다.",2021-01-31T14:06:41.023+0000,STOREFARM,5,어린이 보석십자수 DIY 캐릭터 큐빅 비즈 지니맘 KC인증,지니맘 큐빅십자수  DIY: 21번 하트십자가 (액자별매)
3108986796,SELLBLOG,NORMAL,감사합니다. 잘사용하겠습니다,2021-02-07T08:26:52.480+0000,STOREFARM,5,어린이 보석십자수 DIY 캐릭터 큐빅 비즈 지니맘 KC인증,지니맘 큐빅십자수  DIY: 25번 강아지(액자별매)
3096474823,SELLBLOG,NORMAL,일반 비즈보다 보석 같고 크기도 다양해서 너무 예뻐요. 아이도 너무 좋아해요. 키링같은 도안세트가 따로 있음 좋겠어요.,2021-01-21T05:18:53.441+0000,STOREFARM,5,어린이 보석십자수 DIY 캐릭터 큐빅 비즈 지니맘 KC인증,지니맘 큐빅십자수  DIY: 18번 파란사슴 (액자별매)
3096474191,SELLBLOG,NORMAL,일반 비즈보다 보석 같고 크기도 다양해서 너무 예뻐요. 아이도 너무 좋아해요. 키링같은 도안세트가 따로 있음 좋겠어요.,2021-01-21T05:18:08.834+0000,STOREFARM,5,어린이 보석십자수 DIY 캐릭터 큐빅 비즈 지니맘 KC인증,지니맘 큐빅십자수  DIY: 14번 부엉이 (액자별매)
3096472749,SELLBLOG,NORMAL,일반 비즈보다 보석 같고 크기도 다양해서 너무 예뻐요. 아이도 너무 좋아해요. 키링같은 도안세트가 따로 있음 좋겠어요.,2021-01-21T05:16:27.541+0000,STOREFARM,5,어린이 보석십자수 DIY 캐릭터 큐빅 비즈 지니맘 KC인증,지니맘 큐빅십자수  DIY: 8번 꽃사슴 (액자별매)
3096471198,SELLBLOG,NORMAL,일반 비즈보다 보석 같고 크기도 다양해서 너무 예뻐요. 아이도 너무 좋아해요. 키링같은 도안세트가 따로 있음 좋겠어요.,2021-01-21T05:14:33.958+0000,STOREFARM,5,어린이 보석십자수 DIY 캐릭터 큐빅 비즈 지니맘 KC인증,지니맘 큐빅십자수  DIY: 2번 보라유니콘 (액자별매)
3109258659,SELLBLOG,AFTER_USE,정말 예뻐서  많이 만들고 모두 선물햇어요 감사합니다,2021-02-07T20:13:54.283+0000,STOREFARM,5,어린이 보석십자수 DIY 캐릭터 큐빅 비즈 지니맘 KC인증,지니맘 큐빅십자수  DIY: 11번 클로버 (액자별매)
3111382942,SELLBLOG,NORMAL,넘넘이뻐요. 집중 잘하더라구요♡,2021-02-11T13:46:23.092+0000,STOREFARM,5,어린이 보석십자수 DIY 캐릭터 큐빅 비즈 지니맘 KC인증,지니맘 큐빅십자수  DIY: 24번 돌고래 하트(액자별매)
3122047478,SELLBLOG,NORMAL,아이들과함께즐겁게 했어여.넘이뻐여.,2021-02-27T12:27:30.258+0000,STOREFARM,4,어린이 보석십자수 DIY 캐릭터 큐빅 비즈 지니맘 KC인증,지니맘 큐빅십자수  DIY: 14번 부엉이 (액자별매)
3107482849,SELLBLOG,NORMAL,큐빅 트레이 함이 조금 작아서 불편 할거도 같지만 구매 잘한것같아요.,2021-02-05T06:29:52.755+0000,STOREFARM,5,어린이 보석십자수 DIY 캐릭터 큐빅 비즈 지니맘 KC인증,지니맘 큐빅십자수  DIY: 6번 소녀2 (액자별매)
3095662243,SELLBLOG,NORMAL,"집콕중인 요즘 심심해하는 아이를위해 주문했어요
반짝반짝 예쁘다며 집중해서하는 올해8살 여자아이랍니다^^재밌다며 완성했어요
근데 액자가 투명이아니라 좀뿌옇게 보여 반짝이는게 덜부곽되서 아쉬워요ㅠ",2021-01-20T06:06:39.850+0000,STOREFARM,4,어린이 보석십자수 DIY 캐릭터 큐빅 비즈 지니맘 KC인증,지니맘 큐빅십자수  DIY: 29번 클로버 고양이(액자별매)
3103958273,SELLBLOG,AFTER_USE,다 완성하고 나서 보석이 반짝거리는데 너무 아름답더라고용! 진짜 진짜 최고에요👍,2021-01-31T11:53:12.570+0000,STOREFARM,5,어린이 보석십자수 DIY 캐릭터 큐빅 비즈 지니맘 KC인증,지니맘 큐빅십자수  DIY: 13번 별유니콘 (액자별매)
3076805182,SELLBLOG,NORMAL,"보석십자수 아무대나서 구입하면 비즈 불량도 많고 도안도 흐리고 접착력도 떨어지고 판매자 대처도 긍정적이지 않아 
여러군대 몇일을 찾아보다가 지니맘 에선 직접 비즈큐빅들을 보시고 퀼리티 있는 것을 판매하신다 하셔서 믿음으로 구매해 보게 됬어요 .
오늘 받아서 제가 해봤는데 생각했던것 보다 너무너무
반짝거리고 그림도 색감도 너무 사랑스럽네요.
깔끔하지 포장되어 왔고 만족합니다.
품절된 도안들도 빨리 제입고 되어 재구매 하고싶어요.
좋은 제품 판매해 주셔서 감사합니다.
예쁜 도안들이 더더 많이 추가되기를 바랍니다.^^",2020-12-26T16:18:23.957+0000,STOREFARM,5,어린이 보석십자수 DIY 캐릭터 큐빅 비즈 지니맘 KC인증,지니맘 큐빅십자수  DIY: 14번 부엉이 (액자별매)
3117767064,SELLBLOG,AFTER_USE,"아이가 너무 좋아라 합니다. 
앉은 자리에서 쑥~~ 해버립니다요~~
만족만족합니당",2021-02-22T00:20:52.966+0000,STOREFARM,5,어린이 보석십자수 DIY 캐릭터 큐빅 비즈 지니맘 KC인증,지니맘 큐빅십자수  DIY: 10번 안경토끼 (액자별매)
3119134676,SELLBLOG,NORMAL,아이 친구 생일선물로 준비했어요~ 배송도빠르고 이뻐요,2021-02-23T13:57:58.602+0000,STOREFARM,5,어린이 보석십자수 DIY 캐릭터 큐빅 비즈 지니맘 KC인증,지니맘 큐빅십자수  DIY: 27번 왕관 고양이(액자별매)
3110329135,SELLBLOG,AFTER_USE,아이가 심심해서 시켰는데 재미있어해요,2021-02-09T09:01:08.226+0000,STOREFARM,4,어린이 보석십자수 DIY 캐릭터 큐빅 비즈 지니맘 KC인증,지니맘 큐빅십자수  DIY: 27번 하트 고양이(액자별매)
3109565310,SELLBLOG,NORMAL,아이가 너무 좋아하고 초보자용으로 딱이네요,2021-02-08T05:40:16.953+0000,STOREFARM,5,어린이 보석십자수 DIY 캐릭터 큐빅 비즈 지니맘 KC인증,지니맘 큐빅십자수  DIY: 6번 소녀2 (액자별매)
3121754480,SELLBLOG,NORMAL,집콕템이 필요했는데 십자수 덕분에 시간이 너무 잘가고 있어요 ㅎㅎ,2021-02-27T04:16:22.684+0000,STOREFARM,5,어린이 보석십자수 DIY 캐릭터 큐빅 비즈 지니맘 KC인증,지니맘 큐빅십자수  DIY: 9번 겨울사슴 (액자별매)
3127766949,SELLBLOG,NORMAL,이쁘고 좋아요 예뻐요,2021-03-08T04:23:14.866+0000,STOREFARM,5,어린이 보석십자수 DIY 캐릭터 큐빅 비즈 지니맘 KC인증,지니맘 큐빅십자수  DIY: 1번 유니콘  (액자별매)
3125213395,SELLBLOG,AFTER_USE,가격대비 좋습니다 많이파세요~^^,2021-03-04T13:38:43.810+0000,STOREFARM,5,어린이 보석십자수 DIY 캐릭터 큐빅 비즈 지니맘 KC인증,지니맘 큐빅십자수  DIY: 2번 보라유니콘 (액자별매)
3125212808,SELLBLOG,AFTER_USE,가격대비 좋습니다 많이파세요~^^,2021-03-04T13:38:06.302+0000,STOREFARM,5,어린이 보석십자수 DIY 캐릭터 큐빅 비즈 지니맘 KC인증,지니맘 큐빅십자수  DIY: 1번 유니콘  (액자별매)
3125293872,SELLBLOG,NORMAL,배송빠르고 좋네요 귯귯,2021-03-04T15:25:59.213+0000,STOREFARM,5,어린이 보석십자수 DIY 캐릭터 큐빅 비즈 지니맘 KC인증,지니맘 큐빅십자수  DIY: 8번 꽃사슴 (액자별매)
3124350033,SELLBLOG,NORMAL,집중있게 할수있어 너무좋았어요~^^,2021-03-03T12:56:53.419+0000,STOREFARM,5,어린이 보석십자수 DIY 캐릭터 큐빅 비즈 지니맘 KC인증,지니맘 큐빅십자수  DIY: 14번 부엉이 (액자별매)
3109145862,SELLBLOG,NORMAL,"정말 예뻐요.
배송도 빨라요",2021-02-07T13:14:35.698+0000,STOREFARM,4,어린이 보석십자수 DIY 캐릭터 큐빅 비즈 지니맘 KC인증,지니맘 큐빅십자수  DIY: 3번 분홍사슴 (액자별매)
3110335046,SELLBLOG,NORMAL,배송도 빠르고 구성품 다 잘 왔습니다,2021-02-09T09:10:12.132+0000,STOREFARM,5,어린이 보석십자수 DIY 캐릭터 큐빅 비즈 지니맘 KC인증,지니맘 큐빅십자수  DIY: 11번 클로버 (액자별매)
3122047683,SELLBLOG,NORMAL,넘이뻐여.아이들과즐겁게했네여.,2021-02-27T12:27:50.330+0000,STOREFARM,4,어린이 보석십자수 DIY 캐릭터 큐빅 비즈 지니맘 KC인증,지니맘 큐빅십자수  DIY: 12번 돌고래 (액자별매)
3117316317,SELLBLOG,NORMAL,아이들이 넘 좋아하네요. 담에 또 사달라해서 다하면 또 구매해야겠어요~,2021-02-21T04:39:53.913+0000,STOREFARM,4,어린이 보석십자수 DIY 캐릭터 큐빅 비즈 지니맘 KC인증,지니맘 큐빅십자수  DIY: 26번 뿔 돌고래(액자별매)
3098990711,SELLBLOG,NORMAL,"초3초4아이 처음으로 구입해줬는데 너무 좋아해요..다 완성하고 또 구입해달라고하네요..,",2021-01-24T13:08:34.964+0000,STOREFARM,5,어린이 보석십자수 DIY 캐릭터 큐빅 비즈 지니맘 KC인증,지니맘 큐빅십자수  DIY: 7번 사자 (액자별매)
3089799232,SELLBLOG,NORMAL,7세 남자아이가 이틀동안 만든 작품이에요. 재밌는지 3시간씩 꼬박 앉아서 하는데 놀랬습니다. 엉덩이가 너무나 가벼운 아이인데 집중하며 좋은경험했어요. 비즈가 조금 부족한게 있어서 당황했는데 남는 다른 비즈로채웠어요. 어색하지않고 좋더라구요~ 다음에 또 구매할게요~,2021-01-13T02:16:33.697+0000,STOREFARM,4,어린이 보석십자수 DIY 캐릭터 큐빅 비즈 지니맘 KC인증,지니맘 큐빅십자수  DIY: 13번 별유니콘 (액자별매)
3125293691,SELLBLOG,NORMAL,배송빠르고 좋네요   귯,2021-03-04T15:25:37.252+0000,STOREFARM,5,어린이 보석십자수 DIY 캐릭터 큐빅 비즈 지니맘 KC인증,지니맘 큐빅십자수  DIY: 27번 왕관 고양이(액자별매)
3095079284,SELLBLOG,NORMAL,"초등1학년이 하기에는 크기가 조금 큰편이라 옆에서 같이 도와줬어요~
목. 어깨가 좀 아프지만 조용히 앉아서 집중할수있는 시간이라 저도 힐링이 됐네요ㅎㅎ 다음엔 더 큰거 도전해봐야겠어요~",2021-01-19T11:15:41.416+0000,STOREFARM,5,어린이 보석십자수 DIY 캐릭터 큐빅 비즈 지니맘 KC인증,지니맘 큐빅십자수  DIY: 9번 겨울사슴 (액자별매)
3119512094,SELLBLOG,NORMAL,"아이가 너무 좋아하네요
인테리어 효과도 있네요",2021-02-24T05:37:40.965+0000,STOREFARM,5,어린이 보석십자수 DIY 캐릭터 큐빅 비즈 지니맘 KC인증,지니맘 큐빅십자수  DIY: 27번 왕관 고양이(액자별매)
3109771872,SELLBLOG,NORMAL,아이가 재미있어해서 자주 구입중이에요.,2021-02-08T11:30:35.462+0000,STOREFARM,5,어린이 보석십자수 DIY 캐릭터 큐빅 비즈 지니맘 KC인증,지니맘 큐빅십자수  DIY: 19번 아이스크림 (액자별매)
3105914590,SELLBLOG,NORMAL,배송 빠르고 상품이 참 좋아요 아이가 좋아해요,2021-02-03T08:18:29.085+0000,STOREFARM,5,어린이 보석십자수 DIY 캐릭터 큐빅 비즈 지니맘 KC인증,지니맘 큐빅십자수  DIY: 1번 유니콘  (액자별매)
3097200791,SELLBLOG,NORMAL,"아이가 방학때 할일이 없어 주문했는데.. 
초1 여아, 한동안 집중해서 잘 하네요. 
비즈도 여유있게 보내주시고,
포장도 꼼꼼하게 와서 좋아요.
만족합니다~~",2021-01-22T03:14:59.495+0000,STOREFARM,5,어린이 보석십자수 DIY 캐릭터 큐빅 비즈 지니맘 KC인증,지니맘 큐빅십자수  DIY: 10번 안경토끼 (액자별매)
3099827169,SELLBLOG,NORMAL,"7세여자 아이가 하기에 너무좋아요~
이번꺼 하고 좀더 난이도 있는걸로 다시 도전 합니다~
배송도 빠르고 좋아요 
추천합니다 ~",2021-01-26T01:36:19.226+0000,STOREFARM,5,어린이 보석십자수 DIY 캐릭터 큐빅 비즈 지니맘 KC인증,지니맘 큐빅십자수  DIY: 26번 뿔 돌고래(액자별매)
3088131404,SELLBLOG,NORMAL,아이들이 쉽게 할 수 있는 아주 예쁜 놀이입니다^^,2021-01-11T01:27:30.751+0000,STOREFARM,5,어린이 보석십자수 DIY 캐릭터 큐빅 비즈 지니맘 KC인증,지니맘 큐빅십자수  DIY: 14번 부엉이 (액자별매)
3094211596,SELLBLOG,NORMAL,완전 빠른 배송에 감사합니다.  정말 꼼꼼한 포장에.  표기도 하나씩 잘 되어 있어서. 너무 정교 하네요. 유니콘 3가지 모양으로 샀는데 아예 다른 모양으로도 다 사줘야겠어여최고에여,2021-01-18T08:22:13.189+0000,STOREFARM,5,어린이 보석십자수 DIY 캐릭터 큐빅 비즈 지니맘 KC인증,지니맘 큐빅십자수  DIY: 17번 아기 유니콘 (액자별매)
3111819619,SELLBLOG,NORMAL,배송빠르고 좋아요 😀,2021-02-13T01:57:50.382+0000,STOREFARM,5,어린이 보석십자수 DIY 캐릭터 큐빅 비즈 지니맘 KC인증,지니맘 큐빅십자수  DIY: 27번 왕관 고양이(액자별매)
3120360097,SELLBLOG,NORMAL,연휴동안심심해할까봐주문했는데빨리도착해서좋아요,2021-02-25T06:33:33.453+0000,STOREFARM,5,어린이 보석십자수 DIY 캐릭터 큐빅 비즈 지니맘 KC인증,지니맘 큐빅십자수  DIY: 6번 소녀2 (액자별매)
3120359883,SELLBLOG,NORMAL,연휴동안심심해할까봐주문했는데빨리도착해서좋아요,2021-02-25T06:33:16.968+0000,STOREFARM,5,어린이 보석십자수 DIY 캐릭터 큐빅 비즈 지니맘 KC인증,지니맘 큐빅십자수  DIY: 5번  소녀1 (액자별매)
3120359696,SELLBLOG,NORMAL,연휴동안심심해할까봐주문했는데빨리도착해서좋아요,2021-02-25T06:33:01.802+0000,STOREFARM,5,어린이 보석십자수 DIY 캐릭터 큐빅 비즈 지니맘 KC인증,지니맘 큐빅십자수  DIY: 2번 보라유니콘 (액자별매)
3110328275,SELLBLOG,NORMAL,빠른배송 아이가너무좋아해용,2021-02-09T08:59:48.582+0000,STOREFARM,5,어린이 보석십자수 DIY 캐릭터 큐빅 비즈 지니맘 KC인증,지니맘 큐빅십자수  DIY: 14번 부엉이 (액자별매)
3120084874,SELLBLOG,NORMAL,십자수 크기도 커서 마음에들고 완성하고나면 너무 이뻐요,2021-02-25T00:08:31.553+0000,STOREFARM,5,어린이 보석십자수 DIY 캐릭터 큐빅 비즈 지니맘 KC인증,지니맘 큐빅십자수  DIY: 9번 겨울사슴 (액자별매)
3094208184,SELLBLOG,NORMAL,빠른 배송에.      포장도 너무 깔끔하고요.   아주 좋습니다.  잘 선물 했어요.   포장이 너무 잘되어 있고.  마크도 잘 되어있어서.  좋아요,2021-01-18T08:16:54.720+0000,STOREFARM,5,어린이 보석십자수 DIY 캐릭터 큐빅 비즈 지니맘 KC인증,지니맘 큐빅십자수  DIY: 13번 별유니콘 (액자별매)
3110033192,SELLBLOG,NORMAL,아이가 집중할수 있어서 만족합니다^^,2021-02-09T01:54:16.172+0000,STOREFARM,5,어린이 보석십자수 DIY 캐릭터 큐빅 비즈 지니맘 KC인증,지니맘 큐빅십자수  DIY: 13번 별유니콘 (액자별매)
3104923082,SELLBLOG,NORMAL,"사진보다 더 이쁘네요
아직 완성전이긴 하지만 ㅋ",2021-02-02T03:46:58.443+0000,STOREFARM,5,어린이 보석십자수 DIY 캐릭터 큐빅 비즈 지니맘 KC인증,지니맘 큐빅십자수  DIY: 13번 별유니콘 (액자별매)
3120359516,SELLBLOG,NORMAL,연휴동안심심해할까봐주문했는데빨리도착해서좋아요.,2021-02-25T06:32:46.702+0000,STOREFARM,5,어린이 보석십자수 DIY 캐릭터 큐빅 비즈 지니맘 KC인증,지니맘 큐빅십자수  DIY: 1번 유니콘  (액자별매)
3097753162,SELLBLOG,NORMAL,"큐빅이라 반짝반짝하고 색상이 선명해서 너무 예뻐요~ 액자도 가격대비 튼튼하고 좋네요

4살아이도 언니랑 앉아 두어시간 집중해서 잼있게 열심히 하네요^^",2021-01-22T15:02:46.601+0000,STOREFARM,5,어린이 보석십자수 DIY 캐릭터 큐빅 비즈 지니맘 KC인증,지니맘 큐빅십자수  DIY: 1번 유니콘  (액자별매)
3096004885,SELLBLOG,AFTER_USE,"아직 미완성이지만 큐빅십자수 반짝반짝 너무 이쁘네요
까불이 초등 남자 아들둘 이거 하는 동안은 초집중해서 얌전하네요!
 완성해서 액자 걸어두면 더 이쁠것같아요^^",2021-01-20T12:30:24.975+0000,STOREFARM,5,어린이 보석십자수 DIY 캐릭터 큐빅 비즈 지니맘 KC인증,지니맘 큐빅십자수  DIY: 15번 핑크 유니콘 (액자별매)
3096003565,SELLBLOG,AFTER_USE,"아직 미완성이지만 큐빅십자수 반짝반짝 너무 이쁘네요
까불이 초등 남자 아들둘 이거 하는 동안은 초집중해서 얌전하네요!
 완성해서 액자 걸어두면 더 이쁠것같아요^^",2021-01-20T12:29:06.854+0000,STOREFARM,5,어린이 보석십자수 DIY 캐릭터 큐빅 비즈 지니맘 KC인증,지니맘 큐빅십자수  DIY: 22번 교회 (액자별매)
3111633206,SELLBLOG,AFTER_USE,아이가 재밌게 잘해요^^,2021-02-12T08:44:09.720+0000,STOREFARM,5,어린이 보석십자수 DIY 캐릭터 큐빅 비즈 지니맘 KC인증,지니맘 큐빅십자수  DIY: 32번 강아지3(액자별매)
3121432277,SELLBLOG,NORMAL,"블링블링☆
너무 예뻐요
아이보다 어른인 제가 더 신나서 했어요",2021-02-26T13:29:57.732+0000,STOREFARM,5,어린이 보석십자수 DIY 캐릭터 큐빅 비즈 지니맘 KC인증,지니맘 큐빅십자수  DIY: 5번  소녀1 (액자별매)
3111819805,SELLBLOG,NORMAL,배송빠르고 좋아요 ㅎㅎ,2021-02-13T01:58:18.175+0000,STOREFARM,5,어린이 보석십자수 DIY 캐릭터 큐빅 비즈 지니맘 KC인증,지니맘 큐빅십자수  DIY: 15번 핑크 유니콘 (액자별매)
3097203536,SELLBLOG,NORMAL,"아이와 방학때 하고자 주문했어요. 
디자인도 함께 고르고,
혼자 앉아서 잘 마무리 합니다. 
비즈가 반짝이고 예뻐서 완성되면 작품이 됩니다.",2021-01-22T03:18:33.181+0000,STOREFARM,5,어린이 보석십자수 DIY 캐릭터 큐빅 비즈 지니맘 KC인증,지니맘 큐빅십자수  DIY: 6번 소녀2 (액자별매)
3097203163,SELLBLOG,NORMAL,"아이와 방학때 하고자 주문했어요. 
디자인도 함께 고르고,
혼자 앉아서 잘 마무리 합니다. 
비즈가 반짝이고 예뻐서 완성되면 작품이 됩니다.",2021-01-22T03:18:05.544+0000,STOREFARM,5,어린이 보석십자수 DIY 캐릭터 큐빅 비즈 지니맘 KC인증,지니맘 큐빅십자수  DIY: 29번 클로버 고양이(액자별매)
3097202834,SELLBLOG,NORMAL,"아이와 방학때 하고자 주문했어요. 
디자인도 함께 고르고,
혼자 앉아서 잘 마무리 합니다. 
비즈가 반짝이고 예뻐서 완성되면 작품이 됩니다.",2021-01-22T03:17:39.435+0000,STOREFARM,5,어린이 보석십자수 DIY 캐릭터 큐빅 비즈 지니맘 KC인증,지니맘 큐빅십자수  DIY: 28번 하트 고양이(액자별매)
3097202469,SELLBLOG,NORMAL,"아이와 방학때 하고자 주문했어요. 
디자인도 함께 고르고,
혼자 앉아서 잘 마무리 합니다. 
비즈가 반짝이고 예뻐서 완성되면 작품이 됩니다.",2021-01-22T03:17:11.283+0000,STOREFARM,5,어린이 보석십자수 DIY 캐릭터 큐빅 비즈 지니맘 KC인증,지니맘 큐빅십자수  DIY: 27번 왕관 고양이(액자별매)
3110334661,SELLBLOG,NORMAL,선물할건데 조카가 좋아할듯요 :),2021-02-09T09:09:34.893+0000,STOREFARM,5,어린이 보석십자수 DIY 캐릭터 큐빅 비즈 지니맘 KC인증,지니맘 큐빅십자수  DIY: 1번 유니콘  (액자별매)
3111504028,SELLBLOG,NORMAL,아이가 아주 좋아해요~~,2021-02-12T02:47:08.778+0000,STOREFARM,5,어린이 보석십자수 DIY 캐릭터 큐빅 비즈 지니맘 KC인증,지니맘 큐빅십자수  DIY: 6번 소녀2 (액자별매)
3110921799,SELLBLOG,NORMAL,배송도 ㅃㅏ르고  너무  예뻐요,2021-02-10T08:58:33.451+0000,STOREFARM,5,어린이 보석십자수 DIY 캐릭터 큐빅 비즈 지니맘 KC인증,지니맘 큐빅십자수  DIY: 1번 유니콘  (액자별매)
3094940781,SELLBLOG,NORMAL,많이 했지요. 다양한디자인 더 많았으면 좋겠어요.,2021-01-19T08:45:59.784+0000,STOREFARM,5,어린이 보석십자수 DIY 캐릭터 큐빅 비즈 지니맘 KC인증,지니맘 큐빅십자수  DIY: 27번 왕관 고양이(액자별매)
3099850642,SELLBLOG,NORMAL,"보석이 커서 어린이랑 같이 하기 좋아요 조카도 잘 붙였고, 비즈들도 다 반짝반짝해서 특히 좋아해요 ~~ !!",2021-01-26T02:10:44.418+0000,STOREFARM,5,어린이 보석십자수 DIY 캐릭터 큐빅 비즈 지니맘 KC인증,지니맘 큐빅십자수  DIY: 13번 별유니콘 (액자별매)
3110106189,SELLBLOG,NORMAL,아이들과 함께 할수있어요,2021-02-09T03:33:29.928+0000,STOREFARM,5,어린이 보석십자수 DIY 캐릭터 큐빅 비즈 지니맘 KC인증,지니맘 큐빅십자수  DIY: 17번 아기 유니콘 (액자별매)
3108379542,SELLBLOG,AFTER_USE,재밌게 만들고 나서 아이들이 좋아하네요,2021-02-06T10:05:43.362+0000,STOREFARM,5,어린이 보석십자수 DIY 캐릭터 큐빅 비즈 지니맘 KC인증,지니맘 큐빅십자수  DIY: 28번 클로버 고양이(액자별매)
3097392950,SELLBLOG,NORMAL,보석십자수중에 작은거말고 어느정도크기 있는걸 원하더라구요~반짝반짝하니 색도 이쁘고 시간 잘보낼수있을꺼같아요!,2021-01-22T06:51:38.317+0000,STOREFARM,5,어린이 보석십자수 DIY 캐릭터 큐빅 비즈 지니맘 KC인증,지니맘 큐빅십자수  DIY: 25번 강아지(액자별매)
3120129460,SELLBLOG,NORMAL,코로나랑 방학으로 애들이 집엣니하기 딱좋아요,2021-02-25T01:08:13.758+0000,STOREFARM,4,어린이 보석십자수 DIY 캐릭터 큐빅 비즈 지니맘 KC인증,지니맘 큐빅십자수  DIY: 21번 하트십자가 (액자별매)
3110921563,SELLBLOG,NORMAL,"실물이 더 예뻐요
감사",2021-02-10T08:57:56.311+0000,STOREFARM,5,어린이 보석십자수 DIY 캐릭터 큐빅 비즈 지니맘 KC인증,지니맘 큐빅십자수  DIY: 27번 왕관 고양이(액자별매)
3094209567,SELLBLOG,NORMAL,완전 빠르게 잘 받았습니다.   선물 해줬더니 너무 좋아 하네요 포장도 너무 깔끔 하고 꼼꼼한 표기들. 너무. 좋아여.  세개 샀는데 다 하면 다른 그림으로도 사줘야 겠어요,2021-01-18T08:19:04.520+0000,STOREFARM,5,어린이 보석십자수 DIY 캐릭터 큐빅 비즈 지니맘 KC인증,지니맘 큐빅십자수  DIY: 15번 핑크 유니콘 (액자별매)
3094752368,SELLBLOG,NORMAL,"배송빠르네요~아이들이 넘좋아해요.
받자마자 열심히하고있네요^^
보석도 반짝반짝하네요. 가성비넘좋아요!",2021-01-19T05:14:25.715+0000,STOREFARM,5,어린이 보석십자수 DIY 캐릭터 큐빅 비즈 지니맘 KC인증,지니맘 큐빅십자수  DIY: 13번 별유니콘 (액자별매)
3094751894,SELLBLOG,NORMAL,"배송빠르네요~아이들이 넘좋아해요.
받자마자 열심히하고있네요^^
보석도 반짝반짝하네요. 가성비넘좋아요!",2021-01-19T05:13:53.655+0000,STOREFARM,5,어린이 보석십자수 DIY 캐릭터 큐빅 비즈 지니맘 KC인증,지니맘 큐빅십자수  DIY: 25번 강아지(액자별매)
3094750571,SELLBLOG,NORMAL,"배송빠르네요~아이들이 넘좋아해요.
받자마자 열심히하고있네요^^
보석도 반짝반짝하네요. 가성비넘좋아요!",2021-01-19T05:12:25.369+0000,STOREFARM,5,어린이 보석십자수 DIY 캐릭터 큐빅 비즈 지니맘 KC인증,지니맘 큐빅십자수  DIY: 24번 돌고래 하트(액자별매)
3110105087,SELLBLOG,NORMAL,아이들이 많이 좋아해요,2021-02-09T03:32:00.206+0000,STOREFARM,5,어린이 보석십자수 DIY 캐릭터 큐빅 비즈 지니맘 KC인증,지니맘 큐빅십자수  DIY: 25번 강아지(액자별매)
3102973314,SELLBLOG,AFTER_USE,"넘  예뻐요~
집중력 높이기 괜찮네요~
너무 반짝여서 눈 아프다고는 하네요~",2021-01-30T02:11:55.042+0000,STOREFARM,5,어린이 보석십자수 DIY 캐릭터 큐빅 비즈 지니맘 KC인증,지니맘 큐빅십자수  DIY: 23번 돌고래 하트(액자별매)
3105535645,SELLBLOG,NORMAL,가성비 이만한게 또 있을까요?다 이뻐서 그림 고르느라 한참 걸렸어요,2021-02-02T21:31:25.776+0000,STOREFARM,5,어린이 보석십자수 DIY 캐릭터 큐빅 비즈 지니맘 KC인증,지니맘 큐빅십자수  DIY: 17번 아기 유니콘 (액자별매)
3125042101,SELLBLOG,NORMAL,딸이 너무좋아합니다~~~^^,2021-03-04T10:46:37.869+0000,STOREFARM,5,어린이 보석십자수 DIY 캐릭터 큐빅 비즈 지니맘 KC인증,지니맘 큐빅십자수  DIY: 13번 별유니콘 (액자별매)
3121478352,SELLBLOG,NORMAL,"아이가 너무 재미있어해요
추천합니다",2021-02-26T14:49:50.787+0000,STOREFARM,4,어린이 보석십자수 DIY 캐릭터 큐빅 비즈 지니맘 KC인증,지니맘 큐빅십자수  DIY: 19번 아이스크림 (액자별매)
3121478200,SELLBLOG,NORMAL,"아이가 너무 재미있어해요
추천합니다",2021-02-26T14:49:32.868+0000,STOREFARM,4,어린이 보석십자수 DIY 캐릭터 큐빅 비즈 지니맘 KC인증,지니맘 큐빅십자수  DIY: 28번 하트 고양이(액자별매)
3121478035,SELLBLOG,NORMAL,"아이가 너무 재미있어해요
추천합니다",2021-02-26T14:49:15.901+0000,STOREFARM,4,어린이 보석십자수 DIY 캐릭터 큐빅 비즈 지니맘 KC인증,지니맘 큐빅십자수  DIY: 29번 클로버 고양이(액자별매)
3121477875,SELLBLOG,NORMAL,"아이가 너무 재미있어해요
추천합니다",2021-02-26T14:48:58.443+0000,STOREFARM,4,어린이 보석십자수 DIY 캐릭터 큐빅 비즈 지니맘 KC인증,지니맘 큐빅십자수  DIY: 6번 소녀2 (액자별매)
3119513224,SELLBLOG,NORMAL,"너무 이쁘네요
아이가 너무 좋아하고 인테리어 효과도 있습니다",2021-02-24T05:39:15.732+0000,STOREFARM,5,어린이 보석십자수 DIY 캐릭터 큐빅 비즈 지니맘 KC인증,지니맘 큐빅십자수  DIY: 25번 강아지(액자별매)
3109227279,SELLBLOG,AFTER_USE,아이랑 시간 보내기 정말 좋아여!,2021-02-07T15:52:53.194+0000,STOREFARM,5,어린이 보석십자수 DIY 캐릭터 큐빅 비즈 지니맘 KC인증,지니맘 큐빅십자수  DIY: 17번 아기 유니콘 (액자별매)
3107237489,SELLBLOG,NORMAL,아이들 수업때 쓰려고 하는데 잘쓰겠습니다,2021-02-05T01:32:47.249+0000,STOREFARM,5,어린이 보석십자수 DIY 캐릭터 큐빅 비즈 지니맘 KC인증,지니맘 큐빅십자수  DIY: 12번 돌고래 (액자별매)
3100161962,SELLBLOG,NORMAL,딸이 보석십자수 하고싶다고해서 사줬어요 너무 금방해서 몇개 더 사야 될거같아요.,2021-01-26T08:50:10.295+0000,STOREFARM,4,어린이 보석십자수 DIY 캐릭터 큐빅 비즈 지니맘 KC인증,지니맘 큐빅십자수  DIY: 11번 클로버 (액자별매)
3110659386,SELLBLOG,NORMAL,아이가 재밌어합니다 ㅎ,2021-02-09T23:07:34.998+0000,STOREFARM,5,어린이 보석십자수 DIY 캐릭터 큐빅 비즈 지니맘 KC인증,지니맘 큐빅십자수  DIY: 13번 별유니콘 (액자별매)
3110658921,SELLBLOG,NORMAL,재밌어요 만족합니다 ㅎ,2021-02-09T23:05:50.456+0000,STOREFARM,5,어린이 보석십자수 DIY 캐릭터 큐빅 비즈 지니맘 KC인증,지니맘 큐빅십자수  DIY: 26번 뿔 돌고래(액자별매)
3108931975,SELLBLOG,AFTER_USE,아이들이 집중해서  너무 잘하네요^^,2021-02-07T06:42:34.040+0000,STOREFARM,5,어린이 보석십자수 DIY 캐릭터 큐빅 비즈 지니맘 KC인증,지니맘 큐빅십자수  DIY: 13번 별유니콘 (액자별매)
3101507197,SELLBLOG,NORMAL,"만들고 나니 예쁘고 햇빛에 비춰지면 더 예쁘네요^^
집콕생활 아주 유용해요~",2021-01-28T02:53:31.915+0000,STOREFARM,5,어린이 보석십자수 DIY 캐릭터 큐빅 비즈 지니맘 KC인증,지니맘 큐빅십자수  DIY: 16번 여우 (액자별매)
3106276876,SELLBLOG,NORMAL,아이가 너무좋아하고 액자까지하고나니 더 이뻐요~,2021-02-03T15:20:12.654+0000,STOREFARM,5,어린이 보석십자수 DIY 캐릭터 큐빅 비즈 지니맘 KC인증,지니맘 큐빅십자수  DIY: 9번 겨울사슴 (액자별매)
3138774028,SELLBLOG,NORMAL,"예쁘네요
재밌었어요",2021-03-23T11:33:09.684+0000,STOREFARM,5,어린이 보석십자수 DIY 캐릭터 큐빅 비즈 지니맘 KC인증,지니맘 큐빅십자수  DIY: 15번 핑크 유니콘 (액자별매)
3108378464,SELLBLOG,AFTER_USE,재밌게 만들고 액자로 보관 중입니다.,2021-02-06T10:04:15.102+0000,STOREFARM,5,어린이 보석십자수 DIY 캐릭터 큐빅 비즈 지니맘 KC인증,지니맘 큐빅십자수  DIY: 31번 강아지2(액자별매)
3102914871,SELLBLOG,NORMAL,"아이들 집중력 최고예요
지루한 방학 잠깐 이라도 재미나게 시간보내게 되서 좋아요",2021-01-30T00:45:22.584+0000,STOREFARM,5,어린이 보석십자수 DIY 캐릭터 큐빅 비즈 지니맘 KC인증,지니맘 큐빅십자수  DIY: 26번 뿔 돌고래(액자별매)
3093087610,SELLBLOG,NORMAL,"너무 재밌어서 오자마자 3개를 했어요.  ㅋ
이중 초1 첫째가 두개를 했답니다.~ 시간가는줄 모르구해요. ㅋ
조만간 추가주문 또 할께요..!!",2021-01-16T16:20:02.837+0000,STOREFARM,5,어린이 보석십자수 DIY 캐릭터 큐빅 비즈 지니맘 KC인증,지니맘 큐빅십자수  DIY: 28번 하트 고양이(액자별매)
3104272394,SELLBLOG,NORMAL,코로나19로 집에만있는데 당분간 이걸로 시간보낼수있어서 다행이에요~,2021-02-01T02:38:31.350+0000,STOREFARM,5,어린이 보석십자수 DIY 캐릭터 큐빅 비즈 지니맘 KC인증,지니맘 큐빅십자수  DIY: 8번 꽃사슴 (액자별매)
3109706198,SELLBLOG,NORMAL,큐빅이 예쁘고 깔끔해요,2021-02-08T09:29:19.049+0000,STOREFARM,5,어린이 보석십자수 DIY 캐릭터 큐빅 비즈 지니맘 KC인증,지니맘 큐빅십자수  DIY: 26번 뿔 돌고래(액자별매)
3108244414,SELLBLOG,NORMAL,"아이가조아해요
배송좋구ㅡ아이가ㅡ집중해서합니당",2021-02-06T06:55:36.600+0000,STOREFARM,5,어린이 보석십자수 DIY 캐릭터 큐빅 비즈 지니맘 KC인증,지니맘 큐빅십자수  DIY: 25번 강아지(액자별매)
3099591872,SELLBLOG,NORMAL,"아이가 집중력있게 잘하네요
유치원생부터 초등생까지 집콕놀이에 딱이에요",2021-01-25T11:49:08.437+0000,STOREFARM,5,어린이 보석십자수 DIY 캐릭터 큐빅 비즈 지니맘 KC인증,지니맘 큐빅십자수  DIY: 9번 겨울사슴 (액자별매)
3117198306,SELLBLOG,NORMAL,오~^^ 예상보다 집중력도 생기고 재미있습니다.,2021-02-21T01:57:55.175+0000,STOREFARM,5,어린이 보석십자수 DIY 캐릭터 큐빅 비즈 지니맘 KC인증,지니맘 큐빅십자수  DIY: 1번 유니콘  (액자별매)
3110712451,SELLBLOG,NORMAL,빠른배송 감사해요~,2021-02-10T01:20:41.208+0000,STOREFARM,5,어린이 보석십자수 DIY 캐릭터 큐빅 비즈 지니맘 KC인증,지니맘 큐빅십자수  DIY: 11번 클로버 (액자별매)
3089951271,SELLBLOG,NORMAL,"7살 아이 코로나로 유치원 못가서 너무 심심해서  찾아보다가 발견하고 구매했어요.
저하나 아이하나 집중해서 하루에 다 완성했어요.
아이도 어렵지 않게 할 수 있었고 보석이 반짝반짝 완성해서 액자에 넣으니 작품같이 예쁘네요.
만족합니다👍🏻👍🏻",2021-01-13T05:40:47.476+0000,STOREFARM,5,어린이 보석십자수 DIY 캐릭터 큐빅 비즈 지니맘 KC인증,지니맘 큐빅십자수  DIY: 6번 소녀2 (액자별매)
3110712861,SELLBLOG,NORMAL,빠른배송감사합니다~~,2021-02-10T01:21:32.934+0000,STOREFARM,5,어린이 보석십자수 DIY 캐릭터 큐빅 비즈 지니맘 KC인증,지니맘 큐빅십자수  DIY: 9번 겨울사슴 (액자별매)
3110660504,SELLBLOG,NORMAL,아이가 재밌게 해요 ㅎ,2021-02-09T23:11:37.675+0000,STOREFARM,5,어린이 보석십자수 DIY 캐릭터 큐빅 비즈 지니맘 KC인증,지니맘 큐빅십자수  DIY: 8번 꽃사슴 (액자별매)
3117823878,SELLBLOG,NORMAL,완성하니 너무 이뻐요. 아이가 좋아하네요,2021-02-22T01:25:30.445+0000,STOREFARM,5,어린이 보석십자수 DIY 캐릭터 큐빅 비즈 지니맘 KC인증,지니맘 큐빅십자수  DIY: 25번 강아지(액자별매)
3122438085,SELLBLOG,NORMAL,7세아이가 하기에도 괜찮아요~,2021-02-28T07:21:53.559+0000,STOREFARM,5,어린이 보석십자수 DIY 캐릭터 큐빅 비즈 지니맘 KC인증,지니맘 큐빅십자수  DIY: 26번 뿔 돌고래(액자별매)
3120714356,SELLBLOG,NORMAL,재구매했답니다.이뻐요~^^,2021-02-25T14:15:57.855+0000,STOREFARM,5,어린이 보석십자수 DIY 캐릭터 큐빅 비즈 지니맘 KC인증,지니맘 큐빅십자수  DIY: 20번 십자가 꽃 (액자별매)
3119512693,SELLBLOG,NORMAL,"아이가 너무 좋아합니다
인테리어 효과도 있네요",2021-02-24T05:38:30.742+0000,STOREFARM,5,어린이 보석십자수 DIY 캐릭터 큐빅 비즈 지니맘 KC인증,지니맘 큐빅십자수  DIY: 19번 아이스크림 (액자별매)
3110193524,SELLBLOG,NORMAL,비즈도 크고  예쁘네요~,2021-02-09T05:36:35.436+0000,STOREFARM,5,어린이 보석십자수 DIY 캐릭터 큐빅 비즈 지니맘 KC인증,지니맘 큐빅십자수  DIY: 29번 클로버 고양이(액자별매)
3110658561,SELLBLOG,NORMAL,재밌게 하고 있어요 ㅎ,2021-02-09T23:04:30.889+0000,STOREFARM,5,어린이 보석십자수 DIY 캐릭터 큐빅 비즈 지니맘 KC인증,지니맘 큐빅십자수  DIY: 27번 왕관 고양이(액자별매)
3108243322,SELLBLOG,NORMAL,"배송빠르고
포장상태좋구요
둘째가기다렸는데ㅡ조아해요",2021-02-06T06:54:07.309+0000,STOREFARM,5,어린이 보석십자수 DIY 캐릭터 큐빅 비즈 지니맘 KC인증,지니맘 큐빅십자수  DIY: 29번 클로버 고양이(액자별매)
3104544217,SELLBLOG,AFTER_USE,방학이지만 코로나로 집콕인 아이들에게 재밌는 시간이너요,2021-02-01T09:46:30.545+0000,STOREFARM,5,어린이 보석십자수 DIY 캐릭터 큐빅 비즈 지니맘 KC인증,지니맘 큐빅십자수  DIY: 28번 클로버 고양이(액자별매)
3088685692,SELLBLOG,NORMAL,"코로나 때문에 아이와 집에서만 있다보니 심심해서 소일거리를 안겨주었는데 집중해서 재밌게 잘 하네요ㅎㅎ
도안디자인도 훌룡하고 큐빅도 퀄리티 너무 좋아요~ 
품절된 상품이 몇개 있어서 같이 주문 못했는데 다 완성하고 또 주문할게요^^",2021-01-11T13:46:39.584+0000,STOREFARM,5,어린이 보석십자수 DIY 캐릭터 큐빅 비즈 지니맘 KC인증,지니맘 큐빅십자수  DIY: 15번 핑크 유니콘 (액자별매)
3122908473,SELLBLOG,AFTER_USE,심심할때 딱 좋아요,2021-03-01T05:21:17.171+0000,STOREFARM,3,어린이 보석십자수 DIY 캐릭터 큐빅 비즈 지니맘 KC인증,지니맘 큐빅십자수  DIY: 13번 별유니콘 (액자별매)
3125174838,SELLBLOG,NORMAL,보나마나 하나마나 이쁨!!!,2021-03-04T12:58:18.432+0000,STOREFARM,5,어린이 보석십자수 DIY 캐릭터 큐빅 비즈 지니맘 KC인증,지니맘 큐빅십자수  DIY: 4번 홍학 (액자별매)
3110713134,SELLBLOG,NORMAL,빠른배송감사해요~~,2021-02-10T01:22:07.541+0000,STOREFARM,5,어린이 보석십자수 DIY 캐릭터 큐빅 비즈 지니맘 KC인증,지니맘 큐빅십자수  DIY: 1번 유니콘  (액자별매)
3122804833,SELLBLOG,NORMAL,배송빠르고 너무좋아요^^,2021-03-01T02:11:07.143+0000,STOREFARM,5,어린이 보석십자수 DIY 캐릭터 큐빅 비즈 지니맘 KC인증,지니맘 큐빅십자수  DIY: 32번 A하트(액자별매)
3119511727,SELLBLOG,NORMAL,"아이가 너무 좋아합니다~
인테리어 효과도 있네요~",2021-02-24T05:37:10.902+0000,STOREFARM,5,어린이 보석십자수 DIY 캐릭터 큐빅 비즈 지니맘 KC인증,지니맘 큐빅십자수  DIY: 28번 하트 고양이(액자별매)
3104884252,SELLBLOG,NORMAL,배송빠르고 붙이는게 코팅돼있어서 빳빳해서 조아용,2021-02-02T02:51:07.120+0000,STOREFARM,5,어린이 보석십자수 DIY 캐릭터 큐빅 비즈 지니맘 KC인증,지니맘 큐빅십자수  DIY: 16번 여우 (액자별매)
3110194122,SELLBLOG,NORMAL,비즈도크고 좋아요~,2021-02-09T05:37:32.724+0000,STOREFARM,5,어린이 보석십자수 DIY 캐릭터 큐빅 비즈 지니맘 KC인증,지니맘 큐빅십자수  DIY: 13번 별유니콘 (액자별매)
3099192531,SELLBLOG,NORMAL,"쉽게할수있어요.
어린이들 집중시키는데 최고예요~^^
완성된 작품 보면 뿌듯.",2021-01-25T01:28:25.468+0000,STOREFARM,5,어린이 보석십자수 DIY 캐릭터 큐빅 비즈 지니맘 KC인증,지니맘 큐빅십자수  DIY: 13번 별유니콘 (액자별매)
3095504288,SELLBLOG,NORMAL,아이들이 무척 좋아해요. 액자 퀄리티 정말 좋고 큐빅 진짜 많아요. 사장님 남는거 있으신가요? 진심 번창하세요. 감사합니다.,2021-01-20T02:28:16.347+0000,STOREFARM,5,어린이 보석십자수 DIY 캐릭터 큐빅 비즈 지니맘 KC인증,지니맘 큐빅십자수  DIY: 25번 강아지(액자별매)
3079089483,SELLBLOG,NORMAL,아. 이걸왜이제야알았을까요. 솔직히오랜집콕생활에엄마들은머리아프잖아요. 종일머하고놀아줘야하나. 조용히있고싶다하고^^;; 저만이런가요.? ㅋㅋ하는방법알려줬더니8살오빠도6살동생도말도않고앉아서집중모드. 집이세상조용해졌어요~ 엄마아빠놀이보다더잼있데요. 그럼말다한겁니다bb,2020-12-30T01:09:09.148+0000,STOREFARM,5,어린이 보석십자수 DIY 캐릭터 큐빅 비즈 지니맘 KC인증,지니맘 큐빅십자수  DIY: 14번 부엉이 (액자별매)
3100897751,SELLBLOG,NORMAL,7살아들오자마자하고있어요.말은힘들다고하는데 꼼꼼하게잘하네요^^,2021-01-27T07:14:59.796+0000,STOREFARM,5,어린이 보석십자수 DIY 캐릭터 큐빅 비즈 지니맘 KC인증,지니맘 큐빅십자수  DIY: 13번 별유니콘 (액자별매)
3104449035,SELLBLOG,AFTER_USE,쉽고 재밌어요~  시간가는줄 모르겠네요,2021-02-01T06:49:32.109+0000,STOREFARM,5,어린이 보석십자수 DIY 캐릭터 큐빅 비즈 지니맘 KC인증,지니맘 큐빅십자수  DIY: 1번 유니콘  (액자별매)
3125174423,SELLBLOG,NORMAL,보나마나 하나마나 이쁨!!!^^,2021-03-04T12:57:53.613+0000,STOREFARM,5,어린이 보석십자수 DIY 캐릭터 큐빅 비즈 지니맘 KC인증,지니맘 큐빅십자수  DIY: 2번 보라유니콘 (액자별매)
3107364628,SELLBLOG,NORMAL,구성품 누락된거 없이 잘 왔구요 재밌는지 저녁먹으라고 해도 손을 놓지않고 계속 합니다 집중력에 도움도되고 다만들고 보니 반짝 반짝 예쁘다며 걸어놓았습니다,2021-02-05T04:02:55.301+0000,STOREFARM,5,어린이 보석십자수 DIY 캐릭터 큐빅 비즈 지니맘 KC인증,지니맘 큐빅십자수  DIY: 13번 별유니콘 (액자별매)
3119004847,SELLBLOG,AFTER_USE,아이들도 취미로 하기 적당한 사이즈입니다,2021-02-23T11:47:51.332+0000,STOREFARM,5,어린이 보석십자수 DIY 캐릭터 큐빅 비즈 지니맘 KC인증,지니맘 큐빅십자수  DIY: 1번 유니콘  (액자별매)
3090052197,SELLBLOG,NORMAL,"큐빅이 반짝거려서 예뻐요
애들한테 한번 설명해주니 집중해서 잘하네요
핸드폰 시간 좀 줄여보려고 주문했어요
배송 빨라요",2021-01-13T07:31:23.142+0000,STOREFARM,5,어린이 보석십자수 DIY 캐릭터 큐빅 비즈 지니맘 KC인증,지니맘 큐빅십자수  DIY: 25번 강아지(액자별매)
3090051632,SELLBLOG,NORMAL,"큐빅이 반짝거려서 예뻐요
애들한테 한번 설명해주니 집중해서 잘하네요
핸드폰 시간 좀 줄여보려고 주문했어요
배송 빨라요",2021-01-13T07:30:46.823+0000,STOREFARM,5,어린이 보석십자수 DIY 캐릭터 큐빅 비즈 지니맘 KC인증,지니맘 큐빅십자수  DIY: 15번 핑크 유니콘 (액자별매)
3109742237,SELLBLOG,AFTER_USE,8세 아이 잘 만들었어요.,2021-02-08T10:39:24.074+0000,STOREFARM,5,어린이 보석십자수 DIY 캐릭터 큐빅 비즈 지니맘 KC인증,지니맘 큐빅십자수  DIY: 32번 강아지3(액자별매)
3108887058,SELLBLOG,NORMAL,아이들이 하기에 딱 좋아요~^^,2021-02-07T05:23:03.725+0000,STOREFARM,5,어린이 보석십자수 DIY 캐릭터 큐빅 비즈 지니맘 KC인증,지니맘 큐빅십자수  DIY: 16번 여우 (액자별매)
3109742753,SELLBLOG,AFTER_USE,8세아이 잘 만들어요,2021-02-08T10:40:18.993+0000,STOREFARM,5,어린이 보석십자수 DIY 캐릭터 큐빅 비즈 지니맘 KC인증,지니맘 큐빅십자수  DIY: 9번 겨울사슴 (액자별매)
3100666203,SELLBLOG,NORMAL,아이와 시간보내기 좋아요. 8살아이가 3일에 걸쳐 완성했엉ᆢㄷ,2021-01-27T01:41:50.895+0000,STOREFARM,5,어린이 보석십자수 DIY 캐릭터 큐빅 비즈 지니맘 KC인증,지니맘 큐빅십자수  DIY: 5번  소녀1 (액자별매)
3123474093,SELLBLOG,NORMAL,좋습니다요 좋습니다요 ㅎㅎ,2021-03-02T05:34:22.649+0000,STOREFARM,5,어린이 보석십자수 DIY 캐릭터 큐빅 비즈 지니맘 KC인증,지니맘 큐빅십자수  DIY: 1번 유니콘  (액자별매)
3123473833,SELLBLOG,NORMAL,좋습니다요 좋습니다요 ㅎㅎ,2021-03-02T05:33:51.628+0000,STOREFARM,5,어린이 보석십자수 DIY 캐릭터 큐빅 비즈 지니맘 KC인증,지니맘 큐빅십자수  DIY: 10번 안경토끼 (액자별매)
3123473567,SELLBLOG,NORMAL,좋습니다요 좋습니다요 ㅎㅎ,2021-03-02T05:33:22.862+0000,STOREFARM,5,어린이 보석십자수 DIY 캐릭터 큐빅 비즈 지니맘 KC인증,지니맘 큐빅십자수  DIY: 12번 돌고래 (액자별매)
3097542785,SELLBLOG,NORMAL,집콕 생활  아이들에게 큰 위로가 되네요ㆍ,2021-01-22T09:52:35.124+0000,STOREFARM,5,어린이 보석십자수 DIY 캐릭터 큐빅 비즈 지니맘 KC인증,지니맘 큐빅십자수  DIY: 9번 겨울사슴 (액자별매)
3105265349,SELLBLOG,NORMAL,이뻐요.  아이들이 너무 좋아해요.,2021-02-02T11:19:08.899+0000,STOREFARM,5,어린이 보석십자수 DIY 캐릭터 큐빅 비즈 지니맘 KC인증,지니맘 큐빅십자수  DIY: 3번 분홍사슴 (액자별매)
3093455329,SELLBLOG,NORMAL,아이가 너무 해보고싶어해서 액자에 껴주려고 주문했어요.배송도빠르고 가성비 굿입니다. 초2  아이가 무리없이합니다.  집중력 업업~^^  많이파세요,2021-01-17T07:41:39.354+0000,STOREFARM,5,어린이 보석십자수 DIY 캐릭터 큐빅 비즈 지니맘 KC인증,지니맘 큐빅십자수  DIY: 24번 돌고래 하트(액자별매)
3108932340,SELLBLOG,AFTER_USE,아이들이 너무 좋아해요^^,2021-02-07T06:43:13.562+0000,STOREFARM,5,어린이 보석십자수 DIY 캐릭터 큐빅 비즈 지니맘 KC인증,지니맘 큐빅십자수  DIY: 23번 돌고래 하트(액자별매)
3118418135,SELLBLOG,AFTER_USE,정말 꼼꼼 하게  제작 된거 같아여 잼있어요,2021-02-22T21:14:15.005+0000,STOREFARM,5,어린이 보석십자수 DIY 캐릭터 큐빅 비즈 지니맘 KC인증,지니맘 큐빅십자수  DIY: 13번 별유니콘 (액자별매)
3103228031,SELLBLOG,NORMAL,가격도 싸고 너무 예뻐요,2021-01-30T07:51:42.024+0000,STOREFARM,5,어린이 보석십자수 DIY 캐릭터 큐빅 비즈 지니맘 KC인증,지니맘 큐빅십자수  DIY: 12번 돌고래 (액자별매)
3103431228,SELLBLOG,NORMAL,다하고 나니 너무 이뻐요 아이가 너무 좋아하네요,2021-01-30T13:13:08.020+0000,STOREFARM,5,어린이 보석십자수 DIY 캐릭터 큐빅 비즈 지니맘 KC인증,지니맘 큐빅십자수  DIY: 17번 아기 유니콘 (액자별매)
3111414427,SELLBLOG,NORMAL,"여러개 구매했는데요, 순식간에 해버렸네요. 배송도 너무 빠르게 해주셔서 아이들이 정말 기뻐했어요. 감사해요.",2021-02-11T15:45:42.307+0000,STOREFARM,5,어린이 보석십자수 DIY 캐릭터 큐빅 비즈 지니맘 KC인증,지니맘 큐빅십자수  DIY: 24번 돌고래 하트(액자별매)
3107678016,SELLBLOG,AFTER_USE,애들이 너무 열심히했어요,2021-02-05T10:53:08.792+0000,STOREFARM,5,어린이 보석십자수 DIY 캐릭터 큐빅 비즈 지니맘 KC인증,지니맘 큐빅십자수  DIY: 13번 별유니콘 (액자별매)
3108871253,SELLBLOG,NORMAL,아이들이 정말 좋아해요^^,2021-02-07T04:55:57.334+0000,STOREFARM,5,어린이 보석십자수 DIY 캐릭터 큐빅 비즈 지니맘 KC인증,지니맘 큐빅십자수  DIY: 9번 겨울사슴 (액자별매)
3121572835,SELLBLOG,NORMAL,아이들과 함께 했어요,2021-02-27T00:04:32.520+0000,STOREFARM,5,어린이 보석십자수 DIY 캐릭터 큐빅 비즈 지니맘 KC인증,지니맘 큐빅십자수  DIY: 13번 별유니콘 (액자별매)
3100160641,SELLBLOG,NORMAL,딸이 보석 십자수 하고싶다고해서 사줬어요 너무 금방하네요,2021-01-26T08:48:34.111+0000,STOREFARM,4,어린이 보석십자수 DIY 캐릭터 큐빅 비즈 지니맘 KC인증,지니맘 큐빅십자수  DIY: 10번 안경토끼 (액자별매)
3108890131,SELLBLOG,NORMAL,비즈 색감이 이쁘네요~,2021-02-07T05:28:17.402+0000,STOREFARM,5,어린이 보석십자수 DIY 캐릭터 큐빅 비즈 지니맘 KC인증,지니맘 큐빅십자수  DIY: 8번 꽃사슴 (액자별매)
3101694930,SELLBLOG,NORMAL,"아이가 좋아해요~저도ㅋㅋ
시간가는줄 모르고 했네요",2021-01-28T07:10:57.662+0000,STOREFARM,5,어린이 보석십자수 DIY 캐릭터 큐빅 비즈 지니맘 KC인증,지니맘 큐빅십자수  DIY: 26번 왕관 고양이(액자별매)
3105876050,SELLBLOG,AFTER_USE,아이가 열심히 하는 모습보니 좋아요,2021-02-03T07:31:26.811+0000,STOREFARM,5,어린이 보석십자수 DIY 캐릭터 큐빅 비즈 지니맘 KC인증,지니맘 큐빅십자수  DIY: 8번 꽃사슴 (액자별매)
3104542724,SELLBLOG,AFTER_USE,색감도 좋고 아이들 집중력 향상에도 좋으네요,2021-02-01T09:43:10.417+0000,STOREFARM,5,어린이 보석십자수 DIY 캐릭터 큐빅 비즈 지니맘 KC인증,지니맘 큐빅십자수  DIY: 14번 부엉이 (액자별매)
3121724792,SELLBLOG,NORMAL,아이가좋아해요 또시킬께요,2021-02-27T03:29:16.583+0000,STOREFARM,5,어린이 보석십자수 DIY 캐릭터 큐빅 비즈 지니맘 KC인증,지니맘 큐빅십자수  DIY: 24번 돌고래 하트(액자별매)
3121723451,SELLBLOG,NORMAL,아이가좋아해요 또시킬께요,2021-02-27T03:27:04.192+0000,STOREFARM,5,어린이 보석십자수 DIY 캐릭터 큐빅 비즈 지니맘 KC인증,지니맘 큐빅십자수  DIY: 29번 클로버 고양이(액자별매)
3102291385,SELLBLOG,AFTER_USE,초등 딸아이 집에서 할수있는 취미를 찾다가 지니맘보석십자수 알게되었네요 살때마다 가격이 내려가서 좋은점도 있고 하다보니 저도 재미있어 같이 하며 하나씩 작품 만들어가는것도 좋습니다 새로운 도안 많이 생기면 또 주문하고 싶네요~,2021-01-29T03:16:24.640+0000,STOREFARM,5,어린이 보석십자수 DIY 캐릭터 큐빅 비즈 지니맘 kc인증,지니맘 큐빅십자수  DIY: 16번 여우 (액자별매)
3102291105,SELLBLOG,AFTER_USE,초등 딸아이 집에서 할수있는 취미를 찾다가 지니맘보석십자수 알게되었네요 살때마다 가격이 내려가서 좋은점도 있고 하다보니 저도 재미있어 같이 하며 하나씩 작품 만들어가는것도 좋습니다 새로운 도안 많이 생기면 또 주문하고 싶네요~,2021-01-29T03:16:04.197+0000,STOREFARM,5,어린이 보석십자수 DIY 캐릭터 큐빅 비즈 지니맘 kc인증,
3114692347,SELLBLOG,NORMAL,아이가 너무 좋아하네요~집중력도 생기는거같아요~^^,2021-02-18T01:08:42.595+0000,STOREFARM,4,어린이 보석십자수 DIY 캐릭터 큐빅 비즈 지니맘 KC인증,지니맘 큐빅십자수  DIY: 28번 하트 고양이(액자별매)
3102126621,SELLBLOG,NORMAL,애들이좋아해요~  잼있다고 오래하고있더라구요^^,2021-01-28T22:24:15.031+0000,STOREFARM,5,어린이 보석십자수 DIY 캐릭터 큐빅 비즈 지니맘 KC인증,지니맘 큐빅십자수  DIY: 28번 하트 고양이(액자별매)
3111414023,SELLBLOG,NORMAL,아이들이 사달라고 해서 샀는데 제가 너무 재밌어요ㅋㅋ아이들이랑 같이하니까 시간도 잘가고 좋네요.,2021-02-11T15:43:42.807+0000,STOREFARM,5,어린이 보석십자수 DIY 캐릭터 큐빅 비즈 지니맘 KC인증,지니맘 큐빅십자수  DIY: 31번 빨간리본(액자별매)
3103430354,SELLBLOG,NORMAL,재미있고 이뻐요  크기도 적당하구요,2021-01-30T13:11:47.278+0000,STOREFARM,5,어린이 보석십자수 DIY 캐릭터 큐빅 비즈 지니맘 KC인증,지니맘 큐빅십자수  DIY: 25번 강아지(액자별매)
3118701866,SELLBLOG,NORMAL,빠른 배송과 집콧에 안성마춤입니다,2021-02-23T05:46:43.782+0000,STOREFARM,5,어린이 보석십자수 DIY 캐릭터 큐빅 비즈 지니맘 KC인증,지니맘 큐빅십자수  DIY: 29번 클로버 고양이(액자별매)
3104040495,SELLBLOG,NORMAL,아직 못만들었지만 초등 저학년 딸도 쉽게 잘 만드네요~^^,2021-01-31T14:07:32.580+0000,STOREFARM,5,어린이 보석십자수 DIY 캐릭터 큐빅 비즈 지니맘 KC인증,지니맘 큐빅십자수  DIY: 16번 여우 (액자별매)
3101323042,SELLBLOG,NORMAL,여덟살 아이와 하는데 잘하네요.. 엄마가 더 재미있네요 ..,2021-01-27T16:39:28.423+0000,STOREFARM,5,어린이 보석십자수 DIY 캐릭터 큐빅 비즈 지니맘 KC인증,지니맘 큐빅십자수  DIY: 13번 별유니콘 (액자별매)
3091300331,SELLBLOG,NORMAL,배송도 빠르고 저렴한 가격에 여러개시켜서 하나씩 하는데 아이들이 너무 재미있어해요~^^ 앉아서 시작하면 시간가는줄 모르네요~~접착력도 좋고 펜도 있어서 너무 편합니다!,2021-01-14T13:06:58.692+0000,STOREFARM,5,어린이 보석십자수 DIY 캐릭터 큐빅 비즈 지니맘 KC인증,지니맘 큐빅십자수  DIY: 8번 꽃사슴 (액자별매)
3091299773,SELLBLOG,NORMAL,배송도 빠르고 저렴한 가격에 여러개시켜서 하나씩 하는데 아이들이 너무 재미있어해요~^^ 앉아서 시작하면 시간가는줄 모르네요~~접착력도 좋고 펜도 있어서 너무 편합니다!,2021-01-14T13:06:25.724+0000,STOREFARM,5,어린이 보석십자수 DIY 캐릭터 큐빅 비즈 지니맘 KC인증,지니맘 큐빅십자수  DIY: 1번 유니콘  (액자별매)
3099828255,SELLBLOG,NORMAL,"코로나 시기에 딱 좋아요 😀 
아이와 실내에서   추천합니다",2021-01-26T01:37:48.879+0000,STOREFARM,5,어린이 보석십자수 DIY 캐릭터 큐빅 비즈 지니맘 KC인증,지니맘 큐빅십자수  DIY: 12번 돌고래 (액자별매)
3090140208,SELLBLOG,NORMAL,배송도 빠르고 제품도 좋네요~ 시중에서 구매한 것보다 훨~씬 좋아요~^^서비스로 주신 통이 남은 큐빅들 담으려고요~,2021-01-13T08:59:34.504+0000,STOREFARM,5,어린이 보석십자수 DIY 캐릭터 큐빅 비즈 지니맘 KC인증,지니맘 큐빅십자수  DIY: 2번 보라유니콘 (액자별매)
3090139587,SELLBLOG,NORMAL,배송도 빠르고 제품도 좋네요~ 시중에서 구매한 것보다 훨~씬 좋아요~^^서비스로 주신 통이 남은 큐빅들 담으려고요~,2021-01-13T08:58:55.545+0000,STOREFARM,5,어린이 보석십자수 DIY 캐릭터 큐빅 비즈 지니맘 KC인증,지니맘 큐빅십자수  DIY: 13번 별유니콘 (액자별매)
3090132796,SELLBLOG,NORMAL,배송도 빠르고 제품도 좋네요~ 시중에서 구매한 것보다 훨~씬 좋아요~^^서비스로 주신 통이 남은 큐빅들 담으려고요~,2021-01-13T08:51:52.095+0000,STOREFARM,5,어린이 보석십자수 DIY 캐릭터 큐빅 비즈 지니맘 KC인증,지니맘 큐빅십자수  DIY: 12번 돌고래 (액자별매)
3090132175,SELLBLOG,NORMAL,배송도 빠르고 제품도 좋네요~ 시중에서 구매한 것보다 훨~씬 좋아요~^^서비스로 주신 통이 남은 큐빅들 담으려고요~,2021-01-13T08:51:14.839+0000,STOREFARM,5,어린이 보석십자수 DIY 캐릭터 큐빅 비즈 지니맘 KC인증,지니맘 큐빅십자수  DIY: 6번 소녀2 (액자별매)
3090131700,SELLBLOG,NORMAL,배송도 빠르고 제품도 좋네요~ 시중에서 구매한 것보다 훨~씬 좋아요~^^서비스로 주신 통이 남은 큐빅들 담으려고요~,2021-01-13T08:50:47.174+0000,STOREFARM,5,어린이 보석십자수 DIY 캐릭터 큐빅 비즈 지니맘 KC인증,지니맘 큐빅십자수  DIY: 3번 분홍사슴 (액자별매)
3120714000,SELLBLOG,NORMAL,선물하기 좋아 재구매했어요~^^,2021-02-25T14:15:28.141+0000,STOREFARM,5,어린이 보석십자수 DIY 캐릭터 큐빅 비즈 지니맘 KC인증,지니맘 큐빅십자수  DIY: 22번 교회 (액자별매)
3102236371,SELLBLOG,NORMAL,"금방해버리네요 ㅎ
넉넉하게주셔서 많이남았어요^^",2021-01-29T02:08:19.629+0000,STOREFARM,5,어린이 보석십자수 DIY 캐릭터 큐빅 비즈 지니맘 KC인증,지니맘 큐빅십자수  DIY: 11번 클로버 (액자별매)
3112123643,SELLBLOG,NORMAL,"아직 미완성이지만 재밌게 잘 하고 있어요.
빠른 배송 감사합니다.",2021-02-14T03:07:21.010+0000,STOREFARM,5,어린이 보석십자수 DIY 캐릭터 큐빅 비즈 지니맘 KC인증,지니맘 큐빅십자수  DIY: 1번 유니콘  (액자별매)
3106754167,SELLBLOG,NORMAL,"너무 즐겁게 잘하고, 좋아해요",2021-02-04T08:48:38.835+0000,STOREFARM,5,어린이 보석십자수 DIY 캐릭터 큐빅 비즈 지니맘 KC인증,지니맘 큐빅십자수  DIY: 1번 유니콘  (액자별매)
3093455598,SELLBLOG,NORMAL,아이가 너무 해보고싶어해서 액자에 껴주려고 주문했어요.배송도빠르고 가성비 굿입니다. 초2  아이가 무리없이합니다.  집중력 업업~^^,2021-01-17T07:42:08.222+0000,STOREFARM,5,어린이 보석십자수 DIY 캐릭터 큐빅 비즈 지니맘 KC인증,지니맘 큐빅십자수  DIY: 4번 홍학 (액자별매)
3093455013,SELLBLOG,NORMAL,아이가 너무 해보고싶어해서 액자에 껴주려고 주문했어요.배송도빠르고 가성비 굿입니다. 초2  아이가 무리없이합니다.  집중력 업업~^^,2021-01-17T07:41:05.626+0000,STOREFARM,5,어린이 보석십자수 DIY 캐릭터 큐빅 비즈 지니맘 KC인증,지니맘 큐빅십자수  DIY: 10번 안경토끼 (액자별매)
3103228538,SELLBLOG,NORMAL,"너무 예뻐요
아이가 좋아해요",2021-01-30T07:52:24.559+0000,STOREFARM,5,어린이 보석십자수 DIY 캐릭터 큐빅 비즈 지니맘 KC인증,지니맘 큐빅십자수  DIY: 17번 아기 유니콘 (액자별매)
3085350321,SELLBLOG,NORMAL,배송도 빠르고 어린이 십자수여서 그림이 너무 귀여워요. 액자는 국산인데 큐빅이 중국산이더라구요 ㅜㅜ,2021-01-07T08:51:50.758+0000,STOREFARM,4,어린이 보석십자수 DIY 캐릭터 큐빅 비즈 지니맘 KC인증,지니맘 큐빅십자수  DIY: 29번 작은 유니콘(액자별매)
3106024050,SELLBLOG,NORMAL,빠른배송과 서비스에 감동입니다^^,2021-02-03T10:34:14.749+0000,STOREFARM,4,어린이 보석십자수 DIY 캐릭터 큐빅 비즈 지니맘 KC인증,지니맘 큐빅십자수  DIY: 1번 유니콘  (액자별매)
3105913907,SELLBLOG,NORMAL,배송 빠르고 상품이 참 좋아요,2021-02-03T08:17:40.613+0000,STOREFARM,5,어린이 보석십자수 DIY 캐릭터 큐빅 비즈 지니맘 KC인증,지니맘 큐빅십자수  DIY: 25번 강아지(액자별매)
3108747655,SELLBLOG,AFTER_USE,재밌게놀고있어요^^,2021-02-07T02:02:42.837+0000,STOREFARM,5,어린이 보석십자수 DIY 캐릭터 큐빅 비즈 지니맘 KC인증,지니맘 큐빅십자수  DIY: 26번 왕관 고양이(액자별매)
3119822463,SELLBLOG,NORMAL,초보자들용으로 좋아요,2021-02-24T12:01:01.223+0000,STOREFARM,5,어린이 보석십자수 DIY 캐릭터 큐빅 비즈 지니맘 KC인증,지니맘 큐빅십자수  DIY: 14번 부엉이 (액자별매)
3089631258,SELLBLOG,NORMAL,아이들이 집중해서 완성하고 좋아했어요~ 이거 하는 동안은 집안에 평화가 찾아와서 저도 좋았어요,2021-01-12T16:23:31.883+0000,STOREFARM,5,어린이 보석십자수 DIY 캐릭터 큐빅 비즈 지니맘 KC인증,지니맘 큐빅십자수  DIY: 12번 돌고래 (액자별매)
3106276066,SELLBLOG,NORMAL,너무 이쁘고 아이가좋아해요~,2021-02-03T15:18:19.364+0000,STOREFARM,5,어린이 보석십자수 DIY 캐릭터 큐빅 비즈 지니맘 KC인증,지니맘 큐빅십자수  DIY: 13번 별유니콘 (액자별매)
3120128899,SELLBLOG,NORMAL,아이들이 너무좋해요,2021-02-25T01:07:27.345+0000,STOREFARM,4,어린이 보석십자수 DIY 캐릭터 큐빅 비즈 지니맘 KC인증,지니맘 큐빅십자수  DIY: 24번 돌고래 하트(액자별매)
3110720419,SELLBLOG,NORMAL,"코로나로  돌아다닐수도 없구
사줬더니 차분히 앉아서 잘하네요
집중력에 짱입니다",2021-02-10T01:37:15.610+0000,STOREFARM,5,어린이 보석십자수 DIY 캐릭터 큐빅 비즈 지니맘 KC인증,지니맘 큐빅십자수  DIY: 26번 뿔 돌고래(액자별매)
3102754724,SELLBLOG,NORMAL,맘에들어요 좋아요 배송도 굿,2021-01-29T13:21:36.050+0000,STOREFARM,5,어린이 보석십자수 DIY 캐릭터 큐빅 비즈 지니맘 KC인증,지니맘 큐빅십자수  DIY: 29번 클로버 고양이(액자별매)
3111413332,SELLBLOG,NORMAL,보석 십자수 사줘서 자꾸만 너무 고맙다고 해요ㅋㅋ완성하면 너무나 반짝이고 예뻐요.,2021-02-11T15:40:09.055+0000,STOREFARM,5,어린이 보석십자수 DIY 캐릭터 큐빅 비즈 지니맘 KC인증,지니맘 큐빅십자수  DIY: 25번 강아지(액자별매)
3118984183,SELLBLOG,AFTER_USE,색깔이너무예뻐서조아요,2021-02-23T11:28:00.037+0000,STOREFARM,5,어린이 보석십자수 DIY 캐릭터 큐빅 비즈 지니맘 KC인증,지니맘 큐빅십자수  DIY: 10번 안경토끼 (액자별매)
3098147129,SELLBLOG,NORMAL,어린이용이라 큐빅이 커요. 저는 어린이용인지 모르고 샀는데 그래도 좋아여! ㅋㅋ,2021-01-23T07:01:42.064+0000,STOREFARM,5,어린이 보석십자수 DIY 캐릭터 큐빅 비즈 지니맘 KC인증,지니맘 큐빅십자수  DIY: 3번 분홍사슴 (액자별매)
3098146041,SELLBLOG,NORMAL,어린이용이라 큐빅이 커요. 저는 어린이용인지 모르고 샀는데 그래도 좋아여! ㅋㅋ,2021-01-23T07:00:17.945+0000,STOREFARM,5,어린이 보석십자수 DIY 캐릭터 큐빅 비즈 지니맘 KC인증,지니맘 큐빅십자수  DIY: 9번 겨울사슴 (액자별매)
3098144728,SELLBLOG,NORMAL,어린이용이라 큐빅이 커요. 저는 어린이용인지 모르고 샀는데 그래도 좋아여! ㅋㅋ,2021-01-23T06:58:33.092+0000,STOREFARM,5,어린이 보석십자수 DIY 캐릭터 큐빅 비즈 지니맘 KC인증,지니맘 큐빅십자수  DIY: 25번 강아지(액자별매)
3095539739,SELLBLOG,NORMAL,"집콕중인 요즘 심심해하는 아이를위해 주문했어요
반짝반짝 예쁘다며 집중해서하는 올해8살 여자아이랍니다^^",2021-01-20T03:21:52.960+0000,STOREFARM,5,어린이 보석십자수 DIY 캐릭터 큐빅 비즈 지니맘 KC인증,지니맘 큐빅십자수  DIY: 17번 아기 유니콘 (액자별매)
3113621892,SELLBLOG,NORMAL,딸이 직접고른건데 예쁘다면서 집중력있게 아주 열심히 했습니다,2021-02-16T15:08:21.714+0000,STOREFARM,5,어린이 보석십자수 DIY 캐릭터 큐빅 비즈 지니맘 KC인증,지니맘 큐빅십자수  DIY: 23번 행복(액자별매)
3111842230,SELLBLOG,NORMAL,완성해놓으니 이쁘네요 아이가 폰하는시간이 줄어서 좋네요,2021-02-13T03:08:08.471+0000,STOREFARM,5,어린이 보석십자수 DIY 캐릭터 큐빅 비즈 지니맘 KC인증,지니맘 큐빅십자수  DIY: 1번 유니콘  (액자별매)
3102915399,SELLBLOG,NORMAL,아이들 방학동안 재미있는 시간 보낼듯 합니다,2021-01-30T00:46:20.675+0000,STOREFARM,5,어린이 보석십자수 DIY 캐릭터 큐빅 비즈 지니맘 KC인증,지니맘 큐빅십자수  DIY: 25번 강아지(액자별매)
3118547091,SELLBLOG,NORMAL,액자까지 구매해서 더 예쁘네요~~,2021-02-23T02:05:56.625+0000,STOREFARM,5,어린이 보석십자수 DIY 캐릭터 큐빅 비즈 지니맘 KC인증,지니맘 큐빅십자수  DIY: 2번 보라유니콘 (액자별매)
3120713227,SELLBLOG,NORMAL,빠른배송감사합니다~😊,2021-02-25T14:14:28.113+0000,STOREFARM,5,어린이 보석십자수 DIY 캐릭터 큐빅 비즈 지니맘 KC인증,지니맘 큐빅십자수  DIY: 21번 하트십자가 (액자별매)
3117488911,SELLBLOG,NORMAL,시간가는줄도 모르고 하게 되네요,2021-02-21T10:26:47.850+0000,STOREFARM,5,어린이 보석십자수 DIY 캐릭터 큐빅 비즈 지니맘 KC인증,지니맘 큐빅십자수  DIY: 2번 보라유니콘 (액자별매)
3086776180,SELLBLOG,NORMAL,보석도 넉넉히 오고 초1과 유치원생이 하기엔 좀 힘든가봐요.ㅋ제가 다 했어요ㅋㅋㅋ 넘 재밌게 했어요~^^ 제가 액자를 잘못 선택해서 사이즈가 안맞네요ㅋㅋ,2021-01-09T03:23:01.581+0000,STOREFARM,5,어린이 보석십자수 DIY 캐릭터 큐빅 비즈 지니맘 KC인증,지니맘 큐빅십자수  DIY: 25번 뿔 돌고래(액자별매)
3099100678,SELLBLOG,AFTER_USE,집놀이로 딱ㅎㅎ 디자인도 넘 예뻐서 또 구입하려고욯,2021-01-24T18:15:32.748+0000,STOREFARM,5,어린이 보석십자수 DIY 캐릭터 큐빅 비즈 지니맘 KC인증,지니맘 큐빅십자수  DIY: 1번 유니콘  (액자별매)
3118986359,SELLBLOG,AFTER_USE,어른둘 하기도 쟈밌어요,2021-02-23T11:30:07.895+0000,STOREFARM,5,어린이 보석십자수 DIY 캐릭터 큐빅 비즈 지니맘 KC인증,지니맘 큐빅십자수  DIY: 19번 아이스크림 (액자별매)
3118253678,SELLBLOG,AFTER_USE,"애들 하기 좋네요
시간 가는줄 몰라요",2021-02-22T11:51:27.438+0000,STOREFARM,5,어린이 보석십자수 DIY 캐릭터 큐빅 비즈 지니맘 KC인증,지니맘 큐빅십자수  DIY: 13번 별유니콘 (액자별매)
3092444009,SELLBLOG,NORMAL,"아이들이 너무 좋아합니다
해놓으니 뿌듯 하네요~~♡",2021-01-16T02:08:27.303+0000,STOREFARM,5,어린이 보석십자수 DIY 캐릭터 큐빅 비즈 지니맘 KC인증,지니맘 큐빅십자수  DIY: 26번 뿔 돌고래(액자별매)
3102755022,SELLBLOG,NORMAL,맘에들어요 배송도 빨라요 굿굿,2021-01-29T13:22:07.270+0000,STOREFARM,5,어린이 보석십자수 DIY 캐릭터 큐빅 비즈 지니맘 KC인증,지니맘 큐빅십자수  DIY: 19번 아이스크림 (액자별매)
3118952199,SELLBLOG,NORMAL,아이가 너무 좋아해요,2021-02-23T10:55:48.236+0000,STOREFARM,5,어린이 보석십자수 DIY 캐릭터 큐빅 비즈 지니맘 KC인증,지니맘 큐빅십자수  DIY: 24번 돌고래 하트(액자별매)
3118951796,SELLBLOG,NORMAL,아이가 너무 좋아해요,2021-02-23T10:55:22.436+0000,STOREFARM,5,어린이 보석십자수 DIY 캐릭터 큐빅 비즈 지니맘 KC인증,지니맘 큐빅십자수  DIY: 31번 빨간리본(액자별매)
3118951461,SELLBLOG,NORMAL,아이가 너무 좋아해요,2021-02-23T10:54:59.043+0000,STOREFARM,5,어린이 보석십자수 DIY 캐릭터 큐빅 비즈 지니맘 KC인증,지니맘 큐빅십자수  DIY: 25번 강아지(액자별매)
3118985677,SELLBLOG,AFTER_USE,재밌게 잘 사용햤어요,2021-02-23T11:29:27.063+0000,STOREFARM,5,어린이 보석십자수 DIY 캐릭터 큐빅 비즈 지니맘 KC인증,지니맘 큐빅십자수  DIY: 25번 뿔 돌고래(액자별매)
3108843256,SELLBLOG,NORMAL,배송빠르고 너무재미있ㅇㆍ요,2021-02-07T04:12:17.982+0000,STOREFARM,3,어린이 보석십자수 DIY 캐릭터 큐빅 비즈 지니맘 KC인증,지니맘 큐빅십자수  DIY: 18번 파란사슴 (액자별매)
3108842910,SELLBLOG,NORMAL,배송빠르게 너무재미있ㅇㆍ요,2021-02-07T04:11:48.892+0000,STOREFARM,3,어린이 보석십자수 DIY 캐릭터 큐빅 비즈 지니맘 KC인증,지니맘 큐빅십자수  DIY: 6번 소녀2 (액자별매)
3112006161,SELLBLOG,AFTER_USE,애들이 틈틈이 시간날때 잘하고 있어요~  재미있나봐요ㅎ,2021-02-13T13:30:24.102+0000,STOREFARM,4,어린이 보석십자수 DIY 캐릭터 큐빅 비즈 지니맘 KC인증,지니맘 큐빅십자수  DIY: 13번 별유니콘 (액자별매)
3098100727,SELLBLOG,NORMAL,오자마자 하고있어요 방학이라 한번 해보라고 3가지 주문했어요^^,2021-01-23T06:04:19.548+0000,STOREFARM,5,어린이 보석십자수 DIY 캐릭터 큐빅 비즈 지니맘 KC인증,지니맘 큐빅십자수  DIY: 1번 유니콘  (액자별매)
3117201679,SELLBLOG,NORMAL,재미지고 지루하지 않고 이뻐요,2021-02-21T02:01:40.147+0000,STOREFARM,5,어린이 보석십자수 DIY 캐릭터 큐빅 비즈 지니맘 KC인증,지니맘 큐빅십자수  DIY: 21번 하트십자가 (액자별매)
3106022192,SELLBLOG,AFTER_USE,아이도 좋아하고 예뻐요^^,2021-02-03T10:31:59.682+0000,STOREFARM,5,어린이 보석십자수 DIY 캐릭터 큐빅 비즈 지니맘 KC인증,지니맘 큐빅십자수  DIY: 24번 강아지(액자별매)
3107307403,SELLBLOG,NORMAL,아이들이 집에서 심심해해서 구매해봤어요 아직 해보진않았지만 생각보다 크더라구요 잘하면 큰사이즈로 업드레이드 해주기로 했어요^^,2021-02-05T02:54:33.558+0000,STOREFARM,5,어린이 보석십자수 DIY 캐릭터 큐빅 비즈 지니맘 KC인증,지니맘 큐빅십자수  DIY: 13번 별유니콘 (액자별매)
3119823267,SELLBLOG,NORMAL,초보용으로 좋아요-,2021-02-24T12:01:52.973+0000,STOREFARM,5,어린이 보석십자수 DIY 캐릭터 큐빅 비즈 지니맘 KC인증,지니맘 큐빅십자수  DIY: 28번 하트 고양이(액자별매)
3119822850,SELLBLOG,NORMAL,초보용으로 좋네요~,2021-02-24T12:01:25.823+0000,STOREFARM,5,어린이 보석십자수 DIY 캐릭터 큐빅 비즈 지니맘 KC인증,지니맘 큐빅십자수  DIY: 25번 강아지(액자별매)
3104964551,SELLBLOG,NORMAL,배송도빠르고 제품도 만족합니다,2021-02-02T04:42:40.610+0000,STOREFARM,5,어린이 보석십자수 DIY 캐릭터 큐빅 비즈 지니맘 KC인증,지니맘 큐빅십자수  DIY: 9번 겨울사슴 (액자별매)
3104757841,SELLBLOG,NORMAL,ㄱ생각보다 이쁘네요..잘쓸께요~,2021-02-01T17:40:07.191+0000,STOREFARM,5,어린이 보석십자수 DIY 캐릭터 큐빅 비즈 지니맘 KC인증,지니맘 큐빅십자수  DIY: 8번 꽃사슴 (액자별매)
3104757807,SELLBLOG,NORMAL,ㄱ생각보다 이쁘네요..잘쓸께요~,2021-02-01T17:39:41.689+0000,STOREFARM,5,어린이 보석십자수 DIY 캐릭터 큐빅 비즈 지니맘 KC인증,지니맘 큐빅십자수  DIY: 12번 돌고래 (액자별매)
3104757750,SELLBLOG,NORMAL,ㄱ생각보다 이쁘네요..잘쓸께요~,2021-02-01T17:39:11.813+0000,STOREFARM,5,어린이 보석십자수 DIY 캐릭터 큐빅 비즈 지니맘 KC인증,지니맘 큐빅십자수  DIY: 1번 유니콘  (액자별매)
3097721329,SELLBLOG,NORMAL,배송빨라요. 비즈 크기가 다양해서 해 놓으면 더 예뻐요. 애기가 좋아해요.,2021-01-22T14:06:22.519+0000,STOREFARM,5,어린이 보석십자수 DIY 캐릭터 큐빅 비즈 지니맘 KC인증,지니맘 큐빅십자수  DIY: 15번 핑크 유니콘 (액자별매)
3119944810,SELLBLOG,AFTER_USE,좋아요 전시해놓았어요,2021-02-24T14:22:13.647+0000,STOREFARM,5,어린이 보석십자수 DIY 캐릭터 큐빅 비즈 지니맘 KC인증,지니맘 큐빅십자수  DIY: 8번 꽃사슴 (액자별매)
3113425158,SELLBLOG,NORMAL,"선물용으로 구입
집안에서 무료할때 하면 좋을것 같아요",2021-02-16T11:48:02.670+0000,STOREFARM,5,어린이 보석십자수 DIY 캐릭터 큐빅 비즈 지니맘 KC인증,지니맘 큐빅십자수  DIY: 3번 분홍사슴 (액자별매)
3102306129,SELLBLOG,NORMAL,좋아요 아기자기 너무이뻐요,2021-01-29T03:34:51.205+0000,STOREFARM,5,어린이 보석십자수 DIY 캐릭터 큐빅 비즈 지니맘 KC인증,지니맘 큐빅십자수  DIY: 26번 왕관 고양이(액자별매)
3118983355,SELLBLOG,AFTER_USE,딸이아주조아라합니다~~,2021-02-23T11:27:07.455+0000,STOREFARM,5,어린이 보석십자수 DIY 캐릭터 큐빅 비즈 지니맘 KC인증,지니맘 큐빅십자수  DIY: 19번 아이스크림 (액자별매)
3100457573,SELLBLOG,NORMAL,"유니콘이 이뻐서 딸보고 해주라 했어용 
큐빅들도 참 이쁘네용",2021-01-26T14:03:21.554+0000,STOREFARM,5,어린이 보석십자수 DIY 캐릭터 큐빅 비즈 지니맘 KC인증,지니맘 큐빅십자수  DIY: 15번 핑크 유니콘 (액자별매)
3110967593,SELLBLOG,NORMAL,"대박!!!!배송이 진짜빠르네요^^
덕분에 설 전에 아이들이 벌써하고있어요~
감사합니다♡",2021-02-10T10:57:02.815+0000,STOREFARM,5,어린이 보석십자수 DIY 캐릭터 큐빅 비즈 지니맘 KC인증,지니맘 큐빅십자수  DIY: 10번 안경토끼 (액자별매)
3066696033,SELLBLOG,NORMAL,"초5여아도 엄청 좋아하네요..
어린 아이들만 좋아 할 줄 알았는데. 
스마트폰만 하던 아이가  요거 하는동안  스마트 폰을 안했어요..

더 주문 해야겠어요..
우리딸도 시키고  남의 아들 딸도 선물해서 시켜야겠어요.'

그리고 완성작  또한 넘 예뻐서 
액자해놓으니 작품같고 너무 좋네요",2020-12-14T01:04:39.443+0000,STOREFARM,5,어린이 보석십자수 DIY 캐릭터 큐빅 비즈 지니맘 KC인증,지니맘 큐빅십자수  DIY: 24번 강아지(액자별매)
3113421305,SELLBLOG,NORMAL,애들이 너무 좋아해요~!!!퀄리티도 너무 좋아요,2021-02-16T11:44:23.229+0000,STOREFARM,5,어린이 보석십자수 DIY 캐릭터 큐빅 비즈 지니맘 KC인증,지니맘 큐빅십자수  DIY: 29번 클로버 고양이(액자별매)
3102214492,SELLBLOG,NORMAL,배송도빠르고 애들이 너무 좋아하네요,2021-01-29T01:39:24.737+0000,STOREFARM,5,어린이 보석십자수 DIY 캐릭터 큐빅 비즈 지니맘 KC인증,지니맘 큐빅십자수  DIY: 26번 뿔 돌고래(액자별매)
3094490542,SELLBLOG,NORMAL,"좋아요,
품질도 좋고 액자도 튼튼 예쁘네요.
무엇보다 큐빅이 블링블링 볼때마다 기분좋아지네요",2021-01-18T17:56:33.337+0000,STOREFARM,5,어린이 보석십자수 DIY 캐릭터 큐빅 비즈 지니맘 KC인증,지니맘 큐빅십자수  DIY: 1번 유니콘  (액자별매)
3120712986,SELLBLOG,NORMAL,재구매했답니다~^^,2021-02-25T14:14:09.521+0000,STOREFARM,5,어린이 보석십자수 DIY 캐릭터 큐빅 비즈 지니맘 KC인증,지니맘 큐빅십자수  DIY: 14번 부엉이 (액자별매)
3113318724,SELLBLOG,NORMAL,초스피드배달 딸이 사달라고해서 사줬는데 제가빠졌네요ㅎ,2021-02-16T10:04:34.602+0000,STOREFARM,5,어린이 보석십자수 DIY 캐릭터 큐빅 비즈 지니맘 KC인증,지니맘 큐빅십자수  DIY: 3번 분홍사슴 (액자별매)
3113324640,SELLBLOG,AFTER_USE,재미있어요방콕물건굿,2021-02-16T10:11:35.886+0000,STOREFARM,5,어린이 보석십자수 DIY 캐릭터 큐빅 비즈 지니맘 KC인증,지니맘 큐빅십자수  DIY: 12번 돌고래 (액자별매)
3093483241,SELLBLOG,NORMAL,가격은 좀 나가지만 반짝반짝 예쁘고 액자에 끼우니 완성도 잇네요 아이들이 엄청 좋아해요,2021-01-17T08:30:05.318+0000,STOREFARM,5,어린이 보석십자수 DIY 캐릭터 큐빅 비즈 지니맘 KC인증,지니맘 큐빅십자수  DIY: 23번 행복(액자별매)
3103059508,SELLBLOG,NORMAL,아이가 엄청 좋아하고 뚝딱하네요,2021-01-30T04:01:44.009+0000,STOREFARM,5,어린이 보석십자수 DIY 캐릭터 큐빅 비즈 지니맘 KC인증,지니맘 큐빅십자수  DIY: 12번 돌고래 (액자별매)
3117022006,SELLBLOG,NORMAL,애들이 너무재미있어해요,2021-02-20T14:57:48.905+0000,STOREFARM,4,어린이 보석십자수 DIY 캐릭터 큐빅 비즈 지니맘 KC인증,지니맘 큐빅십자수  DIY: 9번 겨울사슴 (액자별매)
3096468176,SELLBLOG,NORMAL,"보석이 반짝반짝 너무 이뻐요. 
초딩 딸이 좋아하네요. 또 다른걸로 주문하려구요.",2021-01-21T05:11:00.162+0000,STOREFARM,5,어린이 보석십자수 DIY 캐릭터 큐빅 비즈 지니맘 KC인증,지니맘 큐빅십자수  DIY: 25번 강아지(액자별매)
3084280508,SELLBLOG,AFTER_USE,조아요. 아이가 혼자 만들기엔 지루해하는거 같아서 같이 만들었어요,2021-01-06T05:41:45.898+0000,STOREFARM,5,어린이 보석십자수 DIY 캐릭터 큐빅 비즈 지니맘 kc인증,지니맘 큐빅십자수  DIY: 5번  소녀1 (액자별매)
3101430005,SELLBLOG,NORMAL,"배송빠르고
다양한게 많아 좋아요
아이도 좋아하네요",2021-01-28T01:04:39.835+0000,STOREFARM,5,어린이 보석십자수 DIY 캐릭터 큐빅 비즈 지니맘 KC인증,지니맘 큐빅십자수  DIY: 25번 강아지(액자별매)
3114134199,SELLBLOG,NORMAL,다른 제품보다 반짝 빤짝해서 아주 만족합니다.,2021-02-17T08:40:32.678+0000,STOREFARM,5,어린이 보석십자수 DIY 캐릭터 큐빅 비즈 지니맘 KC인증,지니맘 큐빅십자수  DIY: 28번 하트 고양이(액자별매)
3097542217,SELLBLOG,NORMAL,아이가 정말 좋아해요..그림도 선명하고 넘 재밌어 사네요,2021-01-22T09:51:44.401+0000,STOREFARM,5,어린이 보석십자수 DIY 캐릭터 큐빅 비즈 지니맘 KC인증,지니맘 큐빅십자수  DIY: 23번 행복(액자별매)
3085394022,SELLBLOG,NORMAL,큐빅 사이즈가 제각기 다르니.. 너무 예쁘네요..,2021-01-07T09:44:51.901+0000,STOREFARM,5,어린이 보석십자수 DIY 캐릭터 큐빅 비즈 지니맘 KC인증,지니맘 큐빅십자수  DIY: 3번 분홍사슴 (액자별매)
3106752326,SELLBLOG,NORMAL,아이들이 좋아해요~~~~~,2021-02-04T08:46:21.451+0000,STOREFARM,5,어린이 보석십자수 DIY 캐릭터 큐빅 비즈 지니맘 KC인증,지니맘 큐빅십자수  DIY: 24번 돌고래 하트(액자별매)
3086112029,SELLBLOG,NORMAL,"박스에 신문지, 뽁뽁이로 완충 잘해서 보내주셨고 배송도 빨랐어요~  아이들 여름방학을 이걸로 보냈었고  겨울방학 시간보낼 아이템으로 또 6세트 구매요..  완성하는 기쁨이 있으니 좋아해요~",2021-01-08T06:30:29.186+0000,STOREFARM,5,어린이 보석십자수 DIY 캐릭터 큐빅 비즈 지니맘 KC인증,지니맘 큐빅십자수  DIY: 21번 하트십자가 (액자별매)
3086111582,SELLBLOG,NORMAL,"박스에 신문지, 뽁뽁이로 완충 잘해서 보내주셨고 배송도 빨랐어요~  아이들 여름방학을 이걸로 보냈었고  겨울방학 시간보낼 아이템으로 또 6세트 구매요..  완성하는 기쁨이 있으니 좋아해요~",2021-01-08T06:30:03.430+0000,STOREFARM,5,어린이 보석십자수 DIY 캐릭터 큐빅 비즈 지니맘 KC인증,지니맘 큐빅십자수  DIY: 13번 별유니콘 (액자별매)
3086111184,SELLBLOG,NORMAL,"박스에 신문지, 뽁뽁이로 완충 잘해서 보내주셨고 배송도 빨랐어요~  아이들 여름방학을 이걸로 보냈었고  겨울방학 시간보낼 아이템으로 또 6세트 구매요..  완성하는 기쁨이 있으니 좋아해요~",2021-01-08T06:29:42.363+0000,STOREFARM,5,어린이 보석십자수 DIY 캐릭터 큐빅 비즈 지니맘 KC인증,지니맘 큐빅십자수  DIY: 19번 아이스크림 (액자별매)
3086109912,SELLBLOG,NORMAL,"박스에 신문지, 뽁뽁이로 완충 잘해서 보내주셨고 배송도 빨랐어요~  아이들 여름방학을 이걸로 보냈었고  겨울방학 시간보낼 아이템으로 또 6세트 구매요..  완성하는 기쁨이 있으니 좋아해요~",2021-01-08T06:28:25.520+0000,STOREFARM,5,어린이 보석십자수 DIY 캐릭터 큐빅 비즈 지니맘 KC인증,지니맘 큐빅십자수  DIY: 9번 겨울사슴 (액자별매)
3086109581,SELLBLOG,NORMAL,"박스에 신문지, 뽁뽁이로 완충 잘해서 보내주셨고 배송도 빨랐어요~  아이들 여름방학을 이걸로 보냈었고  겨울방학 시간보낼 아이템으로 또 6세트 구매요..  완성하는 기쁨이 있으니 좋아해요~",2021-01-08T06:28:06.889+0000,STOREFARM,5,어린이 보석십자수 DIY 캐릭터 큐빅 비즈 지니맘 KC인증,지니맘 큐빅십자수  DIY: 4번 홍학 (액자별매)
3086109264,SELLBLOG,NORMAL,"박스에 신문지, 뽁뽁이로 완충 잘해서 보내주셨고 배송도 빨랐어요~  아이들 여름방학을 이걸로 보냈었고  겨울방학 시간보낼 아이템으로 또 6세트 구매요..  완성하는 기쁨이 있으니 좋아해요~",2021-01-08T06:27:47.678+0000,STOREFARM,5,어린이 보석십자수 DIY 캐릭터 큐빅 비즈 지니맘 KC인증,지니맘 큐빅십자수  DIY: 22번 교회 (액자별매)
3111520684,SELLBLOG,AFTER_USE,"조카 사줬는데, 너무 재밌어하고 좋아하네요~ 또 구매하고 싶어요~",2021-02-12T03:24:19.809+0000,STOREFARM,5,어린이 보석십자수 DIY 캐릭터 큐빅 비즈 지니맘 KC인증,지니맘 큐빅십자수  DIY: 27번 하트 고양이(액자별매)
3097957073,SELLBLOG,NORMAL,넘넘이쁘네요.아이도 집중해서 열심히하구요~ 더 사야겠어요,2021-01-23T03:07:52.719+0000,STOREFARM,5,어린이 보석십자수 DIY 캐릭터 큐빅 비즈 지니맘 KC인증,지니맘 큐빅십자수  DIY: 31번 빨간리본(액자별매)
3089539229,SELLBLOG,NORMAL,"넘 예쁘고
좋으네요
주문잘못했는데 사장님께서 직접 문자주셔서 확인까지해주시는 섬세함과 친절함
대박나시길 바래요~~^^",2021-01-12T13:50:54.899+0000,STOREFARM,5,어린이 보석십자수 DIY 캐릭터 큐빅 비즈 지니맘 KC인증,지니맘 큐빅십자수  DIY: 10번 안경토끼 (액자별매)
3117316753,SELLBLOG,NORMAL,아이들이 넘 좋아해요,2021-02-21T04:40:44.886+0000,STOREFARM,4,어린이 보석십자수 DIY 캐릭터 큐빅 비즈 지니맘 KC인증,지니맘 큐빅십자수  DIY: 22번 교회 (액자별매)
3117316689,SELLBLOG,NORMAL,아이들이 넘 좋아해요,2021-02-21T04:40:37.596+0000,STOREFARM,4,어린이 보석십자수 DIY 캐릭터 큐빅 비즈 지니맘 KC인증,지니맘 큐빅십자수  DIY: 9번 겨울사슴 (액자별매)
3117316638,SELLBLOG,NORMAL,아이들이 넘 좋아해요,2021-02-21T04:40:31.799+0000,STOREFARM,4,어린이 보석십자수 DIY 캐릭터 큐빅 비즈 지니맘 KC인증,지니맘 큐빅십자수  DIY: 29번 클로버 고양이(액자별매)
3117316584,SELLBLOG,NORMAL,아이들이 넘 좋아해요,2021-02-21T04:40:25.747+0000,STOREFARM,4,어린이 보석십자수 DIY 캐릭터 큐빅 비즈 지니맘 KC인증,지니맘 큐빅십자수  DIY: 1번 유니콘  (액자별매)
3117316516,SELLBLOG,NORMAL,아이들이 넘 좋아해요,2021-02-21T04:40:17.731+0000,STOREFARM,4,어린이 보석십자수 DIY 캐릭터 큐빅 비즈 지니맘 KC인증,지니맘 큐빅십자수  DIY: 7번 사자 (액자별매)
3114785054,SELLBLOG,NORMAL,집에만 있어 심심해 하는데 딱 좋아요,2021-02-18T02:50:48.799+0000,STOREFARM,5,어린이 보석십자수 DIY 캐릭터 큐빅 비즈 지니맘 KC인증,지니맘 큐빅십자수  DIY: 8번 꽃사슴 (액자별매)
3114784899,SELLBLOG,NORMAL,집에만 있어 심심해 하는데 딱 좋아요,2021-02-18T02:50:37.421+0000,STOREFARM,5,어린이 보석십자수 DIY 캐릭터 큐빅 비즈 지니맘 KC인증,지니맘 큐빅십자수  DIY: 17번 아기 유니콘 (액자별매)
3103120524,SELLBLOG,NORMAL,가격대비 정말 예쁘고 좋아요,2021-01-30T05:20:16.101+0000,STOREFARM,4,어린이 보석십자수 DIY 캐릭터 큐빅 비즈 지니맘 KC인증,지니맘 큐빅십자수  DIY: 10번 안경토끼 (액자별매)
3103120099,SELLBLOG,NORMAL,가격대비 정말 예쁘고 좋아요,2021-01-30T05:19:41.311+0000,STOREFARM,4,어린이 보석십자수 DIY 캐릭터 큐빅 비즈 지니맘 KC인증,지니맘 큐빅십자수  DIY: 28번 하트 고양이(액자별매)
3101233942,SELLBLOG,NORMAL,"너무이쁘네요~^^
감사합니다",2021-01-27T13:49:47.688+0000,STOREFARM,5,어린이 보석십자수 DIY 캐릭터 큐빅 비즈 지니맘 KC인증,지니맘 큐빅십자수  DIY: 9번 겨울사슴 (액자별매)
3114776009,SELLBLOG,NORMAL,색감 예쁘요  초등 저학년 하기 좋아요,2021-02-18T02:39:38.514+0000,STOREFARM,5,어린이 보석십자수 DIY 캐릭터 큐빅 비즈 지니맘 KC인증,지니맘 큐빅십자수  DIY: 12번 돌고래 (액자별매)
3113934578,SELLBLOG,NORMAL,보석이 커서 어린애들 나이든분들 하기 딱 이네요~~,2021-02-17T04:54:49.716+0000,STOREFARM,5,어린이 보석십자수 DIY 캐릭터 큐빅 비즈 지니맘 KC인증,지니맘 큐빅십자수  DIY: 11번 클로버 (액자별매)
3093722118,SELLBLOG,NORMAL,재구매 해서 조카 선물 했어요~너무 예쁘고 집에 있는 아이들에게  좋은것 같아요^^,2021-01-17T14:53:37.754+0000,STOREFARM,5,어린이 보석십자수 DIY 캐릭터 큐빅 비즈 지니맘 KC인증,지니맘 큐빅십자수  DIY: 2번 보라유니콘 (액자별매)
3086467832,SELLBLOG,NORMAL,"큐빅이 큰거,작은거 넉넉하게 들어있어요.
보석 넣은 지퍼팩 비닐도 다른 곳과 다르게 두껍고, 안전해요.",2021-01-08T13:16:44.013+0000,STOREFARM,5,어린이 보석십자수 DIY 캐릭터 큐빅 비즈 지니맘 KC인증,지니맘 큐빅십자수  DIY: 25번 뿔 돌고래(액자별매)
3097207827,SELLBLOG,NORMAL,"비즈 너무 반짝이고 이뻐요. 
아이가 좋아라 합니다",2021-01-22T03:23:51.269+0000,STOREFARM,5,어린이 보석십자수 DIY 캐릭터 큐빅 비즈 지니맘 KC인증,지니맘 큐빅십자수  DIY: 1번 유니콘  (액자별매)
3117128802,SELLBLOG,NORMAL,아이가 정말 좋아해요,2021-02-21T00:26:50.945+0000,STOREFARM,5,어린이 보석십자수 DIY 캐릭터 큐빅 비즈 지니맘 KC인증,지니맘 큐빅십자수  DIY: 1번 유니콘  (액자별매)
3117128659,SELLBLOG,NORMAL,아이가 정말 좋아해요,2021-02-21T00:26:36.102+0000,STOREFARM,5,어린이 보석십자수 DIY 캐릭터 큐빅 비즈 지니맘 KC인증,지니맘 큐빅십자수  DIY: 8번 꽃사슴 (액자별매)
3117128483,SELLBLOG,NORMAL,아이가 정말 좋아해요,2021-02-21T00:26:15.042+0000,STOREFARM,5,어린이 보석십자수 DIY 캐릭터 큐빅 비즈 지니맘 KC인증,지니맘 큐빅십자수  DIY: 14번 부엉이 (액자별매)
3117128306,SELLBLOG,NORMAL,아이가 정말 좋인해요,2021-02-21T00:25:52.754+0000,STOREFARM,5,어린이 보석십자수 DIY 캐릭터 큐빅 비즈 지니맘 KC인증,지니맘 큐빅십자수  DIY: 15번 핑크 유니콘 (액자별매)
3112335817,SELLBLOG,NORMAL,저렴하고 재밋어요 어른꺼도 그림 다양하면 저도 사서 취미하고 싶네요^^,2021-02-14T13:52:29.025+0000,STOREFARM,5,어린이 보석십자수 DIY 캐릭터 큐빅 비즈 지니맘 KC인증,지니맘 큐빅십자수  DIY: 24번 돌고래 하트(액자별매)
3096593997,SELLBLOG,NORMAL,"애들이 시간가는줄 모르게 열시미해요~~^^
반짝반짝 큐빅이 너무예뻐요~~",2021-01-21T07:37:12.165+0000,STOREFARM,5,어린이 보석십자수 DIY 캐릭터 큐빅 비즈 지니맘 KC인증,지니맘 큐빅십자수  DIY: 7번 사자 (액자별매)
3100512534,SELLBLOG,NORMAL,코로나로 집에서 따분한데 딸램이 좋아하네요,2021-01-26T15:24:51.357+0000,STOREFARM,5,어린이 보석십자수 DIY 캐릭터 큐빅 비즈 지니맘 KC인증,지니맘 큐빅십자수  DIY: 11번 클로버 (액자별매)
3100456659,SELLBLOG,NORMAL,"아이들이 3일만에 다했어요
다른것도 사줄까봐요",2021-01-26T14:02:14.675+0000,STOREFARM,5,어린이 보석십자수 DIY 캐릭터 큐빅 비즈 지니맘 KC인증,지니맘 큐빅십자수  DIY: 11번 클로버 (액자별매)
3103060415,SELLBLOG,NORMAL,아이가 혼자 뚝딱 만들어요,2021-01-30T04:02:52.107+0000,STOREFARM,5,어린이 보석십자수 DIY 캐릭터 큐빅 비즈 지니맘 KC인증,지니맘 큐빅십자수  DIY: 1번 유니콘  (액자별매)
3095622639,SELLBLOG,NORMAL,어제 오전에시켜서 오늘아침에 받앗어요..엄청빠르네요.배송굿,2021-01-20T05:17:31.796+0000,STOREFARM,5,어린이 보석십자수 DIY 캐릭터 큐빅 비즈 지니맘 KC인증,지니맘 큐빅십자수  DIY: 15번 핑크 유니콘 (액자별매)
3085168352,SELLBLOG,NORMAL,"택배 받고 어제 저녁부터 오늘 오전까지 10살,6살
두아이..작품 작업 시작해서~~ 마무리했답니다^^ 반짝거리는 보석들이 조명 아래~~ 너무 예쁘다며 아이들 모두 만족해했답니다^^ 추가로 더 주문하러 갑니다♡♡",2021-01-07T05:27:24.680+0000,STOREFARM,5,어린이 보석십자수 DIY 캐릭터 큐빅 비즈 지니맘 KC인증,지니맘 큐빅십자수  DIY: 1번 유니콘  (액자별매)
3110308588,SELLBLOG,NORMAL,딸래미들이 너무 좋아합니다~이거 말고 또 사달라고 조르네요 ㅎㅎ,2021-02-09T08:30:12.599+0000,STOREFARM,5,어린이 보석십자수 DIY 캐릭터 큐빅 비즈 지니맘 KC인증,지니맘 큐빅십자수  DIY: 27번 하트 고양이(액자별매)
3097391957,SELLBLOG,NORMAL,포장부터 꼼꼼하니 좋네요~집중력에 좋을꺼같아요!,2021-01-22T06:50:36.917+0000,STOREFARM,5,어린이 보석십자수 DIY 캐릭터 큐빅 비즈 지니맘 KC인증,지니맘 큐빅십자수  DIY: 10번 안경토끼 (액자별매)
3092595548,SELLBLOG,NORMAL,포장도 너무잘되서 엄청 빨리도착했어요.만들생각하니까 아이와함께 신이났어요.잘만들께요,2021-01-16T05:08:00.134+0000,STOREFARM,5,어린이 보석십자수 DIY 캐릭터 큐빅 비즈 지니맘 KC인증,지니맘 큐빅십자수  DIY: 3번 분홍사슴 (액자별매)
3096264186,SELLBLOG,AFTER_USE,드디어 우리 아들 완성했네요^^액자에 해놓으니 뿌듯해 하네요~,2021-01-21T00:36:35.837+0000,STOREFARM,5,어린이 보석십자수 DIY 캐릭터 큐빅 비즈 지니맘 KC인증,지니맘 큐빅십자수  DIY: 1번 유니콘  (액자별매)
3100899741,SELLBLOG,NORMAL,밑에서부터시작하고있어요7살무리없이잘하네요,2021-01-27T07:17:27.762+0000,STOREFARM,5,어린이 보석십자수 DIY 캐릭터 큐빅 비즈 지니맘 KC인증,지니맘 큐빅십자수  DIY: 9번 겨울사슴 (액자별매)
3113705100,SELLBLOG,NORMAL,구슬 케이스가 있어서 보관하기 좋아요,2021-02-16T22:43:23.102+0000,STOREFARM,4,어린이 보석십자수 DIY 캐릭터 큐빅 비즈 지니맘 KC인증,지니맘 큐빅십자수  DIY: 8번 꽃사슴 (액자별매)
3113704959,SELLBLOG,NORMAL,구슬 케이스가 있어서 보관하기 좋아요,2021-02-16T22:42:53.010+0000,STOREFARM,4,어린이 보석십자수 DIY 캐릭터 큐빅 비즈 지니맘 KC인증,지니맘 큐빅십자수  DIY: 3번 분홍사슴 (액자별매)
3106752990,SELLBLOG,NORMAL,아들이 좋아해요~~~~~~,2021-02-04T08:47:10.617+0000,STOREFARM,5,어린이 보석십자수 DIY 캐릭터 큐빅 비즈 지니맘 KC인증,지니맘 큐빅십자수  DIY: 25번 강아지(액자별매)
3101323348,SELLBLOG,NORMAL,여덟살 아이랑 함께 재미있게 했어요,2021-01-27T16:40:30.436+0000,STOREFARM,5,어린이 보석십자수 DIY 캐릭터 큐빅 비즈 지니맘 KC인증,지니맘 큐빅십자수  DIY: 29번 클로버 고양이(액자별매)
3095678608,SELLBLOG,NORMAL,방학동안 아이들과 하려고 구입했어요 애들이 너무 좋아하네요,2021-01-20T06:26:43.243+0000,STOREFARM,5,어린이 보석십자수 DIY 캐릭터 큐빅 비즈 지니맘 KC인증,지니맘 큐빅십자수  DIY: 2번 보라유니콘 (액자별매)
3117211912,SELLBLOG,NORMAL,빠른 배송 감사합니다.,2021-02-21T02:12:39.493+0000,STOREFARM,5,어린이 보석십자수 DIY 캐릭터 큐빅 비즈 지니맘 KC인증,지니맘 큐빅십자수  DIY: 14번 부엉이 (액자별매)
3117211564,SELLBLOG,NORMAL,빠른 배송 감사합니다.,2021-02-21T02:12:16.478+0000,STOREFARM,5,어린이 보석십자수 DIY 캐릭터 큐빅 비즈 지니맘 KC인증,지니맘 큐빅십자수  DIY: 10번 안경토끼 (액자별매)
3117211388,SELLBLOG,NORMAL,빠른 배송 감사합니다.,2021-02-21T02:12:05.795+0000,STOREFARM,5,어린이 보석십자수 DIY 캐릭터 큐빅 비즈 지니맘 KC인증,지니맘 큐빅십자수  DIY: 26번 뿔 돌고래(액자별매)
3084578003,SELLBLOG,NORMAL,"아이랑 둘이 하나씩 이틀만에 끝냈어요 ~
아이가 집중력있게 질하더라구요 ~
다른 것도 구매해서 해보자구 하네요~",2021-01-06T10:53:01.204+0000,STOREFARM,5,어린이 보석십자수 DIY 캐릭터 큐빅 비즈 지니맘 KC인증,지니맘 큐빅십자수  DIY: 17번 아기 유니콘 (액자별매)
3095043774,SELLBLOG,NORMAL,배송도 빠르고 방학용으로 구매했어요.액자까지 구매할수 있어 좋네요~^^,2021-01-19T10:41:51.665+0000,STOREFARM,5,어린이 보석십자수 DIY 캐릭터 큐빅 비즈 지니맘 KC인증,지니맘 큐빅십자수  DIY: 13번 별유니콘 (액자별매)
3093809763,SELLBLOG,NORMAL,"아이가 좋아해요
집콕용으로 딱이에요
큐빅도 넉넉하고 만족합니다",2021-01-17T23:31:49.928+0000,STOREFARM,5,어린이 보석십자수 DIY 캐릭터 큐빅 비즈 지니맘 KC인증,지니맘 큐빅십자수  DIY: 1번 유니콘  (액자별매)
3097145124,SELLBLOG,NORMAL,너무 이쁘네요 아이들이 너무 좋아하네요..시간도 잘 가네요ㅋ,2021-01-22T02:07:58.437+0000,STOREFARM,4,어린이 보석십자수 DIY 캐릭터 큐빅 비즈 지니맘 KC인증,지니맘 큐빅십자수  DIY: 13번 별유니콘 (액자별매)
3099828921,SELLBLOG,NORMAL,아이와 실내에서  시간 보내기 좋은 놀이 입니다~,2021-01-26T01:38:45.739+0000,STOREFARM,5,어린이 보석십자수 DIY 캐릭터 큐빅 비즈 지니맘 KC인증,지니맘 큐빅십자수  DIY: 25번 강아지(액자별매)
3095930442,SELLBLOG,AFTER_USE,좋아요 눈알이 빠질거같지만 집중하게 됩니다,2021-01-20T11:13:51.553+0000,STOREFARM,5,어린이 보석십자수 DIY 캐릭터 큐빅 비즈 지니맘 kc인증,지니맘 큐빅십자수  DIY: 11번 클로버 (액자별매)
3097722096,SELLBLOG,NORMAL,배송 빨라요. 애기가 좋아하고 혼자서도 잘해요.,2021-01-22T14:07:38.661+0000,STOREFARM,5,어린이 보석십자수 DIY 캐릭터 큐빅 비즈 지니맘 KC인증,지니맘 큐빅십자수  DIY: 2번 보라유니콘 (액자별매)
3112887681,SELLBLOG,NORMAL,빠른배송 좋습니다 아이들이재밌어해요,2021-02-15T15:49:04.478+0000,STOREFARM,5,어린이 보석십자수 DIY 캐릭터 큐빅 비즈 지니맘 KC인증,지니맘 큐빅십자수  DIY: 28번 하트 고양이(액자별매)
3111770078,SELLBLOG,NORMAL,배송도 빠르고 돟아요,2021-02-12T21:44:50.342+0000,STOREFARM,5,어린이 보석십자수 DIY 캐릭터 큐빅 비즈 지니맘 KC인증,지니맘 큐빅십자수  DIY: 9번 겨울사슴 (액자별매)
3082518892,SELLBLOG,NORMAL,아이들이 예쁘다고 너무 좋아합니다 재료도 넉넉하게 들어 있구요 특히 액자는 꼭 하세요 액자 퀄리티도 생각보다 좋고 아이들방에 걸어두니 멋지네요,2021-01-03T22:59:37.782+0000,STOREFARM,5,어린이 보석십자수 DIY 캐릭터 큐빅 비즈 지니맘 KC인증,지니맘 큐빅십자수  DIY: 32번 강아지3(액자별매)
3093172739,SELLBLOG,NORMAL,"빠른배송감사합니다 
아이가 정말 좋아하네요
다음에도 이용하겠습니다",2021-01-17T00:59:41.620+0000,STOREFARM,5,어린이 보석십자수 DIY 캐릭터 큐빅 비즈 지니맘 KC인증,지니맘 큐빅십자수  DIY: 13번 별유니콘 (액자별매)
3088510079,SELLBLOG,NORMAL,"초등애들이 하기에 크기도 적당하고
넘 예뻐요

근데 13번 지퍼백에 대부분 14번큐빅이들어있어서
14번만 2봉지네요
다른 디자인하고 남은 13번으로 완성했어요",2021-01-11T09:29:46.078+0000,STOREFARM,4,어린이 보석십자수 DIY 캐릭터 큐빅 비즈 지니맘 KC인증,지니맘 큐빅십자수  DIY: 3번 분홍사슴 (액자별매)
3116002689,SELLBLOG,NORMAL,아이가 너무 좋아해요,2021-02-19T09:37:22.896+0000,STOREFARM,5,어린이 보석십자수 DIY 캐릭터 큐빅 비즈 지니맘 KC인증,지니맘 큐빅십자수  DIY: 13번 별유니콘 (액자별매)
3116531419,SELLBLOG,NORMAL,딸아이가 좋아하네요~,2021-02-20T03:29:17.049+0000,STOREFARM,5,어린이 보석십자수 DIY 캐릭터 큐빅 비즈 지니맘 KC인증,지니맘 큐빅십자수  DIY: 25번 강아지(액자별매)
3100513141,SELLBLOG,NORMAL,이뻐하네요. 시간도 잘가요~,2021-01-26T15:26:02.019+0000,STOREFARM,5,어린이 보석십자수 DIY 캐릭터 큐빅 비즈 지니맘 KC인증,지니맘 큐빅십자수  DIY: 1번 유니콘  (액자별매)
3100667236,SELLBLOG,NORMAL,"아이와 시간보내며 만들기 좋아요 
8살아이와 3일간 놀았엉ᆢㄷ",2021-01-27T01:43:24.340+0000,STOREFARM,5,어린이 보석십자수 DIY 캐릭터 큐빅 비즈 지니맘 KC인증,지니맘 큐빅십자수  DIY: 15번 핑크 유니콘 (액자별매)
3112489479,SELLBLOG,NORMAL,친구 선물로 구입했는데 좋아하는진 모르겟어요 ㅋㅋㅋ,2021-02-15T02:49:35.920+0000,STOREFARM,4,어린이 보석십자수 DIY 캐릭터 큐빅 비즈 지니맘 KC인증,지니맘 큐빅십자수  DIY: 16번 여우 (액자별매)
3090060427,SELLBLOG,NORMAL,"외할머니 생신선물로
아들이 열심히 재미있게 만들었어요
액자에 들어가니 더 퀄리티도 좋으네요",2021-01-13T07:39:46.969+0000,STOREFARM,5,어린이 보석십자수 DIY 캐릭터 큐빅 비즈 지니맘 KC인증,지니맘 큐빅십자수  DIY: 14번 부엉이 (액자별매)
3088298990,SELLBLOG,NORMAL,일단 배송이  엄청 빨리왔어요...아이들이 기다리고 있었는데 빨리와서 너무 좋아요..보석하나하나 개별 지퍼백포장이고 넉넉히 들어있어서 좋아요,2021-01-11T04:48:13.976+0000,STOREFARM,5,어린이 보석십자수 DIY 캐릭터 큐빅 비즈 지니맘 KC인증,지니맘 큐빅십자수  DIY: 2번 보라유니콘 (액자별매)
3114693744,SELLBLOG,NORMAL,집중력향상에도 좋은거같아요~^^,2021-02-18T01:10:16.986+0000,STOREFARM,4,어린이 보석십자수 DIY 캐릭터 큐빅 비즈 지니맘 KC인증,지니맘 큐빅십자수  DIY: 25번 강아지(액자별매)
3102214969,SELLBLOG,NORMAL,아이가 너뮤 좋아하네요,2021-01-29T01:40:05.913+0000,STOREFARM,5,어린이 보석십자수 DIY 캐릭터 큐빅 비즈 지니맘 KC인증,지니맘 큐빅십자수  DIY: 24번 돌고래 하트(액자별매)
3118985214,SELLBLOG,AFTER_USE,반짝반짝너무예뻐요~^^,2021-02-23T11:29:00.319+0000,STOREFARM,5,어린이 보석십자수 DIY 캐릭터 큐빅 비즈 지니맘 KC인증,지니맘 큐빅십자수  DIY: 17번 아기 유니콘 (액자별매)
3104936300,SELLBLOG,NORMAL,빠르게왔고요 아이들이 좋아해요 꼼꼼히 하고있는거보면 엄마도 흐믓 얼른하고 다음도안 재주문할게요,2021-02-02T04:03:46.677+0000,STOREFARM,5,어린이 보석십자수 DIY 캐릭터 큐빅 비즈 지니맘 KC인증,지니맘 큐빅십자수  DIY: 9번 겨울사슴 (액자별매)
3095623380,SELLBLOG,NORMAL,지퍼백 입구가 꽉여며져서 초1아이 혼자힘으로는 열기가 버거워하는거 빼곤 좋아요.,2021-01-20T05:18:27.901+0000,STOREFARM,5,어린이 보석십자수 DIY 캐릭터 큐빅 비즈 지니맘 KC인증,지니맘 큐빅십자수  DIY: 25번 강아지(액자별매)
3086893184,SELLBLOG,NORMAL,우리집 아이들이 심심해해서 주문했는데 잼나해서 제가 수업하는 학생들 선물로 구입했습니다. 서비스도 주셨네요.감사합니다~ 학생들이 좋아할것같아요~~,2021-01-09T05:39:54.301+0000,STOREFARM,5,어린이 보석십자수 DIY 캐릭터 큐빅 비즈 지니맘 KC인증,지니맘 큐빅십자수  DIY: 25번 강아지(액자별매)
3101639858,SELLBLOG,NORMAL,이쁠거같아요 기대됩니당,2021-01-28T06:01:36.790+0000,STOREFARM,5,어린이 보석십자수 DIY 캐릭터 큐빅 비즈 지니맘 KC인증,지니맘 큐빅십자수  DIY: 11번 클로버 (액자별매)
3094749425,SELLBLOG,NORMAL,"배송빠르네요~아이들이 넘좋아해요.
받자마자 열심히하고있네요^^",2021-01-19T05:11:09.711+0000,STOREFARM,5,어린이 보석십자수 DIY 캐릭터 큐빅 비즈 지니맘 KC인증,지니맘 큐빅십자수  DIY: 6번 소녀2 (액자별매)
3114568691,SELLBLOG,NORMAL,상품 배송 모두 만족합니다,2021-02-17T16:43:03.949+0000,STOREFARM,5,어린이 보석십자수 DIY 캐릭터 큐빅 비즈 지니맘 KC인증,지니맘 큐빅십자수  DIY: 19번 아이스크림 (액자별매)
3099237646,SELLBLOG,NORMAL,방학동안 아이들과 시간보내기 짱입니다,2021-01-25T02:27:37.847+0000,STOREFARM,5,어린이 보석십자수 DIY 캐릭터 큐빅 비즈 지니맘 KC인증,지니맘 큐빅십자수  DIY: 9번 겨울사슴 (액자별매)
3114604372,SELLBLOG,AFTER_USE,아이들이 정말 좋아해요,2021-02-17T22:04:54.837+0000,STOREFARM,5,어린이 보석십자수  교회 큐빅 비즈 지니맘 KC인증,지니맘 큐빅십자수  DIY: 19번 아이스크림 (액자별매)
3114427640,SELLBLOG,AFTER_USE,아이가 여전히 좋아하네요,2021-02-17T13:16:47.872+0000,STOREFARM,4,어린이 보석십자수 DIY 캐릭터 큐빅 비즈 지니맘 KC인증,지니맘 큐빅십자수  DIY: 28번 클로버 고양이(액자별매)
3098593332,SELLBLOG,NORMAL,애들이너무좋아하고 쉽게 만들수있어 좋네요,2021-01-24T01:27:34.546+0000,STOREFARM,5,어린이 보석십자수 DIY 캐릭터 큐빅 비즈 지니맘 KC인증,지니맘 큐빅십자수  DIY: 9번 겨울사슴 (액자별매)
3093721073,SELLBLOG,NORMAL,너무 예뻐요~아이들이 좋아해서 재구매 합니다.조카 선물 해줬어요^^,2021-01-17T14:51:41.291+0000,STOREFARM,5,어린이 보석십자수 DIY 캐릭터 큐빅 비즈 지니맘 KC인증,지니맘 큐빅십자수  DIY: 14번 부엉이 (액자별매)
3116004902,SELLBLOG,AFTER_USE,집중력 향상에 좋아요~~,2021-02-19T09:40:11.918+0000,STOREFARM,5,어린이 보석십자수 DIY 캐릭터 큐빅 비즈 지니맘 KC인증,지니맘 큐빅십자수  DIY: 9번 겨울사슴 (액자별매)
3115506243,SELLBLOG,NORMAL,반짝반짝하니 예뻐요~,2021-02-18T23:42:33.212+0000,STOREFARM,4,어린이 보석십자수 DIY 캐릭터 큐빅 비즈 지니맘 KC인증,지니맘 큐빅십자수  DIY: 11번 클로버 (액자별매)
3085014498,SELLBLOG,NORMAL,"아이가 해보고싶다고 해서 주문했어요~ 
디자인 하나에 재료가 꼼꼼히 들어가있어요^^ 
액자는 품절이라 구매하지 못했는데 
이번에 구매한 4가지 디자인 다하면 액자랑  
또 주문하려고 합니다^^",2021-01-07T02:06:22.847+0000,STOREFARM,5,어린이 보석십자수 DIY 캐릭터 큐빅 비즈 지니맘 KC인증,지니맘 큐빅십자수  DIY: 1번 유니콘  (액자별매)
3113851523,SELLBLOG,NORMAL,퀄리티 좋고 포장 꼼꼼해요,2021-02-17T03:01:15.407+0000,STOREFARM,5,어린이 보석십자수 DIY 캐릭터 큐빅 비즈 지니맘 KC인증,지니맘 큐빅십자수  DIY: 17번 아기 유니콘 (액자별매)
3113851289,SELLBLOG,NORMAL,퀄리티좋고 포장 꼼꼼해요,2021-02-17T03:00:52.850+0000,STOREFARM,5,어린이 보석십자수 DIY 캐릭터 큐빅 비즈 지니맘 KC인증,지니맘 큐빅십자수  DIY: 15번 핑크 유니콘 (액자별매)
3113851060,SELLBLOG,NORMAL,퀄리티 좋고 포장 꼼꼼해요,2021-02-17T03:00:34.793+0000,STOREFARM,5,어린이 보석십자수 DIY 캐릭터 큐빅 비즈 지니맘 KC인증,지니맘 큐빅십자수  DIY: 1번 유니콘  (액자별매)
3110673400,SELLBLOG,NORMAL,아이가 너무 좋아해요 대만족입니다,2021-02-09T23:52:43.047+0000,STOREFARM,5,어린이 보석십자수 DIY 캐릭터 큐빅 비즈 지니맘 KC인증,지니맘 큐빅십자수  DIY: 28번 하트 고양이(액자별매)
3110673331,SELLBLOG,NORMAL,아이가 너무 좋아해요 대만족입니다,2021-02-09T23:52:31.418+0000,STOREFARM,5,어린이 보석십자수 DIY 캐릭터 큐빅 비즈 지니맘 KC인증,지니맘 큐빅십자수  DIY: 27번 왕관 고양이(액자별매)
3110673276,SELLBLOG,NORMAL,아이가 너무 좋아해요 대만족입니다,2021-02-09T23:52:20.888+0000,STOREFARM,5,어린이 보석십자수 DIY 캐릭터 큐빅 비즈 지니맘 KC인증,지니맘 큐빅십자수  DIY: 1번 유니콘  (액자별매)
3110673157,SELLBLOG,NORMAL,아이가 너무 좋아해요 대만족입니다,2021-02-09T23:51:54.877+0000,STOREFARM,5,어린이 보석십자수 DIY 캐릭터 큐빅 비즈 지니맘 KC인증,지니맘 큐빅십자수  DIY: 25번 강아지(액자별매)
3115156584,SELLBLOG,NORMAL,딸이 진짜좋아해요 재밌어요,2021-02-18T10:24:37.682+0000,STOREFARM,5,어린이 보석십자수 DIY 캐릭터 큐빅 비즈 지니맘 KC인증,지니맘 큐빅십자수  DIY: 12번 돌고래 (액자별매)
3093602543,SELLBLOG,NORMAL,아이가 너무 좋아해요 ~ 다하고 다른 도안으로 추가 구매할려고요,2021-01-17T11:50:55.948+0000,STOREFARM,5,어린이 보석십자수 DIY 캐릭터 큐빅 비즈 지니맘 KC인증,지니맘 큐빅십자수  DIY: 32번 강아지3(액자별매)
3107040752,SELLBLOG,NORMAL,"너무 귀여워요 ㅎㅎㅎ 큐빅도 좋구. 아이가 좋아하는데  
같이 번갈아가며 해요... 
사진은 못찍었네요. ^^",2021-02-04T14:19:53.552+0000,STOREFARM,5,어린이 보석십자수 DIY 캐릭터 큐빅 비즈 지니맘 KC인증,지니맘 큐빅십자수  DIY: 25번 강아지(액자별매)
3085862401,SELLBLOG,NORMAL,"저번에 액자 두개하고  큐빅이 이쁘고 상태도 좋아서 이번엔  열쇠고리랑 액자 두개 더 주문했어요.
딸이 큐빅이 이뻐그런지  더  열심히 하네요ㅋ
좀 큰그림도안두 있으면 좋겠어요^^",2021-01-08T02:02:55.156+0000,STOREFARM,5,어린이 보석십자수 DIY 캐릭터 큐빅 비즈 지니맘 KC인증,지니맘 큐빅십자수  DIY: 8번 꽃사슴 (액자별매)
3115096391,SELLBLOG,NORMAL,액자도 크고 너무 이뻐요^^,2021-02-18T09:09:43.374+0000,STOREFARM,5,어린이 보석십자수 DIY 캐릭터 큐빅 비즈 지니맘 KC인증,지니맘 큐빅십자수  DIY: 8번 꽃사슴 (액자별매)
3084579674,SELLBLOG,NORMAL,"아이랑 한나씩 이틀만에 끝냈어요 
아이가 집중력 있게 질하네요.
다른것도 구매해서 해봐야겠어요.",2021-01-06T10:54:41.144+0000,STOREFARM,5,어린이 보석십자수 DIY 캐릭터 큐빅 비즈 지니맘 KC인증,지니맘 큐빅십자수  DIY: 18번 파란사슴 (액자별매)
3107306590,SELLBLOG,NORMAL,쪼이는게 좋아서 스몰 샀는데 잘산거같아요 쓰다가 또 구매하고싶어요,2021-02-05T02:53:31.994+0000,STOREFARM,5,어린이 보석십자수 DIY 캐릭터 큐빅 비즈 지니맘 KC인증,지니맘 큐빅십자수  DIY: 15번 핑크 유니콘 (액자별매)
3102425440,SELLBLOG,NORMAL,예뻐요 또 보고 주문할께요,2021-01-29T05:50:49.869+0000,STOREFARM,5,어린이 보석십자수 DIY 캐릭터 큐빅 비즈 지니맘 KC인증,지니맘 큐빅십자수  DIY: 25번 강아지(액자별매)
3102419878,SELLBLOG,NORMAL,예뻐요 또 보고 주문할께요,2021-01-29T05:44:29.108+0000,STOREFARM,5,어린이 보석십자수 DIY 캐릭터 큐빅 비즈 지니맘 KC인증,지니맘 큐빅십자수  DIY: 17번 아기 유니콘 (액자별매)
3080665715,SELLBLOG,NORMAL,"작품이 나옵니다^^ 전에 서점에서 보석십자수를 알게 되어 작은 사이즈 그림 구입했다가 애들이 좋아해서 알아보던 중 이 곳에서 2번 구입했네요. 구슬 크기가 다르고 반짝 거리는 정도가 기존에 구입했던거랑 비교가 안됩니다^^ 10살, 6살 아들 둘다 푹 빠졌어요",2021-01-01T02:45:08.766+0000,STOREFARM,5,어린이 보석십자수 DIY 캐릭터 큐빅 비즈 지니맘 KC인증,지니맘 큐빅십자수  DIY: 1번 유니콘  (액자별매)
3099489292,SELLBLOG,NORMAL,"배송 빠르고 심심한 겨울방학 잘 보냈어요
ㅋㅋ",2021-01-25T08:31:48.123+0000,STOREFARM,5,어린이 보석십자수 DIY 캐릭터 큐빅 비즈 지니맘 KC인증,지니맘 큐빅십자수  DIY: 4번 홍학 (액자별매)
3097804976,SELLBLOG,NORMAL,"7 살9살
너무 즐거워해요^^
만족합니다",2021-01-22T18:40:16.472+0000,STOREFARM,5,어린이 보석십자수 DIY 캐릭터 큐빅 비즈 지니맘 KC인증,지니맘 큐빅십자수  DIY: 26번 뿔 돌고래(액자별매)
3082647464,SELLBLOG,NORMAL,"아이가 넘 좋아하네요 ^^
요거 하는 시간 만큼은 핸드폰도 안하고 좋아요
저도 재밌어서 한번 시작하니 계속 하게 되더라구요 ㅎㅎ",2021-01-04T03:08:02.927+0000,STOREFARM,5,어린이 보석십자수 DIY 캐릭터 큐빅 비즈 지니맘 KC인증,지니맘 큐빅십자수  DIY: 13번 별유니콘 (액자별매)
3114528021,SELLBLOG,NORMAL,빠른배송 좋은품질 짱입니다~~~~,2021-02-17T15:08:15.837+0000,STOREFARM,5,어린이 보석십자수 DIY 캐릭터 큐빅 비즈 지니맘 KC인증,지니맘 큐빅십자수  DIY: 30번 작은 유니콘(액자별매)
3114527909,SELLBLOG,NORMAL,빠른배송 좋은품질 짱입니다~~~~,2021-02-17T15:08:04.123+0000,STOREFARM,5,어린이 보석십자수 DIY 캐릭터 큐빅 비즈 지니맘 KC인증,지니맘 큐빅십자수  DIY: 16번 여우 (액자별매)
3114527750,SELLBLOG,NORMAL,빠른배송 좋은품질 짱입니다~~~~,2021-02-17T15:07:48.750+0000,STOREFARM,5,어린이 보석십자수 DIY 캐릭터 큐빅 비즈 지니맘 KC인증,지니맘 큐빅십자수  DIY: 26번 뿔 돌고래(액자별매)
3105584225,SELLBLOG,NORMAL,"딸램이 너무 만들고 싶어해서 사줬는데 넘 좋아하네요~
센스있는 사음품도 좋았습니다~^^",2021-02-03T00:15:43.875+0000,STOREFARM,5,어린이 보석십자수 DIY 캐릭터 큐빅 비즈 지니맘 KC인증,지니맘 큐빅십자수  DIY: 28번 하트 고양이(액자별매)
3105584134,SELLBLOG,NORMAL,"딸램이 너무 만들고 싶어해서 사줬는데 넘 좋아하네요~
센스있는 사음품도 좋았습니다~^^",2021-02-03T00:15:33.423+0000,STOREFARM,5,어린이 보석십자수 DIY 캐릭터 큐빅 비즈 지니맘 KC인증,지니맘 큐빅십자수  DIY: 26번 뿔 돌고래(액자별매)
3105584045,SELLBLOG,NORMAL,"딸램이 너무 만들고 싶어해서 사줬는데 넘 좋아하네요~
센스있는 사음품도 좋았습니다~^^",2021-02-03T00:15:23.735+0000,STOREFARM,5,어린이 보석십자수 DIY 캐릭터 큐빅 비즈 지니맘 KC인증,지니맘 큐빅십자수  DIY: 17번 아기 유니콘 (액자별매)
3093187981,SELLBLOG,AFTER_USE,9살 아이 재미있게 잘 만들었어요.  이거 시간때우기 딱이에요.,2021-01-17T01:25:14.337+0000,STOREFARM,3,어린이 보석십자수 DIY 캐릭터 큐빅 비즈 지니맘 KC인증,지니맘 큐빅십자수  DIY: 27번 하트 고양이(액자별매)
3113704828,SELLBLOG,NORMAL,구슬도 넉넉하니 좋네요,2021-02-16T22:42:27.320+0000,STOREFARM,4,어린이 보석십자수 DIY 캐릭터 큐빅 비즈 지니맘 KC인증,지니맘 큐빅십자수  DIY: 1번 유니콘  (액자별매)
3101234442,SELLBLOG,NORMAL,"너무이쁘네요
감사하니다",2021-01-27T13:50:24.152+0000,STOREFARM,5,어린이 보석십자수 DIY 캐릭터 큐빅 비즈 지니맘 KC인증,지니맘 큐빅십자수  DIY: 1번 유니콘  (액자별매)
3095624142,SELLBLOG,NORMAL,"제법크네요..
큐빅크기도 다양하고  반짝반짝 이쁘네요",2021-01-20T05:19:24.292+0000,STOREFARM,5,어린이 보석십자수 DIY 캐릭터 큐빅 비즈 지니맘 KC인증,지니맘 큐빅십자수  DIY: 8번 꽃사슴 (액자별매)
3112489671,SELLBLOG,NORMAL,액자랑 구성품이 알차보였어요,2021-02-15T02:50:00.157+0000,STOREFARM,4,어린이 보석십자수 DIY 캐릭터 큐빅 비즈 지니맘 KC인증,지니맘 큐빅십자수  DIY: 10번 안경토끼 (액자별매)
3095233317,SELLBLOG,NORMAL,"잘받았어요
 방학동안 아이들과 만들어볼께요",2021-01-19T13:40:48.909+0000,STOREFARM,5,어린이 보석십자수 DIY 캐릭터 큐빅 비즈 지니맘 KC인증,지니맘 큐빅십자수  DIY: 3번 분홍사슴 (액자별매)
3095232863,SELLBLOG,NORMAL,"잘받았어요
 방학동안 아이들과 만들어볼께요",2021-01-19T13:40:22.484+0000,STOREFARM,5,어린이 보석십자수 DIY 캐릭터 큐빅 비즈 지니맘 KC인증,지니맘 큐빅십자수  DIY: 24번 돌고래 하트(액자별매)
3113081804,SELLBLOG,NORMAL,아이가 좋아합니다. 만족해요,2021-02-16T04:46:30.247+0000,STOREFARM,5,어린이 보석십자수 DIY 캐릭터 큐빅 비즈 지니맘 KC인증,지니맘 큐빅십자수  DIY: 24번 돌고래 하트(액자별매)
3097753706,SELLBLOG,NORMAL,"큐빅이라 반짝반짝 예뻐요
엄마도 재미있어서 같이 앉아서 해요",2021-01-22T15:03:51.568+0000,STOREFARM,5,어린이 보석십자수 DIY 캐릭터 큐빅 비즈 지니맘 KC인증,지니맘 큐빅십자수  DIY: 25번 강아지(액자별매)
3088507908,SELLBLOG,NORMAL,"애들이 보석십자수를 했었는데 이건 큐빅이라 넘예쁘다고 더 좋아해요~
크기도 적당하고 정말 예뻐요",2021-01-11T09:26:24.245+0000,STOREFARM,5,어린이 보석십자수 DIY 캐릭터 큐빅 비즈 지니맘 KC인증,지니맘 큐빅십자수  DIY: 9번 겨울사슴 (액자별매)
3095215091,SELLBLOG,NORMAL,재미있네요 아이들도 열심히 합니다,2021-01-19T13:22:03.296+0000,STOREFARM,5,어린이 보석십자수 DIY 캐릭터 큐빅 비즈 지니맘 KC인증,지니맘 큐빅십자수  DIY: 3번 분홍사슴 (액자별매)
3097607407,SELLBLOG,NORMAL,아이와 함께 이런저런 얘기하며 재밌는 시간 보냈네요~^^,2021-01-22T11:22:21.344+0000,STOREFARM,5,어린이 보석십자수 DIY 캐릭터 큐빅 비즈 지니맘 KC인증,지니맘 큐빅십자수  DIY: 18번 파란사슴 (액자별매)
3115156820,SELLBLOG,NORMAL,배송빠르고재밌네요ㅋㅋ,2021-02-18T10:24:54.623+0000,STOREFARM,5,어린이 보석십자수 DIY 캐릭터 큐빅 비즈 지니맘 KC인증,지니맘 큐빅십자수  DIY: 14번 부엉이 (액자별매)
3088146005,SELLBLOG,NORMAL,딸아이가 너무 좋아했어용 맘먹고하면 하루만에 다 하겠어요 ㅎㅎ 퀄리티는 좋아요^^ 너무 이쁘네용~~ 더 큰거 도전하고 싶다네요 ㅎㅎ,2021-01-11T01:47:17.828+0000,STOREFARM,5,어린이 보석십자수 DIY 캐릭터 큐빅 비즈 지니맘 KC인증,지니맘 큐빅십자수  DIY: 1번 유니콘  (액자별매)
3113325417,SELLBLOG,AFTER_USE,배송두빠르노좋아요좋,2021-02-16T10:12:31.151+0000,STOREFARM,5,어린이 보석십자수 DIY 캐릭터 큐빅 비즈 지니맘 KC인증,지니맘 큐빅십자수  DIY: 1번 유니콘  (액자별매)
3102203576,SELLBLOG,NORMAL,동네 문구점에서 조그마한 사이즈로 실력을 키우고 구입했어요 아직 시작은 못했지만 아이들이 만족 스러워합니다,2021-01-29T01:24:48.515+0000,STOREFARM,5,어린이 보석십자수 DIY 캐릭터 큐빅 비즈 지니맘 KC인증,지니맘 큐빅십자수  DIY: 25번 강아지(액자별매)
3099591233,SELLBLOG,NORMAL,아이가 집중력있게 잘하네요 좋아해요,2021-01-25T11:48:03.140+0000,STOREFARM,5,어린이 보석십자수 DIY 캐릭터 큐빅 비즈 지니맘 KC인증,지니맘 큐빅십자수  DIY: 8번 꽃사슴 (액자별매)
3097544651,SELLBLOG,NORMAL,아이들이 좋아하네요ㆍ다음번에도,2021-01-22T09:55:16.832+0000,STOREFARM,5,어린이 보석십자수 DIY 캐릭터 큐빅 비즈 지니맘 KC인증,지니맘 큐빅십자수  DIY: 1번 유니콘  (액자별매)
3101091898,SELLBLOG,NORMAL,아이가 너무 좋아해요,2021-01-27T11:14:05.316+0000,STOREFARM,5,어린이 보석십자수 DIY 캐릭터 큐빅 비즈 지니맘 KC인증,지니맘 큐빅십자수  DIY: 1번 유니콘  (액자별매)
3099488366,SELLBLOG,NORMAL,이뻐요ㅋㅋ 아이가 좋아해요,2021-01-25T08:30:04.094+0000,STOREFARM,5,어린이 보석십자수 DIY 캐릭터 큐빅 비즈 지니맘 KC인증,지니맘 큐빅십자수  DIY: 19번 아이스크림 (액자별매)
3097543737,SELLBLOG,NORMAL,좋아요..그림도 선명하고 배송도 빨라요,2021-01-22T09:53:56.301+0000,STOREFARM,5,어린이 보석십자수 DIY 캐릭터 큐빅 비즈 지니맘 KC인증,지니맘 큐빅십자수  DIY: 31번 빨간리본(액자별매)
3097393797,SELLBLOG,NORMAL,포장도 깔끔하고 구매한 도안이 낱개로 포장되어있어요!,2021-01-22T06:52:28.524+0000,STOREFARM,5,어린이 보석십자수 DIY 캐릭터 큐빅 비즈 지니맘 KC인증,지니맘 큐빅십자수  DIY: 8번 꽃사슴 (액자별매)
3095505225,SELLBLOG,NORMAL,아이들이 정말 좋아해요. 감사합니다.,2021-01-20T02:29:36.391+0000,STOREFARM,5,어린이 보석십자수 DIY 캐릭터 큐빅 비즈 지니맘 KC인증,지니맘 큐빅십자수  DIY: 4번 홍학 (액자별매)
3109196749,SELLBLOG,NORMAL,"좋아요.
조카선물로 액자까지 보냈는데 너무 좋아하네요.",2021-02-07T14:39:25.748+0000,STOREFARM,5,어린이 보석십자수 DIY 캐릭터 큐빅 비즈 지니맘 KC인증,지니맘 큐빅십자수  DIY: 31번 빨간리본(액자별매)
3111276992,SELLBLOG,NORMAL,"좋아요잘쓰겠습니다
상태도 굿굿",2021-02-11T07:13:15.603+0000,STOREFARM,5,어린이 보석십자수 DIY 캐릭터 큐빅 비즈 지니맘 KC인증,지니맘 큐빅십자수  DIY: 9번 겨울사슴 (액자별매)
3111276939,SELLBLOG,NORMAL,"좋아요잘쓰겠습니다
상태도 굿굿",2021-02-11T07:13:03.675+0000,STOREFARM,5,어린이 보석십자수 DIY 캐릭터 큐빅 비즈 지니맘 KC인증,지니맘 큐빅십자수  DIY: 4번 홍학 (액자별매)
3111276412,SELLBLOG,NORMAL,"좋아요잘쓰겠습니다
상태도 굿굿",2021-02-11T07:11:18.612+0000,STOREFARM,5,어린이 보석십자수 DIY 캐릭터 큐빅 비즈 지니맘 KC인증,지니맘 큐빅십자수  DIY: 21번 하트십자가 (액자별매)
3093483949,SELLBLOG,NORMAL,아이들이 너무좋아해요 초2아이 4시간 정도 걸렸네요 재구매 했어요,2021-01-17T08:31:27.829+0000,STOREFARM,5,어린이 보석십자수 DIY 캐릭터 큐빅 비즈 지니맘 KC인증,지니맘 큐빅십자수  DIY: 14번 부엉이 (액자별매)
3106330513,SELLBLOG,AFTER_USE,"아이들 집콕 취미활동으로 잘 활용했어요
성취감도 느낄 수 있어 좋네요",2021-02-03T20:14:56.851+0000,STOREFARM,5,어린이 보석십자수 DIY 캐릭터 큐빅 비즈 지니맘 KC인증,지니맘 큐빅십자수  DIY: 1번 유니콘  (액자별매)
3106330501,SELLBLOG,AFTER_USE,"아이들 집콕 취미활동으로 잘 활용했어요
성취감도 느낄 수 있어 좋네요",2021-02-03T20:14:46.185+0000,STOREFARM,5,어린이 보석십자수 DIY 캐릭터 큐빅 비즈 지니맘 KC인증,지니맘 큐빅십자수  DIY: 12번 돌고래 (액자별매)
3100322930,SELLBLOG,NORMAL,아이가 집중하고 예뻐요,2021-01-26T11:46:57.261+0000,STOREFARM,3,어린이 보석십자수 DIY 캐릭터 큐빅 비즈 지니맘 KC인증,지니맘 큐빅십자수  DIY: 8번 꽃사슴 (액자별매)
3091860398,SELLBLOG,NORMAL,"퀄리티가 남다르네요
비즈 너무 예쁘고 아이도 좋아합니다
액자도 크고 좋아요",2021-01-15T06:41:02.369+0000,STOREFARM,5,어린이 보석십자수 DIY 캐릭터 큐빅 비즈 지니맘 KC인증,지니맘 큐빅십자수  DIY: 1번 유니콘  (액자별매)
3110309204,SELLBLOG,NORMAL,재미있습니다 ㅎ또 주문하고 싶어요,2021-02-09T08:31:09.023+0000,STOREFARM,5,어린이 보석십자수 DIY 캐릭터 큐빅 비즈 지니맘 KC인증,지니맘 큐빅십자수  DIY: 25번 뿔 돌고래(액자별매)
3094565587,SELLBLOG,NORMAL,긴 방학과 온라인수업  집에서 아이들이 취미활동갖기에 좋아요,2021-01-19T01:09:25.839+0000,STOREFARM,5,어린이 보석십자수 DIY 캐릭터 큐빅 비즈 지니맘 KC인증,지니맘 큐빅십자수  DIY: 11번 클로버 (액자별매)
3097641403,SELLBLOG,NORMAL,지인분 딸에게 선물했는데 좋아해서 뿌듯했어요^^,2021-01-22T12:09:07.296+0000,STOREFARM,5,어린이 보석십자수 DIY 캐릭터 큐빅 비즈 지니맘 KC인증,지니맘 큐빅십자수  DIY: 14번 부엉이 (액자별매)
3100685499,SELLBLOG,NORMAL,"아이가좋아합니다
7살 9살 만족합니다",2021-01-27T02:11:56.652+0000,STOREFARM,5,어린이 보석십자수 DIY 캐릭터 큐빅 비즈 지니맘 KC인증,지니맘 큐빅십자수  DIY: 1번 유니콘  (액자별매)
3093722338,SELLBLOG,NORMAL,아이가 너무 좋아하네요.집중잘하며 잘붙입니다!!,2021-01-17T14:54:05.424+0000,STOREFARM,5,어린이 보석십자수 DIY 캐릭터 큐빅 비즈 지니맘 KC인증,지니맘 큐빅십자수  DIY: 14번 부엉이 (액자별매)
3093722127,SELLBLOG,NORMAL,아이가 너무 좋아하네요.집중잘하며 잘붙입니다!!,2021-01-17T14:53:38.535+0000,STOREFARM,5,어린이 보석십자수 DIY 캐릭터 큐빅 비즈 지니맘 KC인증,지니맘 큐빅십자수  DIY: 13번 별유니콘 (액자별매)
3100447354,SELLBLOG,NORMAL,포장도 꼼꼼하고 배송도 빨라요,2021-01-26T13:51:29.349+0000,STOREFARM,5,어린이 보석십자수 DIY 캐릭터 큐빅 비즈 지니맘 KC인증,지니맘 큐빅십자수  DIY: 16번 여우 (액자별매)
3111520886,SELLBLOG,AFTER_USE,조카가 좋아해서 사준 저도 기분이 좋네요~,2021-02-12T03:24:48.450+0000,STOREFARM,5,어린이 보석십자수 DIY 캐릭터 큐빅 비즈 지니맘 KC인증,지니맘 큐빅십자수  DIY: 14번 부엉이 (액자별매)
3092597217,SELLBLOG,NORMAL,"포장상태 짱~~~우체국 택배통해 엄청 빨리도착했어요
잘만들께요.",2021-01-16T05:09:47.696+0000,STOREFARM,5,어린이 보석십자수 DIY 캐릭터 큐빅 비즈 지니맘 KC인증,지니맘 큐빅십자수  DIY: 9번 겨울사슴 (액자별매)
3092596755,SELLBLOG,NORMAL,"포장상태 짱~~~우체국 택배통해 엄청 빨리도착했어요
잘만들께요.",2021-01-16T05:09:17.234+0000,STOREFARM,5,어린이 보석십자수 DIY 캐릭터 큐빅 비즈 지니맘 KC인증,지니맘 큐빅십자수  DIY: 4번 홍학 (액자별매)
3104790109,SELLBLOG,NORMAL,"이뻐요.
아이가 혼자하다 한개는 망쳤지만 집중해서 하기 좋아요
완성하면 이쁠거 같아요",2021-02-01T23:27:04.732+0000,STOREFARM,4,어린이 보석십자수 DIY 캐릭터 큐빅 비즈 지니맘 KC인증,지니맘 큐빅십자수  DIY: 13번 별유니콘 (액자별매)
3114017182,SELLBLOG,NORMAL,상품도좋고 배송도 빠르네요^^,2021-02-17T06:36:06.500+0000,STOREFARM,5,어린이 보석십자수 DIY 캐릭터 큐빅 비즈 지니맘 KC인증,지니맘 큐빅십자수  DIY: 28번 하트 고양이(액자별매)
3099592336,SELLBLOG,NORMAL,하루하루 매일 집콕놀이로 좋네요,2021-01-25T11:49:57.391+0000,STOREFARM,5,어린이 보석십자수 DIY 캐릭터 큐빅 비즈 지니맘 KC인증,지니맘 큐빅십자수  DIY: 17번 아기 유니콘 (액자별매)
3107758081,SELLBLOG,NORMAL,넘넘잼잇어요 ㅋㅋ저번주에 시키고 바로 다햇어요~~잼잇어서또 주문햇어여~~~~^^,2021-02-05T12:39:29.315+0000,STOREFARM,5,어린이 보석십자수 DIY 캐릭터 큐빅 비즈 지니맘 KC인증,지니맘 큐빅십자수  DIY: 5번  소녀1 (액자별매)
3103047844,SELLBLOG,NORMAL,보석십자수 입문자용으로 딱이네~~80세 엄마가 하고 싶다고 해서 사드렸는뎅 딱 입니다여..보석도 커서 햑 좋네요!!,2021-01-30T03:46:32.135+0000,STOREFARM,5,어린이 보석십자수 DIY 캐릭터 큐빅 비즈 지니맘 KC인증,지니맘 큐빅십자수  DIY: 14번 부엉이 (액자별매)
3108292116,SELLBLOG,NORMAL,보석이 커서 7살 남자 아이 혼자서도 잘해요~ 반짝반짝 이쁘네요^^,2021-02-06T08:02:11.808+0000,STOREFARM,5,어린이 보석십자수 DIY 캐릭터 큐빅 비즈 지니맘 KC인증,지니맘 큐빅십자수  DIY: 17번 아기 유니콘 (액자별매)
3082604299,SELLBLOG,NORMAL,"완성^^아이 혼자  집중하며  잘해요~~'요즘 코로나로  학원도 못가고 밖에활동도 잘못하는데  집에서  집중하며 즐겁게할수있어 좋은거같아요
2개주문했는데  추가로  또 주문합니다^^",2021-01-04T02:02:38.262+0000,STOREFARM,5,어린이 보석십자수 DIY 캐릭터 큐빅 비즈 지니맘 KC인증,지니맘 큐빅십자수  DIY: 3번 분홍사슴 (액자별매)
3080134131,SELLBLOG,NORMAL,"코로나로 무기력해진 아이들을 위해 보석십자수를 생각하고 주문~~못할것 같았는데...
너무 좋아해요.이틀만에 완성~~
또 주문하러 가야겠네요",2020-12-31T06:12:16.773+0000,STOREFARM,5,어린이 보석십자수 DIY 캐릭터 큐빅 비즈 지니맘 KC인증,지니맘 큐빅십자수  DIY: 14번 부엉이 (액자별매)
3107630860,SELLBLOG,NORMAL,아이들도 재미있어하고 저도 재미있게 잘했어요 완성작도 너무 이뻐요^^,2021-02-05T09:48:16.658+0000,STOREFARM,5,어린이 보석십자수 DIY 캐릭터 큐빅 비즈 지니맘 KC인증,지니맘 큐빅십자수  DIY: 14번 부엉이 (액자별매)
3107900136,SELLBLOG,NORMAL,받고 좋은지 바로 앉아서 만드네요~집중에 좋은듯 해요,2021-02-05T18:08:46.398+0000,STOREFARM,4,어린이 보석십자수 DIY 캐릭터 큐빅 비즈 지니맘 KC인증,지니맘 큐빅십자수  DIY: 20번 십자가 꽃 (액자별매)
3110308879,SELLBLOG,NORMAL,어른인 내가 해도 재미있고 반짝반짝 빛나는게 너무 예뻐요,2021-02-09T08:30:39.274+0000,STOREFARM,5,어린이 보석십자수 DIY 캐릭터 큐빅 비즈 지니맘 KC인증,지니맘 큐빅십자수  DIY: 24번 강아지(액자별매)
3110509710,SELLBLOG,NORMAL,지퍼백으로 소포장되어있어 편리하게 이용했습니다.,2021-02-09T13:06:41.810+0000,STOREFARM,4,어린이 보석십자수 DIY 캐릭터 큐빅 비즈 지니맘 KC인증,지니맘 큐빅십자수  DIY: 11번 클로버 (액자별매)
3091835044,SELLBLOG,NORMAL,"포장도 꼼꽁하고 접착력이좋고 완성품이 이뻐요.
아이가 좋아해요^^",2021-01-15T06:16:33.328+0000,STOREFARM,5,어린이 보석십자수 DIY 캐릭터 큐빅 비즈 지니맘 KC인증,지니맘 큐빅십자수  DIY: 9번 겨울사슴 (액자별매)
3095104562,SELLBLOG,NORMAL,예뻐서 아이 방학에 십자수 하면서 즐겁게 보낼거 같아요,2021-01-19T11:39:06.400+0000,STOREFARM,5,어린이 보석십자수 DIY 캐릭터 큐빅 비즈 지니맘 KC인증,지니맘 큐빅십자수  DIY: 26번 뿔 돌고래(액자별매)
3107899990,SELLBLOG,NORMAL,전체 보석으로 되어 있어 더 이쁘네요~^^담에 더 사야 겠어요,2021-02-05T18:07:32.849+0000,STOREFARM,5,어린이 보석십자수 DIY 캐릭터 큐빅 비즈 지니맘 KC인증,지니맘 큐빅십자수  DIY: 14번 부엉이 (액자별매)
3101695538,SELLBLOG,NORMAL,아이가 좋아합니다~^^,2021-01-28T07:11:41.986+0000,STOREFARM,5,어린이 보석십자수 DIY 캐릭터 큐빅 비즈 지니맘 KC인증,지니맘 큐빅십자수  DIY: 6번 소녀2 (액자별매)
3071140396,SELLBLOG,NORMAL,"날씨도 춥고
어디가지도 못하고
토일 주말동안 심심해할거같아서 구매했는데
오늘 하루만에 끝내버렸네요ㅠ
완성하니 너무 예쁘기도 하고
아이들이 좋아해요
배송도 빠르고 너무 만족합니다",2020-12-19T09:07:13.741+0000,STOREFARM,5,어린이 보석십자수 DIY 캐릭터 큐빅 비즈 지니맘 KC인증,지니맘 큐빅십자수  DIY: 17번 아기 유니콘 (액자별매)
3099226223,SELLBLOG,NORMAL,"매일 휴대폰 게임만 하는 아이들을 위해 시켜봤어요.

아직 시작전이긴 하지만 일단 배송된 상품 본 아이들이 기대하고 있어요.

아이들과 멋진 작품 만들어보겠습니다.",2021-01-25T02:12:40.134+0000,STOREFARM,5,어린이 보석십자수 DIY 캐릭터 큐빅 비즈 지니맘 KC인증,지니맘 큐빅십자수  DIY: 30번 작은 유니콘(액자별매)
3110762278,SELLBLOG,NORMAL,강추합니다.배송빨라요,2021-02-10T03:05:14.190+0000,STOREFARM,5,어린이 보석십자수 DIY 캐릭터 큐빅 비즈 지니맘 KC인증,지니맘 큐빅십자수  DIY: 18번 파란사슴 (액자별매)
3110762064,SELLBLOG,NORMAL,강추합니다.배송빨라요,2021-02-10T03:04:46.543+0000,STOREFARM,5,어린이 보석십자수 DIY 캐릭터 큐빅 비즈 지니맘 KC인증,지니맘 큐빅십자수  DIY: 26번 뿔 돌고래(액자별매)
3110761881,SELLBLOG,NORMAL,강추합니다.배송빨라요,2021-02-10T03:04:22.480+0000,STOREFARM,5,어린이 보석십자수 DIY 캐릭터 큐빅 비즈 지니맘 KC인증,지니맘 큐빅십자수  DIY: 19번 아이스크림 (액자별매)
3084819941,SELLBLOG,NORMAL,아이랑 집콕하면서 놀아주려 샀어요~~너무이뻐해요~~그냥 큐빅도해봤지만 반짝이니 더 신나하고 자꾸 하자고 하네요..감사합니다,2021-01-06T15:20:41.678+0000,STOREFARM,5,어린이 보석십자수 DIY 캐릭터 큐빅 비즈 지니맘 KC인증,지니맘 큐빅십자수  DIY: 15번 핑크 유니콘 (액자별매)
3094350799,SELLBLOG,NORMAL,딸아이가 너무 좋아해요~~^^ 집중력 진짜 짱!,2021-01-18T12:14:58.304+0000,STOREFARM,5,어린이 보석십자수 DIY 캐릭터 큐빅 비즈 지니맘 KC인증,지니맘 큐빅십자수  DIY: 13번 별유니콘 (액자별매)
3094349187,SELLBLOG,NORMAL,딸아이가 너무 좋아해요~~^^ 집중력 진짜 짱!,2021-01-18T12:12:36.473+0000,STOREFARM,5,어린이 보석십자수 DIY 캐릭터 큐빅 비즈 지니맘 KC인증,지니맘 큐빅십자수  DIY: 1번 유니콘  (액자별매)
3095103836,SELLBLOG,NORMAL,예뻐서 아이 방학에 십자수 하면서 즐겁게 보낼거 같아요.,2021-01-19T11:38:28.082+0000,STOREFARM,5,어린이 보석십자수 DIY 캐릭터 큐빅 비즈 지니맘 KC인증,지니맘 큐빅십자수  DIY: 27번 왕관 고양이(액자별매)
3083000383,SELLBLOG,NORMAL,열심히 작업중이예요^^어렵지않고  집중하며 할수있어서좋아요~~친구들 선물로도 좋을꺼같아요. 키링도 해보고싶어해서  추가주문합니다♡,2021-01-04T12:48:00.103+0000,STOREFARM,5,어린이 보석십자수 DIY 캐릭터 큐빅 비즈 지니맘 KC인증,지니맘 큐빅십자수  DIY: 1번 유니콘  (액자별매)
3088147169,SELLBLOG,NORMAL,아들이 골라서 했구요 초딩 고학년한테는 아주 쉽네요 ㅎㅎ 더 큰걸로 도전합니다 퀄리티 좋아요^^,2021-01-11T01:48:41.252+0000,STOREFARM,5,어린이 보석십자수 DIY 캐릭터 큐빅 비즈 지니맘 KC인증,지니맘 큐빅십자수  DIY: 23번 돌고래 하트(액자별매)
3092787830,SELLBLOG,NORMAL,"애들이 좋아해요 잼있어하네요 
상품도 좋습니다",2021-01-16T08:52:21.006+0000,STOREFARM,4,어린이 보석십자수 DIY 캐릭터 큐빅 비즈 지니맘 KC인증,지니맘 큐빅십자수  DIY: 15번 핑크 유니콘 (액자별매)
3095929718,SELLBLOG,AFTER_USE,동생이 갖고싶다고해서 사줬는데 좋아하네요,2021-01-20T11:13:06.054+0000,STOREFARM,5,어린이 보석십자수 DIY 캐릭터 큐빅 비즈 지니맘 kc인증,지니맘 큐빅십자수  DIY: 6번 소녀2 (액자별매)
3100251271,SELLBLOG,NORMAL,아이들이 좋아해요 ~,2021-01-26T10:36:18.601+0000,STOREFARM,4,어린이 보석십자수 DIY 캐릭터 큐빅 비즈 지니맘 KC인증,지니맘 큐빅십자수  DIY: 23번 행복(액자별매)
3110120895,SELLBLOG,NORMAL,애들이좋아하는데 혼자하기엔  커서오래걸려요,2021-02-09T03:53:01.491+0000,STOREFARM,2,어린이 보석십자수 DIY 캐릭터 큐빅 비즈 지니맘 KC인증,지니맘 큐빅십자수  DIY: 13번 별유니콘 (액자별매)
3110120686,SELLBLOG,NORMAL,애들이좋아하는데 혼자하기엔  커서오래걸려요,2021-02-09T03:52:45.809+0000,STOREFARM,3,어린이 보석십자수 DIY 캐릭터 큐빅 비즈 지니맘 KC인증,지니맘 큐빅십자수  DIY: 14번 부엉이 (액자별매)
3110120437,SELLBLOG,NORMAL,애들이좋아하는데 혼자하기엔  커서오래걸려요,2021-02-09T03:52:27.214+0000,STOREFARM,3,어린이 보석십자수 DIY 캐릭터 큐빅 비즈 지니맘 KC인증,지니맘 큐빅십자수  DIY: 16번 여우 (액자별매)
3106049573,SELLBLOG,NORMAL,배송도 빠르고 아이가 너무 좋아해요~~~~~당분간 핸드폰 빠빠이 입니다-^^,2021-02-03T11:01:40.394+0000,STOREFARM,5,어린이 보석십자수 DIY 캐릭터 큐빅 비즈 지니맘 KC인증,지니맘 큐빅십자수  DIY: 25번 강아지(액자별매)
3109168501,SELLBLOG,NORMAL,아이가 집에만 있으니 무료한 시간 달래줄수 있어서 좋아요,2021-02-07T13:51:44.060+0000,STOREFARM,5,어린이 보석십자수 DIY 캐릭터 큐빅 비즈 지니맘 KC인증,지니맘 큐빅십자수  DIY: 29번 클로버 고양이(액자별매)
3093484687,SELLBLOG,NORMAL,이뻐요. 해놓으면 이뻐서 제가더  사고싶어요,2021-01-17T08:32:52.753+0000,STOREFARM,5,어린이 보석십자수 DIY 캐릭터 큐빅 비즈 지니맘 KC인증,지니맘 큐빅십자수  DIY: 25번 강아지(액자별매)
3093889168,SELLBLOG,AFTER_USE,좋아해 또샀어요.완료후 액자에 넣었어요.,2021-01-18T01:44:41.583+0000,STOREFARM,4,어린이 보석십자수 DIY 캐릭터 큐빅 비즈 지니맘 kc인증,지니맘 큐빅십자수  DIY: 9번 겨울사슴 (액자별매)
3090057977,SELLBLOG,NORMAL,제가 거의 다했어요 큐빅도 엄청 크고 좋네요 액자까지 하니 좋아요,2021-01-13T07:37:21.388+0000,STOREFARM,5,어린이 보석십자수 DIY 캐릭터 큐빅 비즈 지니맘 KC인증,지니맘 큐빅십자수  DIY: 7번 사자 (액자별매)
3113354353,SELLBLOG,NORMAL,좋습니다요 좋습니다요 ㅎㅎ 네,2021-02-16T10:41:57.825+0000,STOREFARM,5,어린이 보석십자수 DIY 캐릭터 큐빅 비즈 지니맘 KC인증,지니맘 큐빅십자수  DIY: 25번 강아지(액자별매)
3079925111,SELLBLOG,NORMAL,"4살 아이에겐 조금 어려워여~~
그래서 엄마의 도움으로 미션 클리어~~",2020-12-31T00:50:44.321+0000,STOREFARM,5,어린이 보석십자수 DIY 캐릭터 큐빅 비즈 지니맘 KC인증,지니맘 큐빅십자수  DIY: 23번 돌고래 하트(액자별매)
3109195231,SELLBLOG,NORMAL,"조카한테 선물했어요.
좋아합니다",2021-02-07T14:36:39.264+0000,STOREFARM,5,어린이 보석십자수 DIY 캐릭터 큐빅 비즈 지니맘 KC인증,지니맘 큐빅십자수  DIY: 25번 강아지(액자별매)
3089156600,SELLBLOG,NORMAL,"아이랑 놀려고샀어요
저도 하고 아이도 하고
허리가 아프고 목이 아프게 몰입해서
했어요",2021-01-12T07:14:52.596+0000,STOREFARM,5,어린이 보석십자수 DIY 캐릭터 큐빅 비즈 지니맘 KC인증,지니맘 큐빅십자수  DIY: 29번 클로버 고양이(액자별매)
3110959261,SELLBLOG,NORMAL,집중력 있게 열심히 하는 모습이 좋네요,2021-02-10T10:36:31.312+0000,STOREFARM,5,어린이 보석십자수 DIY 캐릭터 큐빅 비즈 지니맘 KC인증,지니맘 큐빅십자수  DIY: 27번 왕관 고양이(액자별매)
3094567881,SELLBLOG,NORMAL,"아이들 집에서 지루할때 활동하기 참 좋으네요
집중하공~^^",2021-01-19T01:13:05.132+0000,STOREFARM,5,어린이 보석십자수 DIY 캐릭터 큐빅 비즈 지니맘 KC인증,지니맘 큐빅십자수  DIY: 12번 돌고래 (액자별매)
3095625000,SELLBLOG,NORMAL,배송빠르고  지퍼백 뻑뻑한거빼곤 좋으네요,2021-01-20T05:20:28.202+0000,STOREFARM,5,어린이 보석십자수 DIY 캐릭터 큐빅 비즈 지니맘 KC인증,지니맘 큐빅십자수  DIY: 25번 강아지(액자별매)
3086796271,SELLBLOG,NORMAL,보석들이 너무 이뻐요. 완성해놓으니 더더욱..^^ 심심해하는 아이들에게 주었더니 하루만에 뚝딱이네요.,2021-01-09T03:47:33.567+0000,STOREFARM,5,어린이 보석십자수 DIY 캐릭터 큐빅 비즈 지니맘 KC인증,지니맘 큐빅십자수  DIY: 27번 하트 고양이(액자별매)
3111983005,SELLBLOG,NORMAL,저렴하게 잘 구입했어요,2021-02-13T12:13:06.570+0000,STOREFARM,5,어린이 보석십자수 DIY 캐릭터 큐빅 비즈 지니맘 KC인증,지니맘 큐빅십자수  DIY: 9번 겨울사슴 (액자별매)
3111982881,SELLBLOG,NORMAL,저렴하게 잘 구입했어요,2021-02-13T12:12:45.481+0000,STOREFARM,5,어린이 보석십자수 DIY 캐릭터 큐빅 비즈 지니맘 KC인증,지니맘 큐빅십자수  DIY: 12번 돌고래 (액자별매)
3095216884,SELLBLOG,NORMAL,"아이들이 재미있어해요
방학동안 시간보내기좋아요",2021-01-19T13:23:54.886+0000,STOREFARM,5,어린이 보석십자수 DIY 캐릭터 큐빅 비즈 지니맘 KC인증,지니맘 큐빅십자수  DIY: 14번 부엉이 (액자별매)
3095216090,SELLBLOG,NORMAL,"아이들이 재미있어해요
방학동안 시간보내기좋아요",2021-01-19T13:23:04.024+0000,STOREFARM,5,어린이 보석십자수 DIY 캐릭터 큐빅 비즈 지니맘 KC인증,지니맘 큐빅십자수  DIY: 13번 별유니콘 (액자별매)
3113354988,SELLBLOG,NORMAL,좋습니다요 좋습니다요 ㅎㅎ,2021-02-16T10:42:32.728+0000,STOREFARM,5,어린이 보석십자수 DIY 캐릭터 큐빅 비즈 지니맘 KC인증,지니맘 큐빅십자수  DIY: 10번 안경토끼 (액자별매)
3113353669,SELLBLOG,NORMAL,좋습니다요 좋습니다요 ㅎㅎ,2021-02-16T10:41:19.244+0000,STOREFARM,5,어린이 보석십자수 DIY 캐릭터 큐빅 비즈 지니맘 KC인증,지니맘 큐빅십자수  DIY: 27번 왕관 고양이(액자별매)
3091834668,SELLBLOG,NORMAL,"오랜만에 조용한 오후를 보내고 있습니다
감사합니다
다하면 또 주문해야겠어요",2021-01-15T06:16:11.472+0000,STOREFARM,5,어린이 보석십자수 DIY 캐릭터 큐빅 비즈 지니맘 KC인증,지니맘 큐빅십자수  DIY: 28번 하트 고양이(액자별매)
3089631868,SELLBLOG,NORMAL,집중력도 키우고 집안의 평화도 찾아주는 제품이네요!,2021-01-12T16:25:23.998+0000,STOREFARM,5,어린이 보석십자수 DIY 캐릭터 큐빅 비즈 지니맘 KC인증,지니맘 큐빅십자수  DIY: 13번 별유니콘 (액자별매)
3092788604,SELLBLOG,NORMAL,"애들이좋아해요 잼있네요 
상품도 좋습니다",2021-01-16T08:53:21.928+0000,STOREFARM,4,어린이 보석십자수 DIY 캐릭터 큐빅 비즈 지니맘 KC인증,지니맘 큐빅십자수  DIY: 25번 강아지(액자별매)
3088574404,SELLBLOG,NORMAL,아이 둘이서 재미있게 잘 하네요. 집콕 생활에 시간 떼우기 좋은거 같아요,2021-01-11T11:11:27.967+0000,STOREFARM,5,어린이 보석십자수 DIY 캐릭터 큐빅 비즈 지니맘 KC인증,지니맘 큐빅십자수  DIY: 15번 핑크 유니콘 (액자별매)
3079349589,SELLBLOG,NORMAL,딸이 받자마자 신나서 만드네요~~조용히 한두시간 하는 효자템이네요~~~,2020-12-30T07:03:01.669+0000,STOREFARM,5,어린이 보석십자수 DIY 캐릭터 큐빅 비즈 지니맘 KC인증,지니맘 큐빅십자수  DIY: 1번 유니콘  (액자별매)
3111602597,SELLBLOG,NORMAL,딸아이가 잼있게 잘 하네요,2021-02-12T06:58:19.716+0000,STOREFARM,5,어린이 보석십자수 DIY 캐릭터 큐빅 비즈 지니맘 KC인증,지니맘 큐빅십자수  DIY: 29번 클로버 고양이(액자별매)
3091851306,SELLBLOG,NORMAL,아이들이 엄청 기다렸어요 받자마자 열심히 하네요ㅎ,2021-01-15T06:32:21.326+0000,STOREFARM,5,어린이 보석십자수 DIY 캐릭터 큐빅 비즈 지니맘 KC인증,지니맘 큐빅십자수  DIY: 19번 아이스크림 (액자별매)
3113081158,SELLBLOG,NORMAL,예뻐요  맘에 들어요,2021-02-16T04:45:21.687+0000,STOREFARM,4,어린이 보석십자수 DIY 캐릭터 큐빅 비즈 지니맘 KC인증,지니맘 큐빅십자수  DIY: 13번 별유니콘 (액자별매)
3090056887,SELLBLOG,NORMAL,액자와 함께 하니 좋네요 어른이 하기 좋은 용인거 같아요,2021-01-13T07:36:09.913+0000,STOREFARM,5,어린이 보석십자수 DIY 캐릭터 큐빅 비즈 지니맘 KC인증,지니맘 큐빅십자수  DIY: 9번 겨울사슴 (액자별매)
3092255752,SELLBLOG,NORMAL,아이가좋아합니다   심심해서 시켰는데 시간가는줄모르고 빠져있네요,2021-01-15T14:45:34.880+0000,STOREFARM,4,어린이 보석십자수 DIY 캐릭터 큐빅 비즈 지니맘 KC인증,지니맘 큐빅십자수  DIY: 10번 안경토끼 (액자별매)
3111384516,SELLBLOG,AFTER_USE,구성도 좋구 매우 만족합니다,2021-02-11T13:51:28.733+0000,STOREFARM,5,어린이 보석십자수 DIY 캐릭터 큐빅 비즈 지니맘 KC인증,지니맘 큐빅십자수  DIY: 23번 돌고래 하트(액자별매)
3111384375,SELLBLOG,AFTER_USE,구성도 좋구 매우 만족합니다,2021-02-11T13:51:02.381+0000,STOREFARM,5,어린이 보석십자수 DIY 캐릭터 큐빅 비즈 지니맘 KC인증,지니맘 큐빅십자수  DIY: 9번 겨울사슴 (액자별매)
3099132504,SELLBLOG,NORMAL,초등학교 1학년아이가 재미있게 하네요...오래하다보면 힘들다고 하는데 쉬었다가 또 하고 해요 좋아하니 저도 좋네요 좋은제품 잘 쓸게요,2021-01-24T23:34:02.806+0000,STOREFARM,5,어린이 보석십자수 DIY 캐릭터 큐빅 비즈 지니맘 KC인증,지니맘 큐빅십자수  DIY: 27번 왕관 고양이(액자별매)
3099132456,SELLBLOG,NORMAL,초등학교 1학년아이가 재미있게 하네요...오래하다보면 힘들다고 하는데 쉬었다가 또 하고 해요 좋아하니 저도 좋네요 좋은제품 잘 쓸게요,2021-01-24T23:33:54.274+0000,STOREFARM,5,어린이 보석십자수 DIY 캐릭터 큐빅 비즈 지니맘 KC인증,지니맘 큐빅십자수  DIY: 25번 강아지(액자별매)
3099132430,SELLBLOG,NORMAL,초등학교 1학년아이가 재미있게 하네요...오래하다보면 힘들다고 하는데 쉬었다가 또 하고 해요 좋아하니 저도 좋네요 좋은제품 잘 쓸게요,2021-01-24T23:33:47.061+0000,STOREFARM,5,어린이 보석십자수 DIY 캐릭터 큐빅 비즈 지니맘 KC인증,지니맘 큐빅십자수  DIY: 2번 보라유니콘 (액자별매)
3099132381,SELLBLOG,NORMAL,초등학교 1학년아이가 재미있게 하네요...오래하다보면 힘들다고 하는데 쉬었다가 또 하고 해요 좋아하니 저도 좋네요 좋은제품 잘 쓸게요,2021-01-24T23:33:37.937+0000,STOREFARM,5,어린이 보석십자수 DIY 캐릭터 큐빅 비즈 지니맘 KC인증,지니맘 큐빅십자수  DIY: 1번 유니콘  (액자별매)
3099132316,SELLBLOG,NORMAL,초등학교 1학년아이가 재미있게 하네요...오래하다보면 힘들다고 하는데 쉬었다가 또 하고 해요 좋아하니 저도 좋네요 좋은제품 잘 쓸게요,2021-01-24T23:33:27.159+0000,STOREFARM,5,어린이 보석십자수 DIY 캐릭터 큐빅 비즈 지니맘 KC인증,지니맘 큐빅십자수  DIY: 31번 빨간리본(액자별매)
3092379798,SELLBLOG,NORMAL,아이가 너무 좋아해요 사이즈도 딱이구요,2021-01-16T00:37:28.935+0000,STOREFARM,5,어린이 보석십자수 DIY 캐릭터 큐빅 비즈 지니맘 KC인증,지니맘 큐빅십자수  DIY: 15번 핑크 유니콘 (액자별매)
3107776408,SELLBLOG,AFTER_USE,저렴하게 구매해서 너무 잼있게했는데 올려놓고 보는것도 좋으네요~^^,2021-02-05T13:03:44.874+0000,STOREFARM,5,어린이 보석십자수 DIY 캐릭터 큐빅 비즈 지니맘 kc인증,지니맘 큐빅십자수  DIY: 1번 유니콘  (액자별매)
3108346869,SELLBLOG,NORMAL,짱짱 맘에들어요~~아이가너무 좋아해요,2021-02-06T09:18:36.264+0000,STOREFARM,5,어린이 보석십자수 DIY 캐릭터 큐빅 비즈 지니맘 KC인증,지니맘 큐빅십자수  DIY: 28번 하트 고양이(액자별매)
3108346715,SELLBLOG,NORMAL,짱짱 맘에들어요~~아이가너무 좋아해요,2021-02-06T09:18:23.068+0000,STOREFARM,5,어린이 보석십자수 DIY 캐릭터 큐빅 비즈 지니맘 KC인증,지니맘 큐빅십자수  DIY: 31번 빨간리본(액자별매)
3103441898,SELLBLOG,NORMAL,넘 예뻐요~~~^^,2021-01-30T13:30:34.373+0000,STOREFARM,5,어린이 보석십자수 DIY 캐릭터 큐빅 비즈 지니맘 KC인증,지니맘 큐빅십자수  DIY: 19번 아이스크림 (액자별매)
3108451362,SELLBLOG,NORMAL,깔끔한 낱개포장에 받고나서 기분이 좋았어요! 고맙습니다,2021-02-06T11:44:48.474+0000,STOREFARM,5,어린이 보석십자수 DIY 캐릭터 큐빅 비즈 지니맘 KC인증,지니맘 큐빅십자수  DIY: 5번  소녀1 (액자별매)
3097639665,SELLBLOG,NORMAL,아이와 함께 즐겁게 완성했어요~^^,2021-01-22T12:06:45.557+0000,STOREFARM,5,어린이 보석십자수 DIY 캐릭터 큐빅 비즈 지니맘 KC인증,지니맘 큐빅십자수  DIY: 3번 분홍사슴 (액자별매)
3093703010,SELLBLOG,AFTER_USE,큐빅도 많고 도안도 예뻐 활동하고 액자로 담아두니 좋아요.,2021-01-17T14:20:34.257+0000,STOREFARM,5,어린이 보석십자수 DIY 캐릭터 큐빅 비즈 지니맘,지니맘 큐빅십자수  DIY: 6번 소녀2 (액자별매)
3115235468,SELLBLOG,NORMAL,좋아요         .,2021-02-18T11:49:13.987+0000,STOREFARM,5,어린이 보석십자수 DIY 캐릭터 큐빅 비즈 지니맘 KC인증,지니맘 큐빅십자수  DIY: 10번 안경토끼 (액자별매)
3115235109,SELLBLOG,NORMAL,좋아요        .,2021-02-18T11:48:51.450+0000,STOREFARM,5,어린이 보석십자수 DIY 캐릭터 큐빅 비즈 지니맘 KC인증,지니맘 큐빅십자수  DIY: 2번 보라유니콘 (액자별매)
3108556179,SELLBLOG,AFTER_USE,큐빅 잘 붙어 있네요. 매니큐어 발랐어요.,2021-02-06T14:07:10.270+0000,STOREFARM,5,어린이 보석십자수 DIY 캐릭터 큐빅 비즈 지니맘 KC인증,지니맘 큐빅십자수  DIY: 24번 강아지(액자별매)
3077975338,SELLBLOG,NORMAL,"5세 아이와 함께 하고 있는데 너무 예쁘고 좋아해요~ 
집중도 잘하고 저도 재밌네요~ 
눈아플까봐 잠깐씩 하고 있어요ㅎㅎ 
포장도 정말 꼼꼼하게 해주셨어요^^",2020-12-28T11:41:51.299+0000,STOREFARM,5,어린이 보석십자수 DIY 캐릭터 큐빅 비즈 지니맘 KC인증,지니맘 큐빅십자수  DIY: 26번 왕관 고양이(액자별매)
3092380511,SELLBLOG,NORMAL,초등 2학년 수준에 딱이네요 아주 좋아요,2021-01-16T00:38:53.924+0000,STOREFARM,5,어린이 보석십자수 DIY 캐릭터 큐빅 비즈 지니맘 KC인증,지니맘 큐빅십자수  DIY: 8번 꽃사슴 (액자별매)
3091831175,SELLBLOG,NORMAL,빠른배송과 아이가 쉽게 따라할수있는 도안이 마음에 들어요,2021-01-15T06:12:55.421+0000,STOREFARM,5,어린이 보석십자수 DIY 캐릭터 큐빅 비즈 지니맘 KC인증,지니맘 큐빅십자수  DIY: 31번 빨간리본(액자별매)
3110496554,SELLBLOG,AFTER_USE,아이가 생각보다 집중하고 오래 합니다^^,2021-02-09T12:50:30.453+0000,STOREFARM,5,어린이 보석십자수 DIY 캐릭터 큐빅 비즈 지니맘 KC인증,지니맘 큐빅십자수  DIY: 19번 아이스크림 (액자별매)
3089713681,SELLBLOG,NORMAL,취미생활로 샀어요. 포장도 꼼꼼하고 배송도 빠르게 잘 왔네요,2021-01-13T00:11:01.185+0000,STOREFARM,5,어린이 보석십자수 DIY 캐릭터 큐빅 비즈 지니맘 KC인증,지니맘 큐빅십자수  DIY: 14번 부엉이 (액자별매)
3093188982,SELLBLOG,AFTER_USE,만들고 장식으로 두었는데 이쁘고 액자도 맘에 들어요.,2021-01-17T01:26:48.154+0000,STOREFARM,3,어린이 보석십자수 DIY 캐릭터 큐빅 비즈 지니맘 KC인증,지니맘 큐빅십자수  DIY: 26번 왕관 고양이(액자별매)
3079924119,SELLBLOG,NORMAL,"6살 아이가 좋아했어요~~
재밋다고해서 또 사서 같이하려구요~~",2020-12-31T00:48:49.457+0000,STOREFARM,5,어린이 보석십자수 DIY 캐릭터 큐빅 비즈 지니맘 KC인증,지니맘 큐빅십자수  DIY: 17번 아기 유니콘 (액자별매)
3107365239,SELLBLOG,NORMAL,블링 블링 너무 예쁘다며 장신간을 집중해서 하는거보니 잘 샀어요,2021-02-05T04:03:37.584+0000,STOREFARM,5,어린이 보석십자수 DIY 캐릭터 큐빅 비즈 지니맘 KC인증,지니맘 큐빅십자수  DIY: 15번 핑크 유니콘 (액자별매)
3083454477,SELLBLOG,NORMAL,"애들이 엄청 집중하면서 잘하네요
집에 있는 시간이 너무 많아 심심해 햇는데
앉아서 차분하게 잘해요~~
두번째 구매입니다",2021-01-05T07:06:27.316+0000,STOREFARM,5,어린이 보석십자수 DIY 캐릭터 큐빅 비즈 지니맘 KC인증,지니맘 큐빅십자수  DIY: 16번 여우 (액자별매)
3107783797,SELLBLOG,NORMAL,아이들이좋아해요다행이예요^^,2021-02-05T13:14:05.147+0000,STOREFARM,5,어린이 보석십자수 DIY 캐릭터 큐빅 비즈 지니맘 KC인증,지니맘 큐빅십자수  DIY: 12번 돌고래 (액자별매)
3107783632,SELLBLOG,NORMAL,아이들이좋아해요다행이예요^^,2021-02-05T13:13:49.888+0000,STOREFARM,5,어린이 보석십자수 DIY 캐릭터 큐빅 비즈 지니맘 KC인증,지니맘 큐빅십자수  DIY: 15번 핑크 유니콘 (액자별매)
3099823879,SELLBLOG,NORMAL,"학교돌봄에서 처음 접해보고 사달 라고해서 두개 골라 샀어요.
정말 재밌게 하고 집중력 길러주는데 좋아요",2021-01-26T01:31:49.364+0000,STOREFARM,5,어린이 보석십자수 DIY 캐릭터 큐빅 비즈 지니맘 KC인증,지니맘 큐빅십자수  DIY: 14번 부엉이 (액자별매)
3094318939,SELLBLOG,NORMAL,집에서 심심하지 마시라고 구매해봤어요,2021-01-18T11:26:13.089+0000,STOREFARM,5,어린이 보석십자수 DIY 캐릭터 큐빅 비즈 지니맘 KC인증,지니맘 큐빅십자수  DIY: 20번 십자가 꽃 (액자별매)
3094318695,SELLBLOG,NORMAL,집에서 심심하지 마시라고 구매해봤어요,2021-01-18T11:25:51.496+0000,STOREFARM,5,어린이 보석십자수 DIY 캐릭터 큐빅 비즈 지니맘 KC인증,지니맘 큐빅십자수  DIY: 22번 교회 (액자별매)
3094318300,SELLBLOG,NORMAL,집에서 심심하지 마시라고 구매해봤어요,2021-01-18T11:25:13.813+0000,STOREFARM,5,어린이 보석십자수 DIY 캐릭터 큐빅 비즈 지니맘 KC인증,지니맘 큐빅십자수  DIY: 14번 부엉이 (액자별매)
3095625723,SELLBLOG,NORMAL,배송빠르고 상품좋고 딱입니다,2021-01-20T05:21:19.506+0000,STOREFARM,5,어린이 보석십자수 DIY 캐릭터 큐빅 비즈 지니맘 KC인증,지니맘 큐빅십자수  DIY: 27번 왕관 고양이(액자별매)
3092007726,SELLBLOG,NORMAL,만들기 쉽고 좋아요. 6살짜리 아이도 좋아해요.,2021-01-15T09:24:49.040+0000,STOREFARM,5,어린이 보석십자수 DIY 캐릭터 큐빅 비즈 지니맘 KC인증,
3103633129,SELLBLOG,NORMAL,색깔이 은은해서 안이쁠까 걱정했는데 이쁘네요. 은은해서 더 좋습니다.,2021-01-31T01:59:28.393+0000,STOREFARM,4,어린이 보석십자수 DIY 캐릭터 큐빅 비즈 지니맘 KC인증,지니맘 큐빅십자수  DIY: 11번 클로버 (액자별매)
3078451137,SELLBLOG,NORMAL,"11살 남아도 초집중해서 했어요.
빨리 끝내고 싶어 조바심내면서 하는 모습이 귀여웠어요 ㅋ
몇시간 안 걸렸던 거 같아요.",2020-12-29T06:42:40.131+0000,STOREFARM,5,어린이 보석십자수 DIY 캐릭터 큐빅 비즈 지니맘 KC인증,지니맘 큐빅십자수  DIY: 12번 돌고래 (액자별매)
3078445271,SELLBLOG,NORMAL,"유니콘 너무 예뻐요.
아이들이 보더니 날개가 있으면 유니콘이 아니라 페가수스라며.. 한참 실랑이 했네요 ㅎㅎ
색감 너무 예쁘고 딸이 너무 좋아합니다.",2020-12-29T06:36:11.958+0000,STOREFARM,5,어린이 보석십자수 DIY 캐릭터 큐빅 비즈 지니맘 KC인증,지니맘 큐빅십자수  DIY: 1번 유니콘  (액자별매)
3076806076,SELLBLOG,NORMAL,"퀼리티 좋네요~ 
아이도 너무 좋아해요 ㅎ
반정도 하는데 30분정도 걸리네요 .
아이가하면 좀더 걸리려나요.
코로나때문에 방콕인데 보석비즈로 답답함을 달래보길 ㅎ
재구매 대기중요 ㅎ
품절된 상품 빨리 재입고 해주세요",2020-12-26T16:21:08.189+0000,STOREFARM,5,어린이 보석십자수 DIY 캐릭터 큐빅 비즈 지니맘 KC인증,지니맘 큐빅십자수  DIY: 13번 별유니콘 (액자별매)
3094648673,SELLBLOG,NORMAL,아이가 즐거워서 또 사달라하네요,2021-01-19T03:05:13.821+0000,STOREFARM,4,어린이 보석십자수 DIY 캐릭터 큐빅 비즈 지니맘 KC인증,지니맘 큐빅십자수  DIY: 12번 돌고래 (액자별매)
3089830711,SELLBLOG,NORMAL,아이들이 사달라고 졸라서 구매했는데 열심히 하는 모습보니 뿌듯하네요ㅎ,2021-01-13T03:00:11.704+0000,STOREFARM,5,어린이 보석십자수 DIY 캐릭터 큐빅 비즈 지니맘 KC인증,지니맘 큐빅십자수  DIY: 2번 보라유니콘 (액자별매)
3110310516,SELLBLOG,NORMAL,다음엔 열쇠고리 만들고싶네요 ㅎ,2021-02-09T08:33:07.151+0000,STOREFARM,5,어린이 보석십자수 DIY 캐릭터 큐빅 비즈 지니맘 KC인증,지니맘 큐빅십자수  DIY: 14번 부엉이 (액자별매)
3089969407,SELLBLOG,NORMAL,아이가 좋아해서 구입하게 되었는데 완성해보니 저도 만족스럽네요,2021-01-13T06:01:59.261+0000,STOREFARM,5,어린이 보석십자수 DIY 캐릭터 큐빅 비즈 지니맘 KC인증,지니맘 큐빅십자수  DIY: 13번 별유니콘 (액자별매)
3106462301,SELLBLOG,NORMAL,애들이 좋아합니다!! 금방 끝냈어요,2021-02-04T02:13:33.806+0000,STOREFARM,5,어린이 보석십자수 DIY 캐릭터 큐빅 비즈 지니맘 KC인증,지니맘 큐빅십자수  DIY: 4번 홍학 (액자별매)
3108195121,SELLBLOG,AFTER_USE,"아이가
재미있게 놀아요
수고요",2021-02-06T05:46:07.399+0000,STOREFARM,5,어린이 보석십자수 DIY 캐릭터 큐빅 비즈 지니맘 KC인증,지니맘 큐빅십자수  DIY: 12번 돌고래 (액자별매)
3097753960,SELLBLOG,NORMAL,큐빅이라 반짝반짝 예뻐요,2021-01-22T15:04:26.492+0000,STOREFARM,5,어린이 보석십자수 DIY 캐릭터 큐빅 비즈 지니맘 KC인증,지니맘 큐빅십자수  DIY: 14번 부엉이 (액자별매)
3095624523,SELLBLOG,NORMAL,배송빠르고  상품도 좋아요,2021-01-20T05:19:52.919+0000,STOREFARM,5,어린이 보석십자수 DIY 캐릭터 큐빅 비즈 지니맘 KC인증,지니맘 큐빅십자수  DIY: 13번 별유니콘 (액자별매)
3109474399,SELLBLOG,NORMAL,아이가 사달래서 3번째 재구매입니다,2021-02-08T03:47:23.872+0000,STOREFARM,5,어린이 보석십자수 DIY 캐릭터 큐빅 비즈 지니맘 KC인증,지니맘 큐빅십자수  DIY: 26번 뿔 돌고래(액자별매)
3104923688,SELLBLOG,NORMAL,"두번째 구매입니다
꼼꼼하게 잘 포장되어서 좋고 빠른 배송도 감나합니다",2021-02-02T03:47:49.273+0000,STOREFARM,5,어린이 보석십자수 DIY 캐릭터 큐빅 비즈 지니맘 KC인증,지니맘 큐빅십자수  DIY: 14번 부엉이 (액자별매)
3088748684,SELLBLOG,NORMAL,"울딸의 집중력에 놀랬어요ㅎㅎ
하루만에 놀다 하다 놀다 하다 완성했어요",2021-01-11T15:58:29.578+0000,STOREFARM,5,어린이 보석십자수 DIY 캐릭터 큐빅 비즈 지니맘 KC인증,지니맘 큐빅십자수  DIY: 28번 클로버 고양이(액자별매)
3086062982,SELLBLOG,NORMAL,"아이가 환호를 지르네요
제가 봐도 너무 큐빅도 이쁘고 재밌네요
집콕 놀이로 최고!",2021-01-08T05:43:48.768+0000,STOREFARM,5,어린이 보석십자수 DIY 캐릭터 큐빅 비즈 지니맘 KC인증,지니맘 큐빅십자수  DIY: 13번 별유니콘 (액자별매)
3095426416,SELLBLOG,NORMAL,"만족합니다
딸이좋아하네요",2021-01-20T00:29:00.522+0000,STOREFARM,5,어린이 보석십자수 DIY 캐릭터 큐빅 비즈 지니맘 KC인증,지니맘 큐빅십자수  DIY: 19번 아이스크림 (액자별매)
3108413715,SELLBLOG,NORMAL,아이가 완성하고 너무 좋아해서 재구매해요.,2021-02-06T10:54:39.687+0000,STOREFARM,5,어린이 보석십자수 DIY 캐릭터 큐빅 비즈 지니맘 KC인증,지니맘 큐빅십자수  DIY: 13번 별유니콘 (액자별매)
3094910792,SELLBLOG,NORMAL,아이들이 하기에 적당 합니다,2021-01-19T08:11:40.945+0000,STOREFARM,5,어린이 보석십자수 DIY 캐릭터 큐빅 비즈 지니맘 KC인증,지니맘 큐빅십자수  DIY: 12번 돌고래 (액자별매)
3088833207,SELLBLOG,NORMAL,"애들이좋아해요
어린애들은 시간이많이걸려서 조금힘들어해요~^^;;",2021-01-12T00:34:51.629+0000,STOREFARM,4,어린이 보석십자수 DIY 캐릭터 큐빅 비즈 지니맘 KC인증,지니맘 큐빅십자수  DIY: 6번 소녀2 (액자별매)
3095427720,SELLBLOG,NORMAL,"딸이좋아합니다
만족합니다",2021-01-20T00:31:07.624+0000,STOREFARM,5,어린이 보석십자수 DIY 캐릭터 큐빅 비즈 지니맘 KC인증,지니맘 큐빅십자수  DIY: 10번 안경토끼 (액자별매)
3082008162,SELLBLOG,NORMAL,조카가 너무 좋아하네요. 생각보다 집중해서 하면서도 재밌어해서 사 준 보람이 있었습니다. 또 다른 것도 하고 싶다네요,2021-01-03T03:05:33.517+0000,STOREFARM,5,어린이 보석십자수 DIY 캐릭터 큐빅 비즈 지니맘 KC인증,지니맘 큐빅십자수  DIY: 13번 별유니콘 (액자별매)
3094909795,SELLBLOG,NORMAL,아이들이 하기에 적당합니다,2021-01-19T08:10:28.966+0000,STOREFARM,5,어린이 보석십자수 DIY 캐릭터 큐빅 비즈 지니맘 KC인증,지니맘 큐빅십자수  DIY: 4번 홍학 (액자별매)
3100388434,SELLBLOG,NORMAL,아이가 완전 좋아해요^^  쉽게 만들수 있어 좋아요. 재료도 좋구요. 할인 기회 있으면 추가 주문 할께요^^,2021-01-26T12:50:40.440+0000,STOREFARM,5,어린이 보석십자수 DIY 캐릭터 큐빅 비즈 지니맘 KC인증,지니맘 큐빅십자수  DIY: 28번 클로버 고양이(액자별매)
3102060098,SELLBLOG,NORMAL,"아이가 정말 좋아해요
방학  한해만들으라고 하니  알겠다고 다 왔성 했어요",2021-01-28T15:04:43.662+0000,STOREFARM,5,어린이 보석십자수 DIY 캐릭터 큐빅 비즈 지니맘 KC인증,지니맘 큐빅십자수  DIY: 5번  소녀1 (액자별매)
3108746265,SELLBLOG,NORMAL,재구매했어요~~  많이 좋아하네요^^,2021-02-07T02:00:42.970+0000,STOREFARM,5,어린이 보석십자수 DIY 캐릭터 큐빅 비즈 지니맘 KC인증,지니맘 큐빅십자수  DIY: 2번 보라유니콘 (액자별매)
3091836252,SELLBLOG,NORMAL,아이가 좋아하고 부모랑 같이할수있어서 좋아요,2021-01-15T06:17:45.186+0000,STOREFARM,5,어린이 보석십자수 DIY 캐릭터 큐빅 비즈 지니맘 KC인증,지니맘 큐빅십자수  DIY: 25번 강아지(액자별매)
3089674522,SELLBLOG,NORMAL,아이가 좋아해요 집중력향상 될듯;;,2021-01-12T22:12:41.562+0000,STOREFARM,5,어린이 보석십자수 DIY 캐릭터 큐빅 비즈 지니맘 KC인증,지니맘 큐빅십자수  DIY: 9번 겨울사슴 (액자별매)
3095895214,SELLBLOG,NORMAL,아이들이 재미있어해요~,2021-01-20T10:36:33.915+0000,STOREFARM,5,어린이 보석십자수 DIY 캐릭터 큐빅 비즈 지니맘 KC인증,지니맘 큐빅십자수  DIY: 1번 유니콘  (액자별매)
3094154291,SELLBLOG,NORMAL,아이들이 시간때우기 넘 좋아요,2021-01-18T06:59:40.230+0000,STOREFARM,5,어린이 보석십자수 DIY 캐릭터 큐빅 비즈 지니맘 KC인증,지니맘 큐빅십자수  DIY: 26번 뿔 돌고래(액자별매)
3092447325,SELLBLOG,NORMAL,너무 예쁘고 뿌듯해요~♡ 재구매할게요^^,2021-01-16T02:12:47.411+0000,STOREFARM,5,어린이 보석십자수 DIY 캐릭터 큐빅 비즈 지니맘 KC인증,지니맘 큐빅십자수  DIY: 13번 별유니콘 (액자별매)
3101209064,SELLBLOG,NORMAL,"첫번째 작품 금방 끝내고 두번째에요
여기 큐빅이 다른곳보다 이쁜거같아요",2021-01-27T13:20:48.415+0000,STOREFARM,4,어린이 보석십자수 DIY 캐릭터 큐빅 비즈 지니맘 KC인증,지니맘 큐빅십자수  DIY: 9번 겨울사슴 (액자별매)
3092993211,SELLBLOG,NORMAL,오 이뿌고 좋아요 시간가는줄 모르고 딸램이랑 열시미했네요~ 한개하는데 3시간은 걸리는듯 하네요~ 하는동안 집중도잘되고 잡생각도 안나고 시간도 잘가고 요즘 집콕생활하기 지루한데 재미있네요ㅋ ㅋㄷㄴ사이즈도 도전해봐야겠어요~배송은 총알배송^^,2021-01-16T13:29:35.130+0000,STOREFARM,5,어린이 보석십자수 DIY 캐릭터 큐빅 비즈 지니맘 KC인증,지니맘 큐빅십자수  DIY: 13번 별유니콘 (액자별매)
3095894825,SELLBLOG,NORMAL,아이들이 진짜 좋아해요.,2021-01-20T10:36:09.293+0000,STOREFARM,5,어린이 보석십자수 DIY 캐릭터 큐빅 비즈 지니맘 KC인증,지니맘 큐빅십자수  DIY: 7번 사자 (액자별매)
3094624436,SELLBLOG,NORMAL,아이들 방콕생활의  활력소가 되었어요ㆍ,2021-01-19T02:32:10.005+0000,STOREFARM,5,어린이 보석십자수 DIY 캐릭터 큐빅 비즈 지니맘 KC인증,지니맘 큐빅십자수  DIY: 14번 부엉이 (액자별매)
3089637455,SELLBLOG,NORMAL,예뻐요~^^예쁘게 완성 해서 다시 리뷰할께용~,2021-01-12T16:47:02.740+0000,STOREFARM,5,어린이 보석십자수 DIY 캐릭터 큐빅 비즈 지니맘 KC인증,지니맘 큐빅십자수  DIY: 9번 겨울사슴 (액자별매)
3089637346,SELLBLOG,NORMAL,예뻐요~^^예쁘게 완성 해서 다시 리뷰할께용~,2021-01-12T16:46:28.991+0000,STOREFARM,5,어린이 보석십자수 DIY 캐릭터 큐빅 비즈 지니맘 KC인증,지니맘 큐빅십자수  DIY: 4번 홍학 (액자별매)
3089637226,SELLBLOG,NORMAL,예뻐요~^^예쁘게 완성 해서 다시 리뷰할께용~,2021-01-12T16:45:52.391+0000,STOREFARM,5,어린이 보석십자수 DIY 캐릭터 큐빅 비즈 지니맘 KC인증,지니맘 큐빅십자수  DIY: 3번 분홍사슴 (액자별매)
3093174716,SELLBLOG,NORMAL,"빠른배송감사합니다 
아이가 좋아합니다",2021-01-17T01:03:25.927+0000,STOREFARM,5,어린이 보석십자수 DIY 캐릭터 큐빅 비즈 지니맘 KC인증,지니맘 큐빅십자수  DIY: 3번 분홍사슴 (액자별매)
3093174378,SELLBLOG,NORMAL,"빠른배송감사합니다 
아이가 좋아합니다",2021-01-17T01:02:48.107+0000,STOREFARM,5,어린이 보석십자수 DIY 캐릭터 큐빅 비즈 지니맘 KC인증,지니맘 큐빅십자수  DIY: 29번 클로버 고양이(액자별매)
3093174029,SELLBLOG,NORMAL,"빠른배송감사합니다 
아이가 좋아합니다",2021-01-17T01:02:07.219+0000,STOREFARM,5,어린이 보석십자수 DIY 캐릭터 큐빅 비즈 지니맘 KC인증,지니맘 큐빅십자수  DIY: 25번 강아지(액자별매)
3093173703,SELLBLOG,NORMAL,"아이가 좋아합니다 
빠른배송감사합니다",2021-01-17T01:01:30.791+0000,STOREFARM,5,어린이 보석십자수 DIY 캐릭터 큐빅 비즈 지니맘 KC인증,지니맘 큐빅십자수  DIY: 24번 돌고래 하트(액자별매)
3093173367,SELLBLOG,NORMAL,"빠른배송감사합니다 
아이가 좋아합니다",2021-01-17T01:00:51.011+0000,STOREFARM,5,어린이 보석십자수 DIY 캐릭터 큐빅 비즈 지니맘 KC인증,지니맘 큐빅십자수  DIY: 11번 클로버 (액자별매)
3076765048,SELLBLOG,NORMAL,"크리스마스 선물할건데, 배송때문에 마음 졸였지만..생각보다 빠른 배송으로 크리스마스 이브에 잘 전달할우 있었어요~ 조카가 너무 좋아하더라구요^^ 원하는 사이즈는 품절이라서 아쉽긴 했지만, 그래도 만족스럽습니다~",2020-12-26T14:43:13.491+0000,STOREFARM,4,어린이 보석십자수 DIY 캐릭터 큐빅 비즈 지니맘 KC인증,지니맘 큐빅십자수  DIY: 27번 하트 고양이(액자별매)
3083503882,SELLBLOG,NORMAL,"예쁘고 큼직큼직해서 해서  하기 좋구요,보석들이 지퍼백에 하나씩 포장되어 있어서 편리했어요~",2021-01-05T08:02:49.704+0000,STOREFARM,5,어린이 보석십자수 DIY 캐릭터 큐빅 비즈 지니맘 KC인증,지니맘 큐빅십자수  DIY: 19번 아이스크림 (액자별매)
3110959099,SELLBLOG,NORMAL,아이들이 좋아합니다~,2021-02-10T10:36:07.440+0000,STOREFARM,5,어린이 보석십자수 DIY 캐릭터 큐빅 비즈 지니맘 KC인증,지니맘 큐빅십자수  DIY: 25번 강아지(액자별매)
3108746818,SELLBLOG,AFTER_USE,한꺼번에 구매해서 아직도 쓰고있어요*^^,2021-02-07T02:01:32.046+0000,STOREFARM,5,어린이 보석십자수 DIY 캐릭터 큐빅 비즈 지니맘 KC인증,지니맘 큐빅십자수  DIY: 25번 뿔 돌고래(액자별매)
3093490945,SELLBLOG,NORMAL,다한후 아이가  너무 뿌듯해하네요,2021-01-17T08:43:54.673+0000,STOREFARM,4,어린이 보석십자수 DIY 캐릭터 큐빅 비즈 지니맘 KC인증,지니맘 큐빅십자수  DIY: 15번 핑크 유니콘 (액자별매)
3088161886,SELLBLOG,NORMAL,조카가 좋아해요 비즈색도 예쁘고 반짝임 좋아요,2021-01-11T02:05:47.630+0000,STOREFARM,5,어린이 보석십자수 DIY 캐릭터 큐빅 비즈 지니맘 KC인증,지니맘 큐빅십자수  DIY: 13번 별유니콘 (액자별매)
3080135615,SELLBLOG,NORMAL,코로나로 집에만 있는 아이들을 위해 준비했어요..첨엔 서툴렀지만..시간이 지나면서 속도도 빨라지고 재미를 느꼈는지..이틀만에 완성^^,2020-12-31T06:14:23.087+0000,STOREFARM,5,어린이 보석십자수 DIY 캐릭터 큐빅 비즈 지니맘 KC인증,지니맘 큐빅십자수  DIY: 30번 강아지1(액자별매)
3081121791,SELLBLOG,NORMAL,"더 주문할걸 그랬어요
코로나로 집콕할시간이 많은데 시간순삭이에요
7살아이가 하루만에 이만큼이나 집중해서 했어요",2021-01-01T14:14:29.543+0000,STOREFARM,5,어린이 보석십자수 DIY 캐릭터 큐빅 비즈 지니맘 KC인증,지니맘 큐빅십자수  DIY: 31번 강아지2(액자별매)
3111709882,SELLBLOG,NORMAL,반짝반짝 매우 이뻐요~.만족!!,2021-02-12T13:20:58.551+0000,STOREFARM,5,어린이 보석십자수 DIY 캐릭터 큐빅 비즈 지니맘 KC인증,지니맘 큐빅십자수  DIY: 31번 빨간리본(액자별매)
3092076622,SELLBLOG,NORMAL,아이들이 심심해했는데 집중해서 잘놀아요,2021-01-15T10:49:30.698+0000,STOREFARM,5,어린이 보석십자수 DIY 캐릭터 큐빅 비즈 지니맘 KC인증,지니맘 큐빅십자수  DIY: 25번 강아지(액자별매)
3109385457,SELLBLOG,AFTER_USE,아이들이  집중하며 잘 만들어서 좋았네요ㅡㅎ,2021-02-08T02:01:46.379+0000,STOREFARM,5,어린이 보석십자수 DIY 캐릭터 큐빅 비즈 지니맘 KC인증,지니맘 큐빅십자수  DIY: 1번 유니콘  (액자별매)
3108451962,SELLBLOG,NORMAL,시바견부터 골라서 열심히 만드네요,2021-02-06T11:45:34.668+0000,STOREFARM,5,어린이 보석십자수 DIY 캐릭터 큐빅 비즈 지니맘 KC인증,지니맘 큐빅십자수  DIY: 29번 클로버 고양이(액자별매)
3088834349,SELLBLOG,NORMAL,애들이좋아해요 어린아이들은 시간이 오라걸려요,2021-01-12T00:36:54.055+0000,STOREFARM,4,어린이 보석십자수 DIY 캐릭터 큐빅 비즈 지니맘 KC인증,지니맘 큐빅십자수  DIY: 8번 꽃사슴 (액자별매)
3088833915,SELLBLOG,NORMAL,애들이좋아해요 어린아이들은 시간이 오라걸려요,2021-01-12T00:36:08.847+0000,STOREFARM,3,어린이 보석십자수 DIY 캐릭터 큐빅 비즈 지니맘 KC인증,지니맘 큐빅십자수  DIY: 2번 보라유니콘 (액자별매)
3089984627,SELLBLOG,NORMAL,"집중해서 너무 잘해요
집 콕에 딱 좋아요^^",2021-01-13T06:19:21.611+0000,STOREFARM,5,어린이 보석십자수 DIY 캐릭터 큐빅 비즈 지니맘 KC인증,지니맘 큐빅십자수  DIY: 3번 분홍사슴 (액자별매)
3099664961,SELLBLOG,NORMAL,"아이들이 집콕만했는데  이거사주니 시간가는줄 모르고 집중하네요^^
만들어놓으니 이뻐요",2021-01-25T13:46:58.755+0000,STOREFARM,5,어린이 보석십자수 DIY 캐릭터 큐빅 비즈 지니맘 KC인증,지니맘 큐빅십자수  DIY: 12번 돌고래 (액자별매)
3082567172,SELLBLOG,NORMAL,비즈 퀄리티 좋고 아이가 시간 가는 줄 모르고 재미있어 해요. 완성해서 액자에 끼우면 너무 예뻐요~♡,2021-01-04T01:01:29.447+0000,STOREFARM,5,어린이 보석십자수 DIY 캐릭터 큐빅 비즈 지니맘 KC인증,지니맘 큐빅십자수  DIY: 26번 왕관 고양이(액자별매)
3082566891,SELLBLOG,NORMAL,비즈 퀄리티 좋고 아이가 시간 가는 줄 모르고 재미있어 해요. 완성해서 액자에 끼우면 너무 예뻐요~♡,2021-01-04T01:00:54.205+0000,STOREFARM,5,어린이 보석십자수 DIY 캐릭터 큐빅 비즈 지니맘 KC인증,지니맘 큐빅십자수  DIY: 25번 뿔 돌고래(액자별매)
3082566658,SELLBLOG,NORMAL,비즈 퀄리티 좋고 아이가 시간 가는 줄 모르고 재미있어 해요. 완성해서 액자에 끼우면 너무 예뻐요~♡,2021-01-04T01:00:28.878+0000,STOREFARM,5,어린이 보석십자수 DIY 캐릭터 큐빅 비즈 지니맘 KC인증,지니맘 큐빅십자수  DIY: 19번 아이스크림 (액자별매)
3082566458,SELLBLOG,NORMAL,비즈 퀄리티 좋고 아이가 시간 가는 줄 모르고 재미있어 해요. 완성해서 액자에 끼우면 너무 예뻐요~♡,2021-01-04T01:00:04.375+0000,STOREFARM,5,어린이 보석십자수 DIY 캐릭터 큐빅 비즈 지니맘 KC인증,지니맘 큐빅십자수  DIY: 8번 꽃사슴 (액자별매)
3082566198,SELLBLOG,NORMAL,비즈 퀄리티 좋고 아이가 시간 가는 줄 모르고 재미있어 해요. 완성해서 액자에 끼우면 너무 예뻐요~♡,2021-01-04T00:59:37.611+0000,STOREFARM,5,어린이 보석십자수 DIY 캐릭터 큐빅 비즈 지니맘 KC인증,지니맘 큐빅십자수  DIY: 1번 유니콘  (액자별매)
3086584607,SELLBLOG,NORMAL,"너무 ㅇㅖ뻐용~~~~ 처음엔 둘째 친구한테 선물받아 아이들하고 해봤는데 
제가 더 재미있게 하네요 ㅎ",2021-01-08T17:40:28.204+0000,STOREFARM,5,어린이 보석십자수 DIY 캐릭터 큐빅 비즈 지니맘 KC인증,지니맘 큐빅십자수  DIY: 16번 여우 (액자별매)
3089590697,SELLBLOG,NORMAL,정말  빨리 왔어요.  비즈 색감이 너무좋아요.,2021-01-12T14:57:35.198+0000,STOREFARM,5,어린이 보석십자수 DIY 캐릭터 큐빅 비즈 지니맘 KC인증,지니맘 큐빅십자수  DIY: 14번 부엉이 (액자별매)
3089590441,SELLBLOG,NORMAL,정말  빨리 왔어요.  비즈 색감이 너무좋아요.,2021-01-12T14:57:13.399+0000,STOREFARM,5,어린이 보석십자수 DIY 캐릭터 큐빅 비즈 지니맘 KC인증,지니맘 큐빅십자수  DIY: 13번 별유니콘 (액자별매)
3089590209,SELLBLOG,NORMAL,정말  빨리 왔어요.  비즈 색감이 너무좋아요.,2021-01-12T14:56:51.615+0000,STOREFARM,5,어린이 보석십자수 DIY 캐릭터 큐빅 비즈 지니맘 KC인증,지니맘 큐빅십자수  DIY: 12번 돌고래 (액자별매)
3089589977,SELLBLOG,NORMAL,정말  빨리 왔어요.  비즈 색감이 너무좋아요.,2021-01-12T14:56:30.926+0000,STOREFARM,5,어린이 보석십자수 DIY 캐릭터 큐빅 비즈 지니맘 KC인증,지니맘 큐빅십자수  DIY: 1번 유니콘  (액자별매)
3089331262,SELLBLOG,NORMAL,아이가 너무 좋아해요. 집콕템 추천,2021-01-12T10:31:03.846+0000,STOREFARM,4,어린이 보석십자수 DIY 캐릭터 큐빅 비즈 지니맘 KC인증,지니맘 큐빅십자수  DIY: 13번 별유니콘 (액자별매)
3089330712,SELLBLOG,NORMAL,아이가 너무 좋아해요. 집콕템 추천,2021-01-12T10:30:28.400+0000,STOREFARM,4,어린이 보석십자수 DIY 캐릭터 큐빅 비즈 지니맘 KC인증,지니맘 큐빅십자수  DIY: 3번 분홍사슴 (액자별매)
3108195352,SELLBLOG,AFTER_USE,"잘가지구 놀아요
수고요",2021-02-06T05:46:25.818+0000,STOREFARM,5,어린이 보석십자수 DIY 캐릭터 큐빅 비즈 지니맘 KC인증,지니맘 큐빅십자수  DIY: 1번 유니콘  (액자별매)
3102922437,SELLBLOG,NORMAL,아이가 너무 좋아해요.방학 집콕 취미생활로 딱이네요,2021-01-30T00:58:27.542+0000,STOREFARM,4,어린이 보석십자수 DIY 캐릭터 큐빅 비즈 지니맘 KC인증,지니맘 큐빅십자수  DIY: 3번 분홍사슴 (액자별매)
3088748978,SELLBLOG,NORMAL,금새완성ㅎㅎ 넘귀엽고재미나고 그러네요,2021-01-11T15:59:31.199+0000,STOREFARM,5,어린이 보석십자수 DIY 캐릭터 큐빅 비즈 지니맘 KC인증,지니맘 큐빅십자수  DIY: 27번 하트 고양이(액자별매)
3083618780,SELLBLOG,NORMAL,여섯살 저희집 꼬마가 요즘 재미가 들려서 여러개사보아요. 이거 끝내면 더 큰걸로^^,2021-01-05T10:10:46.503+0000,STOREFARM,5,어린이 보석십자수 DIY 캐릭터 큐빅 비즈 지니맘 KC인증,지니맘 큐빅십자수  DIY: 25번 뿔 돌고래(액자별매)
3092573568,SELLBLOG,NORMAL,8세잘해요  저렴하니좋아요,2021-01-16T04:43:30.857+0000,STOREFARM,5,어린이 보석십자수 DIY 캐릭터 큐빅 비즈 지니맘 KC인증,지니맘 큐빅십자수  DIY: 3번 분홍사슴 (액자별매)
3109169071,SELLBLOG,NORMAL,아이가 집중해서 잘하네요,2021-02-07T13:52:35.328+0000,STOREFARM,5,어린이 보석십자수 DIY 캐릭터 큐빅 비즈 지니맘 KC인증,지니맘 큐빅십자수  DIY: 28번 하트 고양이(액자별매)
3110194582,SELLBLOG,NORMAL,비즈도 크고 좋아요,2021-02-09T05:38:16.859+0000,STOREFARM,5,어린이 보석십자수 DIY 캐릭터 큐빅 비즈 지니맘 KC인증,지니맘 큐빅십자수  DIY: 1번 유니콘  (액자별매)
3110200623,SELLBLOG,NORMAL,배송도 빠르고 좋아요~,2021-02-09T05:47:39.715+0000,STOREFARM,5,어린이 보석십자수 DIY 캐릭터 큐빅 비즈 지니맘 KC인증,지니맘 큐빅십자수  DIY: 1번 유니콘  (액자별매)
3077973145,SELLBLOG,NORMAL,"한번 시작하면 이틀넘게 앉아거 하니 너무 좋네요 ㅋㅋ
요즘같을때 집콕템으로 최고입니다!!",2020-12-28T11:38:23.849+0000,STOREFARM,5,어린이 보석십자수 DIY 캐릭터 큐빅 비즈 지니맘 KC인증,지니맘 큐빅십자수  DIY: 1번 유니콘  (액자별매)
3103744163,SELLBLOG,NORMAL,"아이가 좋아해요
6세아이지만 하기 쉬워요",2021-01-31T04:47:27.986+0000,STOREFARM,4,어린이 보석십자수 DIY 캐릭터 큐빅 비즈 지니맘 KC인증,지니맘 큐빅십자수  DIY: 15번 핑크 유니콘 (액자별매)
3103744035,SELLBLOG,NORMAL,"아이가 좋아해요
6세아이지만 하기 쉬워요",2021-01-31T04:47:12.539+0000,STOREFARM,4,어린이 보석십자수 DIY 캐릭터 큐빅 비즈 지니맘 KC인증,지니맘 큐빅십자수  DIY: 26번 뿔 돌고래(액자별매)
3088451976,SELLBLOG,NORMAL,너무예쁜데 배경 비즈가 모자라요ㅜㅜ 좀 아쉽네요,2021-01-11T08:01:33.166+0000,STOREFARM,4,어린이 보석십자수 DIY 캐릭터 큐빅 비즈 지니맘 KC인증,지니맘 큐빅십자수  DIY: 11번 클로버 (액자별매)
3083377481,SELLBLOG,NORMAL,Kc인증에 액자도 국내생산이라고 해서 믿고 여기서 주문했어요. 포장도 깔끔하고 색도 이쁘네요,2021-01-05T05:31:56.517+0000,STOREFARM,4,어린이 보석십자수 DIY 캐릭터 큐빅 비즈 지니맘 KC인증,지니맘 큐빅십자수  DIY: 13번 별유니콘 (액자별매)
3091282657,SELLBLOG,NORMAL,잘받았습니다.^^수고하세요,2021-01-14T12:48:38.544+0000,STOREFARM,5,어린이 보석십자수 DIY 캐릭터 큐빅 비즈 지니맘 KC인증,지니맘 큐빅십자수  DIY: 27번 왕관 고양이(액자별매)
3106445098,SELLBLOG,NORMAL,"집콕하면서 시간보내기좋아요
결과물도 최고",2021-02-04T01:52:00.517+0000,STOREFARM,5,어린이 보석십자수 DIY 캐릭터 큐빅 비즈 지니맘 KC인증,지니맘 큐빅십자수  DIY: 16번 여우 (액자별매)
3098723232,SELLBLOG,NORMAL,완성해놓으니 반짝반짝 예뻐요 액자도 저렴히 사서 좋구요 더사고싶어요 디자인이 더 많아졌으면 좋겠습니다,2021-01-24T04:52:30.546+0000,STOREFARM,5,어린이 보석십자수 DIY 캐릭터 큐빅 비즈 지니맘 KC인증,지니맘 큐빅십자수  DIY: 3번 분홍사슴 (액자별매)
3104789808,SELLBLOG,NORMAL,"이쁩니다.
아직 미완성이긴 하나 아이가 집중해서 하기  좋네요.",2021-02-01T23:25:57.789+0000,STOREFARM,4,어린이 보석십자수 DIY 캐릭터 큐빅 비즈 지니맘 KC인증,지니맘 큐빅십자수  DIY: 2번 보라유니콘 (액자별매)
3101209728,SELLBLOG,NORMAL,"아이들이 좋아해서 선물용으로 구매했어요~~
명절에 만나면 주려구요",2021-01-27T13:21:29.995+0000,STOREFARM,4,어린이 보석십자수 DIY 캐릭터 큐빅 비즈 지니맘 KC인증,지니맘 큐빅십자수  DIY: 28번 하트 고양이(액자별매)
3108292787,SELLBLOG,NORMAL,보석이 커서 혼자서도 잘 하네요~,2021-02-06T08:03:06.874+0000,STOREFARM,5,어린이 보석십자수 DIY 캐릭터 큐빅 비즈 지니맘 KC인증,지니맘 큐빅십자수  DIY: 14번 부엉이 (액자별매)
3103662998,SELLBLOG,NORMAL,만족합니다. 즐거워하면서 재밌게 했어요~,2021-01-31T02:44:15.905+0000,STOREFARM,5,어린이 보석십자수 DIY 캐릭터 큐빅 비즈 지니맘 KC인증,지니맘 큐빅십자수  DIY: 16번 여우 (액자별매)
3095427187,SELLBLOG,NORMAL,"딸이좋아합니다
예뻐요~^^",2021-01-20T00:30:14.631+0000,STOREFARM,5,어린이 보석십자수 DIY 캐릭터 큐빅 비즈 지니맘 KC인증,지니맘 큐빅십자수  DIY: 17번 아기 유니콘 (액자별매)
3108982023,SELLBLOG,NORMAL,조카가 엄청 조아라해요,2021-02-07T08:17:20.559+0000,STOREFARM,5,어린이 보석십자수 DIY 캐릭터 큐빅 비즈 지니맘 KC인증,지니맘 큐빅십자수  DIY: 25번 강아지(액자별매)
3081170748,SELLBLOG,NORMAL,초딩첫작품으로 좋네요 30이상은 너무 힘들어서 버렸는데 요건 이틀만에 둘이 경쟁붙어후다닥 ㅋㅋ 더 사달라네요,2021-01-01T16:12:31.596+0000,STOREFARM,5,어린이 보석십자수 DIY 캐릭터 큐빅 비즈 지니맘 KC인증,지니맘 큐빅십자수  DIY: 30번 강아지1(액자별매)
3097549623,SELLBLOG,NORMAL,아이가 호기심을가져서 샀는데 초보가 하기 딱인거 같아요 이제 7세된 딸아이도 할수있는 수준이에요^^,2021-01-22T10:02:15.845+0000,STOREFARM,5,어린이 보석십자수 DIY 캐릭터 큐빅 비즈 지니맘 KC인증,지니맘 큐빅십자수  DIY: 1번 유니콘  (액자별매)
3110194474,SELLBLOG,NORMAL,비즈도 크고 좋아요~,2021-02-09T05:38:06.408+0000,STOREFARM,5,어린이 보석십자수 DIY 캐릭터 큐빅 비즈 지니맘 KC인증,지니맘 큐빅십자수  DIY: 8번 꽃사슴 (액자별매)
3107850692,SELLBLOG,NORMAL,쉽게 아이들이 할수 있어 너무 좋아요~^^,2021-02-05T15:00:39.483+0000,STOREFARM,5,어린이 보석십자수 DIY 캐릭터 큐빅 비즈 지니맘 KC인증,지니맘 큐빅십자수  DIY: 1번 유니콘  (액자별매)
3089985544,SELLBLOG,NORMAL,"딸아이가 너무 좋아합니다~
하나씩 열심히 완성중입니다^^",2021-01-13T06:20:22.124+0000,STOREFARM,5,어린이 보석십자수 DIY 캐릭터 큐빅 비즈 지니맘 KC인증,지니맘 큐빅십자수  DIY: 1번 유니콘  (액자별매)
3106347034,SELLBLOG,AFTER_USE,좀 아이가 맞추기는 어려웠지만 예쁘네요,2021-02-03T22:32:51.013+0000,STOREFARM,5,어린이 보석십자수 DIY 캐릭터 큐빅 비즈 지니맘 KC인증,지니맘 큐빅십자수  DIY: 29번 작은 유니콘(액자별매)
3087687742,SELLBLOG,AFTER_USE,너무 좋아요 애들도 좋아해요 강추입니다,2021-01-10T06:47:31.830+0000,STOREFARM,5,어린이 보석십자수  교회 큐빅 비즈 지니맘 KC인증,지니맘 큐빅십자수  DIY: 3번 분홍사슴 (액자별매)
3108747480,SELLBLOG,NORMAL,아이들이 너무좋아해요,2021-02-07T02:02:28.613+0000,STOREFARM,5,어린이 보석십자수 DIY 캐릭터 큐빅 비즈 지니맘 KC인증,지니맘 큐빅십자수  DIY: 1번 유니콘  (액자별매)
3108746486,SELLBLOG,NORMAL,아이들이 너무좋아해요,2021-02-07T02:01:01.911+0000,STOREFARM,5,어린이 보석십자수 DIY 캐릭터 큐빅 비즈 지니맘 KC인증,지니맘 큐빅십자수  DIY: 6번 소녀2 (액자별매)
3104322133,SELLBLOG,NORMAL,이뻐요. 그냥 보석 십자수보다 이쁘네요. 굿~~,2021-02-01T03:41:56.251+0000,STOREFARM,5,어린이 보석십자수 DIY 캐릭터 큐빅 비즈 지니맘 KC인증,지니맘 큐빅십자수  DIY: 16번 여우 (액자별매)
3102913152,SELLBLOG,NORMAL,아이가 도안 골랐어요 집콕 생활에 놀기좋네요,2021-01-30T00:42:03.174+0000,STOREFARM,5,어린이 보석십자수 DIY 캐릭터 큐빅 비즈 지니맘 KC인증,지니맘 큐빅십자수  DIY: 5번  소녀1 (액자별매)
3088637986,SELLBLOG,NORMAL,아이들이 좋아해요 액자완성,2021-01-11T12:38:17.708+0000,STOREFARM,5,어린이 보석십자수 DIY 캐릭터 큐빅 비즈 지니맘 KC인증,지니맘 큐빅십자수  DIY: 9번 겨울사슴 (액자별매)
3108747733,SELLBLOG,NORMAL,아이들이 너무 돟아해요,2021-02-07T02:02:49.312+0000,STOREFARM,5,어린이 보석십자수 DIY 캐릭터 큐빅 비즈 지니맘 KC인증,지니맘 큐빅십자수  DIY: 14번 부엉이 (액자별매)
3108413966,SELLBLOG,NORMAL,집에서 하기 좋은 취미에요,2021-02-06T10:54:57.887+0000,STOREFARM,5,어린이 보석십자수 DIY 캐릭터 큐빅 비즈 지니맘 KC인증,지니맘 큐빅십자수  DIY: 29번 클로버 고양이(액자별매)
3105956735,SELLBLOG,NORMAL,아이랑같이하니시간도빨리가고좋네요,2021-02-03T09:10:48.210+0000,STOREFARM,5,어린이 보석십자수 DIY 캐릭터 큐빅 비즈 지니맘 KC인증,지니맘 큐빅십자수  DIY: 13번 별유니콘 (액자별매)
3085555661,SELLBLOG,NORMAL,아이가 넘좋아하네요~ 예쁘기도하고 시간때우기짱이네요,2021-01-07T12:38:20.682+0000,STOREFARM,5,어린이 보석십자수 DIY 캐릭터 큐빅 비즈 지니맘 KC인증,지니맘 큐빅십자수  DIY: 23번 돌고래 하트(액자별매)
3103082577,SELLBLOG,NORMAL,정말 빠른 배송! 아이들이 너무 좋아합니다.,2021-01-30T04:30:44.364+0000,STOREFARM,5,어린이 보석십자수 DIY 캐릭터 큐빅 비즈 지니맘 KC인증,지니맘 큐빅십자수  DIY: 9번 겨울사슴 (액자별매)
3105055752,SELLBLOG,NORMAL,"아이들이 너무 좋아합니다.
쉽고 빠르게 잘 만드네요",2021-02-02T06:55:34.206+0000,STOREFARM,5,어린이 보석십자수 DIY 캐릭터 큐빅 비즈 지니맘 KC인증,
3109169688,SELLBLOG,NORMAL,"아이가 좋아해요, 재밌다고 해요",2021-02-07T13:53:29.083+0000,STOREFARM,5,어린이 보석십자수 DIY 캐릭터 큐빅 비즈 지니맘 KC인증,지니맘 큐빅십자수  DIY: 27번 왕관 고양이(액자별매)
3080544728,SELLBLOG,NORMAL,아이들이 너무 좋아해요! 비즈도 넉넉하고 판매자분도 엄청 친절하시네요 다 완성하면 재구매하고 싶습니다,2020-12-31T18:07:48.775+0000,STOREFARM,5,어린이 보석십자수 DIY 캐릭터 큐빅 비즈 지니맘 KC인증,지니맘 큐빅십자수  DIY: 29번 작은 유니콘(액자별매)
3107777587,SELLBLOG,NORMAL,우리 딸아이가 무척 좋아해요,2021-02-05T13:05:21.196+0000,STOREFARM,5,어린이 보석십자수 DIY 캐릭터 큐빅 비즈 지니맘 KC인증,지니맘 큐빅십자수  DIY: 17번 아기 유니콘 (액자별매)
3108452196,SELLBLOG,NORMAL,액자가 튼튼하고 좋아요,2021-02-06T11:45:53.185+0000,STOREFARM,5,어린이 보석십자수 DIY 캐릭터 큐빅 비즈 지니맘 KC인증,지니맘 큐빅십자수  DIY: 28번 하트 고양이(액자별매)
3085554787,SELLBLOG,NORMAL,아이들이 너무좋아하네요~ 집콕놀이로 짱이예요,2021-01-07T12:37:25.479+0000,STOREFARM,5,어린이 보석십자수 DIY 캐릭터 큐빅 비즈 지니맘 KC인증,지니맘 큐빅십자수  DIY: 14번 부엉이 (액자별매)
3085200268,SELLBLOG,NORMAL,배송 빠르네요~~ 꼼꼼한 포장과 이쁜 도안 액자도 맘에 들어요~,2021-01-07T06:05:27.392+0000,STOREFARM,5,어린이 보석십자수 DIY 캐릭터 큐빅 비즈 지니맘 KC인증,지니맘 큐빅십자수  DIY: 1번 유니콘  (액자별매)
3088257493,SELLBLOG,NORMAL,"배송도 엄청 빨리왔고 각각의 지퍼백에 담겨있는것도 맘에 들어요, .",2021-01-11T04:00:40.655+0000,STOREFARM,5,어린이 보석십자수 DIY 캐릭터 큐빅 비즈 지니맘 KC인증,지니맘 큐빅십자수  DIY: 1번 유니콘  (액자별매)
3085493606,SELLBLOG,NORMAL,포장도 잘되어있어요  9세아이가 하루만에 할정도로 쉽고 재미있는 보석십자수네요,2021-01-07T11:34:27.836+0000,STOREFARM,5,어린이 보석십자수 DIY 캐릭터 큐빅 비즈 지니맘 KC인증,지니맘 큐빅십자수  DIY: 25번 뿔 돌고래(액자별매)
3108981799,SELLBLOG,NORMAL,조카가 넘 조아해요,2021-02-07T08:16:55.983+0000,STOREFARM,5,어린이 보석십자수 DIY 캐릭터 큐빅 비즈 지니맘 KC인증,지니맘 큐빅십자수  DIY: 24번 돌고래 하트(액자별매)
3085387178,SELLBLOG,NORMAL,"방학동안 힘들어하는 7살 딸을 위해 샀어요
열심히 해볼께요^^",2021-01-07T09:36:21.717+0000,STOREFARM,5,어린이 보석십자수 DIY 캐릭터 큐빅 비즈 지니맘 KC인증,지니맘 큐빅십자수  DIY: 13번 별유니콘 (액자별매)
3085786570,SELLBLOG,AFTER_USE,구매할때 품절상품 많아 원하는대로 다 못골랐지만..집콕하기에 좋은 아이템이에요^^,2021-01-08T00:24:25.794+0000,STOREFARM,5,어린이 보석십자수 DIY 캐릭터 큐빅 비즈 지니맘 kc인증,지니맘 큐빅십자수  DIY: 1번 유니콘  (액자별매)
3101210256,SELLBLOG,NORMAL,"아이들이 너무 좋아해요
티비 핸드폰보는 시간이 줄어서 좋아요",2021-01-27T13:22:06.038+0000,STOREFARM,4,어린이 보석십자수 DIY 캐릭터 큐빅 비즈 지니맘 KC인증,지니맘 큐빅십자수  DIY: 31번 빨간리본(액자별매)
3097531564,SELLBLOG,NORMAL,"아이가 재미있게 하네요 
크기도 크고 만족 스러워요 하나 배송 빠져 있었는데 바로 환불도 햐주셨어요",2021-01-22T09:37:05.740+0000,STOREFARM,5,어린이 보석십자수 DIY 캐릭터 큐빅 비즈 지니맘 KC인증,지니맘 큐빅십자수  DIY: 16번 여우 (액자별매)
3080898671,SELLBLOG,NORMAL,"쉽고 재밌어요.
아이들도 좋아하고 즐거워합니다.",2021-01-01T08:30:08.977+0000,STOREFARM,5,어린이 보석십자수 DIY 캐릭터 큐빅 비즈 지니맘 KC인증,지니맘 큐빅십자수  DIY: 30번 강아지1(액자별매)
3087948516,SELLBLOG,NORMAL,여러개구입했어요~ 시간보내기좋아요,2021-01-10T13:56:58.031+0000,STOREFARM,5,어린이 보석십자수 DIY 캐릭터 큐빅 비즈 지니맘 KC인증,지니맘 큐빅십자수  DIY: 31번 빨간리본(액자별매)
3085395419,SELLBLOG,NORMAL,아직 완성전인데.. 기존 와성 작품이 있기에 기대됩니다. ^^,2021-01-07T09:46:31.540+0000,STOREFARM,5,어린이 보석십자수 DIY 캐릭터 큐빅 비즈 지니맘 KC인증,지니맘 큐빅십자수  DIY: 9번 겨울사슴 (액자별매)
3091927003,SELLBLOG,NORMAL,배봉도 빠르고 애들이 좋아해요.,2021-01-15T07:50:28.268+0000,STOREFARM,5,어린이 보석십자수 DIY 캐릭터 큐빅 비즈 지니맘 KC인증,지니맘 큐빅십자수  DIY: 26번 뿔 돌고래(액자별매)
3108451576,SELLBLOG,NORMAL,아이가 정말 좋아해요,2021-02-06T11:45:05.269+0000,STOREFARM,5,어린이 보석십자수 DIY 캐릭터 큐빅 비즈 지니맘 KC인증,지니맘 큐빅십자수  DIY: 3번 분홍사슴 (액자별매)
3086796985,SELLBLOG,NORMAL,보석들이 고급스럽네요. 완성해놓으니 더 이뻐요!!^^,2021-01-09T03:48:25.025+0000,STOREFARM,5,어린이 보석십자수 DIY 캐릭터 큐빅 비즈 지니맘 KC인증,지니맘 큐빅십자수  DIY: 28번 클로버 고양이(액자별매)
3107421982,SELLBLOG,NORMAL,7세남아이두쉽게살수있어요,2021-02-05T05:10:16.472+0000,STOREFARM,5,어린이 보석십자수 DIY 캐릭터 큐빅 비즈 지니맘 KC인증,지니맘 큐빅십자수  DIY: 24번 돌고래 하트(액자별매)
3095286258,SELLBLOG,NORMAL,"아이가 아직 완성은 못했는데 완성하면 분위기 있고 이쁠거 같아요.
옆에 보고 있다가 재밌어 보여 저도 같이 조금 했어요 ^^",2021-01-19T14:43:39.823+0000,STOREFARM,5,어린이 보석십자수 DIY 캐릭터 큐빅 비즈 지니맘 KC인증,지니맘 큐빅십자수  DIY: 9번 겨울사슴 (액자별매)
3088451272,SELLBLOG,NORMAL,"너무예쁘네요~
굳이 액자필요없네요",2021-01-11T08:00:33.891+0000,STOREFARM,5,어린이 보석십자수 DIY 캐릭터 큐빅 비즈 지니맘 KC인증,지니맘 큐빅십자수  DIY: 9번 겨울사슴 (액자별매)
3097743647,SELLBLOG,NORMAL,좋아요 애들이 재미있어 하네요 시간도 금방가고 이거하다보니 겜하는 시간도 줄어들고 좋네요,2021-01-22T14:44:31.058+0000,STOREFARM,5,어린이 보석십자수 DIY 캐릭터 큐빅 비즈 지니맘 KC인증,지니맘 큐빅십자수  DIY: 8번 꽃사슴 (액자별매)
3089157071,SELLBLOG,NORMAL,"잘 놀게요
아이랑 함께",2021-01-12T07:15:26.326+0000,STOREFARM,5,어린이 보석십자수 DIY 캐릭터 큐빅 비즈 지니맘 KC인증,지니맘 큐빅십자수  DIY: 14번 부엉이 (액자별매)
3088510879,SELLBLOG,NORMAL,"큐빅이 반짝거려 넘 예쁩니다
양도 넉넉히 들었구요",2021-01-11T09:31:04.322+0000,STOREFARM,5,어린이 보석십자수 DIY 캐릭터 큐빅 비즈 지니맘 KC인증,지니맘 큐빅십자수  DIY: 4번 홍학 (액자별매)
3092574731,SELLBLOG,NORMAL,배송빠르고좋습니다굿,2021-01-16T04:44:52.159+0000,STOREFARM,5,어린이 보석십자수 DIY 캐릭터 큐빅 비즈 지니맘 KC인증,지니맘 큐빅십자수  DIY: 25번 강아지(액자별매)
3098982768,SELLBLOG,NORMAL,초2딸 넘 재있어 해서 더 시켜줄까 고민중여~~  다 해놓고나니 넘넘 예쁩니당ㅋㅋ,2021-01-24T12:56:03.128+0000,STOREFARM,5,어린이 보석십자수 DIY 캐릭터 큐빅 비즈 지니맘 KC인증,지니맘 큐빅십자수  DIY: 23번 돌고래 하트(액자별매)
3098982494,SELLBLOG,NORMAL,초2딸 넘 재있어 해서 더 시켜줄까 고민중여~~  다 해놓고나니 넘넘 예쁩니당ㅋㅋ,2021-01-24T12:55:38.239+0000,STOREFARM,5,어린이 보석십자수 DIY 캐릭터 큐빅 비즈 지니맘 KC인증,지니맘 큐빅십자수  DIY: 27번 하트 고양이(액자별매)
3098982318,SELLBLOG,NORMAL,초2딸 넘 재있어 해서 더 시켜줄까 고민중여~~  다 해놓고나니 넘넘 예쁩니당ㅋㅋ,2021-01-24T12:55:22.413+0000,STOREFARM,5,어린이 보석십자수 DIY 캐릭터 큐빅 비즈 지니맘 KC인증,지니맘 큐빅십자수  DIY: 25번 뿔 돌고래(액자별매)
3099969982,SELLBLOG,AFTER_USE,완전 시간가는줄모르고 하게되네요. 큐빅도 좋고 다 좋아요,2021-01-26T04:52:23.523+0000,STOREFARM,5,어린이 보석십자수 DIY 캐릭터 큐빅 비즈 지니맘 kc인증,지니맘 큐빅십자수  DIY: 1번 유니콘  (액자별매)
3081788362,SELLBLOG,NORMAL,"비즈가 색깔별로 작은  지퍼백에 담겨있어서
중간에 그만하더라도 정리가 참 편하네요
5세도 잘해낸답니다
아이들 집콕 놀이 추천이요~",2021-01-02T13:38:29.144+0000,STOREFARM,5,어린이 보석십자수 DIY 캐릭터 큐빅 비즈 지니맘 KC인증,지니맘 큐빅십자수  DIY: 30번 강아지1(액자별매)
3124575909,SELLBLOG,AFTER_USE,좋아오.......,2021-03-04T00:09:33.598+0000,STOREFARM,5,어린이 보석십자수 DIY 캐릭터 큐빅 비즈 지니맘 KC인증,지니맘 큐빅십자수  DIY: 30번 강아지1(액자별매)
3081581160,SELLBLOG,NORMAL,"코로나로 집에 있는 아이들 시간때우기 좋네요
보석도 이쁘고 넉넉해요
또 주문하려고요",2021-01-02T08:17:55.376+0000,STOREFARM,5,어린이 보석십자수 DIY 캐릭터 큐빅 비즈 지니맘 KC인증,지니맘 큐빅십자수  DIY: 13번 별유니콘 (액자별매)
3081580619,SELLBLOG,NORMAL,"코로나로 집에 있는 아이들 시간때우기 좋네요
보석도 이쁘고 넉넉해요
또 주문하려고요",2021-01-02T08:17:11.683+0000,STOREFARM,5,어린이 보석십자수 DIY 캐릭터 큐빅 비즈 지니맘 KC인증,지니맘 큐빅십자수  DIY: 14번 부엉이 (액자별매)
3081580218,SELLBLOG,NORMAL,"코로나로 집에 있는 아이들 시간때우기 좋네요
보석도 이쁘고 넉넉해요
또 주문하려고요",2021-01-02T08:16:39.212+0000,STOREFARM,5,어린이 보석십자수 DIY 캐릭터 큐빅 비즈 지니맘 KC인증,지니맘 큐빅십자수  DIY: 11번 클로버 (액자별매)
3081576162,SELLBLOG,NORMAL,"코로나로 집에 있는 아이들 시간때우기 좋네요
보석도 이쁘고 넉넉해요
또 주문하려고요",2021-01-02T08:11:11.852+0000,STOREFARM,5,어린이 보석십자수 DIY 캐릭터 큐빅 비즈 지니맘 KC인증,지니맘 큐빅십자수  DIY: 24번 강아지(액자별매)
3083582107,SELLBLOG,NORMAL,5살짜리가너무하고싶다고해서 구매했어요~~잘할줄은 모르겠어요,2021-01-05T09:29:33.024+0000,STOREFARM,4,어린이 보석십자수 DIY 캐릭터 큐빅 비즈 지니맘 KC인증,지니맘 큐빅십자수  DIY: 12번 돌고래 (액자별매)
3104731764,SELLBLOG,AFTER_USE,귀여운 캐릭터를 아이들이 정말 좋아해요,2021-02-01T15:32:09.887+0000,STOREFARM,5,어린이 보석십자수 DIY 캐릭터 큐빅 비즈 지니맘 KC인증,지니맘 큐빅십자수  DIY: 26번 왕관 고양이(액자별매)
3104731452,SELLBLOG,AFTER_USE,만들기도 쉽고 예뻐서 아이들이 좋아해요,2021-02-01T15:31:14.969+0000,STOREFARM,5,어린이 보석십자수 DIY 캐릭터 큐빅 비즈 지니맘 KC인증,지니맘 큐빅십자수  DIY: 21번 하트십자가 (액자별매)
3083499381,SELLBLOG,NORMAL,"큐빅크기도 다양하고 반짝이며 너무 예뻐요
완성작이 엄청 기대됩니다
많이 사서 사은품하나쯤 기대했는데 아무것도 안들어있어서 쬐끔 실망했어요ㅡㅡㅋ",2021-01-05T07:57:33.906+0000,STOREFARM,5,어린이 보석십자수 DIY 캐릭터 큐빅 비즈 지니맘 KC인증,지니맘 큐빅십자수  DIY: 1번 유니콘  (액자별매)
3078452502,SELLBLOG,NORMAL,"부엉이도 아들이 가져가서 했어요.
색감 예뻐요.
두가지 끝내더니 더 주문해 달라고 하더라고요.
이미지가 좀 더 다양했으면 좋겠어요.",2020-12-29T06:44:14.888+0000,STOREFARM,5,어린이 보석십자수 DIY 캐릭터 큐빅 비즈 지니맘 KC인증,지니맘 큐빅십자수  DIY: 14번 부엉이 (액자별매)
3107216448,SELLBLOG,NORMAL,배송 제품 다만족합니다,2021-02-05T01:07:09.828+0000,STOREFARM,5,어린이 보석십자수 DIY 캐릭터 큐빅 비즈 지니맘 KC인증,지니맘 큐빅십자수  DIY: 27번 왕관 고양이(액자별매)
3078447633,SELLBLOG,NORMAL,"뿔 돌고래는 색감이 거의 비슷하고 큐빅 크기만 달라서 약간 질리는 감이 있나보더라고요.
색감이 좀 더 다양했더라면 좋았을 거 같아요.",2020-12-29T06:38:46.921+0000,STOREFARM,5,어린이 보석십자수 DIY 캐릭터 큐빅 비즈 지니맘 KC인증,지니맘 큐빅십자수  DIY: 25번 뿔 돌고래(액자별매)
3105287720,SELLBLOG,NORMAL,아이가 고른 도안이예요 좋아하네요,2021-02-02T11:42:34.042+0000,STOREFARM,5,어린이 보석십자수 DIY 캐릭터 큐빅 비즈 지니맘 KC인증,지니맘 큐빅십자수  DIY: 21번 하트십자가 (액자별매)
3079634128,SELLBLOG,NORMAL,예쁘네요. 큐빅이 좀더 빼곡하게 딱딱맞으면 더 좋겠지만 지금도 이쁘긴해요. 자꾸 사고싶어요. 벌써 반이나 했어요,2020-12-30T12:05:32.187+0000,STOREFARM,5,어린이 보석십자수 DIY 캐릭터 큐빅 비즈 지니맘 KC인증,지니맘 큐빅십자수  DIY: 3번 분홍사슴 (액자별매)
3085530953,SELLBLOG,NORMAL,"배송도 빠르고
애들 시켜보려고 작은사이즈로 시켜봤는데
아주 딱인거같아요",2021-01-07T12:13:10.707+0000,STOREFARM,5,어린이 보석십자수 DIY 캐릭터 큐빅 비즈 지니맘 KC인증,지니맘 큐빅십자수  DIY: 8번 꽃사슴 (액자별매)
3107783197,SELLBLOG,NORMAL,빠른배송으로좋았습니다^^,2021-02-05T13:13:12.519+0000,STOREFARM,5,어린이 보석십자수 DIY 캐릭터 큐빅 비즈 지니맘 KC인증,지니맘 큐빅십자수  DIY: 19번 아이스크림 (액자별매)
3092574149,SELLBLOG,NORMAL,배송도빠르고상품도좋아요,2021-01-16T04:44:11.371+0000,STOREFARM,5,어린이 보석십자수 DIY 캐릭터 큐빅 비즈 지니맘 KC인증,지니맘 큐빅십자수  DIY: 17번 아기 유니콘 (액자별매)
3085388596,SELLBLOG,NORMAL,"딸아이 친구들 선물주려고 구매했어요
예쁘네요",2021-01-07T09:38:10.835+0000,STOREFARM,5,어린이 보석십자수 DIY 캐릭터 큐빅 비즈 지니맘 KC인증,지니맘 큐빅십자수  DIY: 2번 보라유니콘 (액자별매)
3083410014,SELLBLOG,NORMAL,너무 귀여워서 재주문했는데 이번에도 넘 만족이용~~ 확실히 액자까지 하니까 더 이쁜 것 같아요 ㅎㅎ,2021-01-05T06:12:06.241+0000,STOREFARM,5,어린이 보석십자수 DIY 캐릭터 큐빅 비즈 지니맘 KC인증,지니맘 큐빅십자수  DIY: 26번 왕관 고양이(액자별매)
3091927619,SELLBLOG,NORMAL,배송도 빠르고 애들도 좋아해요,2021-01-15T07:51:06.557+0000,STOREFARM,5,어린이 보석십자수 DIY 캐릭터 큐빅 비즈 지니맘 KC인증,지니맘 큐빅십자수  DIY: 27번 왕관 고양이(액자별매)
3082990793,SELLBLOG,NORMAL,"보석도 넉넉하고, 크기별로 다양하고, 액자도 튼튼하네요.",2021-01-04T12:34:21.886+0000,STOREFARM,5,어린이 보석십자수 DIY 캐릭터 큐빅 비즈 지니맘 KC인증,지니맘 큐빅십자수  DIY: 1번 유니콘  (액자별매)
3106026365,SELLBLOG,AFTER_USE,방학동안많이해서 굿이에여,2021-02-03T10:36:52.216+0000,STOREFARM,4,어린이 보석십자수 DIY 캐릭터 큐빅 비즈 지니맘 KC인증,지니맘 큐빅십자수  DIY: 6번 소녀2 (액자별매)
3101208134,SELLBLOG,NORMAL,"두번째 구매에요
애들이 진짜 좋아해요",2021-01-27T13:19:45.085+0000,STOREFARM,5,어린이 보석십자수 DIY 캐릭터 큐빅 비즈 지니맘 KC인증,지니맘 큐빅십자수  DIY: 10번 안경토끼 (액자별매)
3107631347,SELLBLOG,NORMAL,완성작도 너무 이쁘네요^^,2021-02-05T09:48:57.909+0000,STOREFARM,5,어린이 보석십자수 DIY 캐릭터 큐빅 비즈 지니맘 KC인증,지니맘 큐빅십자수  DIY: 25번 강아지(액자별매)
3069008415,SELLBLOG,NORMAL,"걱정했던 액자깨짐도 없고 깔끔한 포장도 좋구요,아이들이 직접 선택한 도안이라 만족할것같아요.",2020-12-17T01:42:39.768+0000,STOREFARM,5,어린이 보석십자수 DIY 캐릭터 큐빅 비즈 지니맘 KC인증,지니맘 큐빅십자수  DIY: 1번 유니콘  (액자별매)
3095281619,SELLBLOG,NORMAL,친구의 추천으로 동생들꺼 까지 구매했는데 오랜만에 서로 집중하며 잘해줬어요^^ 제가 해도 재밌네요~~,2021-01-19T14:37:09.160+0000,STOREFARM,5,어린이 보석십자수 DIY 캐릭터 큐빅 비즈 지니맘 KC인증,지니맘 큐빅십자수  DIY: 10번 안경토끼 (액자별매)
3102376360,SELLBLOG,NORMAL,애들이 엄청 좋아해요 저렴하니 좋네요~,2021-01-29T04:55:56.578+0000,STOREFARM,5,어린이 보석십자수 DIY 캐릭터 큐빅 비즈 지니맘 KC인증,지니맘 큐빅십자수  DIY: 6번 소녀2 (액자별매)
3087284976,SELLBLOG,AFTER_USE,아이들과 활동하는데 정말 집중하기 좋은 소재입니다.,2021-01-09T13:55:38.862+0000,STOREFARM,5,어린이 보석십자수 DIY 캐릭터 큐빅 비즈 지니맘,지니맘 큐빅십자수  DIY: 9번 겨울사슴 (액자별매)
3106450575,SELLBLOG,NORMAL,아이들이 참 좋아하내요,2021-02-04T01:58:53.983+0000,STOREFARM,5,어린이 보석십자수 DIY 캐릭터 큐빅 비즈 지니맘 KC인증,지니맘 큐빅십자수  DIY: 8번 꽃사슴 (액자별매)
3075001632,SELLBLOG,NORMAL,저번에 아이들이 좋아해서 재구매했어요 작품의 완성도도 좋고 큐빅의 사이즈 색상 다 맘에 들어요~액자까지 함께 구매하여 장식해두니 더 이쁘네요 아주만족합니다,2020-12-24T06:20:29.248+0000,STOREFARM,5,어린이 보석십자수 DIY 캐릭터 큐빅 비즈 지니맘 KC인증,지니맘 큐빅십자수  DIY: 3번 분홍사슴 (액자별매)
3106025812,SELLBLOG,AFTER_USE,아이가방학때완전좋아여,2021-02-03T10:36:16.906+0000,STOREFARM,4,어린이 보석십자수 DIY 캐릭터 큐빅 비즈 지니맘 KC인증,지니맘 큐빅십자수  DIY: 6번 소녀2 (액자별매)
3106451370,SELLBLOG,NORMAL,아이들이 참 좋아합니다,2021-02-04T01:59:50.627+0000,STOREFARM,5,어린이 보석십자수 DIY 캐릭터 큐빅 비즈 지니맘 KC인증,지니맘 큐빅십자수  DIY: 14번 부엉이 (액자별매)
3106451246,SELLBLOG,NORMAL,아이들이 참 좋아합니다,2021-02-04T01:59:41.768+0000,STOREFARM,5,어린이 보석십자수 DIY 캐릭터 큐빅 비즈 지니맘 KC인증,지니맘 큐빅십자수  DIY: 1번 유니콘  (액자별매)
3106451123,SELLBLOG,NORMAL,아이들이 참 좋아합니다,2021-02-04T01:59:33.949+0000,STOREFARM,5,어린이 보석십자수 DIY 캐릭터 큐빅 비즈 지니맘 KC인증,지니맘 큐빅십자수  DIY: 25번 강아지(액자별매)
3106450976,SELLBLOG,NORMAL,아이들이 참 좋아합니다,2021-02-04T01:59:22.814+0000,STOREFARM,5,어린이 보석십자수 DIY 캐릭터 큐빅 비즈 지니맘 KC인증,지니맘 큐빅십자수  DIY: 17번 아기 유니콘 (액자별매)
3075662608,SELLBLOG,NORMAL,아이가 아주 좋아합니다,2020-12-25T04:38:25.035+0000,STOREFARM,5,어린이 보석십자수 DIY 캐릭터 큐빅 비즈 지니맘 KC인증,지니맘 큐빅십자수  DIY: 6번 소녀2 (액자별매)
3080298750,SELLBLOG,NORMAL,액자도 그렇고 다른곳이랑 같은 듯 달라요 완성해서 벽에 걸어주려는데 예쁠듯해요,2020-12-31T09:47:16.374+0000,STOREFARM,5,어린이 보석십자수 DIY 캐릭터 큐빅 비즈 지니맘 KC인증,지니맘 큐빅십자수  DIY: 15번 핑크 유니콘 (액자별매)
3090957693,SELLBLOG,NORMAL,아이들이 너무 좋아해요,2021-01-14T07:05:24.797+0000,STOREFARM,5,어린이 보석십자수 DIY 캐릭터 큐빅 비즈 지니맘 KC인증,지니맘 큐빅십자수  DIY: 1번 유니콘  (액자별매)
3086784673,SELLBLOG,NORMAL,"둘째 종업선물로 선생님께 드린다고 
클로버 주문했어요^^",2021-01-09T03:33:54.074+0000,STOREFARM,5,어린이 보석십자수 DIY 캐릭터 큐빅 비즈 지니맘 KC인증,지니맘 큐빅십자수  DIY: 11번 클로버 (액자별매)
3086048808,SELLBLOG,NORMAL,"선물용으로 구매했어요
좋아할듯해요",2021-01-08T05:29:24.063+0000,STOREFARM,4,어린이 보석십자수 DIY 캐릭터 큐빅 비즈 지니맘 KC인증,지니맘 큐빅십자수  DIY: 1번 유니콘  (액자별매)
3086048184,SELLBLOG,NORMAL,"선물용으로 구매했어요
좋아할듯해요",2021-01-08T05:28:47.891+0000,STOREFARM,5,어린이 보석십자수 DIY 캐릭터 큐빅 비즈 지니맘 KC인증,지니맘 큐빅십자수  DIY: 14번 부엉이 (액자별매)
3106461489,SELLBLOG,NORMAL,아이들이 넘 좋아해요,2021-02-04T02:12:33.397+0000,STOREFARM,5,어린이 보석십자수 DIY 캐릭터 큐빅 비즈 지니맘 KC인증,지니맘 큐빅십자수  DIY: 22번 교회 (액자별매)
3092232882,SELLBLOG,NORMAL,좋아요.   정 말좋아요,2021-01-15T14:10:51.457+0000,STOREFARM,5,어린이 보석십자수 DIY 캐릭터 큐빅 비즈 지니맘 KC인증,지니맘 큐빅십자수  DIY: 27번 왕관 고양이(액자별매)
3083322873,SELLBLOG,NORMAL,"아이가 많이 좋아해요
다하고 더 구입하려구요",2021-01-05T04:22:43.317+0000,STOREFARM,5,어린이 보석십자수 DIY 캐릭터 큐빅 비즈 지니맘 KC인증,지니맘 큐빅십자수  DIY: 3번 분홍사슴 (액자별매)
3091637586,SELLBLOG,AFTER_USE,재미있게 잘 했어요,2021-01-15T02:51:57.711+0000,STOREFARM,5,어린이 보석십자수 DIY 캐릭터 큐빅 비즈 지니맘 KC인증,지니맘 큐빅십자수  DIY: 4번 홍학 (액자별매)
3107422445,SELLBLOG,NORMAL,"아이들이넘좋아해여ㆍ
더사야겠어여",2021-02-05T05:10:53.608+0000,STOREFARM,5,어린이 보석십자수 DIY 캐릭터 큐빅 비즈 지니맘 KC인증,지니맘 큐빅십자수  DIY: 14번 부엉이 (액자별매)
3077403049,SELLBLOG,NORMAL,"아이가 학교에서 받아왔더라고요. 그런데 너~~~무 재밌다고 해서 
별도 구매 했어요.
액자로 만들어 선생님께 선물도 했어요~
아주 좋아요~",2020-12-27T13:56:47.827+0000,STOREFARM,5,어린이 보석십자수 DIY 캐릭터 큐빅 비즈 지니맘 KC인증,지니맘 큐빅십자수  DIY: 9번 겨울사슴 (액자별매)
3063287445,SELLBLOG,NORMAL,기다리던 큐빅비즈가 도착했네요. 택배아저씨 기다리다 소리나니 쏜살같이 나가서 택배받아왔네요. 포장 뜯어 바로 엎드려 시작입니다ㅋㅋ 아이들이 너무 좋아해요~ 아이들이 집중하니 시끌시끌하던 집안이 고요하니 좋으네요~ 덕분에 저도 커피한잔 해요ㅎㅎㅎ많이 파세요~,2020-12-09T05:22:31.408+0000,STOREFARM,5,어린이 보석십자수 DIY 캐릭터 큐빅 비즈 지니맘 KC인증,지니맘 큐빅십자수  DIY: 23번 돌고래 하트(액자별매)
3091281856,SELLBLOG,NORMAL,잘받았습니다.수고하세요.,2021-01-14T12:47:47.539+0000,STOREFARM,5,어린이 보석십자수 DIY 캐릭터 큐빅 비즈 지니맘 KC인증,지니맘 큐빅십자수  DIY: 17번 아기 유니콘 (액자별매)
3089951771,SELLBLOG,NORMAL,완성하니 작품같고 예뻐용,2021-01-13T05:41:22.022+0000,STOREFARM,5,어린이 보석십자수 DIY 캐릭터 큐빅 비즈 지니맘 KC인증,지니맘 큐빅십자수  DIY: 8번 꽃사슴 (액자별매)
3078773698,SELLBLOG,NORMAL,"포장만봐도 기분좋음 ㅎ 큐빅이 너무 예뻐요. 색도 이쁘고 촘촘하게 붙어요.
도안도 예쁩니다.",2020-12-29T12:12:44.733+0000,STOREFARM,5,어린이 보석십자수 DIY 캐릭터 큐빅 비즈 지니맘 KC인증,지니맘 큐빅십자수  DIY: 13번 별유니콘 (액자별매)
3083583365,SELLBLOG,NORMAL,아들들이하고싶다고해서구매했는데 끝까지완성하길기대해볼께요,2021-01-05T09:31:00.211+0000,STOREFARM,4,어린이 보석십자수 DIY 캐릭터 큐빅 비즈 지니맘 KC인증,지니맘 큐빅십자수  DIY: 14번 부엉이 (액자별매)
3098724659,SELLBLOG,NORMAL,재밌어요 아이옆에서 저도 해보았네요^^ 보석도 반짝거려서 더예뻐요,2021-01-24T04:54:58.097+0000,STOREFARM,5,어린이 보석십자수 DIY 캐릭터 큐빅 비즈 지니맘 KC인증,지니맘 큐빅십자수  DIY: 8번 꽃사슴 (액자별매)
3098724514,SELLBLOG,NORMAL,재밌어요 아이옆에서 저도 해보았네요^^ 보석도 반짝거려서 더예뻐요,2021-01-24T04:54:42.819+0000,STOREFARM,5,어린이 보석십자수 DIY 캐릭터 큐빅 비즈 지니맘 KC인증,지니맘 큐빅십자수  DIY: 20번 십자가 꽃 (액자별매)
3098724429,SELLBLOG,NORMAL,재밌어요 아이옆에서 저도 해보았네요^^ 보석도 반짝거려서 더예뻐요,2021-01-24T04:54:33.318+0000,STOREFARM,5,어린이 보석십자수 DIY 캐릭터 큐빅 비즈 지니맘 KC인증,지니맘 큐빅십자수  DIY: 9번 겨울사슴 (액자별매)
3098724244,SELLBLOG,NORMAL,재밌어요 아이옆에서 저도 해보았네요^^ 보석도 반짝거려서 더예뻐요,2021-01-24T04:54:15.173+0000,STOREFARM,5,어린이 보석십자수 DIY 캐릭터 큐빅 비즈 지니맘 KC인증,지니맘 큐빅십자수  DIY: 4번 홍학 (액자별매)
3083795632,SELLBLOG,NORMAL,집에만있어서 아이가심심해하니깐 시켰는데 집중력도좋아지고 좋아합니다..,2021-01-05T12:48:13.119+0000,STOREFARM,5,어린이 보석십자수 DIY 캐릭터 큐빅 비즈 지니맘 KC인증,지니맘 큐빅십자수  DIY: 27번 하트 고양이(액자별매)
3106461873,SELLBLOG,NORMAL,아이들이 순식간에 완성!!,2021-02-04T02:13:00.695+0000,STOREFARM,5,어린이 보석십자수 DIY 캐릭터 큐빅 비즈 지니맘 KC인증,지니맘 큐빅십자수  DIY: 3번 분홍사슴 (액자별매)
3105956961,SELLBLOG,NORMAL,잼잇어요 시간빨리가고이뻐요,2021-02-03T09:11:04.582+0000,STOREFARM,5,어린이 보석십자수 DIY 캐릭터 큐빅 비즈 지니맘 KC인증,지니맘 큐빅십자수  DIY: 1번 유니콘  (액자별매)
3076432416,SELLBLOG,NORMAL,"아쥬좋아요  5살은좀 힘드고 6살은 이틀정도 잘합니다 ㅎ ㅎ  한번씩  엉덩이힘기르기에 좋겠구요
오히려하다보니 엄마가 더 재밌어합니다 ㅎ",2020-12-26T07:23:59.431+0000,STOREFARM,4,어린이 보석십자수  교회 큐빅 비즈 지니맘 KC인증,지니맘 큐빅십자수  DIY: 1번 유니콘  (액자별매)
3078248592,SELLBLOG,NORMAL,"아이랑 하려고 구매했어요
완성작이 너무 멋있고 있어보이네요
집콕하눈 시기에 딱 적당한 놀이입니다 :)",2020-12-29T02:09:40.682+0000,STOREFARM,5,어린이 보석십자수 DIY 캐릭터 큐빅 비즈 지니맘 KC인증,지니맘 큐빅십자수  DIY: 26번 왕관 고양이(액자별매)
3078248252,SELLBLOG,NORMAL,"아이랑 하려고 구매했어요
완성작이 너무 멋있고 있어보이네요
집콕하눈 시기에 딱 적당한 놀이입니다 :)",2020-12-29T02:09:11.516+0000,STOREFARM,5,어린이 보석십자수 DIY 캐릭터 큐빅 비즈 지니맘 KC인증,지니맘 큐빅십자수  DIY: 21번 하트십자가 (액자별매)
3078247966,SELLBLOG,NORMAL,"아이랑 하려고 구매했어요
완성작이 너무 멋있고 있어보이네요
집콕하눈 시기에 딱 적당한 놀이입니다 :)",2020-12-29T02:08:48.890+0000,STOREFARM,5,어린이 보석십자수 DIY 캐릭터 큐빅 비즈 지니맘 KC인증,지니맘 큐빅십자수  DIY: 13번 별유니콘 (액자별매)
3078247609,SELLBLOG,NORMAL,"아이랑 하려고 구매했어요
완성작이 너무 멋있고 있어보이네요
집콕하눈 시기에 딱 적당한 놀이입니다 :)",2020-12-29T02:08:20.135+0000,STOREFARM,5,어린이 보석십자수 DIY 캐릭터 큐빅 비즈 지니맘 KC인증,지니맘 큐빅십자수  DIY: 3번 분홍사슴 (액자별매)
3078245660,SELLBLOG,NORMAL,"아이랑 하려고 구매했어요
완성작이 너무 멋있고 있어보이네요
집콕하눈 시기에 딱 적당한 놀이입니다 :)",2020-12-29T02:05:45.868+0000,STOREFARM,5,어린이 보석십자수 DIY 캐릭터 큐빅 비즈 지니맘 KC인증,지니맘 큐빅십자수  DIY: 1번 유니콘  (액자별매)
3102912862,SELLBLOG,NORMAL,집콕중에 아이가 할만한거 찾다가 발견..아이가 너무 좋아하네,2021-01-30T00:41:28.557+0000,STOREFARM,5,어린이 보석십자수 DIY 캐릭터 큐빅 비즈 지니맘 KC인증,지니맘 큐빅십자수  DIY: 31번 빨간리본(액자별매)
3092981995,SELLBLOG,NORMAL,"집에만 있어 심심해 하는데 8살 7살 아이가 하루종일 이것만 하고 있어요. 만들고 나면 엄청 좋아하네요^^
더 주문해 달라해서 더하려고요",2021-01-16T13:14:42.167+0000,STOREFARM,5,어린이 보석십자수 DIY 캐릭터 큐빅 비즈 지니맘 KC인증,지니맘 큐빅십자수  DIY: 13번 별유니콘 (액자별매)
3078646894,SELLBLOG,NORMAL,"택배받자마자 애들이랑 2개완성했어요~
한시간은 거뜬히 하고있네요ㅎ
이뻐요~재주문하러 고고씽~~",2020-12-29T10:15:43.032+0000,STOREFARM,5,어린이 보석십자수 DIY 캐릭터 큐빅 비즈 지니맘 KC인증,지니맘 큐빅십자수  DIY: 17번 아기 유니콘 (액자별매)
3084547091,SELLBLOG,NORMAL,"딸들이 너무 좋아해요
집중력최고",2021-01-06T10:21:34.422+0000,STOREFARM,5,어린이 보석십자수 DIY 캐릭터 큐빅 비즈 지니맘 KC인증,지니맘 큐빅십자수  DIY: 26번 왕관 고양이(액자별매)
3085075647,SELLBLOG,NORMAL,"아이가  좋아하네요
만들어 놓으니 이뻐요",2021-01-07T03:23:33.339+0000,STOREFARM,5,어린이 보석십자수 DIY 캐릭터 큐빅 비즈 지니맘 KC인증,지니맘 큐빅십자수  DIY: 1번 유니콘  (액자별매)
3099971456,SELLBLOG,AFTER_USE,완전 예뻐요 액자까지 구매하길 잘한듯해요,2021-01-26T04:54:19.147+0000,STOREFARM,5,어린이 보석십자수 DIY 캐릭터 큐빅 비즈 지니맘 kc인증,지니맘 큐빅십자수  DIY: 14번 부엉이 (액자별매)
3075329020,SELLBLOG,NORMAL,아이들 집에 있으면서 할거리를 찾다가 발견했는데요 디자인도 넘 예쁘고 집중하면서 만들어나가서 넘 좋네요~^^ 다른걸로 또 구매해서 만들어봐야겠어요,2020-12-24T13:31:01.358+0000,STOREFARM,5,어린이 보석십자수 DIY 캐릭터 큐빅 비즈 지니맘 KC인증,지니맘 큐빅십자수  DIY: 1번 유니콘  (액자별매)
3073667284,SELLBLOG,NORMAL,"타 사이트보다 더 좋아요 가격도 착하고 비니리 지퍼팩이라 좋구요 크리스마스 분위기 나는 이 모양 너무 이뻐요!!
또 구매하고싶을정도 !! 도 다른것도 만들어주세요",2020-12-22T20:31:18.529+0000,STOREFARM,5,어린이 보석십자수 DIY 캐릭터 큐빅 비즈 지니맘 KC인증,지니맘 큐빅십자수  DIY: 24번 강아지(액자별매)
3087663625,SELLBLOG,NORMAL,"예뻐요~~~
반짝반짝 인테리어로 굿이네요^^",2021-01-10T06:09:36.514+0000,STOREFARM,5,어린이 보석십자수 DIY 캐릭터 큐빅 비즈 지니맘 KC인증,지니맘 큐빅십자수  DIY: 1번 유니콘  (액자별매)
3102061020,SELLBLOG,NORMAL,"아이가 친구  생일  선물로  주었더니  그  선물 
받은  아이가  정말   좋아해내요",2021-01-28T15:06:33.119+0000,STOREFARM,5,어린이 보석십자수 DIY 캐릭터 큐빅 비즈 지니맘 KC인증,지니맘 큐빅십자수  DIY: 25번 뿔 돌고래(액자별매)
3081757935,SELLBLOG,NORMAL,"아이들 반응이 너무 좋아요
색상도 러블리하고
 비즈크기도 아이들이 다루기에 좋은것 같아요
집중하면 1~2일 사이면 완성하네요",2021-01-02T12:50:12.581+0000,STOREFARM,5,어린이 보석십자수 DIY 캐릭터 큐빅 비즈 지니맘 KC인증,지니맘 큐빅십자수  DIY: 1번 유니콘  (액자별매)
3081757208,SELLBLOG,NORMAL,"아이들 반응이 너무 좋아요
색상도 러블리하고
 비즈크기도 아이들이 다루기에 좋은것 같아요
집중하면 1~2일 사이면 완성하네요",2021-01-02T12:49:03.437+0000,STOREFARM,5,어린이 보석십자수 DIY 캐릭터 큐빅 비즈 지니맘 KC인증,지니맘 큐빅십자수  DIY: 12번 돌고래 (액자별매)
3082341714,SELLBLOG,NORMAL,너무 예쁘고 아이도 좋아해요. 간혹 불량 큐빅이 조금 있네요.,2021-01-03T11:57:35.046+0000,STOREFARM,4,어린이 보석십자수 DIY 캐릭터 큐빅 비즈 지니맘 KC인증,지니맘 큐빅십자수  DIY: 32번 강아지3(액자별매)
3082341236,SELLBLOG,NORMAL,너무 예쁘고 아이도 좋아해요. 간혹 불량 큐빅이 조금 있네요.,2021-01-03T11:56:49.897+0000,STOREFARM,4,어린이 보석십자수 DIY 캐릭터 큐빅 비즈 지니맘 KC인증,지니맘 큐빅십자수  DIY: 18번 파란사슴 (액자별매)
3085116316,SELLBLOG,NORMAL,코로나때문에 나가지도 못하는데 아이가 너무좋아합니다,2021-01-07T04:18:52.209+0000,STOREFARM,5,어린이 보석십자수 DIY 캐릭터 큐빅 비즈 지니맘 KC인증,지니맘 큐빅십자수  DIY: 30번 강아지1(액자별매)
3081119601,SELLBLOG,NORMAL,"재구매했어요
아이들집중력에 너무좋고
액자에 끼워놓으니 완성도도 좋아요",2021-01-01T14:10:19.069+0000,STOREFARM,5,어린이 보석십자수 DIY 캐릭터 큐빅 비즈 지니맘 KC인증,지니맘 큐빅십자수  DIY: 29번 작은 유니콘(액자별매)
3080535477,SELLBLOG,NORMAL,"깔끔한포장을보면 딱 여기다싶을만큼
마음에 들어요ㅡㅎ
이제 초딩되는 딸이너무좋아해요ㅎ
재구매예정입니다ㅡㅎ",2020-12-31T17:12:39.004+0000,STOREFARM,5,어린이 보석십자수 DIY 캐릭터 큐빅 비즈 지니맘 KC인증,지니맘 큐빅십자수  DIY: 1번 유니콘  (액자별매)
3090171958,SELLBLOG,NORMAL,아이가 즐겁게 잘 했어요~,2021-01-13T09:35:04.590+0000,STOREFARM,5,어린이 보석십자수 DIY 캐릭터 큐빅 비즈 지니맘 KC인증,지니맘 큐빅십자수  DIY: 13번 별유니콘 (액자별매)
3094917630,SELLBLOG,NORMAL,아이들이 참 좋아해요~만들고 나면 뿌듯해하고 무엇보다 완성품을 보면 너무 예쁘네요~,2021-01-19T08:19:31.089+0000,STOREFARM,4,어린이 보석십자수 DIY 캐릭터 큐빅 비즈 지니맘 KC인증,지니맘 큐빅십자수  DIY: 13번 별유니콘 (액자별매)
3081569795,SELLBLOG,NORMAL,6살 아이랑 시간가는줄 모르고 집중해서 했어요. 재밌습니다.,2021-01-02T08:02:27.790+0000,STOREFARM,5,어린이 보석십자수 DIY 캐릭터 큐빅 비즈 지니맘 KC인증,지니맘 큐빅십자수  DIY: 25번 뿔 돌고래(액자별매)
3084163881,SELLBLOG,NORMAL,큐빅 예뻐요~ 여자아이 넘 좋아합니당~,2021-01-06T03:12:54.304+0000,STOREFARM,5,어린이 보석십자수 DIY 캐릭터 큐빅 비즈 지니맘 KC인증,지니맘 큐빅십자수  DIY: 1번 유니콘  (액자별매)
3083587914,SELLBLOG,NORMAL,아이들이랑같이하면서얘기도하고집중하는점이너무좋았어요~,2021-01-05T09:35:47.550+0000,STOREFARM,5,어린이 보석십자수 DIY 캐릭터 큐빅 비즈 지니맘 KC인증,지니맘 큐빅십자수  DIY: 14번 부엉이 (액자별매)
3092091709,SELLBLOG,NORMAL,집콕아이템으로조아오ㅡ,2021-01-15T11:07:20.090+0000,STOREFARM,5,어린이 보석십자수 DIY 캐릭터 큐빅 비즈 지니맘 KC인증,지니맘 큐빅십자수  DIY: 6번 소녀2 (액자별매)
3081369236,SELLBLOG,NORMAL,애들이랑 같이 만들어서 애들도 좋아해요 시간 가는줄 모르고 만들었어요,2021-01-02T03:55:05.486+0000,STOREFARM,4,어린이 보석십자수 DIY 캐릭터 큐빅 비즈 지니맘 KC인증,지니맘 큐빅십자수  DIY: 30번 강아지1(액자별매)
3104489500,SELLBLOG,AFTER_USE,아이가 너무 재미있어해요,2021-02-01T07:58:21.340+0000,STOREFARM,5,어린이 보석십자수 DIY 캐릭터 큐빅 비즈 지니맘 KC인증,지니맘 큐빅십자수  DIY: 1번 유니콘  (액자별매)
3104489343,SELLBLOG,AFTER_USE,아이가 너무 재미있어해요,2021-02-01T07:58:05.418+0000,STOREFARM,5,어린이 보석십자수 DIY 캐릭터 큐빅 비즈 지니맘 KC인증,지니맘 큐빅십자수  DIY: 2번 보라유니콘 (액자별매)
3088842144,SELLBLOG,NORMAL,아이들이 너무 좋아하네요,2021-01-12T00:50:12.917+0000,STOREFARM,5,어린이 보석십자수 DIY 캐릭터 큐빅 비즈 지니맘 KC인증,지니맘 큐빅십자수  DIY: 12번 돌고래 (액자별매)
3105872428,SELLBLOG,NORMAL,배송 잘 받았습니다,2021-02-03T07:27:04.066+0000,STOREFARM,5,어린이 보석십자수 DIY 캐릭터 큐빅 비즈 지니맘 KC인증,지니맘 큐빅십자수  DIY: 2번 보라유니콘 (액자별매)
3105872270,SELLBLOG,NORMAL,배송 잘 받았습니다,2021-02-03T07:26:52.366+0000,STOREFARM,5,어린이 보석십자수 DIY 캐릭터 큐빅 비즈 지니맘 KC인증,지니맘 큐빅십자수  DIY: 13번 별유니콘 (액자별매)
3084281305,SELLBLOG,AFTER_USE,아이랑 같이 만들었어요. 새디자인도 나왔ㅇㄷ면 좋겠어요,2021-01-06T05:42:38.249+0000,STOREFARM,5,어린이 보석십자수 DIY 캐릭터 큐빅 비즈 지니맘 kc인증,지니맘 큐빅십자수  DIY: 8번 꽃사슴 (액자별매)
3094739911,SELLBLOG,NORMAL,"대만족 
이런 제품 처음 해보셔서 많이 흥분하셨어요
너무 재미있으시다고 ...
감사합니다",2021-01-19T05:00:44.079+0000,STOREFARM,5,어린이 보석십자수 DIY 캐릭터 큐빅 비즈 지니맘 KC인증,
3094739734,SELLBLOG,NORMAL,"대만족 
이런 제품 처음 해보셔서 많이 흥분하셨어요
너무 재미있으시다고 ...
감사합니다",2021-01-19T05:00:31.179+0000,STOREFARM,5,어린이 보석십자수 DIY 캐릭터 큐빅 비즈 지니맘 KC인증,
3102910578,SELLBLOG,NORMAL,액자까지 해서 걸어주니까 좋아하네요,2021-01-30T00:36:51.150+0000,STOREFARM,4,어린이 보석십자수 DIY 캐릭터 큐빅 비즈 지니맘 KC인증,지니맘 큐빅십자수  DIY: 6번 소녀2 (액자별매)
3079524456,SELLBLOG,NORMAL,"딸아이 방이 더 예뻐졌어요
큐빅수 아주 넉넉했고 
반짝여서 실제로 보면 더 이쁘네요",2020-12-30T10:14:48.788+0000,STOREFARM,5,어린이 보석십자수 DIY 캐릭터 큐빅 비즈 지니맘 KC인증,지니맘 큐빅십자수  DIY: 4번 홍학 (액자별매)
3083231282,SELLBLOG,NORMAL,조용히 앉아서 하기 좋아요. 집콕놀이 추천해요.,2021-01-05T02:15:44.964+0000,STOREFARM,5,어린이 보석십자수 DIY 캐릭터 큐빅 비즈 지니맘 KC인증,지니맘 큐빅십자수  DIY: 13번 별유니콘 (액자별매)
3087363632,SELLBLOG,NORMAL,배송도 빠르고 아이가 너무 좋아해요,2021-01-09T16:27:44.845+0000,STOREFARM,5,어린이 보석십자수 DIY 캐릭터 큐빅 비즈 지니맘 KC인증,지니맘 큐빅십자수  DIY: 12번 돌고래 (액자별매)
3084994858,SELLBLOG,NORMAL,배송도 빠르고 아이가 재미있게 했어요 강추합니다,2021-01-07T01:44:12.779+0000,STOREFARM,5,어린이 보석십자수 DIY 캐릭터 큐빅 비즈 지니맘 KC인증,지니맘 큐빅십자수  DIY: 25번 뿔 돌고래(액자별매)
3104489198,SELLBLOG,AFTER_USE,아이가 너무 재미있어해요.,2021-02-01T07:57:51.190+0000,STOREFARM,5,어린이 보석십자수 DIY 캐릭터 큐빅 비즈 지니맘 KC인증,지니맘 큐빅십자수  DIY: 12번 돌고래 (액자별매)
3103781059,SELLBLOG,NORMAL,배송이 빠르고 포장도 꼼꼼해요~,2021-01-31T05:58:28.155+0000,STOREFARM,5,어린이 보석십자수 DIY 캐릭터 큐빅 비즈 지니맘 KC인증,지니맘 큐빅십자수  DIY: 16번 여우 (액자별매)
3083613426,SELLBLOG,NORMAL,"초등학생하기 딱 좋아여~^^
또사줄거예요~~",2021-01-05T10:04:53.972+0000,STOREFARM,5,어린이 보석십자수 DIY 캐릭터 큐빅 비즈 지니맘 KC인증,지니맘 큐빅십자수  DIY: 26번 왕관 고양이(액자별매)
3084995675,SELLBLOG,NORMAL,아이가 엄청 즐거워 하면서 만들었어요 강추합니다,2021-01-07T01:45:08.607+0000,STOREFARM,5,어린이 보석십자수 DIY 캐릭터 큐빅 비즈 지니맘 KC인증,지니맘 큐빅십자수  DIY: 1번 유니콘  (액자별매)
3068875208,SELLBLOG,NORMAL,"아이들 크리스마스선물로 주문했어요.
장난감을 안가지고 노는애들이라 좋아할거같아요. 크리스마스날 산타할아버지가주는특별한 선물이 될거에요^^",2020-12-16T17:35:29.724+0000,STOREFARM,5,어린이 보석십자수 DIY 캐릭터 큐빅 비즈 지니맘 KC인증,지니맘 큐빅십자수  DIY: 14번 부엉이 (액자별매)
3103403111,SELLBLOG,AFTER_USE,다른 제품보다 완성작품이 예뻐요.,2021-01-30T12:28:01.897+0000,STOREFARM,5,어린이 보석십자수 DIY 캐릭터 큐빅 비즈 지니맘 kc인증,지니맘 큐빅십자수  DIY: 9번 겨울사슴 (액자별매)
3099118783,SELLBLOG,NORMAL,"아이들이 좋아해요
두번째구매에요",2021-01-24T22:33:28.296+0000,STOREFARM,5,어린이 보석십자수 DIY 캐릭터 큐빅 비즈 지니맘 KC인증,지니맘 큐빅십자수  DIY: 24번 돌고래 하트(액자별매)
3093204092,SELLBLOG,NORMAL,잘받앗습니다~~!!,2021-01-17T01:49:28.471+0000,STOREFARM,5,어린이 보석십자수 DIY 캐릭터 큐빅 비즈 지니맘 KC인증,지니맘 큐빅십자수  DIY: 1번 유니콘  (액자별매)
3075618268,SELLBLOG,NORMAL,아이가 거의 완성하고 액자에 넣는 것만 도와줬어요. 목이 아프다고 하면서도 계속하네요. 완성하고 나더니 다른 것도 주문해달라고 하네요 ㅎ,2020-12-25T03:33:52.478+0000,STOREFARM,4,어린이 보석십자수 DIY 캐릭터 큐빅 비즈 지니맘 KC인증,지니맘 큐빅십자수  DIY: 8번 꽃사슴 (액자별매)
3103781384,SELLBLOG,NORMAL,아이들과 집콕놀이로 최고예요!!,2021-01-31T05:59:03.130+0000,STOREFARM,5,어린이 보석십자수 DIY 캐릭터 큐빅 비즈 지니맘 KC인증,지니맘 큐빅십자수  DIY: 14번 부엉이 (액자별매)
3081120783,SELLBLOG,NORMAL,"가격대비 제품이 너무좋아요
아직 미완성이지만 예쁘죠^^",2021-01-01T14:12:31.820+0000,STOREFARM,5,어린이 보석십자수 DIY 캐릭터 큐빅 비즈 지니맘 KC인증,지니맘 큐빅십자수  DIY: 30번 강아지1(액자별매)
3084546333,SELLBLOG,NORMAL,"8.5살 딸들이 하고싶어해서 샀는데 대만족
집중최고입니다",2021-01-06T10:20:48.142+0000,STOREFARM,5,어린이 보석십자수 DIY 캐릭터 큐빅 비즈 지니맘 KC인증,지니맘 큐빅십자수  DIY: 27번 하트 고양이(액자별매)
3097550297,SELLBLOG,NORMAL,액자도 따로 주문할수있고 아이들이 처음시작할때 딱인거 같아요 어렵지 않아서 좋아요,2021-01-22T10:03:11.596+0000,STOREFARM,5,어린이 보석십자수 DIY 캐릭터 큐빅 비즈 지니맘 KC인증,지니맘 큐빅십자수  DIY: 12번 돌고래 (액자별매)
3103083286,SELLBLOG,NORMAL,빠른 배송. 아이들이 너무 좋아합니다.,2021-01-30T04:31:37.492+0000,STOREFARM,5,어린이 보석십자수 DIY 캐릭터 큐빅 비즈 지니맘 KC인증,지니맘 큐빅십자수  DIY: 24번 돌고래 하트(액자별매)
3102923039,SELLBLOG,NORMAL,아이 집콕 취미생활로적합해요,2021-01-30T00:59:26.432+0000,STOREFARM,4,어린이 보석십자수 DIY 캐릭터 큐빅 비즈 지니맘 KC인증,지니맘 큐빅십자수  DIY: 9번 겨울사슴 (액자별매)
3099822658,SELLBLOG,NORMAL,"집중력향상에 좋아요.
재밌게 잘 했어요.",2021-01-26T01:30:12.054+0000,STOREFARM,5,어린이 보석십자수 DIY 캐릭터 큐빅 비즈 지니맘 KC인증,지니맘 큐빅십자수  DIY: 25번 강아지(액자별매)
3090788268,SELLBLOG,NORMAL,아이들 시간 보내기 너무 좋아요 큐빅 알 작아서 걱정했지만 펜으로 찍어서 하기 너무 좋아요 쉬워요 7살 초4 중1 아들까지 푹 빠져서 했어요,2021-01-14T03:42:39.000+0000,STOREFARM,5,어린이 보석십자수 DIY 캐릭터 큐빅 비즈 지니맘 KC인증,지니맘 큐빅십자수  DIY: 13번 별유니콘 (액자별매)
3080666358,SELLBLOG,NORMAL,아이들이 너무 좋아해요! 친구들 것도 주문해서 놀 때 같이 했어요.,2021-01-01T02:46:15.617+0000,STOREFARM,5,어린이 보석십자수 DIY 캐릭터 큐빅 비즈 지니맘 KC인증,지니맘 큐빅십자수  DIY: 3번 분홍사슴 (액자별매)
3104097541,SELLBLOG,NORMAL,빠른배송만족합니다 굿,2021-01-31T16:22:04.270+0000,STOREFARM,5,어린이 보석십자수 DIY 캐릭터 큐빅 비즈 지니맘 KC인증,지니맘 큐빅십자수  DIY: 8번 꽃사슴 (액자별매)
3102910477,SELLBLOG,NORMAL,딸이랑 같이 시간 떼우기 좋네요,2021-01-30T00:36:38.138+0000,STOREFARM,4,어린이 보석십자수 DIY 캐릭터 큐빅 비즈 지니맘 KC인증,지니맘 큐빅십자수  DIY: 2번 보라유니콘 (액자별매)
3080298009,SELLBLOG,NORMAL,"전에 샀던곳 보다 확실히 포장부터가 달라요 꼼꼼한 포장,  좋습니다",2020-12-31T09:46:13.131+0000,STOREFARM,5,어린이 보석십자수 DIY 캐릭터 큐빅 비즈 지니맘 KC인증,지니맘 큐빅십자수  DIY: 13번 별유니콘 (액자별매)
3086167810,SELLBLOG,NORMAL,초1아이 ~ 클래식 틀어놓고 열심히 하고 있어요 ㅋ,2021-01-08T07:20:47.375+0000,STOREFARM,5,어린이 보석십자수 DIY 캐릭터 큐빅 비즈 지니맘 KC인증,지니맘 큐빅십자수  DIY: 18번 파란사슴 (액자별매)
3086783467,SELLBLOG,NORMAL,완성품이 너무예뻐서 재구매합니다~,2021-01-09T03:32:20.786+0000,STOREFARM,5,어린이 보석십자수 DIY 캐릭터 큐빅 비즈 지니맘 KC인증,지니맘 큐빅십자수  DIY: 6번 소녀2 (액자별매)
3076215859,SELLBLOG,NORMAL,보석이 깔끔하게 포장이 잘 되어서 왔네요. 판매자분이 신경쓴게 느껴지네요. 액자도 생각한것보다 훨씬 괜찮아요.,2020-12-26T02:55:11.586+0000,STOREFARM,5,어린이 보석십자수 DIY 캐릭터 큐빅 비즈 지니맘 KC인증,지니맘 큐빅십자수  DIY: 3번 분홍사슴 (액자별매)
3105288022,SELLBLOG,NORMAL,아이가 좋아하네요 ㅎ,2021-02-02T11:42:49.661+0000,STOREFARM,5,어린이 보석십자수 DIY 캐릭터 큐빅 비즈 지니맘 KC인증,지니맘 큐빅십자수  DIY: 15번 핑크 유니콘 (액자별매)
3099830898,SELLBLOG,NORMAL,이쁘고 재밌어요 재구매각,2021-01-26T01:41:56.596+0000,STOREFARM,5,어린이 보석십자수 DIY 캐릭터 큐빅 비즈 지니맘 KC인증,지니맘 큐빅십자수  DIY: 22번 교회 (액자별매)
3086818334,SELLBLOG,NORMAL,생각보다 커서 좋아요..아이가 학교 줌 학습시간에 해보고 좋다고 해서 구매했는데..그땐 작아서 뭔가 아쉬웠거든요. 추가 구매해서 아이 친구 놀러오면 같이 하려구요. 배송도 빨라요.,2021-01-09T04:13:59.889+0000,STOREFARM,5,어린이 보석십자수 DIY 캐릭터 큐빅 비즈 지니맘 KC인증,지니맘 큐빅십자수  DIY: 13번 별유니콘 (액자별매)
3103781630,SELLBLOG,NORMAL,6살도 집중하며 열심히 하네요~,2021-01-31T05:59:30.444+0000,STOREFARM,5,어린이 보석십자수 DIY 캐릭터 큐빅 비즈 지니맘 KC인증,지니맘 큐빅십자수  DIY: 13번 별유니콘 (액자별매)
3062751770,SELLBLOG,NORMAL,"비즈가 반짝반짝 너무 예뻐요..
아이와 처음 부엉이, 유니콘 사서 같이 했는데 넘 잘해서 또 구매했어요..
비즈가 여유있게 들어있어서 남은 비즈는 아이와 미술놀이 할때 쓰곤 했어요..
이번에 4개 구매했는데 액자도 꼼꼼히 포장되어 왔네요..
8살 딸은 물론 6살 아들도 잘해요...^^",2020-12-08T10:13:15.121+0000,STOREFARM,5,어린이 보석십자수 DIY 캐릭터 큐빅 비즈 지니맘 KC인증,지니맘 큐빅십자수  DIY: 9번 겨울사슴 (액자별매)
3100822979,SELLBLOG,NORMAL,"보석 퀄리티가좋아요
사이즈도 크고 무슨작품같아요",2021-01-27T05:36:58.780+0000,STOREFARM,5,어린이 보석십자수 DIY 캐릭터 큐빅 비즈 지니맘 KC인증,지니맘 큐빅십자수  DIY: 25번 강아지(액자별매)
3082584567,SELLBLOG,AFTER_USE,"고급스럽고 예뻐요
애들할꺼랑 아이친구 생일선물로 구매했어요",2021-01-04T01:31:12.876+0000,STOREFARM,5,어린이 보석십자수  교회 큐빅 비즈 지니맘 KC인증,지니맘 큐빅십자수  DIY: 1번 유니콘  (액자별매)
3097869844,SELLBLOG,NORMAL,좋아요^^아이들과 집콕중에 할려고 샀는데 좋아하네요..,2021-01-23T00:59:11.097+0000,STOREFARM,5,어린이 보석십자수 DIY 캐릭터 큐빅 비즈 지니맘 KC인증,지니맘 큐빅십자수  DIY: 14번 부엉이 (액자별매)
3061509691,SELLBLOG,NORMAL,"두번째 구매해서 이번엔 김장날 들고가서
했더니 시골에서 심심해하지도않고 
몇시간동안 게임소리도안하고 
너무 잘가지고 놀더라구요
바라는점이 있다면
좀더 다양한 그림들이 더 출시되었으면 좋겠습니다
너무 한계적이라서요
그 이외에는 만족해요",2020-12-06T10:55:49.376+0000,STOREFARM,5,어린이 보석십자수  교회 큐빅 비즈 지니맘 KC인증,지니맘 큐빅십자수  DIY: 17번 아기 유니콘 (액자별매)
3078772573,SELLBLOG,NORMAL,"큐빅이 너무 예뻐요. 색도 이쁘고 촘촘하게 붙어요.
도안도 예쁩니다.",2020-12-29T12:11:47.706+0000,STOREFARM,5,어린이 보석십자수 DIY 캐릭터 큐빅 비즈 지니맘 KC인증,지니맘 큐빅십자수  DIY: 15번 핑크 유니콘 (액자별매)
3085017286,SELLBLOG,NORMAL,디자인별로 재료가 꼼꼼하게 들어가있어요^^,2021-01-07T02:09:31.360+0000,STOREFARM,5,어린이 보석십자수 DIY 캐릭터 큐빅 비즈 지니맘 KC인증,지니맘 큐빅십자수  DIY: 13번 별유니콘 (액자별매)
3085015672,SELLBLOG,NORMAL,디자인별로 재료가 꼼꼼하게 들어가있어요^^,2021-01-07T02:07:42.499+0000,STOREFARM,5,어린이 보석십자수 DIY 캐릭터 큐빅 비즈 지니맘 KC인증,지니맘 큐빅십자수  DIY: 3번 분홍사슴 (액자별매)
3075913917,SELLBLOG,NORMAL,쉽구재밌구 근사한 작품이되네요~아이가 너무 좋아해요~요즘같은 코로나집콕시대 최고의 놀이예요~~,2020-12-25T11:06:07.664+0000,STOREFARM,5,어린이 보석십자수 DIY 캐릭터 큐빅 비즈 지니맘 KC인증,지니맘 큐빅십자수  DIY: 4번 홍학 (액자별매)
3078446513,SELLBLOG,NORMAL,"소녀는 아껴두고 있어요. 나머지 모두 한 다음에 할 거라고 하네요.
예쁠 거 같아요.",2020-12-29T06:37:33.582+0000,STOREFARM,5,어린이 보석십자수 DIY 캐릭터 큐빅 비즈 지니맘 KC인증,지니맘 큐빅십자수  DIY: 6번 소녀2 (액자별매)
3079117453,SELLBLOG,NORMAL,"너무좋아요 아이가 집중해서 잘 만드네요
여러개 구입하길 잘했네요ㅎ",2020-12-30T01:50:24.789+0000,STOREFARM,5,어린이 보석십자수 DIY 캐릭터 큐빅 비즈 지니맘 KC인증,지니맘 큐빅십자수  DIY: 23번 돌고래 하트(액자별매)
3104077412,SELLBLOG,NORMAL,빠른 배송 감사드려요~,2021-01-31T15:19:40.033+0000,STOREFARM,5,어린이 보석십자수 DIY 캐릭터 큐빅 비즈 지니맘 KC인증,지니맘 큐빅십자수  DIY: 15번 핑크 유니콘 (액자별매)
3104077307,SELLBLOG,NORMAL,빠른 배송 감사드려요~,2021-01-31T15:19:24.473+0000,STOREFARM,5,어린이 보석십자수 DIY 캐릭터 큐빅 비즈 지니맘 KC인증,지니맘 큐빅십자수  DIY: 23번 행복(액자별매)
3104077186,SELLBLOG,NORMAL,빠른 배송 감사드려요~,2021-01-31T15:19:08.421+0000,STOREFARM,5,어린이 보석십자수 DIY 캐릭터 큐빅 비즈 지니맘 KC인증,지니맘 큐빅십자수  DIY: 9번 겨울사슴 (액자별매)
3085803605,SELLBLOG,NORMAL,배송도 빠르고 아이가 좋아합니다,2021-01-08T00:50:07.904+0000,STOREFARM,5,어린이 보석십자수 DIY 캐릭터 큐빅 비즈 지니맘 KC인증,지니맘 큐빅십자수  DIY: 27번 하트 고양이(액자별매)
3085803326,SELLBLOG,NORMAL,배송도 빠르고 아이가 좋아합니다,2021-01-08T00:49:46.085+0000,STOREFARM,5,어린이 보석십자수 DIY 캐릭터 큐빅 비즈 지니맘 KC인증,지니맘 큐빅십자수  DIY: 29번 작은 유니콘(액자별매)
3103780511,SELLBLOG,NORMAL,배송도 빠르고 포장도 꼼꼼해요~,2021-01-31T05:57:20.284+0000,STOREFARM,5,어린이 보석십자수 DIY 캐릭터 큐빅 비즈 지니맘 KC인증,지니맘 큐빅십자수  DIY: 27번 왕관 고양이(액자별매)
3077402276,SELLBLOG,NORMAL,"아이들이 너무 재미있어하고
액자로 만들어 선생님께 선물도 했어요~
아주 좋아요~",2020-12-27T13:55:26.421+0000,STOREFARM,5,어린이 보석십자수 DIY 캐릭터 큐빅 비즈 지니맘 KC인증,지니맘 큐빅십자수  DIY: 15번 핑크 유니콘 (액자별매)
3087264954,SELLBLOG,NORMAL,아이가너무재미있어하네요^^,2021-01-09T13:27:36.343+0000,STOREFARM,5,어린이 보석십자수 DIY 캐릭터 큐빅 비즈 지니맘 KC인증,지니맘 큐빅십자수  DIY: 1번 유니콘  (액자별매)
3080619596,SELLBLOG,NORMAL,애들이참재밌게좋아해요~집중해서열심히  하네요,2021-01-01T01:30:45.551+0000,STOREFARM,4,어린이 보석십자수 DIY 캐릭터 큐빅 비즈 지니맘 KC인증,지니맘 큐빅십자수  DIY: 20번 십자가 꽃 (액자별매)
3102888725,SELLBLOG,NORMAL,녿괴서고조쇠니보온도,2021-01-29T23:37:34.279+0000,STOREFARM,4,어린이 보석십자수 DIY 캐릭터 큐빅 비즈 지니맘 KC인증,지니맘 큐빅십자수  DIY: 9번 겨울사슴 (액자별매)
3076765974,SELLBLOG,NORMAL,"배송도 빠르고, 조카가 좋아해서 더  기분좋았어요~ 원하는 사이즈가 품절이 아니었다면 더 좋았을텐데..ㅎㅎ",2020-12-26T14:44:51.981+0000,STOREFARM,4,어린이 보석십자수 DIY 캐릭터 큐빅 비즈 지니맘 KC인증,지니맘 큐빅십자수  DIY: 14번 부엉이 (액자별매)
3103084231,SELLBLOG,NORMAL,다하면 재구매하려구요,2021-01-30T04:32:52.822+0000,STOREFARM,5,어린이 보석십자수 DIY 캐릭터 큐빅 비즈 지니맘 KC인증,지니맘 큐빅십자수  DIY: 8번 꽃사슴 (액자별매)
3103781911,SELLBLOG,NORMAL,빠른 배송 감사드려요~,2021-01-31T06:00:01.146+0000,STOREFARM,5,어린이 보석십자수 DIY 캐릭터 큐빅 비즈 지니맘 KC인증,지니맘 큐빅십자수  DIY: 8번 꽃사슴 (액자별매)
3077041204,SELLBLOG,NORMAL,"배송도 빠르고 여분 보석 넣어 주셔서 잘쓰고 있어요 !!
벌써 한개는 완성!!!!
또 구매 할께요",2020-12-27T05:00:18.327+0000,STOREFARM,5,어린이 보석십자수 DIY 캐릭터 큐빅 비즈 지니맘 KC인증,지니맘 큐빅십자수  DIY: 1번 유니콘  (액자별매)
3100238294,SELLBLOG,NORMAL,아이가 너무 좋아하고 시간도 잘 간다네요,2021-01-26T10:22:22.708+0000,STOREFARM,5,어린이 보석십자수 DIY 캐릭터 큐빅 비즈 지니맘 KC인증,지니맘 큐빅십자수  DIY: 8번 꽃사슴 (액자별매)
3100238082,SELLBLOG,NORMAL,아이가 너무 좋아하고 시간도 잘 간다네요,2021-01-26T10:22:09.123+0000,STOREFARM,5,어린이 보석십자수 DIY 캐릭터 큐빅 비즈 지니맘 KC인증,지니맘 큐빅십자수  DIY: 11번 클로버 (액자별매)
3089983568,SELLBLOG,NORMAL,아이가 좋아해요~~~,2021-01-13T06:18:11.021+0000,STOREFARM,5,어린이 보석십자수 DIY 캐릭터 큐빅 비즈 지니맘 KC인증,지니맘 큐빅십자수  DIY: 14번 부엉이 (액자별매)
3102703744,SELLBLOG,NORMAL,예쁘고 아이도 좋아합니다,2021-01-29T12:04:34.102+0000,STOREFARM,5,어린이 보석십자수 DIY 캐릭터 큐빅 비즈 지니맘 KC인증,지니맘 큐빅십자수  DIY: 9번 겨울사슴 (액자별매)
3102703360,SELLBLOG,NORMAL,예쁘고 아이가 좋아합니다,2021-01-29T12:03:59.872+0000,STOREFARM,5,어린이 보석십자수 DIY 캐릭터 큐빅 비즈 지니맘 KC인증,지니맘 큐빅십자수  DIY: 24번 돌고래 하트(액자별매)
3102703000,SELLBLOG,NORMAL,예쁘고 아이도 돟아힙니다,2021-01-29T12:03:26.664+0000,STOREFARM,5,어린이 보석십자수 DIY 캐릭터 큐빅 비즈 지니맘 KC인증,지니맘 큐빅십자수  DIY: 25번 강아지(액자별매)
3102702655,SELLBLOG,NORMAL,예쁘고 아이도 좋아합니다,2021-01-29T12:02:56.799+0000,STOREFARM,5,어린이 보석십자수 DIY 캐릭터 큐빅 비즈 지니맘 KC인증,지니맘 큐빅십자수  DIY: 26번 뿔 돌고래(액자별매)
3102702286,SELLBLOG,NORMAL,예쁘고 아이도 좋아합니다,2021-01-29T12:02:22.900+0000,STOREFARM,5,어린이 보석십자수 DIY 캐릭터 큐빅 비즈 지니맘 KC인증,지니맘 큐빅십자수  DIY: 27번 왕관 고양이(액자별매)
3102888595,SELLBLOG,NORMAL,어더되것솓욋둣어고든,2021-01-29T23:37:06.121+0000,STOREFARM,4,어린이 보석십자수 DIY 캐릭터 큐빅 비즈 지니맘 KC인증,지니맘 큐빅십자수  DIY: 10번 안경토끼 (액자별매)
3089877199,SELLBLOG,NORMAL,"깔끔하고 안정적이게 포장이 잘 되어서 왔어요!
근데 큐빅이 몇개가 무언가 묻어있거나 흠집이 나있긴한데, 그래도 만족해요!
이뻐요&hearts;&hearts;",2021-01-13T04:06:28.295+0000,STOREFARM,4,어린이 보석십자수 DIY 캐릭터 큐빅 비즈 지니맘 KC인증,지니맘 큐빅십자수  DIY: 9번 겨울사슴 (액자별매)
3103228902,SELLBLOG,NORMAL,"아이가 좋아해요
가격도 착해요",2021-01-30T07:52:57.006+0000,STOREFARM,5,어린이 보석십자수 DIY 캐릭터 큐빅 비즈 지니맘 KC인증,지니맘 큐빅십자수  DIY: 19번 아이스크림 (액자별매)
3085016509,SELLBLOG,NORMAL,디자인별로 꼼꼼하게 포장되어있어요^^,2021-01-07T02:08:39.987+0000,STOREFARM,5,어린이 보석십자수 DIY 캐릭터 큐빅 비즈 지니맘 KC인증,지니맘 큐빅십자수  DIY: 12번 돌고래 (액자별매)
3084099211,SELLBLOG,NORMAL,지니맘께 큐빅질도 좋아서 늘 구매합니다 ㅎ,2021-01-06T01:43:02.403+0000,STOREFARM,5,어린이 보석십자수 DIY 캐릭터 큐빅 비즈 지니맘 KC인증,지니맘 큐빅십자수  DIY: 32번 강아지3(액자별매)
3096945270,SELLBLOG,NORMAL,"애들이 좋아해요
만들어놓으니 이쁩니다",2021-01-21T14:47:04.909+0000,STOREFARM,5,어린이 보석십자수 DIY 캐릭터 큐빅 비즈 지니맘 KC인증,지니맘 큐빅십자수  DIY: 9번 겨울사슴 (액자별매)
3098938809,SELLBLOG,NORMAL,재밌어요 ..완성하니 이쁘네여,2021-01-24T11:48:35.719+0000,STOREFARM,5,어린이 보석십자수 DIY 캐릭터 큐빅 비즈 지니맘 KC인증,지니맘 큐빅십자수  DIY: 31번 강아지2(액자별매)
3104237440,SELLBLOG,NORMAL,배송빠르고 좋아요~~,2021-02-01T01:56:22.388+0000,STOREFARM,5,어린이 보석십자수 DIY 캐릭터 큐빅 비즈 지니맘 KC인증,지니맘 큐빅십자수  DIY: 5번  소녀1 (액자별매)
3102922775,SELLBLOG,NORMAL,배송도 빠르고 좋아요,2021-01-30T00:59:00.800+0000,STOREFARM,4,어린이 보석십자수 DIY 캐릭터 큐빅 비즈 지니맘 KC인증,지니맘 큐빅십자수  DIY: 19번 아이스크림 (액자별매)
3102704229,SELLBLOG,NORMAL,예쁘고 아이도 좋아해요,2021-01-29T12:05:18.089+0000,STOREFARM,5,어린이 보석십자수 DIY 캐릭터 큐빅 비즈 지니맘 KC인증,지니맘 큐빅십자수  DIY: 3번 분홍사슴 (액자별매)
3098076921,SELLBLOG,NORMAL,아이가 좋아해요 금방 하네묘,2021-01-23T05:36:41.584+0000,STOREFARM,5,어린이 보석십자수 DIY 캐릭터 큐빅 비즈 지니맘 KC인증,지니맘 큐빅십자수  DIY: 11번 클로버 (액자별매)
3098496523,SELLBLOG,NORMAL,액자 사서 걸어두었어요. 뿌듯해 하네요,2021-01-23T16:05:01.602+0000,STOREFARM,4,어린이 보석십자수 DIY 캐릭터 큐빅 비즈 지니맘 KC인증,지니맘 큐빅십자수  DIY: 28번 클로버 고양이(액자별매)
3077372314,SELLBLOG,NORMAL,"큐빅 여분이 많이 남아서
다른 모양으로도 잘 만들었습니다.
7살 딸아이 위해 구입했는데
성인인 제가 해도 재미있네요.",2020-12-27T13:07:30.890+0000,STOREFARM,5,어린이 보석십자수 DIY 캐릭터 큐빅 비즈 지니맘 KC인증,지니맘 큐빅십자수  DIY: 3번 분홍사슴 (액자별매)
3075843399,SELLBLOG,NORMAL,"막둥이 크리스마스 선물로 삿어요~
산타할아버지가 주셨다고 너무 좋아라해요 ㅎㅎ
액자까지 하니 더 이뻐요^^",2020-12-25T08:51:16.465+0000,STOREFARM,5,어린이 보석십자수 DIY 캐릭터 큐빅 비즈 지니맘 KC인증,지니맘 큐빅십자수  DIY: 24번 강아지(액자별매)
3090652515,SELLBLOG,AFTER_USE,"어렵지않고,심심할때조금씩하면재밌어요~그리고
모양이너무예뻐다시살계확입니다!추천드려요!!",2021-01-14T01:06:13.124+0000,STOREFARM,5,어린이 보석십자수  교회 큐빅 비즈 지니맘 KC인증,지니맘 큐빅십자수  DIY: 14번 부엉이 (액자별매)
3075634166,SELLBLOG,NORMAL,"시간가는줄 모르겠어요~  아이들이 매일 심심하다고 휴대폰만 하는데, 집중해서 보석십자수 하네요^^",2020-12-25T03:56:36.395+0000,STOREFARM,5,어린이 보석십자수 DIY 캐릭터 큐빅 비즈 지니맘 KC인증,지니맘 큐빅십자수  DIY: 6번 소녀2 (액자별매)
3090140612,SELLBLOG,NORMAL,배송도 빠르고 제품도 좋네요~ 시중에서 구매한 것보다 훨~씬 좋아요~^^서비스로 주신 통이 남은 큐빅들 담으려고요~,2021-01-13T09:00:00.783+0000,STOREFARM,5,어린이 보석십자수 DIY 캐릭터 큐빅 비즈 지니맘 KC인증,지니맘 큐빅십자수  DIY: 18번 파란사슴 (액자별매)
3090140401,SELLBLOG,NORMAL,배송도 빠르고 제품도 좋네요~ 시중에서 구매한 것보다 훨~씬 좋아요~^^서비스로 주신 통이 남은 큐빅들 담으려고요~,2021-01-13T08:59:46.883+0000,STOREFARM,5,어린이 보석십자수 DIY 캐릭터 큐빅 비즈 지니맘 KC인증,지니맘 큐빅십자수  DIY: 1번 유니콘  (액자별매)
3103083804,SELLBLOG,NORMAL,아이들이 푹 빠져요,2021-01-30T04:32:18.711+0000,STOREFARM,5,어린이 보석십자수 DIY 캐릭터 큐빅 비즈 지니맘 KC인증,지니맘 큐빅십자수  DIY: 25번 강아지(액자별매)
3099831840,SELLBLOG,NORMAL,재미있어요 너무 좋아요 이뻐요,2021-01-26T01:43:32.135+0000,STOREFARM,5,어린이 보석십자수 DIY 캐릭터 큐빅 비즈 지니맘 KC인증,지니맘 큐빅십자수  DIY: 25번 강아지(액자별매)
3086268224,SELLBLOG,NORMAL,5살 된 아이도 집중해서 잘해요~,2021-01-08T09:08:48.406+0000,STOREFARM,5,어린이 보석십자수 DIY 캐릭터 큐빅 비즈 지니맘 KC인증,지니맘 큐빅십자수  DIY: 29번 작은 유니콘(액자별매)
3082583120,SELLBLOG,AFTER_USE,"큐빅질이 달라요
고급스럽고 예뻐요!!",2021-01-04T01:28:49.206+0000,STOREFARM,5,어린이 보석십자수  교회 큐빅 비즈 지니맘 KC인증,지니맘 큐빅십자수  DIY: 12번 돌고래 (액자별매)
3086434852,SELLBLOG,NORMAL,잘 도착했어요~~ 예뻐요^^,2021-01-08T12:34:07.864+0000,STOREFARM,5,어린이 보석십자수 DIY 캐릭터 큐빅 비즈 지니맘 KC인증,지니맘 큐빅십자수  DIY: 9번 겨울사슴 (액자별매)
3092173923,SELLBLOG,NORMAL,"코로나로 집에 있는 시간이많아서 딸이랑  하려고 구매했어요, 제가 더 재밌게 했네요~^^",2021-01-15T12:46:52.067+0000,STOREFARM,5,어린이 보석십자수 DIY 캐릭터 큐빅 비즈 지니맘 KC인증,지니맘 큐빅십자수  DIY: 6번 소녀2 (액자별매)
3094243893,SELLBLOG,NORMAL,잘 정리되어있어요 스톤을 쏟을때 뒤집히는게 좀 불편해요,2021-01-18T09:14:34.936+0000,STOREFARM,4,어린이 보석십자수 DIY 캐릭터 큐빅 비즈 지니맘 KC인증,지니맘 큐빅십자수  DIY: 9번 겨울사슴 (액자별매)
3101110718,SELLBLOG,NORMAL,포장상태도 좋고 큐빅도  넉넉한게 좋아요~~,2021-01-27T11:34:21.199+0000,STOREFARM,5,어린이 보석십자수 DIY 캐릭터 큐빅 비즈 지니맘 KC인증,지니맘 큐빅십자수  DIY: 11번 클로버 (액자별매)
3072731182,SELLBLOG,AFTER_USE,이번에 또 주문했어요. 다섯살딸아이 너무좋아하네요. 액자까지완성하니 더 폼나는것 같아요. 집콕템으로 추천합니다♡,2020-12-21T13:15:09.063+0000,STOREFARM,5,어린이 보석십자수 DIY 캐릭터 큐빅 비즈십자수 지니맘,지니맘 큐빅십자수  DIY: 1번 유니콘  (액자 불포함)
3089874080,SELLBLOG,NORMAL,잘 도착 헀어요.^^,2021-01-13T04:02:07.614+0000,STOREFARM,5,어린이 보석십자수 DIY 캐릭터 큐빅 비즈 지니맘 KC인증,지니맘 큐빅십자수  DIY: 2번 보라유니콘 (액자별매)
3102091052,SELLBLOG,NORMAL,아이들이 너무 좋아해요,2021-01-28T16:38:10.421+0000,STOREFARM,5,어린이 보석십자수 DIY 캐릭터 큐빅 비즈 지니맘 KC인증,지니맘 큐빅십자수  DIY: 17번 아기 유니콘 (액자별매)
3093979392,SELLBLOG,NORMAL,큐빅도 반짝반짝! 액자에 꽂았는데 너무 예쁘네요. 어이들도 잘 따라합니다!,2021-01-18T03:32:22.185+0000,STOREFARM,5,어린이 보석십자수 DIY 캐릭터 큐빅 비즈 지니맘 KC인증,지니맘 큐빅십자수  DIY: 18번 파란사슴 (액자별매)
3088784270,SELLBLOG,NORMAL,"생각보다 크네요
집에서 오랫동안 할수 있어서 지금 같은 상황에서는 좋네요ㅎㅎ
완료되면 넘 이쁘고 애들도 좋아합니다^^",2021-01-11T21:12:06.542+0000,STOREFARM,5,어린이 보석십자수 DIY 캐릭터 큐빅 비즈 지니맘 KC인증,지니맘 큐빅십자수  DIY: 1번 유니콘  (액자별매)
3100795476,SELLBLOG,NORMAL,크기도 적당하고 도안도 맘에 들었습니다,2021-01-27T04:57:50.258+0000,STOREFARM,5,어린이 보석십자수 DIY 캐릭터 큐빅 비즈 지니맘 KC인증,지니맘 큐빅십자수  DIY: 26번 뿔 돌고래(액자별매)
3100795408,SELLBLOG,NORMAL,크기도 적당하고 도안도 맘에 들었습니다,2021-01-27T04:57:44.805+0000,STOREFARM,5,어린이 보석십자수 DIY 캐릭터 큐빅 비즈 지니맘 KC인증,지니맘 큐빅십자수  DIY: 25번 강아지(액자별매)
3094635034,SELLBLOG,NORMAL,"애들이 하루만에 완성했네요ㅋㅋ
빠른배송 감사합니다",2021-01-19T02:46:27.878+0000,STOREFARM,5,어린이 보석십자수 DIY 캐릭터 큐빅 비즈 지니맘 KC인증,지니맘 큐빅십자수  DIY: 9번 겨울사슴 (액자별매)
3074591649,SELLBLOG,NORMAL,포장도 질 되어있고 상품 구성이 좋습니다. 완성품은 오프라인에서 사서 완성한 것인데.. 가격이 빈값이네요.,2020-12-23T15:14:04.767+0000,STOREFARM,5,어린이 보석십자수 DIY 캐릭터 큐빅 비즈 지니맘 KC인증,지니맘 큐빅십자수  DIY: 24번 강아지(액자별매)
3095999174,SELLBLOG,NORMAL,딸들이 집에서 가지고 놀고 싶다고 해서 주문해줬더니 너무 좋아하네요,2021-01-20T12:24:33.130+0000,STOREFARM,5,어린이 보석십자수 DIY 캐릭터 큐빅 비즈 지니맘 KC인증,지니맘 큐빅십자수  DIY: 18번 파란사슴 (액자별매)
3098985503,SELLBLOG,NORMAL,너무예뻐  또 다시시키려 딸이랑 고민중입니다.,2021-01-24T13:00:14.588+0000,STOREFARM,5,어린이 보석십자수 DIY 캐릭터 큐빅 비즈 지니맘 KC인증,지니맘 큐빅십자수  DIY: 24번 강아지(액자별매)
3085207459,SELLBLOG,NORMAL,큐빅이 퀄리티가 좋은거같아요^^,2021-01-07T06:13:50.002+0000,STOREFARM,5,어린이 보석십자수 DIY 캐릭터 큐빅 비즈 지니맘 KC인증,지니맘 큐빅십자수  DIY: 8번 꽃사슴 (액자별매)
3064849507,SELLBLOG,NORMAL,아이들이 좋아합니다  받자마자  열중하며 몇시간이 금방이네요  그런데 같이 시킨 액자가 금이 가 있네요,2020-12-11T04:30:40.816+0000,STOREFARM,4,어린이 보석십자수 DIY 캐릭터 큐빅 비즈 지니맘 KC인증,지니맘 큐빅십자수  DIY: 13번 별유니콘 (액자별매)
3079118066,SELLBLOG,NORMAL,"너무좋아요 아이가 잘 만드네요
여러개 구입하길 잘했어요 ㅎㅎ",2020-12-30T01:51:15.191+0000,STOREFARM,5,어린이 보석십자수 DIY 캐릭터 큐빅 비즈 지니맘 KC인증,지니맘 큐빅십자수  DIY: 14번 부엉이 (액자별매)
3088199613,SELLBLOG,NORMAL,고학년 초등딸만 2명인데 너~무 좋아합니다. 재미잇다고 벌써 다 하고 ㅎㅎ 다음에 또 꼭~가달라고 하네요. 감사합니다~^^,2021-01-11T02:50:59.011+0000,STOREFARM,5,어린이 보석십자수 DIY 캐릭터 큐빅 비즈 지니맘 KC인증,
3081581978,SELLBLOG,NORMAL,좋아요 애들이 좋아합니다,2021-01-02T08:19:01.103+0000,STOREFARM,3,어린이 보석십자수 DIY 캐릭터 큐빅 비즈 지니맘 KC인증,지니맘 큐빅십자수  DIY: 2번 보라유니콘 (액자별매)
3100795341,SELLBLOG,NORMAL,크기도 적당하고 도안도 맘에 들었습니다.,2021-01-27T04:57:38.712+0000,STOREFARM,5,어린이 보석십자수 DIY 캐릭터 큐빅 비즈 지니맘 KC인증,지니맘 큐빅십자수  DIY: 10번 안경토끼 (액자별매)
3100794948,SELLBLOG,NORMAL,크기도 적당하고 도안도 맘에 들었습니다.,2021-01-27T04:57:06.527+0000,STOREFARM,5,어린이 보석십자수 DIY 캐릭터 큐빅 비즈 지니맘 KC인증,지니맘 큐빅십자수  DIY: 27번 왕관 고양이(액자별매)
3078976989,SELLBLOG,NORMAL,"아이들이 좋아해서 두번째 구매합니다 
완성하면 반짝이고 이뻐서 보기도좋아요",2020-12-29T16:39:39.183+0000,STOREFARM,5,어린이 보석십자수 DIY 캐릭터 큐빅 비즈 지니맘 KC인증,지니맘 큐빅십자수  DIY: 15번 핑크 유니콘 (액자별매)
3083729959,SELLBLOG,AFTER_USE,좋네요 쿠빅도 질이좋네요,2021-01-05T11:52:20.887+0000,STOREFARM,4,어린이 보석십자수  교회 큐빅 비즈 지니맘 KC인증,지니맘 큐빅십자수  DIY: 13번 별유니콘 (액자별매)
3084547693,SELLBLOG,NORMAL,아이들 집중력에는 최고예요,2021-01-06T10:22:11.402+0000,STOREFARM,5,어린이 보석십자수 DIY 캐릭터 큐빅 비즈 지니맘 KC인증,지니맘 큐빅십자수  DIY: 1번 유니콘  (액자별매)
3081548164,SELLBLOG,NORMAL,넘 좋아요 애들 신나합니다.,2021-01-02T07:33:26.799+0000,STOREFARM,5,어린이 보석십자수 DIY 캐릭터 큐빅 비즈 지니맘 KC인증,지니맘 큐빅십자수  DIY: 27번 하트 고양이(액자별매)
3083796332,SELLBLOG,NORMAL,아이가 심심해하지않고 좋아해요,2021-01-05T12:48:49.547+0000,STOREFARM,5,어린이 보석십자수 DIY 캐릭터 큐빅 비즈 지니맘 KC인증,지니맘 큐빅십자수  DIY: 23번 돌고래 하트(액자별매)
3078745089,SELLBLOG,NORMAL,"총알배송이네요
방콕하는 요즘 아이들과 재밌게 할께요^^",2020-12-29T11:46:35.962+0000,STOREFARM,5,어린이 보석십자수 DIY 캐릭터 큐빅 비즈 지니맘 KC인증,지니맘 큐빅십자수  DIY: 13번 별유니콘 (액자별매)
3075615907,SELLBLOG,NORMAL,집중해서 금방 완성했어요. 완성하고ㅜ액자에 쏙 넣으니 더 멋져보여요. 액자가 튼튼하고 좋아요,2020-12-25T03:30:41.981+0000,STOREFARM,4,어린이 보석십자수 DIY 캐릭터 큐빅 비즈 지니맘 KC인증,지니맘 큐빅십자수  DIY: 1번 유니콘  (액자별매)
3099227021,SELLBLOG,NORMAL,배송도 빠르고 문의글에 답변도 빨라 좋았어요~,2021-01-25T02:13:39.571+0000,STOREFARM,5,어린이 보석십자수 DIY 캐릭터 큐빅 비즈 지니맘 KC인증,지니맘 큐빅십자수  DIY: 24번 돌고래 하트(액자별매)
3073898723,SELLBLOG,NORMAL,아이들도 너무 좋아하고 반짝반짝 예쁘고 중독이예요ㅋ 아쉬운점은 하늘색 작은 비즈가 부족했답니다ㅠ,2020-12-23T03:58:25.069+0000,STOREFARM,5,어린이 보석십자수 DIY 캐릭터 큐빅 비즈 지니맘 KC인증,지니맘 큐빅십자수  DIY: 17번 아기 유니콘 (액자별매)
3061232586,SELLBLOG,NORMAL,아이도 조아하고 제가해도 재밌네요 ㅡ 처음 도면에 양면테잎떼고나서 접착력이 너무조아 다른종이가 붙어버리는 바람에 떼기 힘들었어요 조심하세요,2020-12-06T02:13:32.531+0000,STOREFARM,5,어린이 보석십자수 DIY 캐릭터 큐빅 비즈 지니맘 KC인증,지니맘 큐빅십자수  DIY: 14번 부엉이 (액자별매)
3100925437,SELLBLOG,AFTER_USE,너무 재미있게 만들었어요,2021-01-27T07:49:22.574+0000,STOREFARM,5,어린이 보석십자수 DIY 캐릭터 큐빅 비즈 지니맘 KC인증,지니맘 큐빅십자수  DIY: 9번 겨울사슴 (액자별매)
3076433966,SELLBLOG,NORMAL,딸아이가 유니콘을좋아해서 유니콘을많이샀어요 근데 하고나면  다이뻐요  블링블링,2020-12-26T07:25:39.076+0000,STOREFARM,5,어린이 보석십자수  교회 큐빅 비즈 지니맘 KC인증,지니맘 큐빅십자수  DIY: 13번 별유니콘 (액자별매)
3095214794,SELLBLOG,NORMAL,"반짝반짝 이뻐요
해놓으니 실제보다 이뿌네요
싫증잘내는 남아도 잼나다고 집중해서하네요",2021-01-19T13:21:43.513+0000,STOREFARM,4,어린이 보석십자수 DIY 캐릭터 큐빅 비즈 지니맘 KC인증,지니맘 큐빅십자수  DIY: 26번 뿔 돌고래(액자별매)
3101026182,SELLBLOG,NORMAL,좋아하고 재미있어해요,2021-01-27T09:56:16.985+0000,STOREFARM,5,어린이 보석십자수 DIY 캐릭터 큐빅 비즈 지니맘 KC인증,지니맘 큐빅십자수  DIY: 10번 안경토끼 (액자별매)
3095999843,SELLBLOG,NORMAL,코로나로 집에 있는 시간이 많아 주문해줬더니 너무 좋아하네요.,2021-01-20T12:25:12.725+0000,STOREFARM,5,어린이 보석십자수 DIY 캐릭터 큐빅 비즈 지니맘 KC인증,지니맘 큐빅십자수  DIY: 9번 겨울사슴 (액자별매)
3069063909,SELLBLOG,NORMAL,깔끔한 배송과 편리하게 제작되어있어서 너무너무 좋습니다. 아이들이 집에서 놀기 너무 좋아요^^,2020-12-17T02:59:35.416+0000,STOREFARM,5,어린이 보석십자수 DIY 캐릭터 큐빅 비즈 지니맘 KC인증,지니맘 큐빅십자수  DIY: 10번 안경토끼 (액자별매)
3102889889,SELLBLOG,NORMAL,빠른 배송 감사드려용~~^^,2021-01-29T23:41:52.993+0000,STOREFARM,5,어린이 보석십자수 DIY 캐릭터 큐빅 비즈 지니맘 KC인증,지니맘 큐빅십자수  DIY: 14번 부엉이 (액자별매)
3083233305,SELLBLOG,NORMAL,아이들 집콕놀이로 추천드려요,2021-01-05T02:18:20.785+0000,STOREFARM,5,어린이 보석십자수 DIY 캐릭터 큐빅 비즈 지니맘 KC인증,지니맘 큐빅십자수  DIY: 27번 하트 고양이(액자별매)
3083233083,SELLBLOG,NORMAL,아이들 집콕놀이로 추천드려요,2021-01-05T02:18:02.111+0000,STOREFARM,5,어린이 보석십자수 DIY 캐릭터 큐빅 비즈 지니맘 KC인증,지니맘 큐빅십자수  DIY: 24번 강아지(액자별매)
3081452612,SELLBLOG,NORMAL,"배송빨라서 좋고
아이가 너무즐겁게 완성했습니다",2021-01-02T05:40:16.546+0000,STOREFARM,5,어린이 보석십자수 DIY 캐릭터 큐빅 비즈 지니맘 KC인증,지니맘 큐빅십자수  DIY: 8번 꽃사슴 (액자별매)
3102091007,SELLBLOG,NORMAL,아이들이 너무 좋아해요!!!,2021-01-28T16:38:00.460+0000,STOREFARM,5,어린이 보석십자수 DIY 캐릭터 큐빅 비즈 지니맘 KC인증,지니맘 큐빅십자수  DIY: 1번 유니콘  (액자별매)
3085306788,SELLBLOG,NORMAL,재미있게 하고 있어요,2021-01-07T08:03:23.304+0000,STOREFARM,4,어린이 보석십자수 DIY 캐릭터 큐빅 비즈 지니맘 KC인증,지니맘 큐빅십자수  DIY: 23번 돌고래 하트(액자별매)
3084099655,SELLBLOG,NORMAL,지니맘께 퀄리티가 좋아요,2021-01-06T01:43:39.914+0000,STOREFARM,5,어린이 보석십자수 DIY 캐릭터 큐빅 비즈 지니맘 KC인증,지니맘 큐빅십자수  DIY: 31번 강아지2(액자별매)
3100925824,SELLBLOG,AFTER_USE,너무 재밌게 만들었어요,2021-01-27T07:49:51.702+0000,STOREFARM,5,어린이 보석십자수 DIY 캐릭터 큐빅 비즈 지니맘 KC인증,지니맘 큐빅십자수  DIY: 1번 유니콘  (액자별매)
3102048958,SELLBLOG,NORMAL,괜찮아요 휼륭합니다.,2021-01-28T14:42:50.664+0000,STOREFARM,5,어린이 보석십자수 DIY 캐릭터 큐빅 비즈 지니맘 KC인증,지니맘 큐빅십자수  DIY: 23번 행복(액자별매)
3095215316,SELLBLOG,NORMAL,"이뻐요~~
애들이 너무 재밌어해요
다 하고 또 사달래요",2021-01-19T13:22:17.492+0000,STOREFARM,4,어린이 보석십자수 DIY 캐릭터 큐빅 비즈 지니맘 KC인증,지니맘 큐빅십자수  DIY: 27번 왕관 고양이(액자별매)
3081393579,SELLBLOG,NORMAL,"아이가넘좋아하네요..ㅎ
완성작품도넘예뻐요..ㅎ",2021-01-02T04:27:23.807+0000,STOREFARM,4,어린이 보석십자수 DIY 캐릭터 큐빅 비즈 지니맘 KC인증,지니맘 큐빅십자수  DIY: 26번 왕관 고양이(액자별매)
3075643115,SELLBLOG,NORMAL,"딸램 친구꺼 사면서 딸램이꺼도 샀어요.
유니콘이라면 좋아라하는 딸 맘에 들어해요^^",2020-12-25T04:09:26.520+0000,STOREFARM,3,어린이 보석십자수 DIY 캐릭터 큐빅 비즈 지니맘 KC인증,지니맘 큐빅십자수  DIY: 13번 별유니콘 (액자별매)
3085041488,SELLBLOG,NORMAL,아이들이 너무 좋아해요~,2021-01-07T02:37:55.494+0000,STOREFARM,5,어린이 보석십자수 DIY 캐릭터 큐빅 비즈 지니맘 KC인증,지니맘 큐빅십자수  DIY: 24번 강아지(액자별매)
3085041059,SELLBLOG,NORMAL,아이들이 너무 좋아해요~,2021-01-07T02:37:21.026+0000,STOREFARM,5,어린이 보석십자수 DIY 캐릭터 큐빅 비즈 지니맘 KC인증,지니맘 큐빅십자수  DIY: 25번 뿔 돌고래(액자별매)
3085040247,SELLBLOG,NORMAL,아이들이 너무 좋아해요~,2021-01-07T02:36:16.146+0000,STOREFARM,5,어린이 보석십자수 DIY 캐릭터 큐빅 비즈 지니맘 KC인증,지니맘 큐빅십자수  DIY: 23번 돌고래 하트(액자별매)
3093980394,SELLBLOG,NORMAL,액자에 꽂았는데 예쁘네요! 즐겁게 놀이했습니다!,2021-01-18T03:33:31.190+0000,STOREFARM,5,어린이 보석십자수 DIY 캐릭터 큐빅 비즈 지니맘 KC인증,지니맘 큐빅십자수  DIY: 9번 겨울사슴 (액자별매)
3101037668,SELLBLOG,NORMAL,배송도 빠르고 좋아요,2021-01-27T10:10:37.302+0000,STOREFARM,5,어린이 보석십자수 DIY 캐릭터 큐빅 비즈 지니맘 KC인증,지니맘 큐빅십자수  DIY: 12번 돌고래 (액자별매)
3101035559,SELLBLOG,NORMAL,배송도 빠르고 좋아요,2021-01-27T10:08:00.761+0000,STOREFARM,5,어린이 보석십자수 DIY 캐릭터 큐빅 비즈 지니맘 KC인증,지니맘 큐빅십자수  DIY: 22번 교회 (액자별매)
3101034799,SELLBLOG,NORMAL,배송도 빠르고 좋아요,2021-01-27T10:07:03.659+0000,STOREFARM,5,어린이 보석십자수 DIY 캐릭터 큐빅 비즈 지니맘 KC인증,지니맘 큐빅십자수  DIY: 16번 여우 (액자별매)
3101031101,SELLBLOG,NORMAL,배송도 빠르고 좋아요,2021-01-27T10:02:32.048+0000,STOREFARM,5,어린이 보석십자수 DIY 캐릭터 큐빅 비즈 지니맘 KC인증,지니맘 큐빅십자수  DIY: 11번 클로버 (액자별매)
3101029571,SELLBLOG,NORMAL,배송도빠르고 좋아요,2021-01-27T10:00:37.749+0000,STOREFARM,5,어린이 보석십자수 DIY 캐릭터 큐빅 비즈 지니맘 KC인증,지니맘 큐빅십자수  DIY: 2번 보라유니콘 (액자별매)
3101029067,SELLBLOG,NORMAL,배송도 빠르고 좋아요,2021-01-27T09:59:59.428+0000,STOREFARM,5,어린이 보석십자수 DIY 캐릭터 큐빅 비즈 지니맘 KC인증,지니맘 큐빅십자수  DIY: 13번 별유니콘 (액자별매)
3081391467,SELLBLOG,NORMAL,"쉽고,완성후액자에넣어놓으니기대보다넘예뻐요..ㅎ",2021-01-02T04:24:28.562+0000,STOREFARM,4,어린이 보석십자수 DIY 캐릭터 큐빅 비즈 지니맘 KC인증,지니맘 큐빅십자수  DIY: 24번 강아지(액자별매)
3083308871,SELLBLOG,NORMAL,보는 사람마다 이쁘다고 환호성을!ㅎ,2021-01-05T04:03:54.482+0000,STOREFARM,5,어린이 보석십자수 DIY 캐릭터 큐빅 비즈 지니맘 KC인증,지니맘 큐빅십자수  DIY: 29번 작은 유니콘(액자별매)
3083232789,SELLBLOG,NORMAL,아이들 집콕놀이로 추천드려요.,2021-01-05T02:17:40.926+0000,STOREFARM,5,어린이 보석십자수 DIY 캐릭터 큐빅 비즈 지니맘 KC인증,지니맘 큐빅십자수  DIY: 1번 유니콘  (액자별매)
3085385893,SELLBLOG,NORMAL,7살 딸래미 재미있어해요~,2021-01-07T09:34:47.714+0000,STOREFARM,5,어린이 보석십자수 DIY 캐릭터 큐빅 비즈 지니맘 KC인증,지니맘 큐빅십자수  DIY: 12번 돌고래 (액자별매)
3085205551,SELLBLOG,NORMAL,그림도 예쁘고 큐빅도 빤짝빤짝 예뻐요^^,2021-01-07T06:11:39.270+0000,STOREFARM,5,어린이 보석십자수 DIY 캐릭터 큐빅 비즈 지니맘 KC인증,지니맘 큐빅십자수  DIY: 14번 부엉이 (액자별매)
3067820988,SELLBLOG,NORMAL,"아이가너무기다렸는데 배송빨라서좋았구요
가성비좋아요
다음에또구매하러오겠습니당",2020-12-15T11:27:32.326+0000,STOREFARM,4,어린이 보석십자수 DIY 캐릭터 큐빅 비즈 지니맘 KC인증,지니맘 큐빅십자수  DIY: 26번 왕관 고양이(액자별매)
3093600011,SELLBLOG,NORMAL,배송받고 그날 한개 다 끝냈어요 시간도 잘가고 예뻐요^^,2021-01-17T11:47:17.503+0000,STOREFARM,5,어린이 보석십자수 DIY 캐릭터 큐빅 비즈 지니맘 KC인증,지니맘 큐빅십자수  DIY: 27번 하트 고양이(액자별매)
3079143212,SELLBLOG,NORMAL,"아이들이 넘 좋아해요. 
만들고나니 더 이쁘네요.",2020-12-30T02:27:31.366+0000,STOREFARM,4,어린이 보석십자수 DIY 캐릭터 큐빅 비즈 지니맘 KC인증,지니맘 큐빅십자수  DIY: 1번 유니콘  (액자별매)
3065519477,SELLBLOG,NORMAL,사진보다 실제가 훨씬 예뻐요~ 비즈도 반짝반짝 양도 많고 액자 해놓으니까 더 예뻐요. 아이들이 만든 잡다한것들 사실 건질거 별로 없는데 이건 애들방에 인테리어삼아 걸어도 예쁘겠어요 집콕에 딱입니다 걍 더사놓을걸 ㅋㅋ,2020-12-12T03:19:14.663+0000,STOREFARM,5,어린이 보석십자수 DIY 캐릭터 큐빅 비즈 지니맘 KC인증,지니맘 큐빅십자수  DIY: 13번 별유니콘 (액자별매)
3079370354,SELLBLOG,NORMAL,집에만 있는거 심심해 했는데 이거 사주니 앉아서 열심히 했네요,2020-12-30T07:25:25.645+0000,STOREFARM,5,어린이 보석십자수 DIY 캐릭터 큐빅 비즈 지니맘 KC인증,지니맘 큐빅십자수  DIY: 24번 강아지(액자별매)
3094172129,SELLBLOG,NORMAL,만들고나니 이쁘네요 애들도 좋아합니다,2021-01-18T07:24:21.283+0000,STOREFARM,5,어린이 보석십자수 DIY 캐릭터 큐빅 비즈 지니맘 KC인증,지니맘 큐빅십자수  DIY: 29번 클로버 고양이(액자별매)
3089789541,SELLBLOG,NORMAL,"좋아요 아이가 한다고 샀는데 잘만드네요..
다음에는 더큰걸 사서 해야 겠어요",2021-01-13T02:03:27.129+0000,STOREFARM,5,어린이 보석십자수 DIY 캐릭터 큐빅 비즈 지니맘 KC인증,지니맘 큐빅십자수  DIY: 12번 돌고래 (액자별매)
3089789284,SELLBLOG,NORMAL,"좋아요 아이가 한다고 샀는데 잘만드네요..
다음에는 더큰걸 사서 해야 겠어요",2021-01-13T02:03:03.750+0000,STOREFARM,4,어린이 보석십자수 DIY 캐릭터 큐빅 비즈 지니맘 KC인증,지니맘 큐빅십자수  DIY: 15번 핑크 유니콘 (액자별매)
3099665238,SELLBLOG,NORMAL,아이들이 너무즐거워하네요,2021-01-25T13:47:25.184+0000,STOREFARM,5,어린이 보석십자수 DIY 캐릭터 큐빅 비즈 지니맘 KC인증,지니맘 큐빅십자수  DIY: 13번 별유니콘 (액자별매)
3078448541,SELLBLOG,NORMAL,"완성작 귀여울 거 같아요.
완성되면 사진 수정하러 올게요 ㅎ",2020-12-29T06:39:47.717+0000,STOREFARM,5,어린이 보석십자수 DIY 캐릭터 큐빅 비즈 지니맘 KC인증,지니맘 큐빅십자수  DIY: 26번 왕관 고양이(액자별매)
3081451611,SELLBLOG,NORMAL,"배송도  빠르고 
9살 아이가 너무 즐겁게 완성했습니다^^",2021-01-02T05:38:59.844+0000,STOREFARM,5,어린이 보석십자수 DIY 캐릭터 큐빅 비즈 지니맘 KC인증,지니맘 큐빅십자수  DIY: 1번 유니콘  (액자별매)
3081581358,SELLBLOG,NORMAL,애들이 좋아합니다 받자마자 열심히 하네요,2021-01-02T08:18:11.707+0000,STOREFARM,4,어린이 보석십자수 DIY 캐릭터 큐빅 비즈 지니맘 KC인증,지니맘 큐빅십자수  DIY: 1번 유니콘  (액자별매)
3086216866,SELLBLOG,NORMAL,좋아요 또 주문할려구요,2021-01-08T08:09:47.404+0000,STOREFARM,5,어린이 보석십자수 DIY 캐릭터 큐빅 비즈 지니맘 KC인증,지니맘 큐빅십자수  DIY: 29번 작은 유니콘(액자별매)
3079635661,SELLBLOG,NORMAL,이쁘고 큐빅도 반짝거리고 좋아요. 만족만족,2020-12-30T12:07:04.021+0000,STOREFARM,5,어린이 보석십자수 DIY 캐릭터 큐빅 비즈 지니맘 KC인증,지니맘 큐빅십자수  DIY: 31번 강아지2(액자별매)
3093995106,SELLBLOG,NORMAL,"아이들이 좋아해요.
큐빅십자수보다 예쁘게 되네요",2021-01-18T03:50:23.345+0000,STOREFARM,4,어린이 보석십자수 DIY 캐릭터 큐빅 비즈 지니맘 KC인증,지니맘 큐빅십자수  DIY: 1번 유니콘  (액자별매)
3098772882,SELLBLOG,NORMAL,아이가 아주 좋아하요 감사합니다,2021-01-24T06:26:52.634+0000,STOREFARM,5,어린이 보석십자수 DIY 캐릭터 큐빅 비즈 지니맘 KC인증,지니맘 큐빅십자수  DIY: 25번 강아지(액자별매)
3099118710,SELLBLOG,NORMAL,"두번째구매
아이들이 좋아해요",2021-01-24T22:32:52.711+0000,STOREFARM,4,어린이 보석십자수 DIY 캐릭터 큐빅 비즈 지니맘 KC인증,지니맘 큐빅십자수  DIY: 26번 뿔 돌고래(액자별매)
3099818241,SELLBLOG,NORMAL,가격 배송 품질. 모든게 백점,2021-01-26T01:23:40.534+0000,STOREFARM,5,어린이 보석십자수 DIY 캐릭터 큐빅 비즈 지니맘 KC인증,지니맘 큐빅십자수  DIY: 15번 핑크 유니콘 (액자별매)
3099818069,SELLBLOG,NORMAL,가격 배송 품질. 모든게 백점,2021-01-26T01:23:25.387+0000,STOREFARM,5,어린이 보석십자수 DIY 캐릭터 큐빅 비즈 지니맘 KC인증,지니맘 큐빅십자수  DIY: 1번 유니콘  (액자별매)
3078774990,SELLBLOG,NORMAL,단순한 그림인듯한데 큐빅이 반짝거리고 고급스러워 넘 예쁘네요,2020-12-29T12:13:56.375+0000,STOREFARM,5,어린이 보석십자수 DIY 캐릭터 큐빅 비즈 지니맘 KC인증,지니맘 큐빅십자수  DIY: 9번 겨울사슴 (액자별매)
3098954009,SELLBLOG,NORMAL,너무쉽게잘되어있어서좋아요,2021-01-24T12:12:01.350+0000,STOREFARM,5,어린이 보석십자수 DIY 캐릭터 큐빅 비즈 지니맘 KC인증,지니맘 큐빅십자수  DIY: 27번 왕관 고양이(액자별매)
3077672410,SELLBLOG,NORMAL,"초등 저학년이 혼자 할 수 있어서 좋아요
하고 나서 액자에 넣으니더 이쁘네요",2020-12-28T03:34:23.283+0000,STOREFARM,5,어린이 보석십자수 DIY 캐릭터 큐빅 비즈 지니맘 KC인증,지니맘 큐빅십자수  DIY: 24번 강아지(액자별매)
3065519217,SELLBLOG,NORMAL,안심할 수 있는 우체국 택배에 포장도 꼼꼼하고 너무 좋아요. 다른데서 몇 번 주문했었는데 진작 지니맘몰에서 주문할걸 하는 후회가 들 정도네요. 정말 최고입니다!!! 아이들과 재미있게 잘 만들께요~,2020-12-12T03:18:57.380+0000,STOREFARM,5,어린이 보석십자수 DIY 캐릭터 큐빅 비즈 지니맘 KC인증,지니맘 큐빅십자수  DIY: 16번 여우 (액자별매)
3083704053,SELLBLOG,NORMAL,"초등학교 고등학생 딸 다 좋아하네요
처음이라 일단 작은것 간단한걸로 시작하려고 주문했는데 초등3학년 아들 혼자서 쉽게 할수 있어 만족합니다~",2021-01-05T11:30:24.591+0000,STOREFARM,4,어린이 보석십자수 DIY 캐릭터 큐빅 비즈 지니맘 KC인증,지니맘 큐빅십자수  DIY: 20번 십자가 꽃 (액자별매)
3073885676,SELLBLOG,NORMAL,아이들 하는 것 보고 저도 옆에서 해봤는데 재미있네요^^  또 사러올 듯 합니다~~,2020-12-23T03:42:16.124+0000,STOREFARM,5,어린이 보석십자수 DIY 캐릭터 큐빅 비즈 지니맘 KC인증,지니맘 큐빅십자수  DIY: 17번 아기 유니콘 (액자별매)
3069009629,SELLBLOG,NORMAL,"비즈만 해보았는데,큐비십자수 완성하면 참 예쁠듯합니다.",2020-12-17T01:44:11.834+0000,STOREFARM,5,어린이 보석십자수 DIY 캐릭터 큐빅 비즈 지니맘 KC인증,지니맘 큐빅십자수  DIY: 9번 겨울사슴 (액자별매)
3077353147,SELLBLOG,NORMAL,"엄청 집중해서 , 단시간에 완성했어요. 액자에 넣으니
더 좋아요.",2020-12-27T12:38:56.323+0000,STOREFARM,4,어린이 보석십자수 DIY 캐릭터 큐빅 비즈 지니맘 KC인증,지니맘 큐빅십자수  DIY: 15번 핑크 유니콘 (액자별매)
3098954298,SELLBLOG,NORMAL,너무쉽게되어있어서좋아요,2021-01-24T12:12:26.866+0000,STOREFARM,5,어린이 보석십자수 DIY 캐릭터 큐빅 비즈 지니맘 KC인증,지니맘 큐빅십자수  DIY: 28번 하트 고양이(액자별매)
3080800359,SELLBLOG,NORMAL,아이가 재미있어 하고 완성하니깐 근사하네요.,2021-01-01T06:11:39.542+0000,STOREFARM,5,어린이 보석십자수 DIY 캐릭터 큐빅 비즈 지니맘 KC인증,지니맘 큐빅십자수  DIY: 28번 클로버 고양이(액자별매)
3081570418,SELLBLOG,NORMAL,보석도 넉넉하고 6살아이랑 시간보내기도 넘 좋아요.~~,2021-01-02T08:03:17.878+0000,STOREFARM,5,어린이 보석십자수 DIY 캐릭터 큐빅 비즈 지니맘 KC인증,지니맘 큐빅십자수  DIY: 1번 유니콘  (액자별매)
3097751632,SELLBLOG,NORMAL,딸이 너무 하고 싶어했던건데 기대되네요~~~,2021-01-22T14:59:39.529+0000,STOREFARM,5,어린이 보석십자수 DIY 캐릭터 큐빅 비즈 지니맘 KC인증,지니맘 큐빅십자수  DIY: 1번 유니콘  (액자별매)
3094501734,SELLBLOG,NORMAL,"쉽게 할 수 있어요
어른도 빠져듭니다 ㅎㅎ",2021-01-18T21:02:07.714+0000,STOREFARM,5,어린이 보석십자수 DIY 캐릭터 큐빅 비즈 지니맘 KC인증,지니맘 큐빅십자수  DIY: 11번 클로버 (액자별매)
3081789068,SELLBLOG,NORMAL,빠른발송에 제품도 좋은거같아요,2021-01-02T13:39:40.848+0000,STOREFARM,5,어린이 보석십자수 DIY 캐릭터 큐빅 비즈 지니맘 KC인증,지니맘 큐빅십자수  DIY: 28번 클로버 고양이(액자별매)
3085387783,SELLBLOG,NORMAL,7살 딸이 좋아해요,2021-01-07T09:37:11.305+0000,STOREFARM,5,어린이 보석십자수 DIY 캐릭터 큐빅 비즈 지니맘 KC인증,지니맘 큐빅십자수  DIY: 8번 꽃사슴 (액자별매)
3065831445,SELLBLOG,AFTER_USE,"일단 저는 어린이가 아니지만 입문용으로 사서 만들었었던,,ㅋㅋㅋ 액자까지 해서 전시해뒀는데 귀여워요ㅎㅎ 그리고 이번에 하나 더 살 겸 해서 또 들렀어용!! 사장님도 엄청 친절하십니다 많이 파세요&hearts;",2020-12-12T10:54:28.839+0000,STOREFARM,5,어린이 보석십자수 DIY 캐릭터 큐빅 비즈십자수 지니맘,
3099516641,SELLBLOG,NORMAL,아이가 너무 좋아합니다,2021-01-25T09:25:59.782+0000,STOREFARM,5,어린이 보석십자수 DIY 캐릭터 큐빅 비즈 지니맘 KC인증,지니맘 큐빅십자수  DIY: 13번 별유니콘 (액자별매)
3099516479,SELLBLOG,NORMAL,아이가 너무 좋아합니다,2021-01-25T09:25:39.416+0000,STOREFARM,5,어린이 보석십자수 DIY 캐릭터 큐빅 비즈 지니맘 KC인증,지니맘 큐빅십자수  DIY: 25번 뿔 돌고래(액자별매)
3099516354,SELLBLOG,NORMAL,아이가 너무 좋아합니다,2021-01-25T09:25:25.002+0000,STOREFARM,5,어린이 보석십자수 DIY 캐릭터 큐빅 비즈 지니맘 KC인증,지니맘 큐빅십자수  DIY: 8번 꽃사슴 (액자별매)
3079224027,SELLBLOG,NORMAL,도안 넘어까지 접착처리가 되어있어서 별하나 뺐어요,2020-12-30T04:27:02.084+0000,STOREFARM,4,어린이 보석십자수 DIY 캐릭터 큐빅 비즈 지니맘 KC인증,지니맘 큐빅십자수  DIY: 3번 분홍사슴 (액자별매)
3093979959,SELLBLOG,NORMAL,상품상태 좋아요! 즐겁게 놀이했습니다!,2021-01-18T03:33:01.376+0000,STOREFARM,5,어린이 보석십자수 DIY 캐릭터 큐빅 비즈 지니맘 KC인증,지니맘 큐빅십자수  DIY: 1번 유니콘  (액자별매)
3094351412,SELLBLOG,NORMAL,딸아이가 너무 좋아해요~~^^ 집중력 진짜 짱!,2021-01-18T12:15:46.483+0000,STOREFARM,5,어린이 보석십자수 DIY 캐릭터 큐빅 비즈 지니맘 KC인증,지니맘 큐빅십자수  DIY: 23번 행복(액자별매)
3094351106,SELLBLOG,NORMAL,딸아이가 너무 좋아해요~~^^ 집중력 진짜 짱!,2021-01-18T12:15:22.774+0000,STOREFARM,5,어린이 보석십자수 DIY 캐릭터 큐빅 비즈 지니맘 KC인증,지니맘 큐빅십자수  DIY: 5번  소녀1 (액자별매)
3076865009,SELLBLOG,NORMAL,상품 깔끔하게 잘 왔어요. 아이들 집중력 높아지겠어요~,2020-12-27T00:12:36.869+0000,STOREFARM,5,어린이 보석십자수 DIY 캐릭터 큐빅 비즈 지니맘 KC인증,지니맘 큐빅십자수  DIY: 13번 별유니콘 (액자별매)
3098496385,SELLBLOG,NORMAL,아이들이 금새 작품을 만드네요.,2021-01-23T16:04:38.908+0000,STOREFARM,4,어린이 보석십자수 DIY 캐릭터 큐빅 비즈 지니맘 KC인증,지니맘 큐빅십자수  DIY: 9번 겨울사슴 (액자별매)
3092982400,SELLBLOG,NORMAL,그림도 예쁘고 아이들이 하기도 어렵지.않아요 아이들이 너무 좋아해요,2021-01-16T13:15:15.167+0000,STOREFARM,5,어린이 보석십자수 DIY 캐릭터 큐빅 비즈 지니맘 KC인증,지니맘 큐빅십자수  DIY: 24번 돌고래 하트(액자별매)
3089817258,SELLBLOG,NORMAL,집중력도 좋을듯하구 좋네요 일단 다 완성되면 또 구매합니다,2021-01-13T02:40:58.060+0000,STOREFARM,4,어린이 보석십자수 DIY 캐릭터 큐빅 비즈 지니맘 KC인증,지니맘 큐빅십자수  DIY: 12번 돌고래 (액자별매)
3089469477,SELLBLOG,NORMAL,"집콕이라 답답한 아이들을 위해 주문요~
6살 딸내미 네잎클로버 샀는데 잘하네요",2021-01-12T12:39:44.907+0000,STOREFARM,5,어린이 보석십자수 DIY 캐릭터 큐빅 비즈 지니맘 KC인증,지니맘 큐빅십자수  DIY: 11번 클로버 (액자별매)
3079350261,SELLBLOG,NORMAL,효자템입니당~~받자마자 조용히 책상에 앉아서 잘하네요,2020-12-30T07:03:44.999+0000,STOREFARM,5,어린이 보석십자수 DIY 캐릭터 큐빅 비즈 지니맘 KC인증,지니맘 큐빅십자수  DIY: 25번 뿔 돌고래(액자별매)
3097124878,SELLBLOG,NORMAL,배송도 빠르고 큐빅도 넉넉하게 챙겨보내주셨어요~^^,2021-01-22T01:42:59.344+0000,STOREFARM,5,어린이 보석십자수 DIY 캐릭터 큐빅 비즈 지니맘 KC인증,지니맘 큐빅십자수  DIY: 8번 꽃사슴 (액자별매)
3098954506,SELLBLOG,NORMAL,너무쉽게잘되어있어요,2021-01-24T12:12:46.640+0000,STOREFARM,5,어린이 보석십자수 DIY 캐릭터 큐빅 비즈 지니맘 KC인증,지니맘 큐빅십자수  DIY: 9번 겨울사슴 (액자별매)
3097902932,SELLBLOG,NORMAL,"반짝반짝 아주 이쁘고, 아이들이 좋아해요",2021-01-23T01:52:25.973+0000,STOREFARM,5,어린이 보석십자수 DIY 캐릭터 큐빅 비즈 지니맘 KC인증,지니맘 큐빅십자수  DIY: 10번 안경토끼 (액자별매)
3092603252,SELLBLOG,NORMAL,사이즈도딱적당하고 집에만있는 아이들이 의욕적으로 할일이 생겨서 2일 즐거웠습니다.,2021-01-16T05:16:31.229+0000,STOREFARM,5,어린이 보석십자수 DIY 캐릭터 큐빅 비즈 지니맘 KC인증,지니맘 큐빅십자수  DIY: 15번 핑크 유니콘 (액자별매)
3096799276,SELLBLOG,NORMAL,가격대비 좋아요 시간때우기 최고예요,2021-01-21T11:48:04.798+0000,STOREFARM,5,어린이 보석십자수 DIY 캐릭터 큐빅 비즈 지니맘 KC인증,지니맘 큐빅십자수  DIY: 32번 강아지3(액자별매)
3074837675,SELLBLOG,NORMAL,시간 가는줄 모르고 하네요 아이들도 쉽게 할 수 있어서 좋아요,2020-12-24T02:44:13.703+0000,STOREFARM,5,어린이 보석십자수 DIY 캐릭터 큐빅 비즈 지니맘 KC인증,지니맘 큐빅십자수  DIY: 1번 유니콘  (액자별매)
3114428056,SELLBLOG,AFTER_USE,좋아요 좋아요 좋아요,2021-02-17T13:17:11.114+0000,STOREFARM,4,어린이 보석십자수 DIY 캐릭터 큐빅 비즈 지니맘 KC인증,지니맘 큐빅십자수  DIY: 10번 안경토끼 (액자별매)
3079090889,SELLBLOG,NORMAL,이쁠 것 같아요. 저렴하게 잘 샀어요,2020-12-30T01:11:25.574+0000,STOREFARM,4,어린이 보석십자수 DIY 캐릭터 큐빅 비즈 지니맘 KC인증,지니맘 큐빅십자수  DIY: 9번 겨울사슴 (액자별매)
3079090677,SELLBLOG,NORMAL,이쁠 것 같아요. 저렴하게 잘 샀어요,2020-12-30T01:11:04.145+0000,STOREFARM,4,어린이 보석십자수 DIY 캐릭터 큐빅 비즈 지니맘 KC인증,지니맘 큐빅십자수  DIY: 4번 홍학 (액자별매)
3079090443,SELLBLOG,NORMAL,이쁠 것 같아요. 저렴하게 잘 샀어요,2020-12-30T01:10:40.891+0000,STOREFARM,4,어린이 보석십자수 DIY 캐릭터 큐빅 비즈 지니맘 KC인증,지니맘 큐빅십자수  DIY: 11번 클로버 (액자별매)
3092604271,SELLBLOG,NORMAL,아이들이 즐겁게 2일동안 폭 빠져서 즐겁게 보냈습니다~~~ 다 완성되니 이쁜 작품이 하나 생겼네요~~,2021-01-16T05:17:38.671+0000,STOREFARM,5,어린이 보석십자수 DIY 캐릭터 큐빅 비즈 지니맘 KC인증,지니맘 큐빅십자수  DIY: 19번 아이스크림 (액자별매)
3083325140,SELLBLOG,NORMAL,결과물이 너무예쁘고 집중력향상에좋아요.집에서 온라인학습하고나서 짬짬히하고있습니다.방학때도 주문하려구요 많이파세요,2021-01-05T04:25:42.042+0000,STOREFARM,5,어린이 보석십자수 DIY 캐릭터 큐빅 비즈 지니맘 KC인증,지니맘 큐빅십자수  DIY: 27번 하트 고양이(액자별매)
3083325019,SELLBLOG,NORMAL,결과물이 너무예쁘고 집중력향상에좋아요.집에서 온라인학습하고나서 짬짬히하고있습니다.방학때도 주문하려구요 많이파세요,2021-01-05T04:25:31.018+0000,STOREFARM,5,어린이 보석십자수 DIY 캐릭터 큐빅 비즈 지니맘 KC인증,지니맘 큐빅십자수  DIY: 30번 강아지1(액자별매)
3091550946,SELLBLOG,NORMAL,"두번째 구매예요
원두 향도 좋고 맛도 좋습니다
원두에 대한 설명이 자세한편이여서 고르기 좋아요~~^^",2021-01-15T01:11:25.185+0000,STOREFARM,5,어린이 보석십자수 DIY 캐릭터 큐빅 비즈 지니맘 KC인증,지니맘 큐빅십자수  DIY: 17번 아기 유니콘 (액자별매)
3098655564,SELLBLOG,NORMAL,"비즈색이 아주
예쁘네요  마음에 들어요~~^^",2021-01-24T03:08:21.894+0000,STOREFARM,5,어린이 보석십자수 DIY 캐릭터 큐빅 비즈 지니맘 KC인증,지니맘 큐빅십자수  DIY: 6번 소녀2 (액자별매)
3085206975,SELLBLOG,NORMAL,빤짝빤짝 큐빅이 좋아요^^,2021-01-07T06:13:17.844+0000,STOREFARM,5,어린이 보석십자수 DIY 캐릭터 큐빅 비즈 지니맘 KC인증,지니맘 큐빅십자수  DIY: 23번 돌고래 하트(액자별매)
3095662709,SELLBLOG,NORMAL,조카선물로 딸아이가 골라 같이 주문했어요,2021-01-20T06:07:12.705+0000,STOREFARM,4,어린이 보석십자수 DIY 캐릭터 큐빅 비즈 지니맘 KC인증,지니맘 큐빅십자수  DIY: 27번 왕관 고양이(액자별매)
3079371055,SELLBLOG,NORMAL,이틀만에 하나하고 하나 하고있어요~~~좋아해요,2020-12-30T07:26:12.250+0000,STOREFARM,5,어린이 보석십자수 DIY 캐릭터 큐빅 비즈 지니맘 KC인증,지니맘 큐빅십자수  DIY: 14번 부엉이 (액자별매)
3113851649,SELLBLOG,NORMAL,좋아요 좋아요 좋아요,2021-02-17T03:01:26.240+0000,STOREFARM,5,어린이 보석십자수 DIY 캐릭터 큐빅 비즈 지니맘 KC인증,지니맘 큐빅십자수  DIY: 19번 아이스크림 (액자별매)
3105268133,SELLBLOG,NORMAL,좋아용~~~~~~~,2021-02-02T11:22:04.261+0000,STOREFARM,5,어린이 보석십자수 DIY 캐릭터 큐빅 비즈 지니맘 KC인증,지니맘 큐빅십자수  DIY: 29번 클로버 고양이(액자별매)
3079599740,SELLBLOG,NORMAL,아이가 집중도 잘하고 시간보내기도 너무좋아요..,2020-12-30T11:31:13.581+0000,STOREFARM,5,어린이 보석십자수 DIY 캐릭터 큐빅 비즈 지니맘 KC인증,지니맘 큐빅십자수  DIY: 27번 하트 고양이(액자별매)
3092602407,SELLBLOG,NORMAL,집콕중인 아이들이 2일 재미있게보냈고 이쁜 액자가 하나 생겨서 좋습니다~,2021-01-16T05:15:32.973+0000,STOREFARM,5,어린이 보석십자수 DIY 캐릭터 큐빅 비즈 지니맘 KC인증,지니맘 큐빅십자수  DIY: 26번 뿔 돌고래(액자별매)
3093067933,SELLBLOG,NORMAL,생각보다 오래걸리네요 액자에 왼성하니예뻐요ㅔ,2021-01-16T15:29:38.776+0000,STOREFARM,4,어린이 보석십자수 DIY 캐릭터 큐빅 비즈 지니맘 KC인증,지니맘 큐빅십자수  DIY: 1번 유니콘  (액자별매)
3098588868,SELLBLOG,NORMAL,아이가 많이 좋아합니다,2021-01-24T01:19:41.933+0000,STOREFARM,5,어린이 보석십자수 DIY 캐릭터 큐빅 비즈 지니맘 KC인증,지니맘 큐빅십자수  DIY: 13번 별유니콘 (액자별매)
3090350233,SELLBLOG,NORMAL,"아이들이 너무 좋아하네요~
보관함 품절이라 구입 못해서 아쉬워요;;",2021-01-13T12:31:13.191+0000,STOREFARM,5,어린이 보석십자수 DIY 캐릭터 큐빅 비즈 지니맘 KC인증,지니맘 큐빅십자수  DIY: 28번 클로버 고양이(액자별매)
3062752173,SELLBLOG,NORMAL,"비즈가 반짝반짝 너무 예뻐요..
아이와 처음 부엉이, 유니콘 사서 같이 했는데 넘 잘해서 또 구매했어요..
비즈가 여유있게 들어있어서 남은 비즈는 아이와 미술놀이 할때 쓰곤 했어요..
이번에 4개 구매했는데 액자도 꼼꼼히 포장되어 왔네요..
8살 딸은 물론 6살 아들도 잘해요...^^",2020-12-08T10:13:45.847+0000,STOREFARM,5,어린이 보석십자수 DIY 캐릭터 큐빅 비즈 지니맘 KC인증,지니맘 큐빅십자수  DIY: 5번  소녀1 (액자별매)
3081977902,SELLBLOG,NORMAL,애들이 좋아해서 재구매 했어요~^^,2021-01-03T02:19:25.440+0000,STOREFARM,5,어린이 보석십자수 DIY 캐릭터 큐빅 비즈 지니맘 KC인증,지니맘 큐빅십자수  DIY: 8번 꽃사슴 (액자별매)
3081977551,SELLBLOG,NORMAL,애들이 좋아해서 재구매 했어요~^^,2021-01-03T02:18:54.056+0000,STOREFARM,5,어린이 보석십자수 DIY 캐릭터 큐빅 비즈 지니맘 KC인증,지니맘 큐빅십자수  DIY: 16번 여우 (액자별매)
3081977128,SELLBLOG,NORMAL,애들이 좋아해서 재구매 했어요~^^,2021-01-03T02:18:16.093+0000,STOREFARM,5,어린이 보석십자수 DIY 캐릭터 큐빅 비즈 지니맘 KC인증,지니맘 큐빅십자수  DIY: 17번 아기 유니콘 (액자별매)
3096836271,SELLBLOG,NORMAL,재구매한건데 애들도 좋아하고 예쁘네요~~^^,2021-01-21T12:29:21.985+0000,STOREFARM,5,어린이 보석십자수 DIY 캐릭터 큐빅 비즈 지니맘 KC인증,지니맘 큐빅십자수  DIY: 15번 핑크 유니콘 (액자별매)
3097103726,SELLBLOG,NORMAL,배송도 빠르고 아이가 엄청 좋아해요^^,2021-01-22T01:14:52.289+0000,STOREFARM,5,어린이 보석십자수 DIY 캐릭터 큐빅 비즈 지니맘 KC인증,지니맘 큐빅십자수  DIY: 26번 뿔 돌고래(액자별매)
3098531862,SELLBLOG,NORMAL,배송빠르고좋아요최고,2021-01-23T20:07:00.345+0000,STOREFARM,5,어린이 보석십자수 DIY 캐릭터 큐빅 비즈 지니맘 KC인증,지니맘 큐빅십자수  DIY: 10번 안경토끼 (액자별매)
3098531811,SELLBLOG,NORMAL,배송빠르고좋아요최고,2021-01-23T20:05:59.548+0000,STOREFARM,5,어린이 보석십자수 DIY 캐릭터 큐빅 비즈 지니맘 KC인증,지니맘 큐빅십자수  DIY: 13번 별유니콘 (액자별매)
3105267817,SELLBLOG,NORMAL,좋아용~~~~~~~~,2021-02-02T11:21:42.861+0000,STOREFARM,5,어린이 보석십자수 DIY 캐릭터 큐빅 비즈 지니맘 KC인증,지니맘 큐빅십자수  DIY: 25번 강아지(액자별매)
3079018612,SELLBLOG,NORMAL,귀엽고 예쁘네요. 아이도 저도 재밌어요,2020-12-29T22:17:39.877+0000,STOREFARM,5,어린이 보석십자수 DIY 캐릭터 큐빅 비즈 지니맘 KC인증,지니맘 큐빅십자수  DIY: 32번 강아지3(액자별매)
3099227341,SELLBLOG,NORMAL,빠른 배송 감사합니다.,2021-01-25T02:14:04.623+0000,STOREFARM,5,어린이 보석십자수 DIY 캐릭터 큐빅 비즈 지니맘 KC인증,지니맘 큐빅십자수  DIY: 15번 핑크 유니콘 (액자별매)
3097103914,SELLBLOG,NORMAL,배송도 빠르고 아이가 좋아해요,2021-01-22T01:15:08.353+0000,STOREFARM,5,어린이 보석십자수 DIY 캐릭터 큐빅 비즈 지니맘 KC인증,지니맘 큐빅십자수  DIY: 25번 강아지(액자별매)
3081471913,SELLBLOG,NORMAL,선물했는데 너무좋아하네요,2021-01-02T06:02:42.559+0000,STOREFARM,5,어린이 보석십자수 DIY 캐릭터 큐빅 비즈 지니맘 KC인증,지니맘 큐빅십자수  DIY: 23번 돌고래 하트(액자별매)
3069521401,SELLBLOG,NORMAL,"배송,  상태,  그대로에요 굿!!",2020-12-17T12:02:14.821+0000,STOREFARM,5,어린이 보석십자수 DIY 캐릭터 큐빅 비즈 지니맘 KC인증,지니맘 큐빅십자수  DIY: 27번 하트 고양이(액자별매)
3077974045,SELLBLOG,NORMAL,생각보다 오래걸리지만 시간때우기용으로 최고입니다,2020-12-28T11:39:44.196+0000,STOREFARM,5,어린이 보석십자수 DIY 캐릭터 큐빅 비즈 지니맘 KC인증,지니맘 큐빅십자수  DIY: 17번 아기 유니콘 (액자별매)
3093979614,SELLBLOG,NORMAL,즐거운 시간 보냈어요! 상품 상태 좋아요!,2021-01-18T03:32:38.509+0000,STOREFARM,5,어린이 보석십자수 DIY 캐릭터 큐빅 비즈 지니맘 KC인증,지니맘 큐빅십자수  DIY: 14번 부엉이 (액자별매)
3081977470,SELLBLOG,NORMAL,빠른배송만족합니다 눗,2021-01-03T02:18:46.704+0000,STOREFARM,5,어린이 보석십자수 DIY 캐릭터 큐빅 비즈 지니맘 KC인증,지니맘 큐빅십자수  DIY: 1번 유니콘  (액자별매)
3079730237,SELLBLOG,NORMAL,"퀄러티도 좋고 8살 딸아이가 너무 만족해해요. 오늘 2개 받았는데 1개반을 만들어버려 지금 4개 추가 주문했어요.
이럴줄 알았음 첨부터 넉넉히 주문할껄 그랬어요. 큭.
또 금새? 해버리고 더 사달라 할까봐 걱정?이네요. ㅎㅎ",2020-12-30T13:44:53.632+0000,STOREFARM,5,어린이 보석십자수 DIY 캐릭터 큐빅 비즈 지니맘 KC인증,지니맘 큐빅십자수  DIY: 1번 유니콘  (액자별매)
3113328429,SELLBLOG,AFTER_USE,좋아요좋아요좋아요좋아요,2021-02-16T10:15:51.831+0000,STOREFARM,5,어린이 보석십자수 DIY 캐릭터 큐빅 비즈 지니맘 KC인증,지니맘 큐빅십자수  DIY: 14번 부엉이 (액자별매)
3086169846,SELLBLOG,NORMAL,초1 아이 ~ 몇일째... 초 집중 ㅋㅋ,2021-01-08T07:22:37.640+0000,STOREFARM,5,어린이 보석십자수 DIY 캐릭터 큐빅 비즈 지니맘 KC인증,지니맘 큐빅십자수  DIY: 23번 돌고래 하트(액자별매)
3076270331,SELLBLOG,NORMAL,딸아이랑 같이 해보니 집중력도 길러지는거 같고 만들어보니 너무 예쁘네요,2020-12-26T04:09:01.512+0000,STOREFARM,5,어린이 보석십자수 DIY 캐릭터 큐빅 비즈 지니맘 KC인증,지니맘 큐빅십자수  DIY: 24번 강아지(액자별매)
3098588574,SELLBLOG,NORMAL,아이가 많이 좋아합니다.,2021-01-24T01:19:11.630+0000,STOREFARM,5,어린이 보석십자수 DIY 캐릭터 큐빅 비즈 지니맘 KC인증,지니맘 큐빅십자수  DIY: 14번 부엉이 (액자별매)
3093600731,SELLBLOG,NORMAL,딸아이가 졸라서 구매했는는데 반짝반짝 예쁘고 넘 재밌어하네요^^,2021-01-17T11:48:16.582+0000,STOREFARM,5,어린이 보석십자수 DIY 캐릭터 큐빅 비즈 지니맘 KC인증,지니맘 큐빅십자수  DIY: 25번 뿔 돌고래(액자별매)
3095426049,SELLBLOG,NORMAL,좋아요 재구매 의사 있어요,2021-01-20T00:28:25.300+0000,STOREFARM,5,어린이 보석십자수 DIY 캐릭터 큐빅 비즈 지니맘 KC인증,지니맘 큐빅십자수  DIY: 25번 강아지(액자별매)
3095425936,SELLBLOG,NORMAL,좋아요 재구매 의사 있어요,2021-01-20T00:28:14.002+0000,STOREFARM,5,어린이 보석십자수 DIY 캐릭터 큐빅 비즈 지니맘 KC인증,지니맘 큐빅십자수  DIY: 10번 안경토끼 (액자별매)
3095425830,SELLBLOG,NORMAL,좋아요 재구매 의사 있어요,2021-01-20T00:28:03.139+0000,STOREFARM,5,어린이 보석십자수 DIY 캐릭터 큐빅 비즈 지니맘 KC인증,지니맘 큐빅십자수  DIY: 6번 소녀2 (액자별매)
3095425703,SELLBLOG,NORMAL,좋아요 재구매 의사 있어요,2021-01-20T00:27:52.080+0000,STOREFARM,5,어린이 보석십자수 DIY 캐릭터 큐빅 비즈 지니맘 KC인증,지니맘 큐빅십자수  DIY: 3번 분홍사슴 (액자별매)
3095425593,SELLBLOG,NORMAL,좋아요 재구매 의사 있어요,2021-01-20T00:27:40.764+0000,STOREFARM,5,어린이 보석십자수 DIY 캐릭터 큐빅 비즈 지니맘 KC인증,지니맘 큐빅십자수  DIY: 1번 유니콘  (액자별매)
3080202183,SELLBLOG,NORMAL,초1  아이가  하면서 이쁘다고 좋아하네요,2020-12-31T07:38:43.411+0000,STOREFARM,5,어린이 보석십자수 DIY 캐릭터 큐빅 비즈 지니맘 KC인증,지니맘 큐빅십자수  DIY: 23번 돌고래 하트(액자별매)
3090511713,SELLBLOG,NORMAL,"아이가 너무좋아해요
포장도 꼼꼼하고
재구매의사있어요",2021-01-13T15:47:01.514+0000,STOREFARM,4,어린이 보석십자수 DIY 캐릭터 큐빅 비즈 지니맘 KC인증,지니맘 큐빅십자수  DIY: 28번 하트 고양이(액자별매)
3093889687,SELLBLOG,NORMAL,이이든이좋이해요디사주께요,2021-01-18T01:45:18.685+0000,STOREFARM,5,어린이 보석십자수 DIY 캐릭터 큐빅 비즈 지니맘 KC인증,지니맘 큐빅십자수  DIY: 10번 안경토끼 (액자별매)
3087846702,SELLBLOG,NORMAL,하루동안 집중하고 다해버리고 액자까지해놨내요 울아이집중력 최고내요,2021-01-10T11:26:09.456+0000,STOREFARM,5,어린이 보석십자수 DIY 캐릭터 큐빅 비즈 지니맘 KC인증,지니맘 큐빅십자수  DIY: 1번 유니콘  (액자별매)
3095599781,SELLBLOG,NORMAL,배송도빠르고 상품도 파손된거없이 좋아요,2021-01-20T04:46:42.548+0000,STOREFARM,5,어린이 보석십자수 DIY 캐릭터 큐빅 비즈 지니맘 KC인증,지니맘 큐빅십자수  DIY: 24번 강아지(액자별매)
3081740173,SELLBLOG,NORMAL,예쁘고 아이가 좋아해요,2021-01-02T12:22:21.478+0000,STOREFARM,5,어린이 보석십자수 DIY 캐릭터 큐빅 비즈 지니맘 KC인증,지니맘 큐빅십자수  DIY: 13번 별유니콘 (액자별매)
3079314754,SELLBLOG,NORMAL,그림이 예쁘고 가볍게 시간보내기 좋네이,2020-12-30T06:24:00.288+0000,STOREFARM,5,어린이 보석십자수 DIY 캐릭터 큐빅 비즈 지니맘 KC인증,지니맘 큐빅십자수  DIY: 9번 겨울사슴 (액자별매)
3095466529,SELLBLOG,NORMAL,"코로나때문ㅇㅔ 집콕인데ㅜㅜ 물건잘받았어요
초1  잘갖고노네요~~~",2021-01-20T01:33:10.585+0000,STOREFARM,5,어린이 보석십자수 DIY 캐릭터 큐빅 비즈 지니맘 KC인증,지니맘 큐빅십자수  DIY: 19번 아이스크림 (액자별매)
3090633107,SELLBLOG,NORMAL,아주 재미있어요 친구따라삿는데 굿이에요,2021-01-14T00:42:10.371+0000,STOREFARM,5,어린이 보석십자수 DIY 캐릭터 큐빅 비즈 지니맘 KC인증,지니맘 큐빅십자수  DIY: 25번 강아지(액자별매)
3066460915,SELLBLOG,NORMAL,"좋아요.시간잘가구
자수하다다른일할태.보석을.자꾸엎어요.^^;;
할머니랑하려고샀는데 큰것 몇개하고안보이신다고 더 하시고싶은데 못하셨요.
실버(노인.시니어)보석십자수찾아봤는데없네요
노인분들도하실수 있게 큰보석으로 예쁜도안만들면 고령화시대에 효도선물로좋고
노인분들성취감느낄때도없는데 정서적으로좋을듯해요.꼭만들어주세요^^
지금보석최고크기보다조금. 더커야하고
도안도 검은색진하게잘보이게표시됨
잘보이실꺼예요",2020-12-13T11:43:37.210+0000,STOREFARM,4,어린이 보석십자수 DIY 캐릭터 큐빅 비즈 지니맘 KC인증,지니맘 큐빅십자수  DIY: 3번 분홍사슴 (액자별매)
3095472942,SELLBLOG,NORMAL,포장도 꼼꼼히 빠진거없이 다왔어요,2021-01-20T01:42:43.307+0000,STOREFARM,5,어린이 보석십자수 DIY 캐릭터 큐빅 비즈 지니맘 KC인증,지니맘 큐빅십자수  DIY: 28번 하트 고양이(액자별매)
3095472721,SELLBLOG,NORMAL,포장도 꼼꼼히 빠진거없이 다왔어요,2021-01-20T01:42:23.547+0000,STOREFARM,5,어린이 보석십자수 DIY 캐릭터 큐빅 비즈 지니맘 KC인증,지니맘 큐빅십자수  DIY: 9번 겨울사슴 (액자별매)
3075642246,SELLBLOG,NORMAL,"크리스마스선물 딸친구에게 선물 했어요.
좋아할지 모르겠네요.",2020-12-25T04:08:07.527+0000,STOREFARM,3,어린이 보석십자수 DIY 캐릭터 큐빅 비즈 지니맘 KC인증,지니맘 큐빅십자수  DIY: 27번 하트 고양이(액자별매)
3095467191,SELLBLOG,NORMAL,포장도 꼼꼼히 빠진거없이 다왔어요,2021-01-20T01:34:08.859+0000,STOREFARM,5,어린이 보석십자수 DIY 캐릭터 큐빅 비즈 지니맘 KC인증,지니맘 큐빅십자수  DIY: 17번 아기 유니콘 (액자별매)
3095467017,SELLBLOG,NORMAL,포장도 꼼꼼히 빠진거없이 다왔어요,2021-01-20T01:33:54.475+0000,STOREFARM,5,어린이 보석십자수 DIY 캐릭터 큐빅 비즈 지니맘 KC인증,지니맘 큐빅십자수  DIY: 19번 아이스크림 (액자별매)
3095466414,SELLBLOG,NORMAL,포장도 꼼꼼히 빠진거없이 다왔어요,2021-01-20T01:33:00.873+0000,STOREFARM,5,어린이 보석십자수 DIY 캐릭터 큐빅 비즈 지니맘 KC인증,지니맘 큐빅십자수  DIY: 23번 행복(액자별매)
3087950142,SELLBLOG,NORMAL,"작은 액자밖에 없어서 아쉬워요.
하루만에 끝내고 큰사이즈 주문하려니 없네요ㅠㅠ",2021-01-10T13:59:33.949+0000,STOREFARM,5,어린이 보석십자수 DIY 캐릭터 큐빅 비즈 지니맘 KC인증,지니맘 큐빅십자수  DIY: 1번 유니콘  (액자별매)
3090788660,SELLBLOG,NORMAL,아이들 집콕 시간 보내기 너무 좋아요 집중 짱!,2021-01-14T03:43:09.349+0000,STOREFARM,5,어린이 보석십자수 DIY 캐릭터 큐빅 비즈 지니맘 KC인증,지니맘 큐빅십자수  DIY: 24번 강아지(액자별매)
3067767798,SELLBLOG,NORMAL,"제가 집에서 취미로 보석십자수를 하고 있는데 아이들도 하고싶어 하길래 찾아보다가 귀엽고 예뻐서 주문했어요.
아이들이 너무 좋아하네요^^",2020-12-15T10:32:22.463+0000,STOREFARM,5,어린이 보석십자수 DIY 캐릭터 큐빅 비즈 지니맘 KC인증,지니맘 큐빅십자수  DIY: 13번 별유니콘 (액자별매)
3067767282,SELLBLOG,NORMAL,"제가 집에서 취미로 보석십자수를 하고 있는데 아이들도 하고싶어 하길래 찾아보다가 귀엽고 예뻐서 주문했어요.
아이들이 너무 좋아하네요^^",2020-12-15T10:31:51.872+0000,STOREFARM,5,어린이 보석십자수 DIY 캐릭터 큐빅 비즈 지니맘 KC인증,지니맘 큐빅십자수  DIY: 12번 돌고래 (액자별매)
3067766786,SELLBLOG,NORMAL,"제가 집에서 취미로 보석십자수를 하고 있는데 아이들도 하고싶어 하길래 찾아보다가 귀엽고 예뻐서 주문했어요.
아이들이 너무 좋아하네요^^",2020-12-15T10:31:20.456+0000,STOREFARM,5,어린이 보석십자수 DIY 캐릭터 큐빅 비즈 지니맘 KC인증,지니맘 큐빅십자수  DIY: 14번 부엉이 (액자별매)
3067766351,SELLBLOG,NORMAL,"제가 집에서 취미로 보석십자수를 하고 있는데 아이들도 하고싶어 하길래 찾아보다가 귀엽고 예뻐서 주문했어요.
아이들이 너무 좋아하네요^^",2020-12-15T10:30:49.929+0000,STOREFARM,5,어린이 보석십자수 DIY 캐릭터 큐빅 비즈 지니맘 KC인증,지니맘 큐빅십자수  DIY: 25번 뿔 돌고래(액자별매)
3091348961,SELLBLOG,AFTER_USE,완성작품 보니 뿌듯하네요.액자에 끼웠습니다^^,2021-01-14T14:01:04.686+0000,STOREFARM,4,어린이 보석십자수 DIY 캐릭터 큐빅 비즈 지니맘 KC인증,지니맘 큐빅십자수  DIY: 6번 소녀2 (액자별매)
3096944923,SELLBLOG,NORMAL,"애들이 좋아해요,
방학동안 잘 만들듯요",2021-01-21T14:46:31.488+0000,STOREFARM,5,어린이 보석십자수 DIY 캐릭터 큐빅 비즈 지니맘 KC인증,지니맘 큐빅십자수  DIY: 25번 뿔 돌고래(액자별매)
3078763836,SELLBLOG,NORMAL,"예쁜것도 예쁜거구요
아이 집중력에도 도움이 되네요",2020-12-29T12:03:42.944+0000,STOREFARM,5,어린이 보석십자수 DIY 캐릭터 큐빅 비즈 지니맘 KC인증,지니맘 큐빅십자수  DIY: 1번 유니콘  (액자별매)
3094173384,SELLBLOG,NORMAL,아이들 시간가는줄 모르고 잘하네요 좋습니다,2021-01-18T07:26:04.536+0000,STOREFARM,5,어린이 보석십자수 DIY 캐릭터 큐빅 비즈 지니맘 KC인증,지니맘 큐빅십자수  DIY: 31번 빨간리본(액자별매)
3091219468,SELLBLOG,NORMAL,색감도 예쁘고 아이들이 하기에도 부담도 없고 집중해서 아주 잘하고 있습니다,2021-01-14T11:45:16.385+0000,STOREFARM,5,어린이 보석십자수 DIY 캐릭터 큐빅 비즈 지니맘 KC인증,지니맘 큐빅십자수  DIY: 8번 꽃사슴 (액자별매)
3080027971,SELLBLOG,NORMAL,잘받았습니다 믿고 주문했습니다,2020-12-31T03:36:28.961+0000,STOREFARM,5,어린이 보석십자수 DIY 캐릭터 큐빅 비즈 지니맘 KC인증,지니맘 큐빅십자수  DIY: 13번 별유니콘 (액자별매)
3080027352,SELLBLOG,NORMAL,잘받았습니다 믿고 주문했습니다,2020-12-31T03:35:31.918+0000,STOREFARM,5,어린이 보석십자수 DIY 캐릭터 큐빅 비즈 지니맘 KC인증,지니맘 큐빅십자수  DIY: 30번 강아지1(액자별매)
3096046145,SELLBLOG,NORMAL,"재미나게 하고있어요
애들도 좋아하구요",2021-01-20T13:12:21.439+0000,STOREFARM,4,어린이 보석십자수 DIY 캐릭터 큐빅 비즈 지니맘 KC인증,지니맘 큐빅십자수  DIY: 9번 겨울사슴 (액자별매)
3096045889,SELLBLOG,NORMAL,"재미나게 하고있어요
애들도 좋아하구요",2021-01-20T13:12:04.989+0000,STOREFARM,4,어린이 보석십자수 DIY 캐릭터 큐빅 비즈 지니맘 KC인증,지니맘 큐빅십자수  DIY: 23번 행복(액자별매)
3096045620,SELLBLOG,NORMAL,"재미나게 하고있어요
애들도 좋아하구요",2021-01-20T13:11:48.587+0000,STOREFARM,4,어린이 보석십자수 DIY 캐릭터 큐빅 비즈 지니맘 KC인증,지니맘 큐빅십자수  DIY: 17번 아기 유니콘 (액자별매)
3096045406,SELLBLOG,NORMAL,"재미나게 하고있어요
애들도 좋아하구요",2021-01-20T13:11:32.975+0000,STOREFARM,4,어린이 보석십자수 DIY 캐릭터 큐빅 비즈 지니맘 KC인증,지니맘 큐빅십자수  DIY: 13번 별유니콘 (액자별매)
3096044575,SELLBLOG,NORMAL,"재미나게 하고있어요
애들도 좋아하구요",2021-01-20T13:10:37.907+0000,STOREFARM,4,어린이 보석십자수 DIY 캐릭터 큐빅 비즈 지니맘 KC인증,지니맘 큐빅십자수  DIY: 8번 꽃사슴 (액자별매)
3065751137,SELLBLOG,NORMAL,아이들이 일어날 생각을 안하고 열심히 해서 완성했네요. 너무 예뻐요~ 코로나로 집에 있는 시간이 많은데 보석십자수 덕분에 알차게 재미있게 보냈습니다^^,2020-12-12T08:48:30.927+0000,STOREFARM,5,어린이 보석십자수 DIY 캐릭터 큐빅 비즈 지니맘 KC인증,지니맘 큐빅십자수  DIY: 8번 꽃사슴 (액자별매)
3087686408,SELLBLOG,AFTER_USE,아이들 두번정도 구매해서 하기엔 딱 좋아요 감사해요고생하십다,2021-01-10T06:45:20.618+0000,STOREFARM,5,어린이 보석십자수  교회 큐빅 비즈 지니맘 KC인증,지니맘 큐빅십자수  DIY: 7번 사자 (액자별매)
3079880163,SELLBLOG,NORMAL,"빠른배송이고
아이들과 잘할께요",2020-12-30T23:08:04.307+0000,STOREFARM,5,어린이 보석십자수 DIY 캐릭터 큐빅 비즈 지니맘 KC인증,지니맘 큐빅십자수  DIY: 1번 유니콘  (액자별매)
3073897342,SELLBLOG,NORMAL,"거의 제가 하긴 했지만ㅋㅋㅋ
그래도 아이들이 재미있어하고
해놓으니까 반짝반짝 예쁘고 아주 좋아요ㅋㅋ",2020-12-23T03:56:40.271+0000,STOREFARM,5,어린이 보석십자수 DIY 캐릭터 큐빅 비즈 지니맘 KC인증,지니맘 큐빅십자수  DIY: 24번 강아지(액자별매)
3097531787,SELLBLOG,NORMAL,아이가 재미있게 해요,2021-01-22T09:37:24.490+0000,STOREFARM,5,어린이 보석십자수 DIY 캐릭터 큐빅 비즈 지니맘 KC인증,지니맘 큐빅십자수  DIY: 9번 겨울사슴 (액자별매)
3078432771,SELLBLOG,NORMAL,배송잘왔고ㅡ딸아이가잘만들었슴함,2020-12-29T06:22:26.588+0000,STOREFARM,4,어린이 보석십자수 DIY 캐릭터 큐빅 비즈 지니맘 KC인증,지니맘 큐빅십자수  DIY: 13번 별유니콘 (액자별매)
3076138063,SELLBLOG,NORMAL,아이들이 좋아해요 이쁘고   잘 만들어요,2020-12-26T00:53:56.382+0000,STOREFARM,4,어린이 보석십자수 DIY 캐릭터 큐빅 비즈 지니맘 KC인증,지니맘 큐빅십자수  DIY: 3번 분홍사슴 (액자별매)
3076137834,SELLBLOG,NORMAL,아이들이 좋아해요 이쁘고   잘 만들어요,2020-12-26T00:53:26.303+0000,STOREFARM,4,어린이 보석십자수 DIY 캐릭터 큐빅 비즈 지니맘 KC인증,지니맘 큐빅십자수  DIY: 9번 겨울사슴 (액자별매)
3076137535,SELLBLOG,NORMAL,아이들이 좋아해요 이쁘고   잘 만들어요,2020-12-26T00:52:47.786+0000,STOREFARM,4,어린이 보석십자수 DIY 캐릭터 큐빅 비즈 지니맘 KC인증,지니맘 큐빅십자수  DIY: 1번 유니콘  (액자별매)
3076129677,SELLBLOG,NORMAL,아이들이 좋아해요 이쁘고   잘 만들어요,2020-12-26T00:35:21.008+0000,STOREFARM,5,어린이 보석십자수 DIY 캐릭터 큐빅 비즈 지니맘 KC인증,지니맘 큐빅십자수  DIY: 26번 왕관 고양이(액자별매)
3079264107,SELLBLOG,NORMAL,보석십자수 하기도 쉽고 재미있어요~,2020-12-30T05:22:38.097+0000,STOREFARM,5,어린이 보석십자수 DIY 캐릭터 큐빅 비즈 지니맘 KC인증,지니맘 큐빅십자수  DIY: 8번 꽃사슴 (액자별매)
3096145729,SELLBLOG,AFTER_USE,완성하고 보니 반짝반짝 너무 예쁘네용,2021-01-20T15:22:55.989+0000,STOREFARM,5,어린이 보석십자수 DIY 캐릭터 큐빅 비즈 지니맘 KC인증,지니맘 큐빅십자수  DIY: 19번 아이스크림 (액자별매)
3097838712,SELLBLOG,NORMAL,아이가 너무좋아해요.,2021-01-22T23:45:04.674+0000,STOREFARM,5,어린이 보석십자수 DIY 캐릭터 큐빅 비즈 지니맘 KC인증,지니맘 큐빅십자수  DIY: 13번 별유니콘 (액자별매)
3088781502,SELLBLOG,NORMAL,아이가 심심해해서 사줬더니 하루에 다 해버리네요ㅋ 예뻐요~,2021-01-11T20:28:20.430+0000,STOREFARM,5,어린이 보석십자수 DIY 캐릭터 큐빅 비즈 지니맘 KC인증,지니맘 큐빅십자수  DIY: 32번 강아지3(액자별매)
3061809786,SELLBLOG,NORMAL,"배송도 엄청 빠르고요 보석도 넉넉히 보내주셨어요
6세 8세 아이들을 위해 주문했는데 제가해도 아주 잼있더라구요 ㅎ
집콕중 빛나는 아이템이될거 같아요 
아이들 소근육발달 집중력향상에 도움이될거같아요^^
바로 재주문 들어갑니다.",2020-12-07T02:01:02.126+0000,STOREFARM,5,어린이 보석십자수 DIY 캐릭터 큐빅 비즈 지니맘 KC인증,지니맘 큐빅십자수  DIY: 13번 별유니콘 (액자별매)
3087659570,SELLBLOG,NORMAL,"비즈가 넘  예뻐요~~
시간가는 줄 모르고 했네요
아이가 넘 좋아해서 또 구매하고 싶어요",2021-01-10T06:03:19.272+0000,STOREFARM,5,어린이 보석십자수 DIY 캐릭터 큐빅 비즈 지니맘 KC인증,지니맘 큐빅십자수  DIY: 8번 꽃사슴 (액자별매)
3086667959,SELLBLOG,NORMAL,사달라고해서 샀는데 애들이 너무 좋아하네요...  다 만들면 또사야겠어요 시간이 잘가네요~~,2021-01-09T01:06:51.826+0000,STOREFARM,4,어린이 보석십자수 DIY 캐릭터 큐빅 비즈 지니맘 KC인증,지니맘 큐빅십자수  DIY: 9번 겨울사슴 (액자별매)
3097139850,SELLBLOG,NORMAL,재밌게 딸과 잘 했어요,2021-01-22T02:01:22.390+0000,STOREFARM,4,어린이 보석십자수 DIY 캐릭터 큐빅 비즈 지니맘 KC인증,지니맘 큐빅십자수  DIY: 31번 빨간리본(액자별매)
3090789013,SELLBLOG,NORMAL,좋아요 유치원부터 중학생까지 다 좋아해요,2021-01-14T03:43:35.487+0000,STOREFARM,5,어린이 보석십자수 DIY 캐릭터 큐빅 비즈 지니맘 KC인증,지니맘 큐빅십자수  DIY: 26번 왕관 고양이(액자별매)
3087652034,SELLBLOG,NORMAL,"애들이
엄청좋아해요
가만히앉아서.오랫동안앉아서하고
집중력에좋아요",2021-01-10T05:52:03.787+0000,STOREFARM,5,어린이 보석십자수 DIY 캐릭터 큐빅 비즈 지니맘 KC인증,지니맘 큐빅십자수  DIY: 2번 보라유니콘 (액자별매)
3088206036,SELLBLOG,NORMAL,아이들이 너무 좋아합니다~다음에 또 사달라고 졸라요 ㅎㅎ 감사해요,2021-01-11T02:58:30.127+0000,STOREFARM,5,어린이 보석십자수 DIY 캐릭터 큐빅 비즈 지니맘 KC인증,지니맘 큐빅십자수  DIY: 3번 분홍사슴 (액자별매)
3078844221,SELLBLOG,NORMAL,이쁘고 좋아해요 반짝반짝,2020-12-29T13:18:46.243+0000,STOREFARM,5,어린이 보석십자수 DIY 캐릭터 큐빅 비즈 지니맘 KC인증,지니맘 큐빅십자수  DIY: 1번 유니콘  (액자별매)
3078843705,SELLBLOG,NORMAL,이쁘고 좋아해요 반짝반짝,2020-12-29T13:18:12.294+0000,STOREFARM,5,어린이 보석십자수 DIY 캐릭터 큐빅 비즈 지니맘 KC인증,지니맘 큐빅십자수  DIY: 15번 핑크 유니콘 (액자별매)
3098158200,SELLBLOG,NORMAL,아이들이 좋아하네요^^,2021-01-23T07:16:09.979+0000,STOREFARM,5,어린이 보석십자수 DIY 캐릭터 큐빅 비즈 지니맘 KC인증,지니맘 큐빅십자수  DIY: 18번 파란사슴 (액자별매)
3081472949,SELLBLOG,NORMAL,조카가 너무 좋아하네요^^,2021-01-02T06:03:51.970+0000,STOREFARM,5,어린이 보석십자수 DIY 캐릭터 큐빅 비즈 지니맘 KC인증,지니맘 큐빅십자수  DIY: 18번 파란사슴 (액자별매)
3080402624,SELLBLOG,NORMAL,아이들 스스로 만들어 볼 수 있는 구성품이라 좋네요.비즈도 이쁩니다. 포장도 꼼꼼합니다. 다양한 크기의 작품들 더 판매 해주세요. 재구매 의사 있습니다.,2020-12-31T12:20:38.548+0000,STOREFARM,5,어린이 보석십자수 DIY 캐릭터 큐빅 비즈 지니맘 KC인증,지니맘 큐빅십자수  DIY: 30번 강아지1(액자별매)
3076269332,SELLBLOG,NORMAL,크리스마스 선물로 딸 사줬는데 집중해서 잘하고 좋네요,2020-12-26T04:07:40.667+0000,STOREFARM,5,어린이 보석십자수 DIY 캐릭터 큐빅 비즈 지니맘 KC인증,지니맘 큐빅십자수  DIY: 15번 핑크 유니콘 (액자별매)
3085858906,SELLBLOG,NORMAL,"좋아요 저렴한가격에 만족만족 아이도 좋아해요
코로나로 밖에못나가니 요걸로 시간 보냄",2021-01-08T01:58:38.718+0000,STOREFARM,5,어린이 보석십자수 DIY 캐릭터 큐빅 비즈 지니맘 KC인증,지니맘 큐빅십자수  DIY: 13번 별유니콘 (액자별매)
3092888186,SELLBLOG,AFTER_USE,넘맘에듭니다집에만지내는데아이가좋아해요,2021-01-16T11:10:34.068+0000,STOREFARM,5,어린이 보석십자수 DIY 캐릭터 큐빅 비즈 지니맘 KC인증,지니맘 큐빅십자수  DIY: 1번 유니콘  (액자별매)
3076245946,SELLBLOG,NORMAL,아이가 좋아해요. 세번째구입,2020-12-26T03:36:51.482+0000,STOREFARM,5,어린이 보석십자수 DIY 캐릭터 큐빅 비즈 지니맘 KC인증,지니맘 큐빅십자수  DIY: 13번 별유니콘 (액자별매)
3095211518,SELLBLOG,NORMAL,조카가 매일 하자고합니다. 좋아요,2021-01-19T13:18:28.114+0000,STOREFARM,5,어린이 보석십자수 DIY 캐릭터 큐빅 비즈 지니맘 KC인증,지니맘 큐빅십자수  DIY: 23번 돌고래 하트(액자별매)
3076315369,SELLBLOG,NORMAL,크리스마스날 나가지도 못하는데 즐거운 시간보냇어요,2020-12-26T05:07:35.550+0000,STOREFARM,5,어린이 보석십자수 DIY 캐릭터 큐빅 비즈 지니맘 KC인증,지니맘 큐빅십자수  DIY: 23번 돌고래 하트(액자별매)
3087950572,SELLBLOG,NORMAL,"여기가 저렴해요.
아이들이 집에서 시간보내기 딱입니다",2021-01-10T14:00:13.498+0000,STOREFARM,5,어린이 보석십자수 DIY 캐릭터 큐빅 비즈 지니맘 KC인증,지니맘 큐빅십자수  DIY: 3번 분홍사슴 (액자별매)
3090956742,SELLBLOG,NORMAL,만족해요 아이들이 너무 좋아함,2021-01-14T07:04:21.274+0000,STOREFARM,5,어린이 보석십자수 DIY 캐릭터 큐빅 비즈 지니맘 KC인증,지니맘 큐빅십자수  DIY: 28번 하트 고양이(액자별매)
3087660749,SELLBLOG,NORMAL,"비즈 퀄리티가 좋아요
반짝반짝 넘 이쁘네요
초딩 이하 아이들은 쫌 힘들어 해서
같이 했는데 제가 더 재미있어했네요",2021-01-10T06:05:08.376+0000,STOREFARM,5,어린이 보석십자수 DIY 캐릭터 큐빅 비즈 지니맘 KC인증,지니맘 큐빅십자수  DIY: 3번 분홍사슴 (액자별매)
3096837468,SELLBLOG,NORMAL,애들도 좋아하고 예뻐요~,2021-01-21T12:30:42.003+0000,STOREFARM,4,어린이 보석십자수 DIY 캐릭터 큐빅 비즈 지니맘 KC인증,지니맘 큐빅십자수  DIY: 17번 아기 유니콘 (액자별매)
3080748779,SELLBLOG,NORMAL,9세아이 너무좋아하네요,2021-01-01T04:54:32.063+0000,STOREFARM,5,어린이 보석십자수 DIY 캐릭터 큐빅 비즈 지니맘 KC인증,지니맘 큐빅십자수  DIY: 26번 왕관 고양이(액자별매)
3080350740,SELLBLOG,NORMAL,집콕놀이로 조아요 이쁨,2020-12-31T11:03:45.951+0000,STOREFARM,5,어린이 보석십자수 DIY 캐릭터 큐빅 비즈 지니맘 KC인증,지니맘 큐빅십자수  DIY: 2번 보라유니콘 (액자별매)
3093451044,SELLBLOG,NORMAL,너무 예쁘고 큐빅도 다양해서 좋은거같아요!,2021-01-17T07:34:30.596+0000,STOREFARM,5,어린이 보석십자수 DIY 캐릭터 큐빅 비즈 지니맘 KC인증,지니맘 큐빅십자수  DIY: 3번 분홍사슴 (액자별매)
3093450952,SELLBLOG,NORMAL,너무 예쁘고 큐빅도 다양해서 좋은거같아요!,2021-01-17T07:34:20.789+0000,STOREFARM,5,어린이 보석십자수 DIY 캐릭터 큐빅 비즈 지니맘 KC인증,지니맘 큐빅십자수  DIY: 25번 강아지(액자별매)
3093450839,SELLBLOG,NORMAL,너무 예쁘고 큐빅도 다양해서 좋은거같아요!,2021-01-17T07:34:10.430+0000,STOREFARM,5,어린이 보석십자수 DIY 캐릭터 큐빅 비즈 지니맘 KC인증,지니맘 큐빅십자수  DIY: 13번 별유니콘 (액자별매)
3093450746,SELLBLOG,NORMAL,너무 예쁘고 큐빅도 다양해서 좋은거같아요!,2021-01-17T07:34:01.608+0000,STOREFARM,5,어린이 보석십자수 DIY 캐릭터 큐빅 비즈 지니맘 KC인증,지니맘 큐빅십자수  DIY: 9번 겨울사슴 (액자별매)
3093450559,SELLBLOG,NORMAL,너무 예쁘고 큐빅도 다양해서 좋은거같아요!,2021-01-17T07:33:46.227+0000,STOREFARM,5,어린이 보석십자수 DIY 캐릭터 큐빅 비즈 지니맘 KC인증,지니맘 큐빅십자수  DIY: 1번 유니콘  (액자별매)
3096746748,SELLBLOG,NORMAL,배송도 빠르고 좋네요,2021-01-21T10:48:08.850+0000,STOREFARM,5,어린이 보석십자수 DIY 캐릭터 큐빅 비즈 지니맘 KC인증,지니맘 큐빅십자수  DIY: 14번 부엉이 (액자별매)
3096746525,SELLBLOG,NORMAL,배송도 빠르고 좋네요,2021-01-21T10:47:52.929+0000,STOREFARM,5,어린이 보석십자수 DIY 캐릭터 큐빅 비즈 지니맘 KC인증,지니맘 큐빅십자수  DIY: 13번 별유니콘 (액자별매)
3092601880,SELLBLOG,NORMAL,집콕중인 아이들이 2일동안 잘보냈습니다~ 너무 이뻐요~,2021-01-16T05:14:56.999+0000,STOREFARM,5,어린이 보석십자수 DIY 캐릭터 큐빅 비즈 지니맘 KC인증,지니맘 큐빅십자수  DIY: 27번 왕관 고양이(액자별매)
3098555605,SELLBLOG,NORMAL,아이가 좋아합니다^^~,2021-01-23T23:56:23.459+0000,STOREFARM,5,어린이 보석십자수 DIY 캐릭터 큐빅 비즈 지니맘 KC인증,지니맘 큐빅십자수  DIY: 1번 유니콘  (액자별매)
3080714672,SELLBLOG,NORMAL,몇달동안 다른곳에 파는 보석십자수 거의다해본 여섯살딸아이.여기껀 퀄리티가 남다르네요.보석크기도 다양해서 하는재미 진짜쏠쏠해요~~~,2021-01-01T04:01:25.665+0000,STOREFARM,5,어린이 보석십자수 DIY 캐릭터 큐빅 비즈 지니맘 KC인증,지니맘 큐빅십자수  DIY: 27번 하트 고양이(액자별매)
3079224490,SELLBLOG,NORMAL,큐빅이 넉넉하게 들어있어요,2020-12-30T04:27:42.860+0000,STOREFARM,4,어린이 보석십자수 DIY 캐릭터 큐빅 비즈 지니맘 KC인증,지니맘 큐빅십자수  DIY: 8번 꽃사슴 (액자별매)
3081016446,SELLBLOG,NORMAL,선물로 하나 받아서 해보고 액자에 넣어놨더니 넘 이뻐서 얘들이 또 하고 싶대서 주문했어요.큐빅도 여유롭게 들어있고 좋네요,2021-01-01T11:21:06.083+0000,STOREFARM,3,어린이 보석십자수 DIY 캐릭터 큐빅 비즈 지니맘 KC인증,지니맘 큐빅십자수  DIY: 28번 클로버 고양이(액자별매)
3083699543,SELLBLOG,NORMAL,접착력도 좋고 위에 비닐을 떼면서 할수있어 좋은것 같고 코로나로 바깥 활동도 잘 못하는데 보석십자수을 알게돼 아이들이 좋아합니다~~,2021-01-05T11:26:12.863+0000,STOREFARM,4,어린이 보석십자수 DIY 캐릭터 큐빅 비즈 지니맘 KC인증,지니맘 큐빅십자수  DIY: 19번 아이스크림 (액자별매)
3089659246,SELLBLOG,AFTER_USE,아이들 완전 좋아 합니다... 근데 좀 피곤하네요^^,2021-01-12T19:40:31.753+0000,STOREFARM,4,어린이 보석십자수 DIY 캐릭터 큐빅 비즈 지니맘 KC인증,지니맘 큐빅십자수  DIY: 24번 강아지(액자별매)
3089659227,SELLBLOG,AFTER_USE,아이들 완전 좋아 합니다... 근데 좀 피곤하네요^^,2021-01-12T19:40:13.986+0000,STOREFARM,4,어린이 보석십자수 DIY 캐릭터 큐빅 비즈 지니맘 KC인증,지니맘 큐빅십자수  DIY: 23번 돌고래 하트(액자별매)
3080976476,SELLBLOG,NORMAL,"넘 이쁘고 큐빅 반짝임이 남달라요
코로나로 집에서 공부만 하라고 할수도 없고 놀거리도 필요해서 사봤어요
초2 잘해요^^ 집콕에 필수 놀거리네요",2021-01-01T10:22:24.479+0000,STOREFARM,5,어린이 보석십자수 DIY 캐릭터 큐빅 비즈 지니맘 KC인증,지니맘 큐빅십자수  DIY: 9번 겨울사슴 (액자별매)
3066756221,SELLBLOG,NORMAL,8살 딸 너무 좋아해여~첫날 3시간동안 움직이지 않고 집중해서 하네요 이런시국에 집놀이로 좋은거 같아요,2020-12-14T02:15:45.925+0000,STOREFARM,5,어린이 보석십자수 DIY 캐릭터 큐빅 비즈 지니맘 KC인증,지니맘 큐빅십자수  DIY: 19번 아이스크림 (액자별매)
3071141102,SELLBLOG,NORMAL,"날씨도 춥고
어디가지도 못하고
토일 주말동안 심심해할거같아서 구매했는데
오늘 하루만에 끝내버렸네요ㅠ",2020-12-19T09:08:02.335+0000,STOREFARM,5,어린이 보석십자수 DIY 캐릭터 큐빅 비즈 지니맘 KC인증,지니맘 큐빅십자수  DIY: 13번 별유니콘 (액자별매)
3098447301,SELLBLOG,NORMAL,6살은 아직 힘든가봐요.... ㅠㅠ,2021-01-23T14:21:06.871+0000,STOREFARM,5,어린이 보석십자수 DIY 캐릭터 큐빅 비즈 지니맘 KC인증,지니맘 큐빅십자수  DIY: 13번 별유니콘 (액자별매)
3097118585,SELLBLOG,NORMAL,잘 받았습니다. 예쁘네요~^^,2021-01-22T01:34:29.258+0000,STOREFARM,5,어린이 보석십자수 DIY 캐릭터 큐빅 비즈 지니맘 KC인증,지니맘 큐빅십자수  DIY: 25번 강아지(액자별매)
3075535028,SELLBLOG,NORMAL,배송빠르게잘받ㅈ았어요. 큰액자 흰색이ㅈ매진이라 아쉬움..,2020-12-25T01:36:30.095+0000,STOREFARM,5,어린이 보석십자수 DIY 캐릭터 큐빅 비즈 지니맘 KC인증,지니맘 큐빅십자수  DIY: 1번 유니콘  (액자별매)
3064089652,SELLBLOG,AFTER_USE,"다섯 살 아이가 직접고른 그림인데요.
색깔도 이쁘고 그림도 귀여워요.
처음에 어디에 붙이는 지 알려주면
똑같은 색깔은 알아서 붙여요.
아직은 엄마 도움이 조금 필요하네요^^",2020-12-10T05:35:18.812+0000,STOREFARM,5,어린이 보석십자수 DIY 캐릭터 큐빅 비즈십자수 지니맘,지니맘 큐빅십자수  DIY: 7번 소녀2  (15cm 20cm)
3076217739,SELLBLOG,NORMAL,"꼼꼼한 포장, 제품 상태, 배송기간 모두 마음에 들어요.",2020-12-26T02:57:38.395+0000,STOREFARM,5,어린이 보석십자수 DIY 캐릭터 큐빅 비즈 지니맘 KC인증,지니맘 큐빅십자수  DIY: 25번 뿔 돌고래(액자별매)
3078306832,SELLBLOG,NORMAL,선물했는데 만족했다고 하네요 :),2020-12-29T03:39:10.532+0000,STOREFARM,5,어린이 보석십자수 DIY 캐릭터 큐빅 비즈 지니맘 KC인증,지니맘 큐빅십자수  DIY: 28번 클로버 고양이(액자별매)
3075373169,SELLBLOG,NORMAL,아직해보진않았는데요.얼른해보게요,2020-12-24T14:44:34.495+0000,STOREFARM,5,어린이 보석십자수 DIY 캐릭터 큐빅 비즈 지니맘 KC인증,지니맘 큐빅십자수  DIY: 6번 소녀2 (액자별매)
3096945645,SELLBLOG,NORMAL,애들이 좋아해요 이뻐요,2021-01-21T14:47:41.578+0000,STOREFARM,4,어린이 보석십자수 DIY 캐릭터 큐빅 비즈 지니맘 KC인증,지니맘 큐빅십자수  DIY: 8번 꽃사슴 (액자별매)
3096945468,SELLBLOG,NORMAL,애들이 좋아해요 이뻐요,2021-01-21T14:47:23.796+0000,STOREFARM,4,어린이 보석십자수 DIY 캐릭터 큐빅 비즈 지니맘 KC인증,지니맘 큐빅십자수  DIY: 13번 별유니콘 (액자별매)
3064569028,SELLBLOG,NORMAL,"아이가 너무 좋아해요
저도 중독되네요 ㅋ",2020-12-10T16:34:45.922+0000,STOREFARM,5,어린이 보석십자수 DIY 캐릭터 큐빅 비즈 지니맘 KC인증,지니맘 큐빅십자수  DIY: 2번 보라유니콘 (액자별매)
3094798352,SELLBLOG,NORMAL,딸아이가 엄청좋아하네요,2021-01-19T06:05:38.361+0000,STOREFARM,5,어린이 보석십자수 DIY 캐릭터 큐빅 비즈 지니맘 KC인증,지니맘 큐빅십자수  DIY: 4번 홍학 (액자별매)
3084581586,SELLBLOG,NORMAL,"여러 모양 사놨어요.
포장도 깔끔하게 해줘서 다음에도 여기서 구매할꺼에요.",2021-01-06T10:56:32.744+0000,STOREFARM,5,어린이 보석십자수 DIY 캐릭터 큐빅 비즈 지니맘 KC인증,지니맘 큐빅십자수  DIY: 6번 소녀2 (액자별매)
3079225115,SELLBLOG,NORMAL,도안 더 다양하면 좋을듯,2020-12-30T04:28:41.661+0000,STOREFARM,4,어린이 보석십자수 DIY 캐릭터 큐빅 비즈 지니맘 KC인증,지니맘 큐빅십자수  DIY: 1번 유니콘  (액자별매)
3064892654,SELLBLOG,NORMAL,"집콕하는 8살 딸내미 심심해 하길래 사줬어요. 문구방에 사러 가기도 조심스러워서 온라인으로 구매합니다.
당연히 더 저렴하죠",2020-12-11T05:24:57.407+0000,STOREFARM,5,어린이 보석십자수 DIY 캐릭터 큐빅 비즈 지니맘 KC인증,지니맘 큐빅십자수  DIY: 13번 별유니콘 (액자별매)
3093889670,SELLBLOG,AFTER_USE,유아는 아직 힘들어 완성못했네요.,2021-01-18T01:45:16.802+0000,STOREFARM,2,어린이 보석십자수 DIY 캐릭터 큐빅 비즈 지니맘 kc인증,지니맘 큐빅십자수  DIY: 12번 돌고래 (액자별매)
3064892249,SELLBLOG,NORMAL,"집콕하는 8살 딸내미 심심해 하길래 사줬어요. 문구방에 사러 가기도 조심스러워서 온라인으로 구매합니다.
당연히 더 저렴하죠",2020-12-11T05:24:26.584+0000,STOREFARM,5,어린이 보석십자수 DIY 캐릭터 큐빅 비즈 지니맘 KC인증,지니맘 큐빅십자수  DIY: 9번 겨울사슴 (액자별매)
3089539602,SELLBLOG,NORMAL,"깨끗하게 잘포장되서 빨리왔습니다
즐겁게 시간보낼수잇을꺼같아요~^^",2021-01-12T13:51:19.918+0000,STOREFARM,5,어린이 보석십자수 DIY 캐릭터 큐빅 비즈 지니맘 KC인증,지니맘 큐빅십자수  DIY: 26번 뿔 돌고래(액자별매)
3095706021,SELLBLOG,NORMAL,아이가 무척 좋아하네요~,2021-01-20T06:58:48.345+0000,STOREFARM,5,어린이 보석십자수 DIY 캐릭터 큐빅 비즈 지니맘 KC인증,지니맘 큐빅십자수  DIY: 14번 부엉이 (액자별매)
3083701615,SELLBLOG,NORMAL,"아이들이 너무 좋아해요~~
어렵지 않게 할수 있고 초등 3학년 아들이 충분히 할수있는 크기라 좋은것 같아요",2021-01-05T11:28:10.515+0000,STOREFARM,4,어린이 보석십자수 DIY 캐릭터 큐빅 비즈 지니맘 KC인증,지니맘 큐빅십자수  DIY: 11번 클로버 (액자별매)
3062875100,SELLBLOG,NORMAL,"다섯살 여자아이 혼자하기는 힘들어해요
초등5학교 오빠는 아주 재미있어해요
매일 게임만해서 걱정했는데 이걸로 만들기하면 좋을것같네요 7살 정도면 충분히 혼자 할 수 있을것같네요",2020-12-08T12:31:33.853+0000,STOREFARM,5,어린이 보석십자수 DIY 캐릭터 큐빅 비즈 지니맘 KC인증,지니맘 큐빅십자수  DIY: 17번 아기 유니콘 (액자별매)
3066133537,SELLBLOG,NORMAL,"산만한 아이들 집중하기에 최고입니다 시간도 잘가고~
두가지 샀는데 하나 먼저 시작했네요^^",2020-12-13T02:16:39.619+0000,STOREFARM,5,어린이 보석십자수 DIY 캐릭터 큐빅 비즈 지니맘 KC인증,지니맘 큐빅십자수  DIY: 15번 핑크 유니콘 (액자별매)
3082515019,SELLBLOG,NORMAL,배송빠르고요~ 무엇보다 아이가 정말좋아합니다~ 큐빅이 조금 모자라긴 했지만요~ 퀄리티도 있고 좋습니다`^^,2021-01-03T22:38:58.348+0000,STOREFARM,5,어린이 보석십자수 DIY 캐릭터 큐빅 비즈 지니맘 KC인증,지니맘 큐빅십자수  DIY: 11번 클로버 (액자별매)
3068546869,SELLBLOG,NORMAL,"아이가 지난번에 해 보고 
두번째라 금방 금방 잘 하네요ㅎㅎ
집에서 시간 보내기 너무 좋습니다^^",2020-12-16T09:46:33.772+0000,STOREFARM,5,어린이 보석십자수 DIY 캐릭터 큐빅 비즈 지니맘 KC인증,지니맘 큐빅십자수  DIY: 10번 안경토끼 (액자별매)
3088803156,SELLBLOG,NORMAL,아이가 좋아하네요 앉아서 시간떼우기 좋네요,2021-01-11T23:17:23.760+0000,STOREFARM,5,어린이 보석십자수 DIY 캐릭터 큐빅 비즈 지니맘 KC인증,지니맘 큐빅십자수  DIY: 28번 클로버 고양이(액자별매)
3076316985,SELLBLOG,NORMAL,은근 중독되서 한번 잡으니 집중도 짱이네요,2020-12-26T05:09:44.375+0000,STOREFARM,5,어린이 보석십자수 DIY 캐릭터 큐빅 비즈 지니맘 KC인증,지니맘 큐빅십자수  DIY: 29번 작은 유니콘(액자별매)
3096067436,SELLBLOG,NORMAL,아이가 재미있어해요.,2021-01-20T13:35:12.160+0000,STOREFARM,5,어린이 보석십자수 DIY 캐릭터 큐빅 비즈 지니맘 KC인증,지니맘 큐빅십자수  DIY: 25번 뿔 돌고래(액자별매)
3096067128,SELLBLOG,NORMAL,아이가 재미있어해요.,2021-01-20T13:34:53.537+0000,STOREFARM,5,어린이 보석십자수 DIY 캐릭터 큐빅 비즈 지니맘 KC인증,지니맘 큐빅십자수  DIY: 31번 강아지2(액자별매)
3079224781,SELLBLOG,NORMAL,도안 귀엽고 큐빅 넉넉함,2020-12-30T04:28:10.558+0000,STOREFARM,4,어린이 보석십자수 DIY 캐릭터 큐빅 비즈 지니맘 KC인증,지니맘 큐빅십자수  DIY: 13번 별유니콘 (액자별매)
3076434805,SELLBLOG,NORMAL,예뿌고 남자아이도잘할수있고좋아합니다,2020-12-26T07:26:35.355+0000,STOREFARM,4,어린이 보석십자수  교회 큐빅 비즈 지니맘 KC인증,지니맘 큐빅십자수  DIY: 14번 부엉이 (액자별매)
3077974423,SELLBLOG,NORMAL,코로나 집콕템으로 강추합니다,2020-12-28T11:40:18.822+0000,STOREFARM,5,어린이 보석십자수 DIY 캐릭터 큐빅 비즈 지니맘 KC인증,지니맘 큐빅십자수  DIY: 9번 겨울사슴 (액자별매)
3080685278,SELLBLOG,NORMAL,아이들도 집에 있는 시간이 많아진 요즘. 집중해서 할 수 있는 놀이가 되네요. 예쁘기도 하고요^^ 액자에 끼워놓으면 완성도있는 작품이 되는거 같아요~~,2021-01-01T03:15:28.842+0000,STOREFARM,5,어린이 보석십자수 DIY 캐릭터 큐빅 비즈 지니맘 KC인증,지니맘 큐빅십자수  DIY: 14번 부엉이 (액자별매)
3079879991,SELLBLOG,NORMAL,긴긴 방콕에 굿이요,2020-12-30T23:07:27.906+0000,STOREFARM,5,어린이 보석십자수 DIY 캐릭터 큐빅 비즈 지니맘 KC인증,지니맘 큐빅십자수  DIY: 12번 돌고래 (액자별매)
3096345418,SELLBLOG,NORMAL,배송빠르고좋아요좋어요,2021-01-21T02:23:20.864+0000,STOREFARM,5,어린이 보석십자수 DIY 캐릭터 큐빅 비즈 지니맘 KC인증,지니맘 큐빅십자수  DIY: 1번 유니콘  (액자별매)
3096345088,SELLBLOG,NORMAL,배송빠른네요 배송빨라요,2021-01-21T02:22:56.351+0000,STOREFARM,5,어린이 보석십자수 DIY 캐릭터 큐빅 비즈 지니맘 KC인증,지니맘 큐빅십자수  DIY: 6번 소녀2 (액자별매)
3090958988,SELLBLOG,NORMAL,만족스러워요 재구매각,2021-01-14T07:06:52.224+0000,STOREFARM,5,어린이 보석십자수 DIY 캐릭터 큐빅 비즈 지니맘 KC인증,지니맘 큐빅십자수  DIY: 18번 파란사슴 (액자별매)
3096457028,SELLBLOG,NORMAL,배송빠르고 좋아요~,2021-01-21T04:56:20.730+0000,STOREFARM,5,어린이 보석십자수 DIY 캐릭터 큐빅 비즈 지니맘 KC인증,지니맘 큐빅십자수  DIY: 4번 홍학 (액자별매)
3083324061,SELLBLOG,NORMAL,집중력향상에짱입니다.숫자에딱딱 붙여서 하는거고 결과물이 예뻐요많이 파세요,2021-01-05T04:24:18.235+0000,STOREFARM,5,어린이 보석십자수 DIY 캐릭터 큐빅 비즈 지니맘 KC인증,지니맘 큐빅십자수  DIY: 9번 겨울사슴 (액자별매)
3078797665,SELLBLOG,NORMAL,빠른배송만족합니다 굿,2020-12-29T12:34:45.889+0000,STOREFARM,5,어린이 보석십자수 DIY 캐릭터 큐빅 비즈 지니맘 KC인증,지니맘 큐빅십자수  DIY: 14번 부엉이 (액자별매)
3078795233,SELLBLOG,NORMAL,빠른배송만족합니다 굿,2020-12-29T12:32:31.534+0000,STOREFARM,5,어린이 보석십자수 DIY 캐릭터 큐빅 비즈 지니맘 KC인증,지니맘 큐빅십자수  DIY: 4번 홍학 (액자별매)
3078794430,SELLBLOG,NORMAL,빠른배송만족합니다 굿,2020-12-29T12:31:46.370+0000,STOREFARM,5,어린이 보석십자수 DIY 캐릭터 큐빅 비즈 지니맘 KC인증,지니맘 큐빅십자수  DIY: 1번 유니콘  (액자별매)
3078793029,SELLBLOG,NORMAL,빠른배송만족합니다 굿,2020-12-29T12:30:28.722+0000,STOREFARM,5,어린이 보석십자수 DIY 캐릭터 큐빅 비즈 지니맘 KC인증,지니맘 큐빅십자수  DIY: 25번 뿔 돌고래(액자별매)
3086784446,SELLBLOG,NORMAL,"아이랑 같이 이뿌게 만들었어요 ㅎㅎ
크기가 큰것도 있어 재밌네요~",2021-01-09T03:33:35.569+0000,STOREFARM,5,어린이 보석십자수 DIY 캐릭터 큐빅 비즈 지니맘 KC인증,지니맘 큐빅십자수  DIY: 17번 아기 유니콘 (액자별매)
3077625507,SELLBLOG,NORMAL,예뻐서 아이가 무척 좋아합니다,2020-12-28T02:21:13.344+0000,STOREFARM,5,어린이 보석십자수 DIY 캐릭터 큐빅 비즈 지니맘 KC인증,지니맘 큐빅십자수  DIY: 1번 유니콘  (액자별매)
3083676536,SELLBLOG,NORMAL,아이들 집에서 시간 떼우기 매우 좋아요 코로나 시대에 필수템 입니다 추천해요,2021-01-05T11:05:35.873+0000,STOREFARM,5,어린이 보석십자수 DIY 캐릭터 큐빅 비즈 지니맘 KC인증,지니맘 큐빅십자수  DIY: 24번 강아지(액자별매)
3095211739,SELLBLOG,NORMAL,배송도 빠르고 좋습니다.,2021-01-19T13:18:42.920+0000,STOREFARM,5,어린이 보석십자수 DIY 캐릭터 큐빅 비즈 지니맘 KC인증,지니맘 큐빅십자수  DIY: 1번 유니콘  (액자별매)
3091218557,SELLBLOG,NORMAL,보석이 큰것도 작은것도 섞여 있어서 지루하지않고 예쁩니다,2021-01-14T11:44:19.150+0000,STOREFARM,5,어린이 보석십자수 DIY 캐릭터 큐빅 비즈 지니맘 KC인증,지니맘 큐빅십자수  DIY: 1번 유니콘  (액자별매)
3073652752,SELLBLOG,NORMAL,5세 아이 좋아하네요 집중하며 완성,2020-12-22T17:46:02.421+0000,STOREFARM,5,어린이 보석십자수 DIY 캐릭터 큐빅 비즈 지니맘 KC인증,지니맘 큐빅십자수  DIY: 23번 돌고래 하트(액자별매)
3080683941,SELLBLOG,NORMAL,아이가 너무 좋아하네요.ㅎ 그림도 예쁘고 하기쉽고 좋아요. 집에서 시간 보내며 놀기에도 좋고 아이가 재밌어 해서 또 사줘야 겠어요.ㅎ,2021-01-01T03:13:27.481+0000,STOREFARM,5,어린이 보석십자수 DIY 캐릭터 큐빅 비즈 지니맘 KC인증,지니맘 큐빅십자수  DIY: 1번 유니콘  (액자별매)
3076958295,SELLBLOG,NORMAL,반짝반짝 큐빅크기도 여러가지라 넘 예뻐요^^,2020-12-27T02:58:29.605+0000,STOREFARM,5,어린이 보석십자수 DIY 캐릭터 큐빅 비즈 지니맘 KC인증,지니맘 큐빅십자수  DIY: 17번 아기 유니콘 (액자별매)
3076958113,SELLBLOG,NORMAL,반짝반짝 큐빅크기도 여러가지라 넘 예뻐요^^,2020-12-27T02:58:11.790+0000,STOREFARM,5,어린이 보석십자수 DIY 캐릭터 큐빅 비즈 지니맘 KC인증,지니맘 큐빅십자수  DIY: 29번 작은 유니콘(액자별매)
3076957928,SELLBLOG,NORMAL,반짝반짝 큐빅크기도 여러가지라 넘 예뻐요^^,2020-12-27T02:57:54.416+0000,STOREFARM,5,어린이 보석십자수 DIY 캐릭터 큐빅 비즈 지니맘 KC인증,지니맘 큐빅십자수  DIY: 9번 겨울사슴 (액자별매)
3076957729,SELLBLOG,NORMAL,반짝반짝 큐빅크기도 여러가지라 넘 예뻐요^^,2020-12-27T02:57:37.001+0000,STOREFARM,5,어린이 보석십자수 DIY 캐릭터 큐빅 비즈 지니맘 KC인증,지니맘 큐빅십자수  DIY: 26번 왕관 고양이(액자별매)
3076957468,SELLBLOG,NORMAL,반짝반짝 큐빅크기도 여러가지라 넘 예뻐요^^,2020-12-27T02:57:13.016+0000,STOREFARM,5,어린이 보석십자수 DIY 캐릭터 큐빅 비즈 지니맘 KC인증,지니맘 큐빅십자수  DIY: 3번 분홍사슴 (액자별매)
3076957194,SELLBLOG,NORMAL,반짝반짝 큐빅크기도 여러가지라 넘 예뻐요^^,2020-12-27T02:56:46.406+0000,STOREFARM,5,어린이 보석십자수 DIY 캐릭터 큐빅 비즈 지니맘 KC인증,지니맘 큐빅십자수  DIY: 1번 유니콘  (액자별매)
3092326836,SELLBLOG,NORMAL,아이들이 재미있게 잘놀아서 좋와요,2021-01-15T19:37:36.779+0000,STOREFARM,4,어린이 보석십자수 DIY 캐릭터 큐빅 비즈 지니맘 KC인증,지니맘 큐빅십자수  DIY: 4번 홍학 (액자별매)
3092326814,SELLBLOG,NORMAL,아이들이 재미있게 잘놀아서 좋와요,2021-01-15T19:37:14.247+0000,STOREFARM,4,어린이 보석십자수 DIY 캐릭터 큐빅 비즈 지니맘 KC인증,지니맘 큐빅십자수  DIY: 8번 꽃사슴 (액자별매)
3092326774,SELLBLOG,NORMAL,아이들이 재미있게 잘놀아서 좋와요,2021-01-15T19:36:46.468+0000,STOREFARM,4,어린이 보석십자수 DIY 캐릭터 큐빅 비즈 지니맘 KC인증,지니맘 큐빅십자수  DIY: 12번 돌고래 (액자별매)
3077973677,SELLBLOG,NORMAL,아이가 집중해서 잘하네요,2020-12-28T11:39:11.549+0000,STOREFARM,5,어린이 보석십자수 DIY 캐릭터 큐빅 비즈 지니맘 KC인증,지니맘 큐빅십자수  DIY: 8번 꽃사슴 (액자별매)
3088247478,SELLBLOG,NORMAL,"시간 가는줄 모르게 즐겁게 하고 있습니다.
아이들이 집중해서 잘 하네요^^",2021-01-11T03:49:45.696+0000,STOREFARM,5,어린이 보석십자수 DIY 캐릭터 큐빅 비즈 지니맘 KC인증,지니맘 큐빅십자수  DIY: 9번 겨울사슴 (액자별매)
3088247166,SELLBLOG,NORMAL,"시간 가는줄 모르게 즐겁게 하고 있습니다.
아이들이 집중해서 잘 하네요^^",2021-01-11T03:49:25.215+0000,STOREFARM,5,어린이 보석십자수 DIY 캐릭터 큐빅 비즈 지니맘 KC인증,지니맘 큐빅십자수  DIY: 6번 소녀2 (액자별매)
3095466092,SELLBLOG,NORMAL,애기들이 잘갖고놀아요~~^^,2021-01-20T01:32:33.182+0000,STOREFARM,5,어린이 보석십자수 DIY 캐릭터 큐빅 비즈 지니맘 KC인증,지니맘 큐빅십자수  DIY: 18번 파란사슴 (액자별매)
3086246163,SELLBLOG,NORMAL,코로나로인해 집에계신 어머니 해보시라고 시켜봣는데 시간보내기용으로 딱이네쇼,2021-01-08T08:42:34.887+0000,STOREFARM,4,어린이 보석십자수 DIY 캐릭터 큐빅 비즈 지니맘 KC인증,지니맘 큐빅십자수  DIY: 14번 부엉이 (액자별매)
3074834523,SELLBLOG,NORMAL,아이들이 재미있어하네요 집콕에 시간잘보낼수 있어요 좋아요,2020-12-24T02:40:44.668+0000,STOREFARM,5,어린이 보석십자수 DIY 캐릭터 큐빅 비즈 지니맘 KC인증,지니맘 큐빅십자수  DIY: 12번 돌고래 (액자별매)
3068450341,SELLBLOG,NORMAL,"아이들이 너무 좋아해요😄
큐빅이라서 붙이니 반짝반짝 너무 예뻐요!!!
완성하면 또 구매각입니당 ㅎㅎ",2020-12-16T07:55:44.103+0000,STOREFARM,5,어린이 보석십자수 DIY 캐릭터 큐빅 비즈 지니맘 KC인증,지니맘 큐빅십자수  DIY: 15번 핑크 유니콘 (액자별매)
3068449575,SELLBLOG,NORMAL,"아이들이 너무 좋아해요😄
큐빅이라서 붙이니 반짝반짝 너무 예뻐요!!!
완성하면 또 구매각입니당 ㅎㅎ",2020-12-16T07:54:53.003+0000,STOREFARM,5,어린이 보석십자수 DIY 캐릭터 큐빅 비즈 지니맘 KC인증,지니맘 큐빅십자수  DIY: 8번 꽃사슴 (액자별매)
3074451310,SELLBLOG,NORMAL,큐빅도 반짝반짝하고 배송 빠르고 포장도 꼼꼼하게 잘 왔어요,2020-12-23T12:46:45.159+0000,STOREFARM,5,어린이 보석십자수 DIY 캐릭터 큐빅 비즈 지니맘 KC인증,지니맘 큐빅십자수  DIY: 8번 꽃사슴 (액자별매)
3073810073,SELLBLOG,NORMAL,"아이들이 좋아해요
금액은 사악하네요ㅜㅜ",2020-12-23T02:09:03.678+0000,STOREFARM,5,어린이 보석십자수  교회 큐빅 비즈 지니맘 KC인증,지니맘 큐빅십자수  DIY: 19번 아이스크림 (액자별매)
3074157800,SELLBLOG,NORMAL,"생각보다는 작아요
그래도 아이가 좋아해서 다행이에요",2020-12-23T08:23:23.574+0000,STOREFARM,5,어린이 보석십자수 DIY 캐릭터 큐빅 비즈 지니맘 KC인증,지니맘 큐빅십자수  DIY: 21번 하트십자가 (액자별매)
3078069185,SELLBLOG,NORMAL,아이들이 엄청 좋아해요,2020-12-28T14:14:01.291+0000,STOREFARM,5,어린이 보석십자수 DIY 캐릭터 큐빅 비즈 지니맘 KC인증,지니맘 큐빅십자수  DIY: 13번 별유니콘 (액자별매)
3075373512,SELLBLOG,NORMAL,아직안해봤는데요.얼른하게요,2020-12-24T14:45:11.170+0000,STOREFARM,5,어린이 보석십자수 DIY 캐릭터 큐빅 비즈 지니맘 KC인증,지니맘 큐빅십자수  DIY: 5번  소녀1 (액자별매)
3083434646,SELLBLOG,NORMAL,"보석크기가 몇가지 되네요..
다른것도 해봤는데 아이들이 여기꺼가 좋다고 하네요",2021-01-05T06:42:24.849+0000,STOREFARM,5,어린이 보석십자수 DIY 캐릭터 큐빅 비즈 지니맘 KC인증,지니맘 큐빅십자수  DIY: 23번 돌고래 하트(액자별매)
3092804876,SELLBLOG,NORMAL,배송도 빠르고 아이가 좋아해요,2021-01-16T09:15:28.172+0000,STOREFARM,4,어린이 보석십자수 DIY 캐릭터 큐빅 비즈 지니맘 KC인증,지니맘 큐빅십자수  DIY: 17번 아기 유니콘 (액자별매)
3069413138,SELLBLOG,NORMAL,아이들이 너무 좋아해서 추가로 구매했습니다. 배송도 빨라요.,2020-12-17T10:15:29.288+0000,STOREFARM,5,어린이 보석십자수 DIY 캐릭터 큐빅 비즈 지니맘 KC인증,지니맘 큐빅십자수  DIY: 20번 십자가 꽃 (액자별매)
3091551552,SELLBLOG,NORMAL,"그림도 너무이쁘고 포장도 깔끔해서 너무 좋아요
아이도 좋아합니다~~^^",2021-01-15T01:12:12.740+0000,STOREFARM,5,어린이 보석십자수 DIY 캐릭터 큐빅 비즈 지니맘 KC인증,지니맘 큐빅십자수  DIY: 13번 별유니콘 (액자별매)
3076316168,SELLBLOG,NORMAL,꼬박 세시간 집중해서 완성햇어요,2020-12-26T05:08:41.957+0000,STOREFARM,5,어린이 보석십자수 DIY 캐릭터 큐빅 비즈 지니맘 KC인증,지니맘 큐빅십자수  DIY: 24번 강아지(액자별매)
3060700275,SELLBLOG,NORMAL,배송 엄청 빠르네요ㅎㅎ 딸아이가 너무 하고싶다해서 샀는데 언제오냐고 보챘는데 배송빠르고 포장도 꼼꼼하게 되있고 맘에 너무 들어요 다하고나면 친구들 선물하고싶다고해서 재구매 할 예정입니다,2020-12-05T04:53:03.243+0000,STOREFARM,5,어린이 보석십자수 DIY 캐릭터 큐빅 비즈 지니맘 KC인증,지니맘 큐빅십자수  DIY: 1번 유니콘  (액자별매)
3081903748,SELLBLOG,NORMAL,애들이 너무 좋아해요.. 겨울방학 시작하니.. 자기들이 먼저 사달라고 얘기하더라구요.. 언제나 번창하세요,2021-01-02T23:09:41.223+0000,STOREFARM,5,어린이 보석십자수 DIY 캐릭터 큐빅 비즈 지니맘 KC인증,지니맘 큐빅십자수  DIY: 28번 클로버 고양이(액자별매)
3061041317,SELLBLOG,NORMAL,같은 디자인에 가격이 다른곳보다 훨씬 비쌌지만 직접 큐빅인가요? 고르셨다는 글보고 싼곳과 차별점이 있겠지하고 구매했는대.. 만족합니다. 7세 아이가 이틀만에 완성했어요^^,2020-12-05T13:35:53.105+0000,STOREFARM,5,어린이 보석십자수 DIY 캐릭터 큐빅 비즈 지니맘 KC인증,지니맘 큐빅십자수  DIY: 17번 아기 유니콘 (액자별매)
3073734799,SELLBLOG,NORMAL,액자까지 끼워넣을수있어 아이들이 더 신나해요,2020-12-23T00:31:48.011+0000,STOREFARM,5,어린이 보석십자수 DIY 캐릭터 큐빅 비즈 지니맘 KC인증,지니맘 큐빅십자수  DIY: 1번 유니콘  (액자별매)
3092178054,SELLBLOG,NORMAL,"아이들이 좋아합니다
배송도 빨라요",2021-01-15T12:52:32.214+0000,STOREFARM,5,어린이 보석십자수 DIY 캐릭터 큐빅 비즈 지니맘 KC인증,지니맘 큐빅십자수  DIY: 13번 별유니콘 (액자별매)
3079144572,SELLBLOG,NORMAL,아이들이 좋아해요.,2020-12-30T02:29:36.166+0000,STOREFARM,4,어린이 보석십자수 DIY 캐릭터 큐빅 비즈 지니맘 KC인증,지니맘 큐빅십자수  DIY: 3번 분홍사슴 (액자별매)
3092982693,SELLBLOG,NORMAL,그림이 귀여워서 애들이 더 좋아해요,2021-01-16T13:15:36.057+0000,STOREFARM,5,어린이 보석십자수 DIY 캐릭터 큐빅 비즈 지니맘 KC인증,지니맘 큐빅십자수  DIY: 24번 돌고래 하트(액자별매)
3074599019,SELLBLOG,NORMAL,아이가 좋아해요 ㅎㅎ 쉽게 할수있네요!,2020-12-23T15:26:11.748+0000,STOREFARM,5,어린이 보석십자수 DIY 캐릭터 큐빅 비즈 지니맘 KC인증,지니맘 큐빅십자수  DIY: 13번 별유니콘 (액자별매)
3087303743,SELLBLOG,NORMAL,아이가  너무좋아해요!!큐빅도 크기가 여러종류더라구요.,2021-01-09T14:22:39.084+0000,STOREFARM,5,어린이 보석십자수 DIY 캐릭터 큐빅 비즈 지니맘 KC인증,지니맘 큐빅십자수  DIY: 23번 돌고래 하트(액자별매)
3078069891,SELLBLOG,NORMAL,아이가 엄청 좋아해요,2020-12-28T14:15:22.716+0000,STOREFARM,5,어린이 보석십자수 DIY 캐릭터 큐빅 비즈 지니맘 KC인증,지니맘 큐빅십자수  DIY: 17번 아기 유니콘 (액자별매)
3064087250,SELLBLOG,AFTER_USE,"시간 보내기 딱 좋아요
초등 1학년 처음엔 2~3시간 앉아서 거뜬히 하더니 다음번 할 때는 점차 앉아있는 시간이 주네요. 쉬엄 쉬엄 완성하면 될 것같아요.",2020-12-10T05:32:02.804+0000,STOREFARM,5,어린이 보석십자수 DIY 캐릭터 큐빅 비즈십자수 지니맘,지니맘 큐빅십자수  DIY: 2번 보라유니콘  (15cm 20cm)
3087651680,SELLBLOG,NORMAL,"아이가너무좋아해요
오래앉아서하더라구요",2021-01-10T05:51:31.845+0000,STOREFARM,4,어린이 보석십자수 DIY 캐릭터 큐빅 비즈 지니맘 KC인증,지니맘 큐빅십자수  DIY: 18번 파란사슴 (액자별매)
3075498688,SELLBLOG,NORMAL,구성품 넉넉하고 배송도 빠르고 좋아요,2020-12-25T00:36:35.879+0000,STOREFARM,5,어린이 보석십자수 DIY 캐릭터 큐빅 비즈 지니맘 KC인증,지니맘 큐빅십자수  DIY: 17번 아기 유니콘 (액자별매)
3092326750,SELLBLOG,NORMAL,아이들이 재미있게 잘놀아서 좋와요~~~,2021-01-15T19:36:24.544+0000,STOREFARM,4,어린이 보석십자수 DIY 캐릭터 큐빅 비즈 지니맘 KC인증,지니맘 큐빅십자수  DIY: 13번 별유니콘 (액자별매)
3088201901,SELLBLOG,NORMAL,"아이가 조아라 합니다
깔끔하고 사용하기도 간편하게 되었네요",2021-01-11T02:53:26.822+0000,STOREFARM,5,어린이 보석십자수 DIY 캐릭터 큐빅 비즈 지니맘 KC인증,지니맘 큐빅십자수  DIY: 1번 유니콘  (액자별매)
3092715295,SELLBLOG,NORMAL,"쉽고 이쁘네요
아이들과 즐겁게 했어요",2021-01-16T07:22:35.709+0000,STOREFARM,4,어린이 보석십자수 DIY 캐릭터 큐빅 비즈 지니맘 KC인증,지니맘 큐빅십자수  DIY: 27번 하트 고양이(액자별매)
3092177588,SELLBLOG,NORMAL,"아이들이 좋아합니다
배송도빨라요~",2021-01-15T12:51:50.738+0000,STOREFARM,5,어린이 보석십자수 DIY 캐릭터 큐빅 비즈 지니맘 KC인증,지니맘 큐빅십자수  DIY: 3번 분홍사슴 (액자별매)
3085999312,SELLBLOG,NORMAL,아이가 끝까지 완성하고 엄청 좋아하네요. 그리고 이뻐요.,2021-01-08T04:38:09.705+0000,STOREFARM,5,어린이 보석십자수 DIY 캐릭터 큐빅 비즈 지니맘 KC인증,지니맘 큐빅십자수  DIY: 11번 클로버 (액자별매)
3090481142,SELLBLOG,NORMAL,"방학이라  시간도 잘가고
아이가좋아하네요",2021-01-13T14:53:09.183+0000,STOREFARM,5,어린이 보석십자수 DIY 캐릭터 큐빅 비즈 지니맘 KC인증,지니맘 큐빅십자수  DIY: 30번 강아지1(액자별매)
3074599727,SELLBLOG,NORMAL,중독성있나봐요 ㅋㅋ계속 한다고해요 ㅎㅎ,2020-12-23T15:27:25.420+0000,STOREFARM,5,어린이 보석십자수 DIY 캐릭터 큐빅 비즈 지니맘 KC인증,지니맘 큐빅십자수  DIY: 24번 강아지(액자별매)
3089412292,SELLBLOG,NORMAL,실제로 보니 더 예쁘네요 완성다하면 정말 예쁠거같아요,2021-01-12T11:47:35.073+0000,STOREFARM,4,어린이 보석십자수 DIY 캐릭터 큐빅 비즈 지니맘 KC인증,지니맘 큐빅십자수  DIY: 1번 유니콘  (액자별매)
3076368986,SELLBLOG,NORMAL,"아이가 좋아해요
집중할수있고 예뻐요",2020-12-26T06:11:48.299+0000,STOREFARM,5,어린이 보석십자수 DIY 캐릭터 큐빅 비즈 지니맘 KC인증,지니맘 큐빅십자수  DIY: 17번 아기 유니콘 (액자별매)
3068981235,SELLBLOG,NORMAL,"쉽고 재미있는 놀이네요.
집콕인 요즘, 아이들이 아주 좋아합니다~^^",2020-12-17T01:09:18.808+0000,STOREFARM,4,어린이 보석십자수 DIY 캐릭터 큐빅 비즈 지니맘 KC인증,지니맘 큐빅십자수  DIY: 1번 유니콘  (액자별매)
3093660426,SELLBLOG,NORMAL,초등애가 좋아하네요,2021-01-17T13:16:48.509+0000,STOREFARM,5,어린이 보석십자수 DIY 캐릭터 큐빅 비즈 지니맘 KC인증,지니맘 큐빅십자수  DIY: 3번 분홍사슴 (액자별매)
3063495365,SELLBLOG,NORMAL,두번째 구매네요.지난번보다 구성도 추가되어서 좋아요.아이가 코로나때문에 심심해해서 구입했는데 재밌다고합니다.,2020-12-09T09:41:00.959+0000,STOREFARM,4,어린이 보석십자수 DIY 캐릭터 큐빅 비즈 지니맘 KC인증,지니맘 큐빅십자수  DIY: 13번 별유니콘 (액자별매)
3063494939,SELLBLOG,NORMAL,두번째 구매네요.지난번보다 구성도 추가되어서 좋아요.아이가 코로나때문에 심심해해서 구입했는데 재밌다고합니다.,2020-12-09T09:40:30.361+0000,STOREFARM,4,어린이 보석십자수 DIY 캐릭터 큐빅 비즈 지니맘 KC인증,지니맘 큐빅십자수  DIY: 24번 강아지(액자별매)
3070762628,SELLBLOG,NORMAL,"아이들이 집중해서 잘하네요^^
완성해보니  블링블링  넘 예뻐요~~!!",2020-12-19T01:55:26.170+0000,STOREFARM,5,어린이 보석십자수 DIY 캐릭터 큐빅 비즈 지니맘 KC인증,지니맘 큐빅십자수  DIY: 1번 유니콘  (액자별매)
3086848289,SELLBLOG,NORMAL,아이가 좋아해요 아직 미완성이지만 예쁘네요,2021-01-09T04:49:06.011+0000,STOREFARM,5,어린이 보석십자수 DIY 캐릭터 큐빅 비즈 지니맘 KC인증,지니맘 큐빅십자수  DIY: 10번 안경토끼 (액자별매)
3069070104,SELLBLOG,NORMAL,"이뻐요! 아이들이 심심해 해서 중
주문했는데 받자마자 시작하네요!!",2020-12-17T03:09:32.041+0000,STOREFARM,4,어린이 보석십자수 DIY 캐릭터 큐빅 비즈 지니맘 KC인증,지니맘 큐빅십자수  DIY: 9번 겨울사슴 (액자별매)
3076988394,SELLBLOG,NORMAL,아이들이 많이 좋아해요,2020-12-27T03:43:35.467+0000,STOREFARM,4,어린이 보석십자수 DIY 캐릭터 큐빅 비즈 지니맘 KC인증,지니맘 큐빅십자수  DIY: 21번 하트십자가 (액자별매)
3094665124,SELLBLOG,NORMAL,매우만족매우만족매우만족입니다,2021-01-19T03:28:05.464+0000,STOREFARM,5,어린이 보석십자수 DIY 캐릭터 큐빅 비즈 지니맘 KC인증,지니맘 큐빅십자수  DIY: 1번 유니콘  (액자별매)
3076987884,SELLBLOG,NORMAL,아이들이 너무 좋아해요,2020-12-27T03:42:54.215+0000,STOREFARM,4,어린이 보석십자수 DIY 캐릭터 큐빅 비즈 지니맘 KC인증,지니맘 큐빅십자수  DIY: 1번 유니콘  (액자별매)
3087847103,SELLBLOG,NORMAL,두아이 하루만에 직중해서 다하고 또 구매해주라해서 또 구매하내요,2021-01-10T11:26:44.895+0000,STOREFARM,5,어린이 보석십자수 DIY 캐릭터 큐빅 비즈 지니맘 KC인증,지니맘 큐빅십자수  DIY: 29번 클로버 고양이(액자별매)
3095769715,SELLBLOG,NORMAL,애들이 좋아해요~~~,2021-01-20T08:10:30.907+0000,STOREFARM,5,어린이 보석십자수 DIY 캐릭터 큐빅 비즈 지니맘 KC인증,지니맘 큐빅십자수  DIY: 25번 강아지(액자별매)
3083603172,SELLBLOG,NORMAL,아이들이 너무 좋아합니다. 집중력 향상에도 도움이 됩니다. 추천합니다.,2021-01-05T09:53:03.718+0000,STOREFARM,5,어린이 보석십자수 DIY 캐릭터 큐빅 비즈 지니맘 KC인증,지니맘 큐빅십자수  DIY: 23번 돌고래 하트(액자별매)
3070079287,SELLBLOG,NORMAL,"배송 빨라서 조앗어요
아이들도 재밋어 합니다",2020-12-18T05:03:58.251+0000,STOREFARM,5,어린이 보석십자수 DIY 캐릭터 큐빅 비즈 지니맘 KC인증,지니맘 큐빅십자수  DIY: 25번 뿔 돌고래(액자별매)
3073733586,SELLBLOG,NORMAL,코로나 시국에 아이들에게 최고선물이네요,2020-12-23T00:29:47.341+0000,STOREFARM,5,어린이 보석십자수 DIY 캐릭터 큐빅 비즈 지니맘 KC인증,지니맘 큐빅십자수  DIY: 27번 하트 고양이(액자별매)
3069409950,SELLBLOG,NORMAL,아이가 좋아해서 2번째 구매합니다. 배송 빠르고 좋아요.,2020-12-17T10:12:05.574+0000,STOREFARM,5,어린이 보석십자수 DIY 캐릭터 큐빅 비즈 지니맘 KC인증,지니맘 큐빅십자수  DIY: 27번 하트 고양이(액자별매)
3090804180,SELLBLOG,NORMAL,아이들 방학때 시간보내기 좋아요,2021-01-14T04:02:45.411+0000,STOREFARM,5,어린이 보석십자수 DIY 캐릭터 큐빅 비즈 지니맘 KC인증,지니맘 큐빅십자수  DIY: 24번 돌고래 하트(액자별매)
3091852686,SELLBLOG,NORMAL,방학이라 사줬는데 좋아해요,2021-01-15T06:33:45.329+0000,STOREFARM,5,어린이 보석십자수 DIY 캐릭터 큐빅 비즈 지니맘 KC인증,지니맘 큐빅십자수  DIY: 9번 겨울사슴 (액자별매)
3089817689,SELLBLOG,NORMAL,아침에일어나 따님 엄마 보석 십자수~찾아요ㅋ,2021-01-13T02:41:34.525+0000,STOREFARM,3,어린이 보석십자수 DIY 캐릭터 큐빅 비즈 지니맘 KC인증,지니맘 큐빅십자수  DIY: 28번 하트 고양이(액자별매)
3090584196,SELLBLOG,NORMAL,여태까지 사본 것 중에 제일 좋아요,2021-01-13T23:04:25.116+0000,STOREFARM,5,어린이 보석십자수 DIY 캐릭터 큐빅 비즈 지니맘 KC인증,지니맘 큐빅십자수  DIY: 29번 클로버 고양이(액자별매)
3090583781,SELLBLOG,NORMAL,여태까지 사본 것 중에 제일 좋아요,2021-01-13T23:03:07.209+0000,STOREFARM,5,어린이 보석십자수 DIY 캐릭터 큐빅 비즈 지니맘 KC인증,지니맘 큐빅십자수  DIY: 28번 하트 고양이(액자별매)
3091349589,SELLBLOG,AFTER_USE,긴방학을 보내는데 도움이 되었어요^^,2021-01-14T14:01:47.858+0000,STOREFARM,4,어린이 보석십자수 DIY 캐릭터 큐빅 비즈 지니맘 KC인증,지니맘 큐빅십자수  DIY: 13번 별유니콘 (액자별매)
3073738545,SELLBLOG,NORMAL,집에서 할수있는것이 있어서 너무 좋았어요~,2020-12-23T00:38:04.696+0000,STOREFARM,5,어린이 보석십자수 DIY 캐릭터 큐빅 비즈 지니맘 KC인증,지니맘 큐빅십자수  DIY: 26번 왕관 고양이(액자별매)
3076971927,SELLBLOG,NORMAL,아이들 집중력에 좋아요~,2020-12-27T03:18:23.721+0000,STOREFARM,5,어린이 보석십자수 DIY 캐릭터 큐빅 비즈 지니맘 KC인증,지니맘 큐빅십자수  DIY: 11번 클로버 (액자별매)
3090605616,SELLBLOG,NORMAL,"이뻐요.
방학때 심심할때 딱!",2021-01-13T23:56:18.195+0000,STOREFARM,5,어린이 보석십자수 DIY 캐릭터 큐빅 비즈 지니맘 KC인증,지니맘 큐빅십자수  DIY: 1번 유니콘  (액자별매)
3089729004,SELLBLOG,NORMAL,6살은 집중해서 하기 좋은데 힘들어는 해요,2021-01-13T00:36:11.024+0000,STOREFARM,5,어린이 보석십자수 DIY 캐릭터 큐빅 비즈 지니맘 KC인증,지니맘 큐빅십자수  DIY: 1번 유니콘  (액자별매)
3078192030,SELLBLOG,AFTER_USE,"코로나로 집에 있는 시간이 많아져서 8세 딸 아이를 위해 
구입했습니다.
이거있으면 몇시간 금방 때워요.ㅎㅎ
다른 디자인으로 다음에 또 구입할께요.^^",2020-12-29T00:35:05.021+0000,STOREFARM,5,보석십자수 DIY 캐릭터 큐빅 비즈십자수 지니맘,지니맘 큐빅십자수  DIY: 6번 소녀1 (액자별매)
3064474887,SELLBLOG,AFTER_USE,"친구들하고 몇시간씩 이거하며 잘노네요.
만든것도 작품처럼 이뻐요.
코로나시대 집콕에서 놀기 좋아요",2020-12-10T13:31:10.848+0000,STOREFARM,5,어린이 보석십자수 DIY 캐릭터 큐빅 비즈 지니맘 kc인증,지니맘 큐빅십자수  DIY: 15번 핑크 유니콘 (액자별매)
3064474527,SELLBLOG,AFTER_USE,"친구들하고 몇시간씩 이거하며 잘노네요.
만든것도 작품처럼 이뻐요.
코로나시대 집콕에서 놀기 좋아요",2020-12-10T13:30:44.381+0000,STOREFARM,5,어린이 보석십자수 DIY 캐릭터 큐빅 비즈 지니맘 kc인증,지니맘 큐빅십자수  DIY: 1번 유니콘  (액자별매)
3064474142,SELLBLOG,AFTER_USE,"친구들하고 몇시간씩 이거하며 잘노네요.
만든것도 작품처럼 이뻐요.
코로나시대 집콕에서 놀기 좋아요",2020-12-10T13:30:18.719+0000,STOREFARM,5,어린이 보석십자수 DIY 캐릭터 큐빅 비즈 지니맘 kc인증,지니맘 큐빅십자수  DIY: 3번 분홍사슴 (액자별매)
3064473757,SELLBLOG,AFTER_USE,"친구들하고 몇시간씩 이거하며 잘노네요.
만든것도 작품처럼 이뻐요.
코로나시대 집콕에서 놀기 좋아요",2020-12-10T13:29:50.740+0000,STOREFARM,5,어린이 보석십자수 DIY 캐릭터 큐빅 비즈 지니맘 kc인증,지니맘 큐빅십자수  DIY: 4번 홍학 (액자별매)
3064473426,SELLBLOG,AFTER_USE,"친구들하고 몇시간씩 이거하며 잘노네요.
만든것도 작품처럼 이뻐요.
코로나시대 집콕에서 놀기 좋아요",2020-12-10T13:29:25.457+0000,STOREFARM,5,어린이 보석십자수 DIY 캐릭터 큐빅 비즈 지니맘 kc인증,지니맘 큐빅십자수  DIY: 8번 꽃사슴 (액자별매)
3064473117,SELLBLOG,AFTER_USE,"친구들하고 몇시간씩 이거하며 잘노네요.
만든것도 작품처럼 이뻐요.
코로나시대 집콕에서 놀기 좋아요",2020-12-10T13:29:00.979+0000,STOREFARM,5,어린이 보석십자수 DIY 캐릭터 큐빅 비즈 지니맘 kc인증,지니맘 큐빅십자수  DIY: 12번 돌고래 (액자별매)
3064472733,SELLBLOG,AFTER_USE,"친구들하고 몇시간씩 이거하며 잘노네요.
만든것도 작품처럼 이뻐요.
코로나시대 집콕에서 놀기 좋아요",2020-12-10T13:28:33.831+0000,STOREFARM,5,어린이 보석십자수 DIY 캐릭터 큐빅 비즈 지니맘 kc인증,지니맘 큐빅십자수  DIY: 10번 안경토끼 (액자별매)
3064472388,SELLBLOG,AFTER_USE,"친구들하고 몇시간씩 이거하며 잘노네요.
만든것도 작품처럼 이뻐요.
코로나시대 집콕에서 놀기 좋아요",2020-12-10T13:28:06.861+0000,STOREFARM,5,어린이 보석십자수 DIY 캐릭터 큐빅 비즈 지니맘 kc인증,지니맘 큐빅십자수  DIY: 9번 겨울사슴 (액자별매)
3084325407,SELLBLOG,NORMAL,시간도잘가고 재밌네요 하나는 하루새 완성했는데 예뻐요^^,2021-01-06T06:32:50.621+0000,STOREFARM,5,어린이 보석십자수 DIY 캐릭터 큐빅 비즈 지니맘 KC인증,지니맘 큐빅십자수  DIY: 31번 강아지2(액자별매)
3087661532,SELLBLOG,NORMAL,"아이들이 좋아하네요
담엔 열쇠고리를 주문 해봐야 겠어요^^",2021-01-10T06:06:19.540+0000,STOREFARM,5,어린이 보석십자수 DIY 캐릭터 큐빅 비즈 지니맘 KC인증,지니맘 큐빅십자수  DIY: 2번 보라유니콘 (액자별매)
3088154344,SELLBLOG,NORMAL,"ㄱ ㅣ대이상이네여~~아이들이요거다하믄 다시
주문할께욤~~^^",2021-01-11T01:56:45.745+0000,STOREFARM,5,어린이 보석십자수 DIY 캐릭터 큐빅 비즈 지니맘 KC인증,지니맘 큐빅십자수  DIY: 11번 클로버 (액자별매)
3086846605,SELLBLOG,NORMAL,배송빠르구 반짝반짝 넘이쁘네요^^대박나세요,2021-01-09T04:47:00.486+0000,STOREFARM,5,어린이 보석십자수 DIY 캐릭터 큐빅 비즈 지니맘 KC인증,지니맘 큐빅십자수  DIY: 23번 돌고래 하트(액자별매)
3063597071,SELLBLOG,NORMAL,"저학년 아이가 혼자 하기 딱이네요.
너무 크지도 않고 적당합니다.
서비스로 액자까지 깜짝 선물로 주셨어요. 
감사합니다~",2020-12-09T11:42:50.273+0000,STOREFARM,5,어린이 보석십자수 DIY 캐릭터 큐빅 비즈 지니맘 KC인증,지니맘 큐빅십자수  DIY: 1번 유니콘  (액자별매)
3063596670,SELLBLOG,NORMAL,"저학년 아이가 혼자 하기 딱이네요.
너무 크지도 않고 적당합니다.
서비스로 액자까지 깜짝 선물로 주셨어요. 
감사합니다~",2020-12-09T11:42:22.415+0000,STOREFARM,5,어린이 보석십자수 DIY 캐릭터 큐빅 비즈 지니맘 KC인증,지니맘 큐빅십자수  DIY: 2번 보라유니콘 (액자별매)
3063596347,SELLBLOG,NORMAL,"저학년 아이가 혼자 하기 딱이네요.
너무 크지도 않고 적당합니다.
서비스로 액자까지 깜짝 선물로 주셨어요. 
감사합니다~",2020-12-09T11:42:00.500+0000,STOREFARM,5,어린이 보석십자수 DIY 캐릭터 큐빅 비즈 지니맘 KC인증,지니맘 큐빅십자수  DIY: 15번 핑크 유니콘 (액자별매)
3070763937,SELLBLOG,NORMAL,"아이들이 집중해서 넘 잘하네요^^
완성해놓으니 넘예뻐요~~!!^^",2020-12-19T01:56:59.044+0000,STOREFARM,5,어린이 보석십자수 DIY 캐릭터 큐빅 비즈 지니맘 KC인증,지니맘 큐빅십자수  DIY: 8번 꽃사슴 (액자별매)
3076140773,SELLBLOG,NORMAL,집에서 재밌게 잘 했어요,2020-12-26T00:59:43.539+0000,STOREFARM,4,어린이 보석십자수 DIY 캐릭터 큐빅 비즈 지니맘 KC인증,지니맘 큐빅십자수  DIY: 9번 겨울사슴 (액자별매)
3064438855,SELLBLOG,NORMAL,"디자인이 맘에드네요..
배송도 빠르고...
잘 사용하겠습니다..",2020-12-10T12:46:48.990+0000,STOREFARM,5,어린이 보석십자수 DIY 캐릭터 큐빅 비즈 지니맘 KC인증,지니맘 큐빅십자수  DIY: 1번 유니콘  (액자별매)
3075587779,SELLBLOG,NORMAL,열심히 만들고 있는 중이예요,2020-12-25T02:51:19.276+0000,STOREFARM,5,어린이 보석십자수 DIY 캐릭터 큐빅 비즈 지니맘 KC인증,지니맘 큐빅십자수  DIY: 14번 부엉이 (액자별매)
3075887592,SELLBLOG,NORMAL,얘들이 좋아하고 잘하네요,2020-12-25T10:16:23.655+0000,STOREFARM,5,어린이 보석십자수 DIY 캐릭터 큐빅 비즈 지니맘 KC인증,지니맘 큐빅십자수  DIY: 28번 클로버 고양이(액자별매)
3074452424,SELLBLOG,NORMAL,다른곳보다 조금 비싼데 그값합니다,2020-12-23T12:47:43.772+0000,STOREFARM,5,어린이 보석십자수 DIY 캐릭터 큐빅 비즈 지니맘 KC인증,지니맘 큐빅십자수  DIY: 15번 핑크 유니콘 (액자별매)
3091853077,SELLBLOG,NORMAL,다 하면 또 사줘야겠어요,2021-01-15T06:34:08.051+0000,STOREFARM,5,어린이 보석십자수 DIY 캐릭터 큐빅 비즈 지니맘 KC인증,지니맘 큐빅십자수  DIY: 3번 분홍사슴 (액자별매)
3091852387,SELLBLOG,NORMAL,아이들이 엄청 좋아해요,2021-01-15T06:33:27.684+0000,STOREFARM,5,어린이 보석십자수 DIY 캐릭터 큐빅 비즈 지니맘 KC인증,지니맘 큐빅십자수  DIY: 1번 유니콘  (액자별매)
3088072774,SELLBLOG,NORMAL,"도착한날 완성 또시켜야될것같아요
너무좋아하네요",2021-01-10T23:49:08.854+0000,STOREFARM,5,어린이 보석십자수 DIY 캐릭터 큐빅 비즈 지니맘 KC인증,지니맘 큐빅십자수  DIY: 14번 부엉이 (액자별매)
3090618830,SELLBLOG,NORMAL,방학때 아이 혼자 하기 좋아요,2021-01-14T00:20:53.264+0000,STOREFARM,5,어린이 보석십자수 DIY 캐릭터 큐빅 비즈 지니맘 KC인증,지니맘 큐빅십자수  DIY: 3번 분홍사슴 (액자별매)
3088167122,SELLBLOG,NORMAL,조카가 좋아해요 하기 좋아요,2021-01-11T02:12:30.469+0000,STOREFARM,5,어린이 보석십자수 DIY 캐릭터 큐빅 비즈 지니맘 KC인증,지니맘 큐빅십자수  DIY: 9번 겨울사슴 (액자별매)
3088162921,SELLBLOG,NORMAL,조카가 좋아해요 재미있어요,2021-01-11T02:07:05.785+0000,STOREFARM,5,어린이 보석십자수 DIY 캐릭터 큐빅 비즈 지니맘 KC인증,지니맘 큐빅십자수  DIY: 12번 돌고래 (액자별매)
3070563628,SELLBLOG,NORMAL,조카가 엄청 좋아해요 하루종일 잡고있네요~,2020-12-18T14:21:53.446+0000,STOREFARM,5,어린이 보석십자수 DIY 캐릭터 큐빅 비즈 지니맘 KC인증,지니맘 큐빅십자수  DIY: 25번 뿔 돌고래(액자별매)
3063224798,SELLBLOG,NORMAL,"아이가 참 좋아합니다~~재구매 예정입니다.
액자사이즈 잘못구매했는데 친절하게 안내해주셔서 감사 했습니다.",2020-12-09T03:48:06.697+0000,STOREFARM,5,어린이 보석십자수 DIY 캐릭터 큐빅 비즈 지니맘 KC인증,지니맘 큐빅십자수  DIY: 28번 클로버 고양이(액자별매)
3075319660,SELLBLOG,NORMAL,배송빠르고 애들이 좋아하네요.,2020-12-24T13:16:40.258+0000,STOREFARM,5,어린이 보석십자수 DIY 캐릭터 큐빅 비즈 지니맘 KC인증,지니맘 큐빅십자수  DIY: 8번 꽃사슴 (액자별매)
3075319390,SELLBLOG,NORMAL,배송빠르고 애들이 좋아하네요.,2020-12-24T13:16:17.489+0000,STOREFARM,5,어린이 보석십자수 DIY 캐릭터 큐빅 비즈 지니맘 KC인증,지니맘 큐빅십자수  DIY: 5번  소녀1 (액자별매)
3075319192,SELLBLOG,NORMAL,배송빠르고 애들이 좋아하네요.,2020-12-24T13:15:59.919+0000,STOREFARM,5,어린이 보석십자수 DIY 캐릭터 큐빅 비즈 지니맘 KC인증,지니맘 큐빅십자수  DIY: 6번 소녀2 (액자별매)
3075318992,SELLBLOG,NORMAL,배송빠르고 애들이 좋아하네요.,2020-12-24T13:15:42.270+0000,STOREFARM,5,어린이 보석십자수 DIY 캐릭터 큐빅 비즈 지니맘 KC인증,지니맘 큐빅십자수  DIY: 1번 유니콘  (액자별매)
3075318758,SELLBLOG,NORMAL,배송빠르고 애들이 좋아하네요.,2020-12-24T13:15:21.218+0000,STOREFARM,5,어린이 보석십자수 DIY 캐릭터 큐빅 비즈 지니맘 KC인증,지니맘 큐빅십자수  DIY: 3번 분홍사슴 (액자별매)
3075318399,SELLBLOG,NORMAL,배송빠르고 애들이 좋아하네요.,2020-12-24T13:14:49.849+0000,STOREFARM,5,어린이 보석십자수 DIY 캐릭터 큐빅 비즈 지니맘 KC인증,지니맘 큐빅십자수  DIY: 17번 아기 유니콘 (액자별매)
3075317983,SELLBLOG,NORMAL,배송빠르고 애들이 좋아하네요.,2020-12-24T13:14:12.987+0000,STOREFARM,5,어린이 보석십자수 DIY 캐릭터 큐빅 비즈 지니맘 KC인증,지니맘 큐빅십자수  DIY: 13번 별유니콘 (액자별매)
3075317446,SELLBLOG,NORMAL,배송빠르고 애들이 좋아하네요.,2020-12-24T13:13:26.196+0000,STOREFARM,5,어린이 보석십자수 DIY 캐릭터 큐빅 비즈 지니맘 KC인증,지니맘 큐빅십자수  DIY: 14번 부엉이 (액자별매)
3075316589,SELLBLOG,NORMAL,배송 빠르고 애들이 좋아하네요.,2020-12-24T13:12:10.295+0000,STOREFARM,5,어린이 보석십자수 DIY 캐릭터 큐빅 비즈 지니맘 KC인증,지니맘 큐빅십자수  DIY: 15번 핑크 유니콘 (액자별매)
3090633735,SELLBLOG,NORMAL,굿굿굿아주재미있어요,2021-01-14T00:43:04.262+0000,STOREFARM,5,어린이 보석십자수 DIY 캐릭터 큐빅 비즈 지니맘 KC인증,지니맘 큐빅십자수  DIY: 30번 작은 유니콘(액자별매)
3086226562,SELLBLOG,NORMAL,맘에들어요 보석 너무 예쁘네요~~ 택배사도 맘이들어요,2021-01-08T08:20:16.991+0000,STOREFARM,5,어린이 보석십자수 DIY 캐릭터 큐빅 비즈 지니맘 KC인증,지니맘 큐빅십자수  DIY: 25번 뿔 돌고래(액자별매)
3072340259,SELLBLOG,NORMAL,"두번째구매네요~~
조카가좋아해요",2020-12-21T03:25:03.029+0000,STOREFARM,5,어린이 보석십자수 DIY 캐릭터 큐빅 비즈 지니맘 KC인증,지니맘 큐빅십자수  DIY: 24번 강아지(액자별매)
3072339511,SELLBLOG,NORMAL,"두번째구매네요~~
조카가좋아해요",2020-12-21T03:23:56.259+0000,STOREFARM,5,어린이 보석십자수 DIY 캐릭터 큐빅 비즈 지니맘 KC인증,지니맘 큐빅십자수  DIY: 27번 하트 고양이(액자별매)
3074100174,SELLBLOG,NORMAL,넘 반짝이고 이뻐서 애두 더  잘하네요 ㅋ,2020-12-23T07:32:01.037+0000,STOREFARM,5,어린이 보석십자수 DIY 캐릭터 큐빅 비즈 지니맘 KC인증,지니맘 큐빅십자수  DIY: 1번 유니콘  (액자별매)
3088357362,SELLBLOG,NORMAL,좋아요 조카가 좋다고해요,2021-01-11T05:55:03.884+0000,STOREFARM,5,어린이 보석십자수 DIY 캐릭터 큐빅 비즈 지니맘 KC인증,지니맘 큐빅십자수  DIY: 2번 보라유니콘 (액자별매)
3078929943,SELLBLOG,NORMAL,"집콕아이템을 찾다가 이거다!하며 주문했습니다. 아이들이 너무너무 좋아하네요.
하루종일 시간때우기 딱이네요.",2020-12-29T15:00:06.369+0000,STOREFARM,5,어린이 보석십자수 DIY 캐릭터 큐빅 비즈 지니맘 KC인증,지니맘 큐빅십자수  DIY: 23번 돌고래 하트(액자별매)
3085866825,SELLBLOG,NORMAL,완성하려면 좀 힘들긴 하지만 은근 중독성 있어서 계속하게 되네요ㅎㅎ,2021-01-08T02:07:38.192+0000,STOREFARM,5,어린이 보석십자수 DIY 캐릭터 큐빅 비즈 지니맘 KC인증,지니맘 큐빅십자수  DIY: 22번 교회 (액자별매)
3081575082,SELLBLOG,NORMAL,아이들이 차분히 하나씩 완성해가는데 너무 예쁘네요. 다 하고 또 이용할게요^^,2021-01-02T08:09:45.608+0000,STOREFARM,5,어린이 보석십자수 DIY 캐릭터 큐빅 비즈 지니맘 KC인증,지니맘 큐빅십자수  DIY: 3번 분홍사슴 (액자별매)
3092512398,SELLBLOG,NORMAL,딸아이가 너무너무 좋아래요,2021-01-16T03:32:20.360+0000,STOREFARM,5,어린이 보석십자수 DIY 캐릭터 큐빅 비즈 지니맘 KC인증,지니맘 큐빅십자수  DIY: 15번 핑크 유니콘 (액자별매)
3083324703,SELLBLOG,NORMAL,"재미있어요~ 
아이들이 이거할땐 조용히 집중해서좋아요~",2021-01-05T04:25:06.621+0000,STOREFARM,5,어린이 보석십자수 DIY 캐릭터 큐빅 비즈 지니맘 KC인증,지니맘 큐빅십자수  DIY: 15번 핑크 유니콘 (액자별매)
3084580353,SELLBLOG,NORMAL,큐빅 하나하나 잘 보관할 수 있게 지퍼팩처럼 담아줘서 관라하기 쉬워요,2021-01-06T10:55:22.517+0000,STOREFARM,5,어린이 보석십자수 DIY 캐릭터 큐빅 비즈 지니맘 KC인증,지니맘 큐빅십자수  DIY: 23번 돌고래 하트(액자별매)
3073734353,SELLBLOG,NORMAL,코로나시국에 최고의 꿀템입니다,2020-12-23T00:31:02.226+0000,STOREFARM,5,어린이 보석십자수 DIY 캐릭터 큐빅 비즈 지니맘 KC인증,지니맘 큐빅십자수  DIY: 17번 아기 유니콘 (액자별매)
3074593258,SELLBLOG,NORMAL,가격이 저렴하고 배송도 빠릅니다.,2020-12-23T15:16:37.625+0000,STOREFARM,5,어린이 보석십자수 DIY 캐릭터 큐빅 비즈 지니맘 KC인증,지니맘 큐빅십자수  DIY: 27번 하트 고양이(액자별매)
3075663018,SELLBLOG,NORMAL,아이가 아주 좋아합니다,2020-12-25T04:39:02.194+0000,STOREFARM,5,어린이 보석십자수 DIY 캐릭터 큐빅 비즈 지니맘 KC인증,지니맘 큐빅십자수  DIY: 1번 유니콘  (액자별매)
3069994804,SELLBLOG,NORMAL,"꼼꼼한 포장에 빠른 배송 너무 감사드립니다!! 
아이들이 너무 좋아하네요 감사합니다",2020-12-18T03:38:20.066+0000,STOREFARM,5,어린이 보석십자수 DIY 캐릭터 큐빅 비즈 지니맘 KC인증,지니맘 큐빅십자수  DIY: 15번 핑크 유니콘 (액자별매)
3079648942,SELLBLOG,NORMAL,너무 만족해요~~~~~,2020-12-30T12:20:20.546+0000,STOREFARM,5,어린이 보석십자수 DIY 캐릭터 큐빅 비즈 지니맘 KC인증,지니맘 큐빅십자수  DIY: 26번 왕관 고양이(액자별매)
3085865799,SELLBLOG,NORMAL,방합동안 집콕하는 아이가 심심해 했는데 집중하면서 잘하네요^^,2021-01-08T02:06:32.878+0000,STOREFARM,5,어린이 보석십자수 DIY 캐릭터 큐빅 비즈 지니맘 KC인증,지니맘 큐빅십자수  DIY: 1번 유니콘  (액자별매)
3090958269,SELLBLOG,NORMAL,구성품도 만족 스러워요,2021-01-14T07:06:04.022+0000,STOREFARM,5,어린이 보석십자수 DIY 캐릭터 큐빅 비즈 지니맘 KC인증,지니맘 큐빅십자수  DIY: 27번 왕관 고양이(액자별매)
3077205808,SELLBLOG,NORMAL,"아이들도 너무 좋아하고 만들고나니 너무 예쁘네요~
다시 재구매 합니다..
사이즈가 애들이 지치지 않고 완성하기에 딱 좋은것 같아여!",2020-12-27T08:39:11.067+0000,STOREFARM,5,어린이 보석십자수 DIY 캐릭터 큐빅 비즈 지니맘 KC인증,지니맘 큐빅십자수  DIY: 24번 강아지(액자별매)
3075196411,SELLBLOG,NORMAL,"재미있어하네요
수고하세요",2020-12-24T10:26:02.067+0000,STOREFARM,5,어린이 보석십자수 DIY 캐릭터 큐빅 비즈 지니맘 KC인증,지니맘 큐빅십자수  DIY: 1번 유니콘  (액자별매)
3075195890,SELLBLOG,NORMAL,"재미있어하네요
번창하세요",2020-12-24T10:25:19.075+0000,STOREFARM,5,어린이 보석십자수 DIY 캐릭터 큐빅 비즈 지니맘 KC인증,지니맘 큐빅십자수  DIY: 12번 돌고래 (액자별매)
3067892040,SELLBLOG,NORMAL,코로나때문에 집에만 있는 애들이 지루해 했었는데 집중해서 하고 재미있엉하네요.,2020-12-15T12:38:11.956+0000,STOREFARM,5,어린이 보석십자수 DIY 캐릭터 큐빅 비즈 지니맘 KC인증,지니맘 큐빅십자수  DIY: 14번 부엉이 (액자별매)
3076231717,SELLBLOG,NORMAL,클슈마스 잘보냈네요ㅎ,2020-12-26T03:16:58.265+0000,STOREFARM,5,어린이 보석십자수 DIY 캐릭터 큐빅 비즈 지니맘 KC인증,지니맘 큐빅십자수  DIY: 24번 강아지(액자별매)
3091570086,SELLBLOG,NORMAL,아이가 집 중~~하고 잘노내요.,2021-01-15T01:34:43.392+0000,STOREFARM,5,어린이 보석십자수 DIY 캐릭터 큐빅 비즈 지니맘 KC인증,지니맘 큐빅십자수  DIY: 25번 강아지(액자별매)
3075887840,SELLBLOG,NORMAL,아이들이 좋아하네요,2020-12-25T10:16:53.697+0000,STOREFARM,5,어린이 보석십자수 DIY 캐릭터 큐빅 비즈 지니맘 KC인증,지니맘 큐빅십자수  DIY: 10번 안경토끼 (액자별매)
3075030155,SELLBLOG,NORMAL,생각보다 사이즈가 작아요,2020-12-24T06:55:10.340+0000,STOREFARM,4,어린이 보석십자수 DIY 캐릭터 큐빅 비즈 지니맘 KC인증,지니맘 큐빅십자수  DIY: 6번 소녀2 (액자별매)
3070802973,SELLBLOG,NORMAL,시간보내기 좋아요 꼼꼼하게 설명서가 잘 되어 있어 하기 편해요,2020-12-19T02:39:55.962+0000,STOREFARM,5,어린이 보석십자수 DIY 캐릭터 큐빅 비즈 지니맘 KC인증,지니맘 큐빅십자수  DIY: 23번 돌고래 하트(액자별매)
3082402151,SELLBLOG,NORMAL,"10살딸이랑 2일간 재미나게 만들었어요
7살 아들은 조금 하다가 도망ㅋ",2021-01-03T13:33:54.999+0000,STOREFARM,5,어린이 보석십자수 DIY 캐릭터 큐빅 비즈 지니맘 KC인증,지니맘 큐빅십자수  DIY: 28번 클로버 고양이(액자별매)
3082401921,SELLBLOG,NORMAL,"10살딸이랑 2일간 재미나게 만들었어요
7살 아들은 조금 하다가 도망ㅋ",2021-01-03T13:33:32.851+0000,STOREFARM,5,어린이 보석십자수 DIY 캐릭터 큐빅 비즈 지니맘 KC인증,지니맘 큐빅십자수  DIY: 11번 클로버 (액자별매)
3082401761,SELLBLOG,NORMAL,"10살딸이랑 2일간 재미나게 만들었어요
7살 아들은 조금 하다가 도망ㅋ",2021-01-03T13:33:17.083+0000,STOREFARM,5,어린이 보석십자수 DIY 캐릭터 큐빅 비즈 지니맘 KC인증,지니맘 큐빅십자수  DIY: 3번 분홍사슴 (액자별매)
3082401281,SELLBLOG,NORMAL,"10살딸이랑 2일간 재미나게 만들었어요
7살 아들은 조금 하다가 도망ㅋ",2021-01-03T13:32:32.681+0000,STOREFARM,5,어린이 보석십자수 DIY 캐릭터 큐빅 비즈 지니맘 KC인증,지니맘 큐빅십자수  DIY: 13번 별유니콘 (액자별매)
3086081722,SELLBLOG,NORMAL,"아이가 넘 좋아해요
그리고 배송 지인짜 빠름빠름요!!!!!",2021-01-08T06:01:36.060+0000,STOREFARM,5,어린이 보석십자수 DIY 캐릭터 큐빅 비즈 지니맘 KC인증,지니맘 큐빅십자수  DIY: 25번 뿔 돌고래(액자별매)
3091350007,SELLBLOG,AFTER_USE,다만들고나서 보면 뿌듯합니다~~~^^,2021-01-14T14:02:15.823+0000,STOREFARM,4,어린이 보석십자수 DIY 캐릭터 큐빅 비즈 지니맘 KC인증,지니맘 큐빅십자수  DIY: 14번 부엉이 (액자별매)
3092564553,SELLBLOG,NORMAL,색감도예쁘고좋아요~^^,2021-01-16T04:32:59.542+0000,STOREFARM,5,어린이 보석십자수 DIY 캐릭터 큐빅 비즈 지니맘 KC인증,지니맘 큐빅십자수  DIY: 2번 보라유니콘 (액자별매)
3075503483,SELLBLOG,NORMAL,아이가 너무좋아해요,2020-12-25T00:45:52.948+0000,STOREFARM,5,어린이 보석십자수 DIY 캐릭터 큐빅 비즈 지니맘 KC인증,지니맘 큐빅십자수  DIY: 24번 강아지(액자별매)
3075503207,SELLBLOG,NORMAL,아이가 너무 좋아해요,2020-12-25T00:45:17.508+0000,STOREFARM,5,어린이 보석십자수 DIY 캐릭터 큐빅 비즈 지니맘 KC인증,지니맘 큐빅십자수  DIY: 1번 유니콘  (액자별매)
3058623249,SELLBLOG,NORMAL,"너무 재미있어 담에 또 구입할께요~~
반짝반짝 이쁩니다",2020-12-02T08:02:40.726+0000,STOREFARM,5,어린이 보석십자수 DIY 캐릭터 큐빅 비즈 지니맘 kc인증,지니맘 큐빅십자수  DIY: 13번 별유니콘 (액자별매)
3062130965,SELLBLOG,NORMAL,"도착한지 한 3일정도 된거같은데 완성했어요
넘 이쁩니다~~ 아이가 대만족합니다
키링 4개하고 액자하나 시켜봤어요",2020-12-07T10:37:48.806+0000,STOREFARM,5,어린이 보석십자수 DIY 캐릭터 큐빅 비즈 지니맘 KC인증,지니맘 큐빅십자수  DIY: 15번 핑크 유니콘 (액자별매)
3075535783,SELLBLOG,NORMAL,배송빠르게잘받았어요.,2020-12-25T01:37:30.627+0000,STOREFARM,5,어린이 보석십자수 DIY 캐릭터 큐빅 비즈 지니맘 KC인증,지니맘 큐빅십자수  DIY: 25번 뿔 돌고래(액자별매)
3071564826,SELLBLOG,NORMAL,아이가  온라인수업으로 심심해해서 사줬어요,2020-12-20T01:39:09.329+0000,STOREFARM,5,어린이 보석십자수 DIY 캐릭터 큐빅 비즈 지니맘 KC인증,지니맘 큐빅십자수  DIY: 1번 유니콘  (액자별매)
3091536658,SELLBLOG,NORMAL,아이가 너무 좋아해요~,2021-01-15T00:51:50.531+0000,STOREFARM,4,어린이 보석십자수 DIY 캐릭터 큐빅 비즈 지니맘 KC인증,지니맘 큐빅십자수  DIY: 9번 겨울사슴 (액자별매)
3090439176,SELLBLOG,NORMAL,애들이 너무 잘해주네요,2021-01-13T13:58:27.809+0000,STOREFARM,5,어린이 보석십자수 DIY 캐릭터 큐빅 비즈 지니맘 KC인증,지니맘 큐빅십자수  DIY: 17번 아기 유니콘 (액자별매)
3090958495,SELLBLOG,NORMAL,신경 쓴게 보여서 만족,2021-01-14T07:06:19.115+0000,STOREFARM,5,어린이 보석십자수 DIY 캐릭터 큐빅 비즈 지니맘 KC인증,지니맘 큐빅십자수  DIY: 2번 보라유니콘 (액자별매)
3069599474,SELLBLOG,NORMAL,이쁠거같아요 큐빅보석색상도 이뻐요,2020-12-17T13:20:40.984+0000,STOREFARM,4,어린이 보석십자수 DIY 캐릭터 큐빅 비즈 지니맘 KC인증,지니맘 큐빅십자수  DIY: 9번 겨울사슴 (액자별매)
3075067452,SELLBLOG,NORMAL,아이가 많이 좋아하네요,2020-12-24T07:38:18.145+0000,STOREFARM,5,어린이 보석십자수 DIY 캐릭터 큐빅 비즈 지니맘 KC인증,지니맘 큐빅십자수  DIY: 9번 겨울사슴 (액자별매)
3068772269,SELLBLOG,NORMAL,"오자마자 하루만에 다 끝내버렸어요^^
넘 재미있네요^^",2020-12-16T13:45:26.125+0000,STOREFARM,5,어린이 보석십자수 DIY 캐릭터 큐빅 비즈 지니맘 KC인증,지니맘 큐빅십자수  DIY: 21번 하트십자가 (액자별매)
3073737665,SELLBLOG,NORMAL,아이랑 같이 하니 너무 좋았어요~,2020-12-23T00:36:39.960+0000,STOREFARM,5,어린이 보석십자수 DIY 캐릭터 큐빅 비즈 지니맘 KC인증,지니맘 큐빅십자수  DIY: 1번 유니콘  (액자별매)
3080715260,SELLBLOG,NORMAL,너무예뻐요~비즈 색감이 다른곳과 차원이다릅니다~~진짜 보석!십자수입니당~^^,2021-01-01T04:02:17.883+0000,STOREFARM,4,어린이 보석십자수 DIY 캐릭터 큐빅 비즈 지니맘 KC인증,지니맘 큐빅십자수  DIY: 28번 클로버 고양이(액자별매)
3088402201,SELLBLOG,NORMAL,아이가 좋아해요~예뻐요,2021-01-11T06:54:07.043+0000,STOREFARM,4,어린이 보석십자수 DIY 캐릭터 큐빅 비즈 지니맘 KC인증,지니맘 큐빅십자수  DIY: 27번 하트 고양이(액자별매)
3108452504,SELLBLOG,NORMAL,좋아요 좋아요 좋아요,2021-02-06T11:46:16.259+0000,STOREFARM,5,어린이 보석십자수 DIY 캐릭터 큐빅 비즈 지니맘 KC인증,지니맘 큐빅십자수  DIY: 25번 강아지(액자별매)
3083325455,SELLBLOG,NORMAL,"엄마 심심할까바 사줬는데
재미있어 하면서 완성된거보고 뿌듯해하시네요ㅎ",2021-01-05T04:26:08.885+0000,STOREFARM,5,어린이 보석십자수 DIY 캐릭터 큐빅 비즈 지니맘 KC인증,지니맘 큐빅십자수  DIY: 16번 여우 (액자별매)
3075567376,SELLBLOG,NORMAL,배송 빠르고 좋아요,2020-12-25T02:23:23.016+0000,STOREFARM,5,어린이 보석십자수 DIY 캐릭터 큐빅 비즈 지니맘 KC인증,지니맘 큐빅십자수  DIY: 12번 돌고래 (액자별매)
3075565536,SELLBLOG,NORMAL,배송 빠르고 좋아요,2020-12-25T02:20:37.334+0000,STOREFARM,5,어린이 보석십자수 DIY 캐릭터 큐빅 비즈 지니맘 KC인증,지니맘 큐빅십자수  DIY: 13번 별유니콘 (액자별매)
3075498212,SELLBLOG,NORMAL,너무 에쁘고 좋아요,2020-12-25T00:35:42.939+0000,STOREFARM,5,어린이 보석십자수 DIY 캐릭터 큐빅 비즈 지니맘 KC인증,지니맘 큐빅십자수  DIY: 24번 강아지(액자별매)
3092564128,SELLBLOG,NORMAL,딸이너무좋아해요~^^,2021-01-16T04:32:30.890+0000,STOREFARM,5,어린이 보석십자수 DIY 캐릭터 큐빅 비즈 지니맘 KC인증,지니맘 큐빅십자수  DIY: 8번 꽃사슴 (액자별매)
3089440430,SELLBLOG,NORMAL,아이가 집중해서 잘 하네요,2021-01-12T12:12:50.790+0000,STOREFARM,5,어린이 보석십자수 DIY 캐릭터 큐빅 비즈 지니맘 KC인증,지니맘 큐빅십자수  DIY: 13번 별유니콘 (액자별매)
3085341044,SELLBLOG,NORMAL,저희아이가 잼있어해서 친구선물하려구 다시 주문했어요^^,2021-01-07T08:40:59.141+0000,STOREFARM,5,어린이 보석십자수 DIY 캐릭터 큐빅 비즈 지니맘 KC인증,지니맘 큐빅십자수  DIY: 23번 돌고래 하트(액자별매)
3085116574,SELLBLOG,NORMAL,코로나때문에 나가지도 못하는데 아이가 너무좋아합니다,2021-01-07T04:19:13.300+0000,STOREFARM,3,어린이 보석십자수 DIY 캐릭터 큐빅 비즈 지니맘 KC인증,지니맘 큐빅십자수  DIY: 1번 유니콘  (액자별매)
3091348320,SELLBLOG,AFTER_USE,퀄리티도 좋구 만족해요~^^,2021-01-14T14:00:18.625+0000,STOREFARM,4,어린이 보석십자수 DIY 캐릭터 큐빅 비즈 지니맘 KC인증,지니맘 큐빅십자수  DIY: 1번 유니콘  (액자별매)
3076141008,SELLBLOG,NORMAL,재밌게 잘했어요  재밌어요,2020-12-26T01:00:18.775+0000,STOREFARM,4,어린이 보석십자수 DIY 캐릭터 큐빅 비즈 지니맘 KC인증,지니맘 큐빅십자수  DIY: 3번 분홍사슴 (액자별매)
3079649903,SELLBLOG,NORMAL,너무 좋아요~~~~~~,2020-12-30T12:21:17.884+0000,STOREFARM,5,어린이 보석십자수 DIY 캐릭터 큐빅 비즈 지니맘 KC인증,지니맘 큐빅십자수  DIY: 1번 유니콘  (액자별매)
3090439745,SELLBLOG,NORMAL,저렴하게 구매했어요,2021-01-13T13:59:05.549+0000,STOREFARM,5,어린이 보석십자수 DIY 캐릭터 큐빅 비즈 지니맘 KC인증,지니맘 큐빅십자수  DIY: 8번 꽃사슴 (액자별매)
3088245421,SELLBLOG,NORMAL,시간 가는줄 모르고 즐겁게 잘 했습니다~^^,2021-01-11T03:47:32.407+0000,STOREFARM,5,어린이 보석십자수 DIY 캐릭터 큐빅 비즈 지니맘 KC인증,지니맘 큐빅십자수  DIY: 3번 분홍사슴 (액자별매)
3071565440,SELLBLOG,NORMAL,온라인수업으로 심심해서 샀는더 좋네요,2020-12-20T01:40:00.496+0000,STOREFARM,5,어린이 보석십자수 DIY 캐릭터 큐빅 비즈 지니맘 KC인증,지니맘 큐빅십자수  DIY: 3번 분홍사슴 (액자별매)
3087709120,SELLBLOG,NORMAL,아이가 재미있는지 앉아서 잘하네요,2021-01-10T07:23:57.431+0000,STOREFARM,5,어린이 보석십자수 DIY 캐릭터 큐빅 비즈 지니맘 KC인증,지니맘 큐빅십자수  DIY: 27번 하트 고양이(액자별매)
3090583588,SELLBLOG,NORMAL,퀄리티 너무 좋아요,2021-01-13T23:02:32.159+0000,STOREFARM,5,어린이 보석십자수 DIY 캐릭터 큐빅 비즈 지니맘 KC인증,지니맘 큐빅십자수  DIY: 2번 보라유니콘 (액자별매)
3084426866,SELLBLOG,NORMAL,"딸이 넘 좋아해요
하루만에 완성",2021-01-06T08:16:29.181+0000,STOREFARM,5,어린이 보석십자수 DIY 캐릭터 큐빅 비즈 지니맘 KC인증,지니맘 큐빅십자수  DIY: 27번 하트 고양이(액자별매)
3073734001,SELLBLOG,NORMAL,미리크리스마스 선물이예요~,2020-12-23T00:30:27.834+0000,STOREFARM,5,어린이 보석십자수 DIY 캐릭터 큐빅 비즈 지니맘 KC인증,지니맘 큐빅십자수  DIY: 24번 강아지(액자별매)
3080778006,SELLBLOG,NORMAL,"아이와 함꺼하는데 재미있어요
할머니랑도 하겠다더니 할머니도 재미있게 하셨어요",2021-01-01T05:38:10.336+0000,STOREFARM,5,어린이 보석십자수 DIY 캐릭터 큐빅 비즈 지니맘 KC인증,지니맘 큐빅십자수  DIY: 27번 하트 고양이(액자별매)
3080777859,SELLBLOG,NORMAL,"아이와 함꺼하는데 재미있어요
할머니랑도 하겠다더니 할머니도 재미있게 하셨어요",2021-01-01T05:37:57.832+0000,STOREFARM,5,어린이 보석십자수 DIY 캐릭터 큐빅 비즈 지니맘 KC인증,지니맘 큐빅십자수  DIY: 13번 별유니콘 (액자별매)
3067300757,SELLBLOG,NORMAL,"하나가 누락되었는데 바로다시 보내주셨어요
배송이 하루만에~진짜빨라요",2020-12-14T23:43:46.230+0000,STOREFARM,5,어린이 보석십자수 DIY 캐릭터 큐빅 비즈 지니맘 KC인증,지니맘 큐빅십자수  DIY: 3번 분홍사슴 (액자별매)
3082149802,SELLBLOG,NORMAL,"반짝이가 여러종류가 완성하니 이뻐요.
다른 모양도 구매했어요.",2021-01-03T06:25:30.835+0000,STOREFARM,5,어린이 보석십자수 DIY 캐릭터 큐빅 비즈 지니맘 KC인증,지니맘 큐빅십자수  DIY: 32번 강아지3(액자별매)
3081247584,SELLBLOG,NORMAL,보자마자 아이들이 달려드네요 두 녀석이 너무 재미있어해요 하루에 하나씩 완성하는데 예쁘다고 난리네요,2021-01-02T00:56:26.405+0000,STOREFARM,5,어린이 보석십자수 DIY 캐릭터 큐빅 비즈 지니맘 KC인증,지니맘 큐빅십자수  DIY: 15번 핑크 유니콘 (액자별매)
3072234726,SELLBLOG,NORMAL,집에서 심심해 했는데 잼있어하네요~,2020-12-21T00:53:31.092+0000,STOREFARM,5,어린이 보석십자수 DIY 캐릭터 큐빅 비즈 지니맘 KC인증,지니맘 큐빅십자수  DIY: 14번 부엉이 (액자별매)
3064545179,SELLBLOG,NORMAL,"반짝반짝 빛나서 볼때마다 너무 예쁘네요
6살 딸아이가 집중할 수 있을만큼 쉽고 재밌고
큐빅도 아주 넉넉했습니다",2020-12-10T15:23:05.857+0000,STOREFARM,5,어린이 보석십자수 DIY 캐릭터 큐빅 비즈 지니맘 KC인증,지니맘 큐빅십자수  DIY: 9번 겨울사슴 (액자별매)
3046358785,SELLBLOG,NORMAL,"한번에 다 하기에는 힘들것 같아요. 끈끈이가 있어서 한번에 떼면 하루에 다 해야하는데...
우리 아이는 6세라 하루에 하기에는 넘 힘든양이랑 가위로 1/4등분씩 잘라서 했습니다",2020-11-13T12:51:22.477+0000,STOREFARM,2,어린이 보석십자수 DIY 캐릭터 큐빅 비즈 지니맘 kc인증,지니맘 큐빅십자수  DIY: 4번 홍학 (액자별매)
3067624548,SELLBLOG,NORMAL,"6살 아들이랑 같이 열심히 했네요~
반짝반짝 예쁘다고 좋아해요~~",2020-12-15T07:34:59.526+0000,STOREFARM,5,어린이 보석십자수 DIY 캐릭터 큐빅 비즈 지니맘 KC인증,지니맘 큐빅십자수  DIY: 13번 별유니콘 (액자별매)
3071110867,SELLBLOG,NORMAL,초등 아이들 성탄선물로구입했어요 엄청좋아하네요~♡,2020-12-19T08:31:06.174+0000,STOREFARM,5,어린이 보석십자수 DIY 캐릭터 큐빅 비즈 지니맘 KC인증,지니맘 큐빅십자수  DIY: 6번 소녀2 (액자별매)
3071109216,SELLBLOG,NORMAL,초등 아이들 성탄선물로구입했어요 엄청좋아하네요~♡,2020-12-19T08:29:06.672+0000,STOREFARM,5,어린이 보석십자수 DIY 캐릭터 큐빅 비즈 지니맘 KC인증,지니맘 큐빅십자수  DIY: 26번 왕관 고양이(액자별매)
3071108692,SELLBLOG,NORMAL,초등 아이들 성탄선물로구입했어요 엄청좋아하네요~♡,2020-12-19T08:28:31.021+0000,STOREFARM,5,어린이 보석십자수 DIY 캐릭터 큐빅 비즈 지니맘 KC인증,지니맘 큐빅십자수  DIY: 21번 하트십자가 (액자별매)
3071108274,SELLBLOG,NORMAL,초등 아이들 성탄선물로구입했어요 엄청좋아하네요~♡,2020-12-19T08:27:59.416+0000,STOREFARM,5,어린이 보석십자수 DIY 캐릭터 큐빅 비즈 지니맘 KC인증,지니맘 큐빅십자수  DIY: 28번 클로버 고양이(액자별매)
3071107717,SELLBLOG,NORMAL,초등 아이들 성탄선물로구입했어요 엄청좋아하네요~♡,2020-12-19T08:27:20.482+0000,STOREFARM,5,어린이 보석십자수 DIY 캐릭터 큐빅 비즈 지니맘 KC인증,지니맘 큐빅십자수  DIY: 15번 핑크 유니콘 (액자별매)
3071107193,SELLBLOG,NORMAL,초등 아이들 성탄선물로구입했어요 엄청좋아하네요~♡,2020-12-19T08:26:44.088+0000,STOREFARM,5,어린이 보석십자수 DIY 캐릭터 큐빅 비즈 지니맘 KC인증,지니맘 큐빅십자수  DIY: 3번 분홍사슴 (액자별매)
3071106394,SELLBLOG,NORMAL,초등 아이들 성탄선물로구입했어요 엄청좋아하네요~♡,2020-12-19T08:25:44.775+0000,STOREFARM,5,어린이 보석십자수 DIY 캐릭터 큐빅 비즈 지니맘 KC인증,지니맘 큐빅십자수  DIY: 1번 유니콘  (액자별매)
3088527315,SELLBLOG,NORMAL,조카선물로 샀는데 좋아해요,2021-01-11T10:00:26.598+0000,STOREFARM,5,어린이 보석십자수 DIY 캐릭터 큐빅 비즈 지니맘 KC인증,지니맘 큐빅십자수  DIY: 10번 안경토끼 (액자별매)
3074620644,SELLBLOG,NORMAL,빠른 배송 감사합니다,2020-12-23T16:09:44.545+0000,STOREFARM,4,어린이 보석십자수 DIY 캐릭터 큐빅 비즈 지니맘 KC인증,지니맘 큐빅십자수  DIY: 1번 유니콘  (액자별매)
3078071204,SELLBLOG,NORMAL,번호글씨가 너무  작아서 찾기 힘드네요..차라리 색깔이나 모형으로 구분했으면 더 좋을것 같아요.,2020-12-28T14:17:52.221+0000,STOREFARM,4,어린이 보석십자수 DIY 캐릭터 큐빅 비즈 지니맘 KC인증,지니맘 큐빅십자수  DIY: 21번 하트십자가 (액자별매)
3048504049,SELLBLOG,NORMAL,"딱 포장 뜯어봤을 때 도안이 나무판같은게 아니라 코팅된 종이여서 조금 놀랐지만 액자가 있으니 크게 신경쓰이진 않았고, 배송도 빠른데다 시중에서 흔히 보던 플라스틱 비즈 말고 진짜 큐빅 비즈들이 가득해서 좋았어요! 빨리 완성해서 책상에 놓아두고싶어요~!!",2020-11-17T05:11:41.715+0000,STOREFARM,5,어린이 보석십자수 DIY 캐릭터 큐빅 비즈 지니맘 kc인증,지니맘 큐빅십자수  DIY: 9번 겨울사슴 (액자별매)
3070901123,SELLBLOG,NORMAL,"배송도 빠르고
완성하니 너무 이쁘네요
아이가 너무 좋아해요",2020-12-19T04:23:47.678+0000,STOREFARM,5,어린이 보석십자수 DIY 캐릭터 큐빅 비즈 지니맘 kc인증,지니맘 큐빅십자수  DIY: 10번 안경토끼 (액자별매)
3082029756,SELLBLOG,NORMAL,좋아요~ 아이도 저도 대만족 입니다. 슬기로운 집콕 생활중입니다.^^,2021-01-03T03:37:35.152+0000,STOREFARM,5,어린이 보석십자수 DIY 캐릭터 큐빅 비즈 지니맘 KC인증,지니맘 큐빅십자수  DIY: 13번 별유니콘 (액자별매)
3090959241,SELLBLOG,NORMAL,만족합니다 예뻐요.,2021-01-14T07:07:10.208+0000,STOREFARM,5,어린이 보석십자수 DIY 캐릭터 큐빅 비즈 지니맘 KC인증,지니맘 큐빅십자수  DIY: 31번 빨간리본(액자별매)
3064159610,SELLBLOG,NORMAL,와우~~~ 게임만하던 저희딸 집중하는 모습이 너무 예쁘네요!! 또 구매하러올께용~^^,2020-12-10T07:03:32.648+0000,STOREFARM,5,어린이 보석십자수 DIY 캐릭터 큐빅 비즈 지니맘 KC인증,지니맘 큐빅십자수  DIY: 27번 하트 고양이(액자별매)
3089040166,SELLBLOG,NORMAL,아이들이좋아삽니다용,2021-01-12T04:58:06.157+0000,STOREFARM,5,어린이 보석십자수 DIY 캐릭터 큐빅 비즈 지니맘 KC인증,지니맘 큐빅십자수  DIY: 32번 강아지3(액자별매)
3089039007,SELLBLOG,NORMAL,안전하게잘도착했어요,2021-01-12T04:56:46.380+0000,STOREFARM,5,어린이 보석십자수 DIY 캐릭터 큐빅 비즈 지니맘 KC인증,지니맘 큐빅십자수  DIY: 26번 왕관 고양이(액자별매)
3048053180,SELLBLOG,NORMAL,"아이생일날 친구들 초대해서 뜻깊은 시간과 기념 선물을 주고싶어 액자와 함께 구매했어요~
사진보다 실물깡패네요~
블링블링 너무예쁘고 아이들만족도가 아주 좋아서 준비한 엄마또한 기뻤어요~
지금꺼 완성되면 다른 디자인으로 또 구매하려구요^^
완전 추천합니다♡",2020-11-16T08:54:33.634+0000,STOREFARM,5,어린이 보석십자수 DIY 캐릭터 큐빅 비즈 지니맘 kc인증,지니맘 큐빅십자수  DIY: 19번 아이스크림 (액자별매)
3091683306,SELLBLOG,NORMAL,아이가참좋아하네요~~~^^,2021-01-15T03:45:33.651+0000,STOREFARM,5,어린이 보석십자수 DIY 캐릭터 큐빅 비즈 지니맘 KC인증,지니맘 큐빅십자수  DIY: 19번 아이스크림 (액자별매)
3085556149,SELLBLOG,NORMAL,아이들이.좋아하네요~ 또주문할께요~~,2021-01-07T12:38:55.034+0000,STOREFARM,5,어린이 보석십자수 DIY 캐릭터 큐빅 비즈 지니맘 KC인증,지니맘 큐빅십자수  DIY: 20번 십자가 꽃 (액자별매)
3064851411,SELLBLOG,NORMAL,"빠른배송에
간단하게 꾸미기좋은 보석십자수 
지루하지않게 금방 끝낼수 있었고
다하고나니 참 이쁘네요",2020-12-11T04:32:57.494+0000,STOREFARM,5,어린이 보석십자수 DIY 캐릭터 큐빅 비즈 지니맘 kc인증,지니맘 큐빅십자수  DIY: 11번 클로버 (액자별매)
3088802984,SELLBLOG,NORMAL,아이 시간 떼우기 좋아요,2021-01-11T23:16:46.548+0000,STOREFARM,5,어린이 보석십자수 DIY 캐릭터 큐빅 비즈 지니맘 KC인증,지니맘 큐빅십자수  DIY: 8번 꽃사슴 (액자별매)
3079028227,SELLBLOG,NORMAL,손녀딸이 너무좋아하네요 정말예쁩니다 아이가 집중해서 재밌게 하고있어요,2020-12-29T23:00:40.187+0000,STOREFARM,5,어린이 보석십자수 DIY 캐릭터 큐빅 비즈 지니맘 KC인증,지니맘 큐빅십자수  DIY: 32번 강아지3(액자별매)
3073845507,SELLBLOG,NORMAL,빠른배송 감사합니다,2020-12-23T02:50:31.933+0000,STOREFARM,5,어린이 보석십자수 DIY 캐릭터 큐빅 비즈 지니맘 KC인증,지니맘 큐빅십자수  DIY: 1번 유니콘  (액자별매)
3075536413,SELLBLOG,NORMAL,배송빠르게 잘받ㅈ았어요,2020-12-25T01:38:24.255+0000,STOREFARM,5,어린이 보석십자수 DIY 캐릭터 큐빅 비즈 지니맘 KC인증,지니맘 큐빅십자수  DIY: 26번 왕관 고양이(액자별매)
3074328805,SELLBLOG,NORMAL,큐빅이  매우 예뻐요,2020-12-23T11:03:18.145+0000,STOREFARM,5,어린이 보석십자수 DIY 캐릭터 큐빅 비즈 지니맘 KC인증,지니맘 큐빅십자수  DIY: 3번 분홍사슴 (액자별매)
3088166178,SELLBLOG,NORMAL,비즈가 반짝임 좋고 예뻐요,2021-01-11T02:11:16.492+0000,STOREFARM,5,어린이 보석십자수 DIY 캐릭터 큐빅 비즈 지니맘 KC인증,지니맘 큐빅십자수  DIY: 15번 핑크 유니콘 (액자별매)
3089087002,SELLBLOG,NORMAL,아이가 너무 좋아하네요~,2021-01-12T05:51:54.284+0000,STOREFARM,5,어린이 보석십자수 DIY 캐릭터 큐빅 비즈 지니맘 KC인증,지니맘 큐빅십자수  DIY: 9번 겨울사슴 (액자별매)
3084412079,SELLBLOG,NORMAL,"딸아이가 정말 좋아합니다~
액자에 넣어두니 더 이쁘네용",2021-01-06T08:01:53.641+0000,STOREFARM,5,어린이 보석십자수 DIY 캐릭터 큐빅 비즈 지니맘 KC인증,지니맘 큐빅십자수  DIY: 3번 분홍사슴 (액자별매)
3075804159,SELLBLOG,NORMAL,애들하라고 주문했는데 제가 하게되요ㅋㅋ 큐빅도 반짝반짝 이쁘고 펜에도 착착잘붙고 애들도 재밌어하고 시간가는줄 모르고 하게되네요,2020-12-25T07:47:45.547+0000,STOREFARM,5,어린이 보석십자수 DIY 캐릭터 큐빅 비즈 지니맘 KC인증,지니맘 큐빅십자수  DIY: 1번 유니콘  (액자별매)
3075803982,SELLBLOG,NORMAL,애들하라고 주문했는데 제가 하게되요ㅋㅋ 큐빅도 반짝반짝 이쁘고 펜에도 착착잘붙고 애들도 재밌어하고 시간가는줄 모르고 하게되네요,2020-12-25T07:47:30.631+0000,STOREFARM,5,어린이 보석십자수 DIY 캐릭터 큐빅 비즈 지니맘 KC인증,지니맘 큐빅십자수  DIY: 6번 소녀2 (액자별매)
3075803851,SELLBLOG,NORMAL,애들하라고 주문했는데 제가 하게되요ㅋㅋ 큐빅도 반짝반짝 이쁘고 펜에도 착착잘붙고 애들도 재밌어하고 시간가는줄 모르고 하게되네요,2020-12-25T07:47:18.752+0000,STOREFARM,5,어린이 보석십자수 DIY 캐릭터 큐빅 비즈 지니맘 KC인증,지니맘 큐빅십자수  DIY: 25번 뿔 돌고래(액자별매)
3067623598,SELLBLOG,NORMAL,"아이가 너무 좋아해요~
9살여아 혼자 열심히 했네요~~",2020-12-15T07:33:47.018+0000,STOREFARM,5,어린이 보석십자수 DIY 캐릭터 큐빅 비즈 지니맘 KC인증,지니맘 큐빅십자수  DIY: 1번 유니콘  (액자별매)
3087709394,SELLBLOG,NORMAL,아이가 재미있어해서 좋아요,2021-01-10T07:24:25.807+0000,STOREFARM,5,어린이 보석십자수 DIY 캐릭터 큐빅 비즈 지니맘 KC인증,지니맘 큐빅십자수  DIY: 3번 분홍사슴 (액자별매)
3067301036,SELLBLOG,NORMAL,아이들 집중하기 엄청좋아요 코로나로집콕중인데 하루를 이거로 보냈네요,2020-12-14T23:44:38.322+0000,STOREFARM,5,어린이 보석십자수 DIY 캐릭터 큐빅 비즈 지니맘 KC인증,지니맘 큐빅십자수  DIY: 10번 안경토끼 (액자별매)
3075803171,SELLBLOG,NORMAL,"애들하라고 주문했는데 제가 하게되요ㅋㅋ
큐빅도 반짝반짝 이쁘고 펜에도 착착잘붙고
애들도 재밌어하고 시간가는줄 모르고 하게되네요",2020-12-25T07:46:24.952+0000,STOREFARM,5,어린이 보석십자수 DIY 캐릭터 큐빅 비즈 지니맘 KC인증,지니맘 큐빅십자수  DIY: 13번 별유니콘 (액자별매)
3086773976,SELLBLOG,NORMAL,좋아요 딸이좋아해요,2021-01-09T03:20:27.259+0000,STOREFARM,4,어린이 보석십자수 DIY 캐릭터 큐빅 비즈 지니맘 KC인증,지니맘 큐빅십자수  DIY: 15번 핑크 유니콘 (액자별매)
3081303707,SELLBLOG,NORMAL,재밌게 잘했어요~ 도안만도 추가구입가능했으면 좋겠어요~,2021-01-02T02:25:50.718+0000,STOREFARM,5,어린이 보석십자수 DIY 캐릭터 큐빅 비즈 지니맘 KC인증,지니맘 큐빅십자수  DIY: 26번 왕관 고양이(액자별매)
3066722758,SELLBLOG,NORMAL,벌써 집안이 난리내요. ㅎㅎ 캠핑에서 하려고 샀어요^^,2020-12-14T01:37:04.132+0000,STOREFARM,5,어린이 보석십자수 DIY 캐릭터 큐빅 비즈 지니맘 KC인증,지니맘 큐빅십자수  DIY: 25번 뿔 돌고래(액자별매)
3082905332,SELLBLOG,NORMAL,시간 보내기 넘나좋아요 제가빠져들어요,2021-01-04T10:22:03.981+0000,STOREFARM,4,어린이 보석십자수 DIY 캐릭터 큐빅 비즈 지니맘 KC인증,지니맘 큐빅십자수  DIY: 13번 별유니콘 (액자별매)
3067625290,SELLBLOG,NORMAL,"너무 귀여워요~~
집중해서 했더니 금방 끝났어요~",2020-12-15T07:35:58.763+0000,STOREFARM,5,어린이 보석십자수 DIY 캐릭터 큐빅 비즈 지니맘 KC인증,지니맘 큐빅십자수  DIY: 24번 강아지(액자별매)
3081545886,SELLBLOG,NORMAL,배송빠르고 착한가격이라 좋아요! 또사달라고하네요~,2021-01-02T07:30:18.253+0000,STOREFARM,5,어린이 보석십자수 DIY 캐릭터 큐빅 비즈 지니맘 KC인증,지니맘 큐빅십자수  DIY: 1번 유니콘  (액자별매)
3077403655,SELLBLOG,NORMAL,"아이가 너무 재미있어해서 추가 구매해요~
아이들이 좋아하니 뿌듯해요.
감사합니다. 많이 파세요~",2020-12-27T13:57:49.431+0000,STOREFARM,5,어린이 보석십자수 DIY 캐릭터 큐빅 비즈 지니맘 KC인증,지니맘 큐빅십자수  DIY: 2번 보라유니콘 (액자별매)
3073652277,SELLBLOG,NORMAL,5세 딸 집중하며 하네요,2020-12-22T17:42:46.140+0000,STOREFARM,5,어린이 보석십자수 DIY 캐릭터 큐빅 비즈 지니맘 KC인증,지니맘 큐빅십자수  DIY: 24번 강아지(액자별매)
3069070574,SELLBLOG,NORMAL,이뻐요! 심심한 아이들을 위해~~~,2020-12-17T03:10:16.026+0000,STOREFARM,4,어린이 보석십자수 DIY 캐릭터 큐빅 비즈 지니맘 KC인증,지니맘 큐빅십자수  DIY: 10번 안경토끼 (액자별매)
3088357099,SELLBLOG,NORMAL,좋아요 비즈 예뻐요 !!,2021-01-11T05:54:43.694+0000,STOREFARM,5,어린이 보석십자수 DIY 캐릭터 큐빅 비즈 지니맘 KC인증,지니맘 큐빅십자수  DIY: 8번 꽃사슴 (액자별매)
3077579197,SELLBLOG,NORMAL,반짝반짝 넘 예뻐요~~~^^,2020-12-28T01:15:19.200+0000,STOREFARM,5,어린이 보석십자수 DIY 캐릭터 큐빅 비즈 지니맘 KC인증,지니맘 큐빅십자수  DIY: 1번 유니콘  (액자별매)
3068367855,SELLBLOG,NORMAL,맘에듭니다.밖에나가지않고아이랑시간내면서하기좋아요.,2020-12-16T06:21:59.991+0000,STOREFARM,5,어린이 보석십자수 DIY 캐릭터 큐빅 비즈 지니맘 KC인증,지니맘 큐빅십자수  DIY: 1번 유니콘  (액자별매)
3068367435,SELLBLOG,NORMAL,맘에듭니다.밖에나가지않고아이랑시간내면서하기좋아요.,2020-12-16T06:21:29.985+0000,STOREFARM,5,어린이 보석십자수 DIY 캐릭터 큐빅 비즈 지니맘 KC인증,지니맘 큐빅십자수  DIY: 8번 꽃사슴 (액자별매)
3068366993,SELLBLOG,NORMAL,맘에듭니다.밖에나가지않고아이랑시간내면서하기좋아요.,2020-12-16T06:20:58.021+0000,STOREFARM,5,어린이 보석십자수 DIY 캐릭터 큐빅 비즈 지니맘 KC인증,지니맘 큐빅십자수  DIY: 13번 별유니콘 (액자별매)
3068366559,SELLBLOG,NORMAL,맘에듭니다.밖에나가지않고아이랑시간내면서하기좋아요.,2020-12-16T06:20:23.800+0000,STOREFARM,5,어린이 보석십자수 DIY 캐릭터 큐빅 비즈 지니맘 KC인증,지니맘 큐빅십자수  DIY: 23번 돌고래 하트(액자별매)
3082245773,SELLBLOG,NORMAL,"잘산거같아요 저도 아이도 모두모두 만족합니다.
최고~!!!!",2021-01-03T09:08:31.697+0000,STOREFARM,5,어린이 보석십자수 DIY 캐릭터 큐빅 비즈 지니맘 KC인증,지니맘 큐빅십자수  DIY: 14번 부엉이 (액자별매)
3081248458,SELLBLOG,NORMAL,예쁘고 좋아요 재구매 의사있어요~아이들이 또 사달라네요 ㅎㅎㅎ,2021-01-02T00:58:07.682+0000,STOREFARM,5,어린이 보석십자수 DIY 캐릭터 큐빅 비즈 지니맘 KC인증,지니맘 큐빅십자수  DIY: 6번 소녀2 (액자별매)
3081248338,SELLBLOG,NORMAL,예쁘고 좋아요 재구매 의사있어요~아이들이 또 사달라네요 ㅎㅎㅎ,2021-01-02T00:57:53.061+0000,STOREFARM,5,어린이 보석십자수 DIY 캐릭터 큐빅 비즈 지니맘 KC인증,지니맘 큐빅십자수  DIY: 13번 별유니콘 (액자별매)
3081248226,SELLBLOG,NORMAL,예쁘고 좋아요 재구매 의사있어요~아이들이 또 사달라네요 ㅎㅎㅎ,2021-01-02T00:57:42.446+0000,STOREFARM,5,어린이 보석십자수 DIY 캐릭터 큐빅 비즈 지니맘 KC인증,지니맘 큐빅십자수  DIY: 14번 부엉이 (액자별매)
3081248114,SELLBLOG,NORMAL,예쁘고 좋아요 재구매 의사있어요~아이들이 또 사달라네요 ㅎㅎㅎ,2021-01-02T00:57:29.127+0000,STOREFARM,5,어린이 보석십자수 DIY 캐릭터 큐빅 비즈 지니맘 KC인증,지니맘 큐빅십자수  DIY: 25번 뿔 돌고래(액자별매)
3081248038,SELLBLOG,NORMAL,예쁘고 좋아요 재구매 의사있어요~아이들이 또 사달라네요 ㅎㅎㅎ,2021-01-02T00:57:18.795+0000,STOREFARM,5,어린이 보석십자수 DIY 캐릭터 큐빅 비즈 지니맘 KC인증,지니맘 큐빅십자수  DIY: 28번 클로버 고양이(액자별매)
3081247932,SELLBLOG,NORMAL,예쁘고 좋아요 재구매 의사있어요~아이들이 또 사달라네요 ㅎㅎㅎ,2021-01-02T00:57:06.824+0000,STOREFARM,5,어린이 보석십자수 DIY 캐릭터 큐빅 비즈 지니맘 KC인증,지니맘 큐빅십자수  DIY: 8번 꽃사슴 (액자별매)
3078193194,SELLBLOG,AFTER_USE,"8세 딸아이가 집중해서 잘해요.
집콕 생활에 시간 보내기 아주 좋은 아이템 입니다.^^",2020-12-29T00:37:18.605+0000,STOREFARM,5,어린이 보석십자수 DIY 캐릭터 큐빅 비즈십자수 지니맘,지니맘 큐빅십자수  DIY: 1번 유니콘  (15cm 20cm)
3072147903,SELLBLOG,AFTER_USE,잘쓰고 좋아요 많이파세요,2020-12-20T17:19:16.329+0000,STOREFARM,5,어린이 보석십자수 DIY 캐릭터 큐빅 비즈 지니맘 kc인증,지니맘 큐빅십자수  DIY: 1번 유니콘  (액자별매)
3072146923,SELLBLOG,AFTER_USE,잘쓰고 좋아요 많이파세요,2020-12-20T17:13:45.771+0000,STOREFARM,5,어린이 보석십자수 DIY 캐릭터 큐빅 비즈 지니맘 kc인증,지니맘 큐빅십자수  DIY: 13번 별유니콘 (액자별매)
3063317127,SELLBLOG,NORMAL,너무 예뻐서 주변 지인들한테도 알려줬네요..두번째 구입한거예요,2020-12-09T06:02:25.177+0000,STOREFARM,5,어린이 보석십자수  교회 큐빅 비즈 지니맘 KC인증,지니맘 큐빅십자수  DIY: 3번 분홍사슴 (액자별매)
3080309257,SELLBLOG,NORMAL,아이들이  쉬지도않고 해요 ㅋㅋ코로나 집콕에서시간도 잘가용,2020-12-31T10:02:31.987+0000,STOREFARM,5,어린이 보석십자수 DIY 캐릭터 큐빅 비즈 지니맘 KC인증,지니맘 큐빅십자수  DIY: 25번 뿔 돌고래(액자별매)
3069409355,SELLBLOG,NORMAL,배송빠르고 아이가 좋아해서 2번째 구입했습니다.,2020-12-17T10:11:28.651+0000,STOREFARM,5,어린이 보석십자수 DIY 캐릭터 큐빅 비즈 지니맘 KC인증,지니맘 큐빅십자수  DIY: 8번 꽃사슴 (액자별매)
3087573415,SELLBLOG,NORMAL,슬기로운 집콕생활 필수품,2021-01-10T03:57:46.245+0000,STOREFARM,5,어린이 보석십자수 DIY 캐릭터 큐빅 비즈 지니맘 KC인증,지니맘 큐빅십자수  DIY: 2번 보라유니콘 (액자별매)
3087571943,SELLBLOG,NORMAL,슬기로운 집콕생활 필수품,2021-01-10T03:55:51.783+0000,STOREFARM,5,어린이 보석십자수 DIY 캐릭터 큐빅 비즈 지니맘 KC인증,지니맘 큐빅십자수  DIY: 9번 겨울사슴 (액자별매)
3087875459,SELLBLOG,AFTER_USE,아이들이 정말 좋아해요,2021-01-10T12:08:29.679+0000,STOREFARM,5,어린이 보석십자수  교회 큐빅 비즈 지니맘 KC인증,지니맘 큐빅십자수  DIY: 16번 여우 (액자별매)
3084580800,SELLBLOG,NORMAL,큐빅 크기가 달라 아이들이 하면서 더 좋아해요.,2021-01-06T10:55:47.303+0000,STOREFARM,5,어린이 보석십자수 DIY 캐릭터 큐빅 비즈 지니맘 KC인증,지니맘 큐빅십자수  DIY: 19번 아이스크림 (액자별매)
3087567465,SELLBLOG,NORMAL,8세는 집중해서 잘하고 6세는 좀 힘들어합니다.ㅎㅎ,2021-01-10T03:50:02.418+0000,STOREFARM,5,어린이 보석십자수 DIY 캐릭터 큐빅 비즈 지니맘 KC인증,지니맘 큐빅십자수  DIY: 15번 핑크 유니콘 (액자별매)
3086665787,SELLBLOG,NORMAL,선물하려고샀는데 .....너무 맘에들어하네요 ^^,2021-01-09T01:03:11.180+0000,STOREFARM,4,어린이 보석십자수 DIY 캐릭터 큐빅 비즈 지니맘 KC인증,지니맘 큐빅십자수  DIY: 15번 핑크 유니콘 (액자별매)
3070561894,SELLBLOG,NORMAL,조카 생일선물로 사줬는데 너무너무 좋아해요!,2020-12-18T14:19:27.406+0000,STOREFARM,5,어린이 보석십자수 DIY 캐릭터 큐빅 비즈 지니맘 KC인증,지니맘 큐빅십자수  DIY: 1번 유니콘  (액자별매)
3088243443,SELLBLOG,NORMAL,빠른 배송 감사합니다,2021-01-11T03:45:23.444+0000,STOREFARM,5,어린이 보석십자수 DIY 캐릭터 큐빅 비즈 지니맘 KC인증,지니맘 큐빅십자수  DIY: 14번 부엉이 (액자별매)
3088243253,SELLBLOG,NORMAL,빠른 배송 감사합니다,2021-01-11T03:45:11.882+0000,STOREFARM,5,어린이 보석십자수 DIY 캐릭터 큐빅 비즈 지니맘 KC인증,지니맘 큐빅십자수  DIY: 9번 겨울사슴 (액자별매)
3082848159,SELLBLOG,NORMAL,아이가 좋아해요. 집콕놀이 추천,2021-01-04T08:34:41.101+0000,STOREFARM,4,어린이 보석십자수 DIY 캐릭터 큐빅 비즈 지니맘 KC인증,지니맘 큐빅십자수  DIY: 6번 소녀2 (액자별매)
3064928331,SELLBLOG,NORMAL,"블링블링해서 고급스럽고 예쁘네요.
조금씩 떼어가면서 할 수 있어요.",2020-12-11T06:09:51.900+0000,STOREFARM,5,어린이 보석십자수 DIY 캐릭터 큐빅 비즈 지니맘 KC인증,지니맘 큐빅십자수  DIY: 10번 안경토끼 (액자별매)
3043158162,SELLBLOG,NORMAL,"아이가 문구점에서 사서 하나해보더니 . 더사달래서  찾아보니. 여기가 예쁘고 액자도 구매도되어서 주문했어요~~받자마자 집중해서 완성했어요~~넘이쁘네요
 엄마가 더 신나서 하는중이요~~~ㅋㅋ",2020-11-09T04:21:21.508+0000,STOREFARM,5,어린이 보석십자수 DIY 캐릭터 큐빅 비즈 지니맘 kc인증,지니맘 큐빅십자수  DIY: 1번 유니콘  (액자별매)
3080133190,SELLBLOG,NORMAL,아이한테 크리스마스 선물로 줬는데 너무좋아하네요.. 반짠반짝  너무이뻐요^^,2020-12-31T06:11:02.031+0000,STOREFARM,5,어린이 보석십자수 DIY 캐릭터 큐빅 비즈 지니맘 KC인증,지니맘 큐빅십자수  DIY: 6번 소녀2 (액자별매)
3072233974,SELLBLOG,NORMAL,아이가 너무 재밌어합니다~,2020-12-21T00:52:27.422+0000,STOREFARM,5,어린이 보석십자수 DIY 캐릭터 큐빅 비즈 지니맘 KC인증,지니맘 큐빅십자수  DIY: 12번 돌고래 (액자별매)
3067896136,SELLBLOG,NORMAL,지루한  요즘 애들이 집중하고 재미있어하니 좋네요,2020-12-15T12:42:19.198+0000,STOREFARM,5,어린이 보석십자수 DIY 캐릭터 큐빅 비즈 지니맘 KC인증,지니맘 큐빅십자수  DIY: 28번 클로버 고양이(액자별매)
3085884039,SELLBLOG,NORMAL,아이들이 좋아해요#^^,2021-01-08T02:26:25.035+0000,STOREFARM,4,어린이 보석십자수 DIY 캐릭터 큐빅 비즈 지니맘 KC인증,지니맘 큐빅십자수  DIY: 1번 유니콘  (액자별매)
3063595628,SELLBLOG,NORMAL,"저학년 아이가 혼자 하기 딱이네요.
너무 크지도 않고 적당합니다.",2020-12-09T11:41:08.959+0000,STOREFARM,5,어린이 보석십자수 DIY 캐릭터 큐빅 비즈 지니맘 KC인증,지니맘 큐빅십자수  DIY: 3번 분홍사슴 (액자별매)
3090633489,SELLBLOG,NORMAL,"아주재미있 
 
어요.",2021-01-14T00:42:43.794+0000,STOREFARM,5,어린이 보석십자수 DIY 캐릭터 큐빅 비즈 지니맘 KC인증,지니맘 큐빅십자수  DIY: 9번 겨울사슴 (액자별매)
3084578001,SELLBLOG,NORMAL,아이들이 한번하고 좋아해서 또 구매했어요.,2021-01-06T10:53:01.048+0000,STOREFARM,5,어린이 보석십자수 DIY 캐릭터 큐빅 비즈 지니맘 KC인증,지니맘 큐빅십자수  DIY: 29번 작은 유니콘(액자별매)
3083436873,SELLBLOG,NORMAL,보석크기가 한가지가 아닌 여러개에 색감도 예쁘네요,2021-01-05T06:44:57.179+0000,STOREFARM,5,어린이 보석십자수 DIY 캐릭터 큐빅 비즈 지니맘 KC인증,지니맘 큐빅십자수  DIY: 28번 클로버 고양이(액자별매)
3064674542,SELLBLOG,NORMAL,아이들이 종멀 좋아해요 타 사이트보다 가격도 착해요,2020-12-11T01:04:59.952+0000,STOREFARM,5,어린이 보석십자수 DIY 캐릭터 큐빅 비즈 지니맘 KC인증,지니맘 큐빅십자수  DIY: 26번 왕관 고양이(액자별매)
3060700864,SELLBLOG,NORMAL,하트고양이 너무 귀엽네요 배송 엄청 빠르고 포장도 꼼꼼해서 안전하게 잘받았어요 딸아이가 너무 좋아해요,2020-12-05T04:54:03.998+0000,STOREFARM,5,어린이 보석십자수 DIY 캐릭터 큐빅 비즈 지니맘 KC인증,지니맘 큐빅십자수  DIY: 27번 하트 고양이(액자별매)
3069134951,SELLBLOG,NORMAL,"배송도빠르고좋아요
재구매의사있습니다",2020-12-17T04:44:57.424+0000,STOREFARM,4,어린이 보석십자수 DIY 캐릭터 큐빅 비즈 지니맘 KC인증,지니맘 큐빅십자수  DIY: 13번 별유니콘 (액자별매)
3069134565,SELLBLOG,NORMAL,"배송도빠르고좋아요
재구매의사있습니다",2020-12-17T04:44:20.195+0000,STOREFARM,4,어린이 보석십자수 DIY 캐릭터 큐빅 비즈 지니맘 KC인증,지니맘 큐빅십자수  DIY: 14번 부엉이 (액자별매)
3066800925,SELLBLOG,NORMAL,가격대비 넘좋아요  애들이좋아해요,2020-12-14T03:09:30.953+0000,STOREFARM,5,어린이 보석십자수 DIY 캐릭터 큐빅 비즈 지니맘 KC인증,지니맘 큐빅십자수  DIY: 2번 보라유니콘 (액자별매)
3082034744,SELLBLOG,NORMAL,아이들 금방하네요 다른것 또 시켰어요,2021-01-03T03:45:14.217+0000,STOREFARM,5,어린이 보석십자수 DIY 캐릭터 큐빅 비즈 지니맘 KC인증,지니맘 큐빅십자수  DIY: 24번 강아지(액자별매)
3061272544,SELLBLOG,NORMAL,저번주에 주문하고 애들이 재밌다고해서 두번째구매네요~ 4살 6살 남매가 하루종일 앉아서 하네요^^,2020-12-06T03:09:56.299+0000,STOREFARM,5,어린이 보석십자수 DIY 캐릭터 큐빅 비즈 지니맘 KC인증,지니맘 큐빅십자수  DIY: 17번 아기 유니콘 (액자별매)
3077403872,SELLBLOG,NORMAL,"아이들이 너무 재미있어하고
액자로 만들어 선생님께 선물도 했어요~
아주 좋아요~",2020-12-27T13:58:13.406+0000,STOREFARM,5,어린이 보석십자수 DIY 캐릭터 큐빅 비즈 지니맘 KC인증,지니맘 큐빅십자수  DIY: 14번 부엉이 (액자별매)
3064836198,SELLBLOG,NORMAL,"초2딸  집콕놀이 취미용으로 구입했어요
강추해요",2020-12-11T04:15:31.564+0000,STOREFARM,5,어린이 보석십자수  교회 큐빅 비즈 지니맘 KC인증,지니맘 큐빅십자수  DIY: 19번 아이스크림 (액자별매)
3064835628,SELLBLOG,NORMAL,"초2딸  집콕놀이 취미용으로 구입했어요
강추해요",2020-12-11T04:14:57.434+0000,STOREFARM,5,어린이 보석십자수  교회 큐빅 비즈 지니맘 KC인증,지니맘 큐빅십자수  DIY: 16번 여우 (액자별매)
3064834997,SELLBLOG,NORMAL,"초2딸  집콕놀이 취미용으로 구입했어요
강추해요",2020-12-11T04:14:17.342+0000,STOREFARM,5,어린이 보석십자수  교회 큐빅 비즈 지니맘 KC인증,지니맘 큐빅십자수  DIY: 15번 핑크 유니콘 (액자별매)
3064834590,SELLBLOG,NORMAL,"초2딸  집콕놀이 취미용으로 구입했어요
강추해요",2020-12-11T04:13:51.512+0000,STOREFARM,5,어린이 보석십자수  교회 큐빅 비즈 지니맘 KC인증,지니맘 큐빅십자수  DIY: 11번 클로버 (액자별매)
3064833487,SELLBLOG,NORMAL,"초2딸  집콕놀이 취미용으로 구입했어요
강추해요",2020-12-11T04:12:39.546+0000,STOREFARM,5,어린이 보석십자수  교회 큐빅 비즈 지니맘 KC인증,지니맘 큐빅십자수  DIY: 10번 안경토끼 (액자별매)
3064832913,SELLBLOG,NORMAL,"초2딸  집콕놀이 취미용으로 구입했어요
강추해요",2020-12-11T04:12:04.031+0000,STOREFARM,5,어린이 보석십자수  교회 큐빅 비즈 지니맘 KC인증,지니맘 큐빅십자수  DIY: 9번 겨울사슴 (액자별매)
3064832207,SELLBLOG,NORMAL,"초2딸  집콕놀이 취미용으로 구입했어요
강추해요",2020-12-11T04:11:19.702+0000,STOREFARM,5,어린이 보석십자수  교회 큐빅 비즈 지니맘 KC인증,지니맘 큐빅십자수  DIY: 4번 홍학 (액자별매)
3089441397,SELLBLOG,NORMAL,반짝반짝 너무 예쁘네요,2021-01-12T12:13:44.554+0000,STOREFARM,5,어린이 보석십자수 DIY 캐릭터 큐빅 비즈 지니맘 KC인증,지니맘 큐빅십자수  DIY: 8번 꽃사슴 (액자별매)
3061212424,SELLBLOG,NORMAL,"아이가 너무 좋아하고 집중해서 잘 하네요
완성해서 걸어두니 인테리어 효과도
되네요 반짝반짝 이뻐요",2020-12-06T01:43:04.048+0000,STOREFARM,5,어린이 보석십자수 DIY 캐릭터 큐빅 비즈 지니맘 KC인증,지니맘 큐빅십자수  DIY: 2번 보라유니콘 (액자별매)
3083437909,SELLBLOG,NORMAL,아이들이 하기 좋게 보석크기도 크고 색감도 예쁩니다,2021-01-05T06:46:12.461+0000,STOREFARM,5,어린이 보석십자수 DIY 캐릭터 큐빅 비즈 지니맘 KC인증,지니맘 큐빅십자수  DIY: 25번 뿔 돌고래(액자별매)
3082733988,SELLBLOG,NORMAL,아이들이 하는동안 얌전히 앉아 있는 모습에 감동이에요 ㅋㅋ,2021-01-04T05:25:49.872+0000,STOREFARM,5,어린이 보석십자수 DIY 캐릭터 큐빅 비즈 지니맘 KC인증,지니맘 큐빅십자수  DIY: 21번 하트십자가 (액자별매)
3083436180,SELLBLOG,NORMAL,보석크기가 한가지가 아닌 여러개에 색감도 예쁩니다.,2021-01-05T06:44:08.789+0000,STOREFARM,5,어린이 보석십자수 DIY 캐릭터 큐빅 비즈 지니맘 KC인증,지니맘 큐빅십자수  DIY: 1번 유니콘  (액자별매)
3083435382,SELLBLOG,NORMAL,보석크기가 한가지가 아닌 여러개에 색감도 예쁩니다.,2021-01-05T06:43:16.042+0000,STOREFARM,5,어린이 보석십자수 DIY 캐릭터 큐빅 비즈 지니맘 KC인증,지니맘 큐빅십자수  DIY: 25번 뿔 돌고래(액자별매)
3071281744,SELLBLOG,NORMAL,큐빅 잘 박아보도록 할게요,2020-12-19T12:05:24.179+0000,STOREFARM,5,어린이 보석십자수 DIY 캐릭터 큐빅 비즈 지니맘 KC인증,지니맘 큐빅십자수  DIY: 9번 겨울사슴 (액자별매)
3083727789,SELLBLOG,AFTER_USE,좋아요 역시나 ㅎㅎ아이가좋아애용,2021-01-05T11:50:29.587+0000,STOREFARM,4,어린이 보석십자수  교회 큐빅 비즈 지니맘 KC인증,지니맘 큐빅십자수  DIY: 11번 클로버 (액자별매)
3079816596,SELLBLOG,AFTER_USE,아이가 몇시간을 꼼짝안하고 하네요 정말 재밌나봐요,2020-12-30T16:03:04.694+0000,STOREFARM,4,어린이 보석십자수 DIY 캐릭터 큐빅 비즈십자수 지니맘,지니맘 큐빅십자수  DIY: 6번 소녀1(액자 불포함)
3066132060,SELLBLOG,NORMAL,배송빨랐구요 잘하고 있습니다~^^,2020-12-13T02:14:30.276+0000,STOREFARM,5,어린이 보석십자수 DIY 캐릭터 큐빅 비즈 지니맘 KC인증,지니맘 큐빅십자수  DIY: 24번 강아지(액자별매)
3064273004,SELLBLOG,NORMAL,"딸들이 좋아하네요 
다해놓으면 예쁘겠다고 합니다",2020-12-10T09:22:21.123+0000,STOREFARM,5,어린이 보석십자수 DIY 캐릭터 큐빅 비즈 지니맘 KC인증,지니맘 큐빅십자수  DIY: 9번 겨울사슴 (액자별매)
3064831453,SELLBLOG,NORMAL,초2딸  집콕놀이 취미용으로 구입했어요.너무좋아해요,2020-12-11T04:10:33.574+0000,STOREFARM,5,어린이 보석십자수  교회 큐빅 비즈 지니맘 KC인증,지니맘 큐빅십자수  DIY: 3번 분홍사슴 (액자별매)
3081077596,SELLBLOG,NORMAL,"반짝이 비즈 크기가 다양해서 예뻐요
초2도 잘해요",2021-01-01T12:59:39.274+0000,STOREFARM,5,어린이 보석십자수 DIY 캐릭터 큐빅 비즈 지니맘 KC인증,지니맘 큐빅십자수  DIY: 21번 하트십자가 (액자별매)
3071717008,SELLBLOG,NORMAL,완성하니 반짝반짝 너무 예뻐요,2020-12-20T04:57:04.282+0000,STOREFARM,5,어린이 보석십자수 DIY 캐릭터 큐빅 비즈 지니맘 KC인증,지니맘 큐빅십자수  DIY: 19번 아이스크림 (액자별매)
3071660019,SELLBLOG,NORMAL,애들이 넘 좋아하네요,2020-12-20T03:32:06.043+0000,STOREFARM,5,어린이 보석십자수 DIY 캐릭터 큐빅 비즈 지니맘 KC인증,지니맘 큐빅십자수  DIY: 1번 유니콘  (액자별매)
3071659647,SELLBLOG,NORMAL,애들이 넘 좋아하네요,2020-12-20T03:31:38.053+0000,STOREFARM,5,어린이 보석십자수 DIY 캐릭터 큐빅 비즈 지니맘 KC인증,지니맘 큐빅십자수  DIY: 23번 돌고래 하트(액자별매)
3071659326,SELLBLOG,NORMAL,애들이 넘 좋아하네요,2020-12-20T03:31:12.511+0000,STOREFARM,5,어린이 보석십자수 DIY 캐릭터 큐빅 비즈 지니맘 KC인증,지니맘 큐빅십자수  DIY: 25번 뿔 돌고래(액자별매)
3071658938,SELLBLOG,NORMAL,애들이 넘 좋아하네요,2020-12-20T03:30:43.425+0000,STOREFARM,5,어린이 보석십자수 DIY 캐릭터 큐빅 비즈 지니맘 KC인증,지니맘 큐빅십자수  DIY: 26번 왕관 고양이(액자별매)
3075139025,SELLBLOG,NORMAL,기존에구매했던곳보다가격도저렴한데 포장도더꼼꼼하네요 무엇보다 아이가너무좋아해요 잘쓰겠습니다^^,2020-12-24T09:05:33.036+0000,STOREFARM,5,어린이 보석십자수 DIY 캐릭터 큐빅 비즈 지니맘 KC인증,지니맘 큐빅십자수  DIY: 24번 강아지(액자별매)
3070078629,SELLBLOG,NORMAL,"배송 진짜 빠르고
아이들이 진짜조아해요",2020-12-18T05:03:13.733+0000,STOREFARM,5,어린이 보석십자수 DIY 캐릭터 큐빅 비즈 지니맘 KC인증,지니맘 큐빅십자수  DIY: 13번 별유니콘 (액자별매)
3061198562,SELLBLOG,NORMAL,아직 하고있는 중이에요. 아이들이 너무 좋아하고 집중도 잘 돼요. 또 살거임.,2020-12-06T01:19:43.402+0000,STOREFARM,5,어린이 보석십자수  교회 큐빅 비즈 지니맘 KC인증,지니맘 큐빅십자수  DIY: 1번 유니콘  (액자별매)
3058927851,SELLBLOG,NORMAL,"한번 시작하면 다할때까지 딴걸 못하겠어요ㅜㅜ 너무 재밌어요.
비즈 색도 너무 이뻐요. 양도 넉넉하게 들어있고 완성하니 너무 이쁘네요.",2020-12-02T14:15:34.523+0000,STOREFARM,5,어린이 보석십자수  교회 큐빅 비즈 지니맘 KC인증,지니맘 큐빅십자수  DIY: 14번 부엉이 (액자별매)
3086351814,SELLBLOG,NORMAL,보석이라 아이가 좋아해요,2021-01-08T10:52:06.896+0000,STOREFARM,4,어린이 보석십자수 DIY 캐릭터 큐빅 비즈 지니맘 KC인증,지니맘 큐빅십자수  DIY: 2번 보라유니콘 (액자별매)
3089728759,SELLBLOG,NORMAL,5살은 힘들고 6살은 잘해요,2021-01-13T00:35:47.024+0000,STOREFARM,5,어린이 보석십자수 DIY 캐릭터 큐빅 비즈 지니맘 KC인증,지니맘 큐빅십자수  DIY: 17번 아기 유니콘 (액자별매)
3083223378,SELLBLOG,NORMAL,생각보다 사이즈가 큽니다 퀄리티는 좋아요,2021-01-05T02:05:04.966+0000,STOREFARM,5,어린이 보석십자수 DIY 캐릭터 큐빅 비즈 지니맘 KC인증,지니맘 큐빅십자수  DIY: 25번 뿔 돌고래(액자별매)
3083223270,SELLBLOG,NORMAL,생각보다 사이즈가 큽니다 퀄리티는 좋아요,2021-01-05T02:04:55.241+0000,STOREFARM,5,어린이 보석십자수 DIY 캐릭터 큐빅 비즈 지니맘 KC인증,지니맘 큐빅십자수  DIY: 8번 꽃사슴 (액자별매)
3083223163,SELLBLOG,NORMAL,생각보다 사이즈가 큽니다 퀄리티는 좋아요,2021-01-05T02:04:44.861+0000,STOREFARM,5,어린이 보석십자수 DIY 캐릭터 큐빅 비즈 지니맘 KC인증,지니맘 큐빅십자수  DIY: 1번 유니콘  (액자별매)
3085896201,SELLBLOG,NORMAL,아이가 넘 집중해서 잘해요,2021-01-08T02:39:44.714+0000,STOREFARM,5,어린이 보석십자수 DIY 캐릭터 큐빅 비즈 지니맘 KC인증,지니맘 큐빅십자수  DIY: 10번 안경토끼 (액자별매)
3071277202,SELLBLOG,NORMAL,좋습니다~ 잘 만들어볼게요,2020-12-19T11:59:49.783+0000,STOREFARM,5,어린이 보석십자수 DIY 캐릭터 큐빅 비즈 지니맘 KC인증,지니맘 큐빅십자수  DIY: 10번 안경토끼 (액자별매)
3087572495,SELLBLOG,NORMAL,아이도 저도 모두 즐거워요,2021-01-10T03:56:35.211+0000,STOREFARM,5,어린이 보석십자수 DIY 캐릭터 큐빅 비즈 지니맘 KC인증,지니맘 큐빅십자수  DIY: 2번 보라유니콘 (액자별매)
3088163726,SELLBLOG,NORMAL,조카가 좋아해요 예뻐요,2021-01-11T02:08:11.263+0000,STOREFARM,5,어린이 보석십자수 DIY 캐릭터 큐빅 비즈 지니맘 KC인증,지니맘 큐빅십자수  DIY: 14번 부엉이 (액자별매)
3088163583,SELLBLOG,NORMAL,조카가 좋아해요 예뻐요,2021-01-11T02:07:58.139+0000,STOREFARM,5,어린이 보석십자수 DIY 캐릭터 큐빅 비즈 지니맘 KC인증,지니맘 큐빅십자수  DIY: 1번 유니콘  (액자별매)
3088163364,SELLBLOG,NORMAL,조카가 좋아해요 예뻐요,2021-01-11T02:07:41.167+0000,STOREFARM,5,어린이 보석십자수 DIY 캐릭터 큐빅 비즈 지니맘 KC인증,지니맘 큐빅십자수  DIY: 6번 소녀2 (액자별매)
3063374033,SELLBLOG,NORMAL,"아이들이 좋아해서 좋고, 아이들 하는동안 저도 여유생겨 좋고... 일석이조입니다~",2020-12-09T07:13:14.921+0000,STOREFARM,5,어린이 보석십자수 DIY 캐릭터 큐빅 비즈 지니맘 KC인증,지니맘 큐빅십자수  DIY: 24번 강아지(액자별매)
3063373756,SELLBLOG,NORMAL,"아이들이 좋아해서 좋고, 아이들 하는동안 저도 여유생겨 좋고... 일석이조입니다~",2020-12-09T07:12:56.270+0000,STOREFARM,5,어린이 보석십자수 DIY 캐릭터 큐빅 비즈 지니맘 KC인증,지니맘 큐빅십자수  DIY: 8번 꽃사슴 (액자별매)
3063373507,SELLBLOG,NORMAL,"아이들이 좋아해서 좋고, 아이들 하는동안 저도 여유생겨 좋고... 일석이조입니다~",2020-12-09T07:12:38.815+0000,STOREFARM,5,어린이 보석십자수 DIY 캐릭터 큐빅 비즈 지니맘 KC인증,지니맘 큐빅십자수  DIY: 16번 여우 (액자별매)
3064437999,SELLBLOG,NORMAL,"디자인이 맘에드네요..
배송도 빠르고...
잘 사용하겠습니다..",2020-12-10T12:45:46.482+0000,STOREFARM,5,어린이 보석십자수 DIY 캐릭터 큐빅 비즈 지니맘 KC인증,지니맘 큐빅십자수  DIY: 27번 하트 고양이(액자별매)
3064436750,SELLBLOG,NORMAL,"디자인이 맘에드네요..
배송도 빠르고...
잘 사용하겠습니다..",2020-12-10T12:44:14.545+0000,STOREFARM,5,어린이 보석십자수 DIY 캐릭터 큐빅 비즈 지니맘 KC인증,지니맘 큐빅십자수  DIY: 21번 하트십자가 (액자별매)
3086847576,SELLBLOG,NORMAL,아이가 너무 좋아해요,2021-01-09T04:48:12.917+0000,STOREFARM,5,어린이 보석십자수 DIY 캐릭터 큐빅 비즈 지니맘 KC인증,지니맘 큐빅십자수  DIY: 6번 소녀2 (액자별매)
3069850654,SELLBLOG,NORMAL,아이랑 둘이서 재밌게 했어요,2020-12-18T01:12:28.543+0000,STOREFARM,4,어린이 보석십자수  교회 큐빅 비즈 지니맘 KC인증,지니맘 큐빅십자수  DIY: 8번 꽃사슴 (액자별매)
3085865214,SELLBLOG,NORMAL,아이가 너무 좋아하고 이뻐요.,2021-01-08T02:05:56.266+0000,STOREFARM,5,어린이 보석십자수 DIY 캐릭터 큐빅 비즈 지니맘 KC인증,지니맘 큐빅십자수  DIY: 24번 강아지(액자별매)
3058714177,SELLBLOG,NORMAL,"초1 딸아이가 푹빠져서 하네요..
핸드폰하는 시간도 줄이고 집중력도 높이고 ㅎㅎ
다해서 액자에 껴놓으니 넘 이쁘네요",2020-12-02T09:57:53.473+0000,STOREFARM,5,어린이 보석십자수  교회 큐빅 비즈 지니맘 KC인증,지니맘 큐빅십자수  DIY: 20번 십자가 꽃 (액자별매)
3061578223,SELLBLOG,NORMAL,두번째 구매하네요.집콕중으로 7살 딸이 열심히 하고  있어요.좋아해요.굿입니다👍,2020-12-06T12:54:48.949+0000,STOREFARM,5,어린이 보석십자수 DIY 캐릭터 큐빅 비즈 지니맘 KC인증,지니맘 큐빅십자수  DIY: 19번 아이스크림 (액자별매)
3083560664,SELLBLOG,NORMAL,아이들이 잘 하네요. 예뻐요.,2021-01-05T09:05:18.776+0000,STOREFARM,5,어린이 보석십자수 DIY 캐릭터 큐빅 비즈 지니맘 KC인증,지니맘 큐빅십자수  DIY: 4번 홍학 (액자별매)
3079978163,SELLBLOG,NORMAL,아이들 선물로 구매했어요 아주 좋아합니다%%,2020-12-31T02:17:17.969+0000,STOREFARM,5,어린이 보석십자수 DIY 캐릭터 큐빅 비즈 지니맘 KC인증,지니맘 큐빅십자수  DIY: 1번 유니콘  (액자별매)
3086664998,SELLBLOG,NORMAL,아이들이 너무좋아하네요...,2021-01-09T01:01:49.430+0000,STOREFARM,4,어린이 보석십자수 DIY 캐릭터 큐빅 비즈 지니맘 KC인증,지니맘 큐빅십자수  DIY: 19번 아이스크림 (액자별매)
3085552297,SELLBLOG,NORMAL,가격대비 넘 이쁘고 좋아요,2021-01-07T12:34:47.909+0000,STOREFARM,5,어린이 보석십자수 DIY 캐릭터 큐빅 비즈 지니맘 KC인증,지니맘 큐빅십자수  DIY: 14번 부엉이 (액자별매)
3085860584,SELLBLOG,NORMAL,머릿결이 부드러지고 좋네요^^,2021-01-08T02:00:45.642+0000,STOREFARM,5,어린이 보석십자수 DIY 캐릭터 큐빅 비즈 지니맘 KC인증,지니맘 큐빅십자수  DIY: 12번 돌고래 (액자별매)
3080476602,SELLBLOG,NORMAL,캐릭터가 이쁘고. 보석십자수 화려해여,2020-12-31T14:23:14.720+0000,STOREFARM,4,어린이 보석십자수 DIY 캐릭터 큐빅 비즈 지니맘 KC인증,지니맘 큐빅십자수  DIY: 13번 별유니콘 (액자별매)
3083325818,SELLBLOG,NORMAL,"아이가 완성했습니다
만족스러워합니다",2021-01-05T04:26:35.457+0000,STOREFARM,5,어린이 보석십자수 DIY 캐릭터 큐빅 비즈 지니맘 KC인증,지니맘 큐빅십자수  DIY: 26번 왕관 고양이(액자별매)
3070801512,SELLBLOG,NORMAL,시간 보내기 좋아요,2020-12-19T02:38:23.259+0000,STOREFARM,5,어린이 보석십자수 DIY 캐릭터 큐빅 비즈 지니맘 KC인증,지니맘 큐빅십자수  DIY: 4번 홍학 (액자별매)
3067121809,SELLBLOG,NORMAL,아주좋아요 아이도 좋아해요,2020-12-14T11:39:43.315+0000,STOREFARM,5,어린이 보석십자수 DIY 캐릭터 큐빅 비즈 지니맘 KC인증,지니맘 큐빅십자수  DIY: 24번 강아지(액자별매)
3067121489,SELLBLOG,NORMAL,아주좋아요 아이도 좋아해요,2020-12-14T11:39:13.830+0000,STOREFARM,5,어린이 보석십자수 DIY 캐릭터 큐빅 비즈 지니맘 KC인증,지니맘 큐빅십자수  DIY: 29번 작은 유니콘(액자별매)
3067121183,SELLBLOG,NORMAL,아주좋아요 아이도 좋아해요,2020-12-14T11:38:46.114+0000,STOREFARM,5,어린이 보석십자수 DIY 캐릭터 큐빅 비즈 지니맘 KC인증,지니맘 큐빅십자수  DIY: 26번 왕관 고양이(액자별매)
3083561504,SELLBLOG,NORMAL,아이들이 좋아해요. 예뻐요.,2021-01-05T09:06:15.251+0000,STOREFARM,5,어린이 보석십자수 DIY 캐릭터 큐빅 비즈 지니맘 KC인증,지니맘 큐빅십자수  DIY: 17번 아기 유니콘 (액자별매)
3084326435,SELLBLOG,NORMAL,만족합니다 시간잘가고 좋네요,2021-01-06T06:33:56.554+0000,STOREFARM,5,어린이 보석십자수 DIY 캐릭터 큐빅 비즈 지니맘 KC인증,지니맘 큐빅십자수  DIY: 13번 별유니콘 (액자별매)
3080476325,SELLBLOG,NORMAL,보석십자수. 캐릭터 이쁘구. 시간잘가여,2020-12-31T14:22:42.143+0000,STOREFARM,4,어린이 보석십자수 DIY 캐릭터 큐빅 비즈 지니맘 KC인증,지니맘 큐빅십자수  DIY: 12번 돌고래 (액자별매)
3077271976,SELLBLOG,NORMAL,"한번에다하려고하는  아이들욕심
눈이 아프고  허리아프고 ㅎ
집콕 필수템",2020-12-27T10:36:47.143+0000,STOREFARM,4,어린이 보석십자수 DIY 캐릭터 큐빅 비즈 지니맘 KC인증,지니맘 큐빅십자수  DIY: 9번 겨울사슴 (액자별매)
3067845610,SELLBLOG,NORMAL,"7세딸이 집중해서 합니다
너무 좋아하네요",2020-12-15T11:51:45.913+0000,STOREFARM,5,어린이 보석십자수 DIY 캐릭터 큐빅 비즈 지니맘 KC인증,지니맘 큐빅십자수  DIY: 1번 유니콘  (액자별매)
3064830740,SELLBLOG,NORMAL,"초2딸  집콕놀이용으로  구입했어요
엄청좋아해요^^",2020-12-11T04:09:48.471+0000,STOREFARM,5,어린이 보석십자수  교회 큐빅 비즈 지니맘 KC인증,지니맘 큐빅십자수  DIY: 2번 보라유니콘 (액자별매)
3074896734,SELLBLOG,NORMAL,"우리딸이 학교마치고 너무신나게 잘하고있어요.
애들 집중력 항상에도 도움이 되는것같아요.",2020-12-24T04:02:42.400+0000,STOREFARM,4,어린이 보석십자수 DIY 캐릭터 큐빅 비즈 지니맘 KC인증,지니맘 큐빅십자수  DIY: 25번 뿔 돌고래(액자별매)
3083602814,SELLBLOG,NORMAL,아이들이 너무 좋아합니다. 강추합니다.,2021-01-05T09:52:40.151+0000,STOREFARM,5,어린이 보석십자수 DIY 캐릭터 큐빅 비즈 지니맘 KC인증,지니맘 큐빅십자수  DIY: 22번 교회 (액자별매)
3079572839,SELLBLOG,NORMAL,"우와~~진짜 퀼리티 좋구 넘이뻐요~~
딸아이가 넘 좋아합니다.",2020-12-30T11:04:45.003+0000,STOREFARM,5,어린이 보석십자수 DIY 캐릭터 큐빅 비즈 지니맘 KC인증,지니맘 큐빅십자수  DIY: 6번 소녀2 (액자별매)
3082493034,SELLBLOG,NORMAL,"빠른배송
예쁜도안~ 
보석비즈색도 이쁘다 하네요.",2021-01-03T17:50:53.668+0000,STOREFARM,5,어린이 보석십자수 DIY 캐릭터 큐빅 비즈 지니맘 KC인증,지니맘 큐빅십자수  DIY: 1번 유니콘  (액자별매)
3082149313,SELLBLOG,NORMAL,큐빅크기가 여러가지라 아이들이 좋아해요,2021-01-03T06:24:50.285+0000,STOREFARM,5,어린이 보석십자수 DIY 캐릭터 큐빅 비즈 지니맘 KC인증,지니맘 큐빅십자수  DIY: 2번 보라유니콘 (액자별매)
3085292866,SELLBLOG,NORMAL,아이랑 집콕땜으로 최고에요^^,2021-01-07T07:48:12.859+0000,STOREFARM,5,어린이 보석십자수 DIY 캐릭터 큐빅 비즈 지니맘 KC인증,지니맘 큐빅십자수  DIY: 17번 아기 유니콘 (액자별매)
3054370242,SELLBLOG,NORMAL,배송도 너무너무 꼼꼼하고 예쁘게 잘 왔어요! 아이가 하고 싶다고 해서 주문하고 선물용으로 한 세트 추가했는데 여자아이라 너무너무 좋아해요 말도 안되는 가격에 정말 예쁘고 좋은 제품이예요!!,2020-11-25T12:07:54.082+0000,STOREFARM,5,어린이 보석십자수  교회 큐빅 비즈 지니맘 KC인증,지니맘 큐빅십자수  DIY: 22번 교회 (액자별매)
3081861285,SELLBLOG,AFTER_USE,딸램이가 좋아합니다 아들램도 집중해서 하네요,2021-01-02T16:14:46.317+0000,STOREFARM,4,어린이 보석십자수 DIY 캐릭터 큐빅 비즈 지니맘 KC인증,지니맘 큐빅십자수  DIY: 8번 꽃사슴 (액자별매)
3077305834,SELLBLOG,NORMAL,"코로나로 집콕인데 아이들이 재밌어하네요.
덕분에 3시간 순삭했어요~",2020-12-27T11:28:17.251+0000,STOREFARM,4,어린이 보석십자수 DIY 캐릭터 큐빅 비즈 지니맘 KC인증,지니맘 큐빅십자수  DIY: 4번 홍학 (액자별매)
3077305614,SELLBLOG,NORMAL,"코로나로 집콕인데 아이들이 재밌어하네요.
덕분에 3시간 순삭했어요~",2020-12-27T11:27:59.592+0000,STOREFARM,4,어린이 보석십자수 DIY 캐릭터 큐빅 비즈 지니맘 KC인증,지니맘 큐빅십자수  DIY: 14번 부엉이 (액자별매)
3061073249,SELLBLOG,NORMAL,진짜 이뻐요 쉽고 다들 너무 좋아해서 계속 만들어 달라고 해서 사고 또 사고,2020-12-05T14:34:04.630+0000,STOREFARM,5,어린이 보석십자수 DIY 캐릭터 큐빅 비즈 지니맘 KC인증,지니맘 큐빅십자수  DIY: 11번 클로버 (액자별매)
3067164858,SELLBLOG,NORMAL,아이들의 집중력이 길러지는거 같아요,2020-12-14T12:45:51.183+0000,STOREFARM,4,어린이 보석십자수 DIY 캐릭터 큐빅 비즈 지니맘 KC인증,지니맘 큐빅십자수  DIY: 24번 강아지(액자별매)
3072333611,SELLBLOG,NORMAL,"비즈크기가 작은것도 있고 큰것도 있고해서 아이들이 하기 너무 좋아요~~ 비즈 빈짝거림도 너무 좋아서 반정오 했는데 너무 예쁘네요^^
8살,5살 딸래미가 했습니다^^",2020-12-21T03:14:47.555+0000,STOREFARM,5,어린이 보석십자수 DIY 캐릭터 큐빅 비즈 지니맘 KC인증,지니맘 큐빅십자수  DIY: 8번 꽃사슴 (액자별매)
3086350952,SELLBLOG,NORMAL,반짝반짝 빛나는 보석 예뻐요,2021-01-08T10:51:06.151+0000,STOREFARM,4,어린이 보석십자수 DIY 캐릭터 큐빅 비즈 지니맘 KC인증,지니맘 큐빅십자수  DIY: 6번 소녀2 (액자별매)
3067616963,SELLBLOG,NORMAL,아이들이평소에하고싶어했네요,2020-12-15T07:25:32.194+0000,STOREFARM,5,어린이 보석십자수 DIY 캐릭터 큐빅 비즈 지니맘 KC인증,지니맘 큐빅십자수  DIY: 14번 부엉이 (액자별매)
3065273546,SELLBLOG,NORMAL,예뻐요~~~ 아이들이 열심히 만들어 완성했어요^^,2020-12-11T14:08:33.484+0000,STOREFARM,5,어린이 보석십자수 DIY 캐릭터 큐빅 비즈 지니맘 KC인증,지니맘 큐빅십자수  DIY: 1번 유니콘  (액자별매)
3054254255,SELLBLOG,NORMAL,"초딩 2,4학년이 시간 가는 줄 모르고 해요
다만 목이 아프다 힘들다 ㅋㅋㅋ

한번씩 쉬면서 합니다 ㅎㅎㅎ 
붙이기 쉬워서 좋네요",2020-11-25T09:53:43.095+0000,STOREFARM,5,어린이 보석십자수  교회 큐빅 비즈 지니맘 KC인증,지니맘 큐빅십자수  DIY: 15번 핑크 유니콘 (액자별매)
3060369343,SELLBLOG,NORMAL,처음해보는 보석십자수 너무 재밋네요 아이들도 집중력 꽤가지고 잘하네요,2020-12-04T13:22:47.126+0000,STOREFARM,5,어린이 보석십자수 DIY 캐릭터 큐빅 비즈 지니맘 KC인증,지니맘 큐빅십자수  DIY: 18번 파란사슴 (액자별매)
3077639085,SELLBLOG,NORMAL,다해놓고 나니 넘 이뻐요... 보석도 넉넉히 주셔서 많이 남았네요,2020-12-28T02:41:05.501+0000,STOREFARM,5,어린이 보석십자수 DIY 캐릭터 큐빅 비즈 지니맘 KC인증,지니맘 큐빅십자수  DIY: 17번 아기 유니콘 (액자별매)
3083481646,SELLBLOG,NORMAL,배송도 빨랐고 아주 만족합니다,2021-01-05T07:38:10.904+0000,STOREFARM,5,어린이 보석십자수 DIY 캐릭터 큐빅 비즈 지니맘 KC인증,지니맘 큐빅십자수  DIY: 31번 강아지2(액자별매)
3070562694,SELLBLOG,NORMAL,조카가 너무 좋아해요~,2020-12-18T14:20:33.779+0000,STOREFARM,5,어린이 보석십자수 DIY 캐릭터 큐빅 비즈 지니맘 KC인증,지니맘 큐빅십자수  DIY: 18번 파란사슴 (액자별매)
3061177361,SELLBLOG,NORMAL,가격 저렴하고 아이들 집중 잘되고 대박 상품입니다. 매우 만족함.,2020-12-06T00:38:06.288+0000,STOREFARM,5,어린이 보석십자수  교회 큐빅 비즈 지니맘 KC인증,지니맘 큐빅십자수  DIY: 8번 꽃사슴 (액자별매)
3084427837,SELLBLOG,NORMAL,"재구매 할꺼예요~
맘에 들어요",2021-01-06T08:17:23.890+0000,STOREFARM,5,어린이 보석십자수 DIY 캐릭터 큐빅 비즈 지니맘 KC인증,지니맘 큐빅십자수  DIY: 1번 유니콘  (액자별매)
3067616606,SELLBLOG,NORMAL,크리스마스선물로주려고샀어요,2020-12-15T07:25:04.999+0000,STOREFARM,5,어린이 보석십자수 DIY 캐릭터 큐빅 비즈 지니맘 KC인증,지니맘 큐빅십자수  DIY: 13번 별유니콘 (액자별매)
3080762286,SELLBLOG,NORMAL,아이가 좋아해요 방학때 하려고요,2021-01-01T05:14:00.849+0000,STOREFARM,5,어린이 보석십자수 DIY 캐릭터 큐빅 비즈 지니맘 KC인증,지니맘 큐빅십자수  DIY: 13번 별유니콘 (액자별매)
3080762191,SELLBLOG,NORMAL,아이가 좋아해요 방학때 하려고요,2021-01-01T05:13:51.395+0000,STOREFARM,5,어린이 보석십자수 DIY 캐릭터 큐빅 비즈 지니맘 KC인증,지니맘 큐빅십자수  DIY: 26번 왕관 고양이(액자별매)
3080761777,SELLBLOG,NORMAL,아이가 좋아해요 방학때 하려고요,2021-01-01T05:13:16.265+0000,STOREFARM,5,어린이 보석십자수 DIY 캐릭터 큐빅 비즈 지니맘 KC인증,지니맘 큐빅십자수  DIY: 28번 클로버 고양이(액자별매)
3077040754,SELLBLOG,AFTER_USE,저번에 구매해고 또 구매한겁니다. 아이가 재미있어합니다,2020-12-27T04:59:39.053+0000,STOREFARM,5,어린이 보석십자수 DIY 캐릭터 큐빅 비즈 지니맘 kc인증,지니맘 큐빅십자수  DIY: 11번 클로버 (액자별매)
3080544824,SELLBLOG,NORMAL,너무 재밌어요! 시간 가는 줄 모르겠네요,2020-12-31T18:08:35.095+0000,STOREFARM,5,어린이 보석십자수 DIY 캐릭터 큐빅 비즈 지니맘 KC인증,지니맘 큐빅십자수  DIY: 28번 클로버 고양이(액자별매)
3086459412,SELLBLOG,NORMAL,대체로 만족합니다~,2021-01-08T13:05:29.433+0000,STOREFARM,5,어린이 보석십자수 DIY 캐릭터 큐빅 비즈 지니맘 KC인증,지니맘 큐빅십자수  DIY: 26번 왕관 고양이(액자별매)
3085551864,SELLBLOG,NORMAL,가격대비 넘 이뻐요,2021-01-07T12:34:18.538+0000,STOREFARM,5,어린이 보석십자수 DIY 캐릭터 큐빅 비즈 지니맘 KC인증,지니맘 큐빅십자수  DIY: 16번 여우 (액자별매)
3082941680,SELLBLOG,NORMAL,아이들과 쉽게 할수 있어 좋아요,2021-01-04T11:20:24.358+0000,STOREFARM,5,어린이 보석십자수 DIY 캐릭터 큐빅 비즈 지니맘 KC인증,지니맘 큐빅십자수  DIY: 8번 꽃사슴 (액자별매)
3082941360,SELLBLOG,NORMAL,아이들과 싶게 할수 있어 좋아요,2021-01-04T11:19:54.678+0000,STOREFARM,5,어린이 보석십자수 DIY 캐릭터 큐빅 비즈 지니맘 KC인증,지니맘 큐빅십자수  DIY: 6번 소녀2 (액자별매)
3068822671,SELLBLOG,NORMAL,작은 것만 해봤는데 좋아할 것 같아요^^,2020-12-16T14:54:21.983+0000,STOREFARM,5,어린이 보석십자수 DIY 캐릭터 큐빅 비즈 지니맘 KC인증,지니맘 큐빅십자수  DIY: 29번 작은 유니콘(액자별매)
3068822383,SELLBLOG,NORMAL,작은 것만 해봤는데 좋아할 것 같아요^^,2020-12-16T14:53:51.656+0000,STOREFARM,5,어린이 보석십자수 DIY 캐릭터 큐빅 비즈 지니맘 KC인증,지니맘 큐빅십자수  DIY: 26번 왕관 고양이(액자별매)
3068822097,SELLBLOG,NORMAL,작은 것만 해봤는데 좋아할 것 같아요^^,2020-12-16T14:53:23.682+0000,STOREFARM,5,어린이 보석십자수 DIY 캐릭터 큐빅 비즈 지니맘 KC인증,지니맘 큐빅십자수  DIY: 16번 여우 (액자별매)
3068821513,SELLBLOG,NORMAL,작은 것만 해봤는데 좋아할 것 같아요^^,2020-12-16T14:52:24.338+0000,STOREFARM,5,어린이 보석십자수 DIY 캐릭터 큐빅 비즈 지니맘 KC인증,지니맘 큐빅십자수  DIY: 13번 별유니콘 (액자별매)
3085821208,SELLBLOG,NORMAL,저렴한가격에좋아요^^,2021-01-08T01:14:38.663+0000,STOREFARM,4,어린이 보석십자수 DIY 캐릭터 큐빅 비즈 지니맘 KC인증,지니맘 큐빅십자수  DIY: 2번 보라유니콘 (액자별매)
3073896729,SELLBLOG,NORMAL,코로나로집콕인요즘심심해하는애들위해사줬어요.잼있어하네요.시간도잘가고.,2020-12-23T03:55:52.149+0000,STOREFARM,3,어린이 보석십자수 DIY 캐릭터 큐빅 비즈 지니맘 KC인증,지니맘 큐빅십자수  DIY: 25번 뿔 돌고래(액자별매)
3078986920,SELLBLOG,NORMAL,"포장이 진짜 군더더기가 없이 첫주문자인데도
어떻게 하라는지 알겠어요!~~",2020-12-29T17:21:48.820+0000,STOREFARM,5,어린이 보석십자수 DIY 캐릭터 큐빅 비즈 지니맘 KC인증,지니맘 큐빅십자수  DIY: 28번 클로버 고양이(액자별매)
3078986882,SELLBLOG,NORMAL,"포장이 진짜 군더더기가 없이 첫주문자인데도
어떻게 하라는지 알겠어요!~~",2020-12-29T17:21:34.703+0000,STOREFARM,5,어린이 보석십자수 DIY 캐릭터 큐빅 비즈 지니맘 KC인증,지니맘 큐빅십자수  DIY: 15번 핑크 유니콘 (액자별매)
3078986843,SELLBLOG,NORMAL,"포장이 진짜 군더더기가 없이 첫주문자인데도
어떻게 하라는지 알겠어요!~~",2020-12-29T17:21:25.061+0000,STOREFARM,5,어린이 보석십자수 DIY 캐릭터 큐빅 비즈 지니맘 KC인증,지니맘 큐빅십자수  DIY: 14번 부엉이 (액자별매)
3078986807,SELLBLOG,NORMAL,"포장이 진짜 군더더기가 없이 첫주문자인데도
어떻게 하라는지 알겠어요!~~",2020-12-29T17:21:14.747+0000,STOREFARM,5,어린이 보석십자수 DIY 캐릭터 큐빅 비즈 지니맘 KC인증,지니맘 큐빅십자수  DIY: 8번 꽃사슴 (액자별매)
3084217754,SELLBLOG,NORMAL,아직사용전 잘받았어요,2021-01-06T04:23:58.443+0000,STOREFARM,4,어린이 보석십자수 DIY 캐릭터 큐빅 비즈 지니맘 KC인증,지니맘 큐빅십자수  DIY: 11번 클로버 (액자별매)
3070845125,SELLBLOG,NORMAL,아이 선물로 샀어요^^,2020-12-19T03:24:28.206+0000,STOREFARM,5,어린이 보석십자수 DIY 캐릭터 큐빅 비즈 지니맘 KC인증,지니맘 큐빅십자수  DIY: 3번 분홍사슴 (액자별매)
3091445933,SELLBLOG,NORMAL,좋아요~ ~ ~ ~,2021-01-14T17:35:29.100+0000,STOREFARM,3,어린이 보석십자수 DIY 캐릭터 큐빅 비즈 지니맘 KC인증,지니맘 큐빅십자수  DIY: 5번  소녀1 (액자별매)
3067659249,SELLBLOG,NORMAL,애들이좋아해요 바로하는중,2020-12-15T08:18:55.053+0000,STOREFARM,5,어린이 보석십자수 DIY 캐릭터 큐빅 비즈 지니맘 KC인증,지니맘 큐빅십자수  DIY: 16번 여우 (액자별매)
3061199185,SELLBLOG,NORMAL,보석십자수 너무 좋아요. 선물용으로도 매우 좋을 것 같아요. 굿.,2020-12-06T01:20:49.935+0000,STOREFARM,5,어린이 보석십자수  교회 큐빅 비즈 지니맘 KC인증,지니맘 큐빅십자수  DIY: 5번  소녀1 (액자별매)
3064865585,SELLBLOG,NORMAL,맘에들어요 아이들도 좋아해요,2020-12-11T04:50:30.839+0000,STOREFARM,5,어린이 보석십자수 DIY 캐릭터 큐빅 비즈 지니맘 KC인증,지니맘 큐빅십자수  DIY: 9번 겨울사슴 (액자별매)
3078747220,SELLBLOG,NORMAL,"처음 시작하는 아이에게 적당한 사이즈인것같습니다.
집중해서 잘하네요..",2020-12-29T11:48:30.347+0000,STOREFARM,5,어린이 보석십자수 DIY 캐릭터 큐빅 비즈 지니맘 KC인증,지니맘 큐빅십자수  DIY: 27번 하트 고양이(액자별매)
3063516794,SELLBLOG,AFTER_USE,"애들이 너무 좋아해요~
애들한테 집중하게하기 좋아요",2020-12-09T10:08:23.257+0000,STOREFARM,5,어린이 보석십자수 DIY 캐릭터 큐빅 비즈 지니맘 kc인증,지니맘 큐빅십자수  DIY: 11번 클로버 (액자별매)
3063516416,SELLBLOG,AFTER_USE,"애들이 너무 좋아해요~
애들한테 집중하게하기 좋아요",2020-12-09T10:07:54.080+0000,STOREFARM,5,어린이 보석십자수 DIY 캐릭터 큐빅 비즈 지니맘 kc인증,지니맘 큐빅십자수  DIY: 14번 부엉이 (액자별매)
3063515977,SELLBLOG,AFTER_USE,"애들이 너무 좋아해요~
애들한테 집중하게하기 좋아요",2020-12-09T10:07:21.480+0000,STOREFARM,5,어린이 보석십자수 DIY 캐릭터 큐빅 비즈 지니맘 kc인증,지니맘 큐빅십자수  DIY: 3번 분홍사슴 (액자별매)
3074058471,SELLBLOG,NORMAL,아이들 집중력에 너무좋아요 코로나에 밖에못 나가서 구입해줬는데 대만족입니다,2020-12-23T06:53:00.350+0000,STOREFARM,5,어린이 보석십자수 DIY 캐릭터 큐빅 비즈 지니맘 KC인증,지니맘 큐빅십자수  DIY: 10번 안경토끼 (액자별매)
3086351450,SELLBLOG,NORMAL,반짝반짝 빛나서 예뻐요,2021-01-08T10:51:41.928+0000,STOREFARM,4,어린이 보석십자수 DIY 캐릭터 큐빅 비즈 지니맘 KC인증,지니맘 큐빅십자수  DIY: 23번 돌고래 하트(액자별매)
3068682712,SELLBLOG,NORMAL,애들이 너무 좋아해요,2020-12-16T12:10:28.485+0000,STOREFARM,5,어린이 보석십자수 DIY 캐릭터 큐빅 비즈 지니맘 KC인증,지니맘 큐빅십자수  DIY: 8번 꽃사슴 (액자별매)
3083540768,SELLBLOG,NORMAL,아이들 집중역 대단해요,2021-01-05T08:43:40.789+0000,STOREFARM,5,어린이 보석십자수 DIY 캐릭터 큐빅 비즈 지니맘 KC인증,지니맘 큐빅십자수  DIY: 18번 파란사슴 (액자별매)
3083540398,SELLBLOG,NORMAL,아이들 집중력 대단해요,2021-01-05T08:43:16.426+0000,STOREFARM,5,어린이 보석십자수 DIY 캐릭터 큐빅 비즈 지니맘 KC인증,지니맘 큐빅십자수  DIY: 19번 아이스크림 (액자별매)
3056636121,SELLBLOG,NORMAL,코로나 19로 인해 집콕중인데 핸드폰에만 빠져있었는데 십자수로 인해 시간가는줄 모르고 하고 있네요.아이에게 좋은선물이네요,2020-11-29T02:22:33.090+0000,STOREFARM,5,어린이 보석십자수  교회 큐빅 비즈 지니맘 KC인증,지니맘 큐빅십자수  DIY: 14번 부엉이 (액자별매)
3077041120,SELLBLOG,AFTER_USE,재구매한겁니다. 아이가 아주 재미있어 합니다,2020-12-27T05:00:11.068+0000,STOREFARM,5,어린이 보석십자수 DIY 캐릭터 큐빅 비즈 지니맘 kc인증,지니맘 큐빅십자수  DIY: 3번 분홍사슴 (액자별매)
3079028780,SELLBLOG,NORMAL,케릭터가 너무예쁘요  아이의 휴대폰 보는 시간이 줄었어요,2020-12-29T23:02:39.214+0000,STOREFARM,5,어린이 보석십자수 DIY 캐릭터 큐빅 비즈 지니맘 KC인증,지니맘 큐빅십자수  DIY: 27번 하트 고양이(액자별매)
3064850152,SELLBLOG,NORMAL,"액자에 끼워넣어도 예쁠듯해요
배송도 빨랐습니다",2020-12-11T04:31:29.441+0000,STOREFARM,5,어린이 보석십자수 DIY 캐릭터 큐빅 비즈 지니맘 kc인증,지니맘 큐빅십자수  DIY: 3번 분홍사슴 (액자별매)
3077639637,SELLBLOG,NORMAL,큰 명화도 있으면 좋겠어요.. 재구매할겁니다.,2020-12-28T02:41:55.589+0000,STOREFARM,5,어린이 보석십자수 DIY 캐릭터 큐빅 비즈 지니맘 KC인증,지니맘 큐빅십자수  DIY: 14번 부엉이 (액자별매)
3084311963,SELLBLOG,NORMAL,아이가 엄청 좋아해요!,2021-01-06T06:17:48.194+0000,STOREFARM,5,어린이 보석십자수 DIY 캐릭터 큐빅 비즈 지니맘 KC인증,지니맘 큐빅십자수  DIY: 26번 왕관 고양이(액자별매)
3064663849,SELLBLOG,NORMAL,집중력향상되겠어요.좋아하네요,2020-12-11T00:50:30.808+0000,STOREFARM,5,어린이 보석십자수 DIY 캐릭터 큐빅 비즈 지니맘 KC인증,지니맘 큐빅십자수  DIY: 17번 아기 유니콘 (액자별매)
3086057676,SELLBLOG,NORMAL,반짝반짝 너무예뻐요,2021-01-08T05:38:26.350+0000,STOREFARM,4,어린이 보석십자수 DIY 캐릭터 큐빅 비즈 지니맘 KC인증,지니맘 큐빅십자수  DIY: 8번 꽃사슴 (액자별매)
3082246937,SELLBLOG,NORMAL,"너무 예뻐요
완성하면 더 예쁠것같아요",2021-01-03T09:10:48.946+0000,STOREFARM,5,어린이 보석십자수 DIY 캐릭터 큐빅 비즈 지니맘 KC인증,지니맘 큐빅십자수  DIY: 19번 아이스크림 (액자별매)
3066739736,SELLBLOG,NORMAL,꼼꼼한포장에 배송도빨라요,2020-12-14T01:56:08.165+0000,STOREFARM,5,어린이 보석십자수 DIY 캐릭터 큐빅 비즈 지니맘 KC인증,지니맘 큐빅십자수  DIY: 8번 꽃사슴 (액자별매)
3066739354,SELLBLOG,NORMAL,꼼꼼한포장에 배송도빨라요,2020-12-14T01:55:43.612+0000,STOREFARM,5,어린이 보석십자수 DIY 캐릭터 큐빅 비즈 지니맘 KC인증,지니맘 큐빅십자수  DIY: 6번 소녀2 (액자별매)
3063698642,SELLBLOG,NORMAL,애들이 매우 좋아합니다 레고보다 저렴하게 시간보내기,2020-12-09T13:40:28.495+0000,STOREFARM,5,어린이 보석십자수 DIY 캐릭터 큐빅 비즈 지니맘 KC인증,지니맘 큐빅십자수  DIY: 26번 왕관 고양이(액자별매)
3076982010,SELLBLOG,NORMAL,아이가 너무 좋아해요  그림도 다 귀엽고 예쁘네요,2020-12-27T03:34:18.299+0000,STOREFARM,5,어린이 보석십자수 DIY 캐릭터 큐빅 비즈 지니맘 KC인증,지니맘 큐빅십자수  DIY: 26번 왕관 고양이(액자별매)
3066801655,SELLBLOG,NORMAL,이런게 있다니 신기해요~ 집중템,2020-12-14T03:10:27.494+0000,STOREFARM,5,어린이 보석십자수 DIY 캐릭터 큐빅 비즈 지니맘 KC인증,지니맘 큐빅십자수  DIY: 18번 파란사슴 (액자별매)
3073851838,SELLBLOG,NORMAL,큐빅도 섬세하게 잘 포장해주시네요  배송도 자제도 만족합니다~~~^^ 애들이 급하게 가져가서 사진은 없네요 ㅜㅡ,2020-12-23T02:58:41.477+0000,STOREFARM,5,어린이 보석십자수 DIY 캐릭터 큐빅 비즈 지니맘 KC인증,지니맘 큐빅십자수  DIY: 14번 부엉이 (액자별매)
3064927347,SELLBLOG,NORMAL,"아이가 직접 고른 아이스크림
포장이 깔끔해요",2020-12-11T06:08:34.667+0000,STOREFARM,5,어린이 보석십자수 DIY 캐릭터 큐빅 비즈 지니맘 KC인증,지니맘 큐빅십자수  DIY: 19번 아이스크림 (액자별매)
3076481325,SELLBLOG,NORMAL,"애들이 너무 좋아하네요
생각했던것보다 최고",2020-12-26T08:16:11.777+0000,STOREFARM,5,어린이 보석십자수 DIY 캐릭터 큐빅 비즈 지니맘 KC인증,지니맘 큐빅십자수  DIY: 14번 부엉이 (액자별매)
3085997053,SELLBLOG,NORMAL,조카선물로 샀어요~~~~~~,2021-01-08T04:35:40.923+0000,STOREFARM,5,어린이 보석십자수 DIY 캐릭터 큐빅 비즈 지니맘 KC인증,지니맘 큐빅십자수  DIY: 27번 하트 고양이(액자별매)
3085996838,SELLBLOG,NORMAL,조카선물로 샀어요~~~~~~,2021-01-08T04:35:25.496+0000,STOREFARM,5,어린이 보석십자수 DIY 캐릭터 큐빅 비즈 지니맘 KC인증,지니맘 큐빅십자수  DIY: 29번 작은 유니콘(액자별매)
3058925047,SELLBLOG,NORMAL,"완성하니 너무 이뻐요. 
시간도 잘가고 재밌어요. 7살 딸이랑 같이하는데 아이도 재밌어해요.",2020-12-02T14:11:32.487+0000,STOREFARM,5,어린이 보석십자수  교회 큐빅 비즈 지니맘 KC인증,지니맘 큐빅십자수  DIY: 9번 겨울사슴 (액자별매)
3077271448,SELLBLOG,NORMAL,"아이들이좋아해요
눈이 아파요
한번에다하려고하는 애들
ㅎㅎ",2020-12-27T10:35:54.552+0000,STOREFARM,4,어린이 보석십자수 DIY 캐릭터 큐빅 비즈 지니맘 KC인증,지니맘 큐빅십자수  DIY: 13번 별유니콘 (액자별매)
3082941913,SELLBLOG,NORMAL,쉽게 할수 있어 좋아요,2021-01-04T11:20:45.884+0000,STOREFARM,5,어린이 보석십자수 DIY 캐릭터 큐빅 비즈 지니맘 KC인증,지니맘 큐빅십자수  DIY: 2번 보라유니콘 (액자별매)
3061508415,SELLBLOG,NORMAL,"9살아들 9살아들 집중력에 최고네요~
덕분에 시간떼우기 너무좋아요",2020-12-06T10:53:15.500+0000,STOREFARM,5,어린이 보석십자수  교회 큐빅 비즈 지니맘 KC인증,지니맘 큐빅십자수  DIY: 12번 돌고래 (액자별매)
3076982877,SELLBLOG,NORMAL,"3개 구입했는데  요거 다하면  재구매 하겠습니다
완성하고보니  너무 예쁘네요",2020-12-27T03:35:44.945+0000,STOREFARM,5,어린이 보석십자수 DIY 캐릭터 큐빅 비즈 지니맘 KC인증,지니맘 큐빅십자수  DIY: 13번 별유니콘 (액자별매)
3061409360,SELLBLOG,NORMAL,"심심할때, 잡념 많을때 하면 좋아요.
하다보니 재밌네요",2020-12-06T07:20:37.343+0000,STOREFARM,5,어린이 보석십자수 DIY 캐릭터 큐빅 비즈 지니맘 KC인증,지니맘 큐빅십자수  DIY: 19번 아이스크림 (액자별매)
3068754399,SELLBLOG,NORMAL,"가성비 짱
큐빅도 넉넉히 보내주셔서 무지 많이  남더라구요
다른것에 사용할수 있으니 넘 좋네요
6세 딸아이 혼자서 시간 보내기 넘 좋아요~~^^",2020-12-16T13:25:31.684+0000,STOREFARM,5,어린이 보석십자수 DIY 캐릭터 큐빅 비즈 지니맘 KC인증,지니맘 큐빅십자수  DIY: 26번 왕관 고양이(액자별매)
3068754228,SELLBLOG,NORMAL,"가성비 짱
큐빅도 넉넉히 보내주셔서 무지 많이  남더라구요
다른것에 사용할수 있으니 넘 좋네요
6세 딸아이 혼자서 시간 보내기 넘 좋아요~~^^",2020-12-16T13:25:19.213+0000,STOREFARM,5,어린이 보석십자수 DIY 캐릭터 큐빅 비즈 지니맘 KC인증,지니맘 큐빅십자수  DIY: 23번 돌고래 하트(액자별매)
3082402916,SELLBLOG,NORMAL,어머님께서 넘 좋아하세요,2021-01-03T13:35:05.491+0000,STOREFARM,5,어린이 보석십자수 DIY 캐릭터 큐빅 비즈 지니맘 KC인증,지니맘 큐빅십자수  DIY: 14번 부엉이 (액자별매)
3084218178,SELLBLOG,NORMAL,잘받았습니다 잘받았어요,2021-01-06T04:24:31.383+0000,STOREFARM,4,어린이 보석십자수 DIY 캐릭터 큐빅 비즈 지니맘 KC인증,지니맘 큐빅십자수  DIY: 9번 겨울사슴 (액자별매)
3084218019,SELLBLOG,NORMAL,잘받았습니다 잘받았어요,2021-01-06T04:24:20.413+0000,STOREFARM,4,어린이 보석십자수 DIY 캐릭터 큐빅 비즈 지니맘 KC인증,지니맘 큐빅십자수  DIY: 10번 안경토끼 (액자별매)
3084217889,SELLBLOG,NORMAL,잘받았습니다 잘받았어요,2021-01-06T04:24:09.504+0000,STOREFARM,4,어린이 보석십자수 DIY 캐릭터 큐빅 비즈 지니맘 KC인증,지니맘 큐빅십자수  DIY: 31번 강아지2(액자별매)
3065942103,SELLBLOG,NORMAL,아이들과 시간 보내기 참 좋네요,2020-12-12T13:46:46.614+0000,STOREFARM,5,어린이 보석십자수 DIY 캐릭터 큐빅 비즈 지니맘 KC인증,지니맘 큐빅십자수  DIY: 12번 돌고래 (액자별매)
3082449701,SELLBLOG,NORMAL,아이들이 너무 좋아해요,2021-01-03T15:01:37.976+0000,STOREFARM,5,어린이 보석십자수 DIY 캐릭터 큐빅 비즈 지니맘 KC인증,지니맘 큐빅십자수  DIY: 1번 유니콘  (액자별매)
3057703130,SELLBLOG,NORMAL,아이들이 집중 하고 즐거워해요 완성한 작품도 책상에 가져다 놓고 좋아하네요,2020-12-01T02:23:00.776+0000,STOREFARM,4,어린이 보석십자수  교회 큐빅 비즈 지니맘 KC인증,지니맘 큐빅십자수  DIY: 15번 핑크 유니콘 (액자별매)
3076428202,SELLBLOG,AFTER_USE,액자에 잘해두었어요 대만족 ㅎ 완성해서더기뻐요,2020-12-26T07:19:23.437+0000,STOREFARM,5,어린이 보석십자수 DIY 캐릭터 큐빅 비즈 지니맘 kc인증,지니맘 큐빅십자수  DIY: 12번 돌고래 (액자별매)
3057286099,SELLBLOG,NORMAL,코로나로 집에만 있는 애들이 너무 심심해서 구매했습니다.4살.6살 아이들 재밌다고 잘하네요^^,2020-11-30T05:15:28.391+0000,STOREFARM,5,어린이 보석십자수  교회 큐빅 비즈 지니맘 KC인증,지니맘 큐빅십자수  DIY: 12번 돌고래 (액자별매)
3081369876,SELLBLOG,NORMAL,시간 가는줄 모르고 만들었어요,2021-01-02T03:55:59.123+0000,STOREFARM,4,어린이 보석십자수 DIY 캐릭터 큐빅 비즈 지니맘 KC인증,지니맘 큐빅십자수  DIY: 1번 유니콘  (액자별매)
3066681436,SELLBLOG,NORMAL,아이가너무즐겁게해요,2020-12-14T00:45:48.123+0000,STOREFARM,5,어린이 보석십자수  교회 큐빅 비즈 지니맘 KC인증,지니맘 큐빅십자수  DIY: 9번 겨울사슴 (액자별매)
3082403309,SELLBLOG,NORMAL,굿 좋아오 조아오조아오,2021-01-03T13:35:40.614+0000,STOREFARM,5,어린이 보석십자수 DIY 캐릭터 큐빅 비즈 지니맘 KC인증,지니맘 큐빅십자수  DIY: 8번 꽃사슴 (액자별매)
3063593416,SELLBLOG,NORMAL,애들이 엄청 좋아해요~~ 반짝반짝 예쁘네요~,2020-12-09T11:38:36.493+0000,STOREFARM,5,어린이 보석십자수 DIY 캐릭터 큐빅 비즈 지니맘 KC인증,지니맘 큐빅십자수  DIY: 8번 꽃사슴 (액자별매)
3062752623,SELLBLOG,NORMAL,"비즈가 반짝반짝 너무 예뻐요..
아이와 처음 부엉이, 유니콘 사서 같이 했는데 넘 잘해서 또 구매했어요..
비즈가 여유있게 들어있어서 남은 비즈는 아이와 미술놀이 할때 쓰곤 했어요..
이번에 4개 구매했는데 액자도 꼼꼼히 포장되어 왔네요..
8살 딸은 물론 6살 아들도 잘해요...^^",2020-12-08T10:14:19.688+0000,STOREFARM,5,어린이 보석십자수 DIY 캐릭터 큐빅 비즈 지니맘 KC인증,지니맘 큐빅십자수  DIY: 8번 꽃사슴 (액자별매)
3062752429,SELLBLOG,NORMAL,"비즈가 반짝반짝 너무 예뻐요..
아이와 처음 부엉이, 유니콘 사서 같이 했는데 넘 잘해서 또 구매했어요..
비즈가 여유있게 들어있어서 남은 비즈는 아이와 미술놀이 할때 쓰곤 했어요..
이번에 4개 구매했는데 액자도 꼼꼼히 포장되어 왔네요..
8살 딸은 물론 6살 아들도 잘해요...^^",2020-12-08T10:14:05.733+0000,STOREFARM,5,어린이 보석십자수 DIY 캐릭터 큐빅 비즈 지니맘 KC인증,지니맘 큐빅십자수  DIY: 12번 돌고래 (액자별매)
3067117567,SELLBLOG,NORMAL,아주아주 좋아여 아이도 좋아함,2020-12-14T11:32:39.910+0000,STOREFARM,5,어린이 보석십자수 DIY 캐릭터 큐빅 비즈 지니맘 KC인증,지니맘 큐빅십자수  DIY: 8번 꽃사슴 (액자별매)
3058716079,SELLBLOG,NORMAL,"다해서 액자에 넣으니 이쁘네요~
세개 주문했는데 갈길이 머네요 ㅎㅎ",2020-12-02T10:00:27.308+0000,STOREFARM,5,어린이 보석십자수  교회 큐빅 비즈 지니맘 KC인증,지니맘 큐빅십자수  DIY: 8번 꽃사슴 (액자별매)
3079679782,SELLBLOG,NORMAL,짱짱짱이래요 또 살게요,2020-12-30T12:51:36.567+0000,STOREFARM,5,어린이 보석십자수 DIY 캐릭터 큐빅 비즈 지니맘 KC인증,지니맘 큐빅십자수  DIY: 26번 왕관 고양이(액자별매)
3081016815,SELLBLOG,NORMAL,액자에 넣어놓으니 넘 예뻐요,2021-01-01T11:21:38.788+0000,STOREFARM,4,어린이 보석십자수 DIY 캐릭터 큐빅 비즈 지니맘 KC인증,지니맘 큐빅십자수  DIY: 8번 꽃사슴 (액자별매)
3063987118,SELLBLOG,NORMAL,배송도 빠르고 아이가 고른거라 더 좋네요^^,2020-12-10T03:03:34.158+0000,STOREFARM,5,어린이 보석십자수 DIY 캐릭터 큐빅 비즈 지니맘 KC인증,지니맘 큐빅십자수  DIY: 8번 꽃사슴 (액자별매)
3078324676,SELLBLOG,NORMAL,또 주문했어요. 아이가 좋아해요,2020-12-29T04:04:45.589+0000,STOREFARM,4,어린이 보석십자수 DIY 캐릭터 큐빅 비즈 지니맘 KC인증,지니맘 큐빅십자수  DIY: 28번 클로버 고양이(액자별매)
3074677342,SELLBLOG,NORMAL,선물주려고 샀는데 아이가 좋아하네요  구성품도 좋구요,2020-12-23T22:30:01.446+0000,STOREFARM,5,어린이 보석십자수 DIY 캐릭터 큐빅 비즈 지니맘 KC인증,지니맘 큐빅십자수  DIY: 29번 작은 유니콘(액자별매)
3072978682,SELLBLOG,NORMAL,"8살12살 여자애기 선물줬더니 너무 좋아해요
또 구매하러올께요 감사합니다",2020-12-22T02:53:20.605+0000,STOREFARM,5,어린이 보석십자수 DIY 캐릭터 큐빅 비즈 지니맘 KC인증,지니맘 큐빅십자수  DIY: 1번 유니콘  (액자별매)
3082449558,SELLBLOG,NORMAL,아이의 집중력이 쑥쑥 ㅎ,2021-01-03T15:01:21.455+0000,STOREFARM,5,어린이 보석십자수 DIY 캐릭터 큐빅 비즈 지니맘 KC인증,지니맘 큐빅십자수  DIY: 2번 보라유니콘 (액자별매)
3073486823,SELLBLOG,NORMAL,크리스마스 선물이라 아직 못뜯어봤네요. 박스채로 차에 둬서ㅜㅜ,2020-12-22T12:55:03.284+0000,STOREFARM,5,어린이 보석십자수 DIY 캐릭터 큐빅 비즈 지니맘 KC인증,지니맘 큐빅십자수  DIY: 15번 핑크 유니콘 (액자별매)
3067660125,SELLBLOG,NORMAL,집중력에도움될듯ㅋㅋ,2020-12-15T08:20:02.749+0000,STOREFARM,5,어린이 보석십자수 DIY 캐릭터 큐빅 비즈 지니맘 KC인증,지니맘 큐빅십자수  DIY: 13번 별유니콘 (액자별매)
3074746788,SELLBLOG,NORMAL,색깔도 예쁘고 좋아요~ 근데 좀 큰 큐빅은 집기가 어렵네요;;,2020-12-24T00:51:37.758+0000,STOREFARM,4,어린이 보석십자수 DIY 캐릭터 큐빅 비즈 지니맘 KC인증,지니맘 큐빅십자수  DIY: 1번 유니콘  (액자별매)
3078999496,SELLBLOG,NORMAL,"재구매했어여
집콕아이들  소일거리로 활용",2020-12-29T19:00:46.560+0000,STOREFARM,4,어린이 보석십자수 DIY 캐릭터 큐빅 비즈 지니맘 KC인증,지니맘 큐빅십자수  DIY: 29번 작은 유니콘(액자별매)
3067658573,SELLBLOG,NORMAL,애들이좋ㅇㅏ해요ㅋㅋ재밋네요,2020-12-15T08:18:02.271+0000,STOREFARM,5,어린이 보석십자수 DIY 캐릭터 큐빅 비즈 지니맘 KC인증,지니맘 큐빅십자수  DIY: 1번 유니콘  (액자별매)
3080476063,SELLBLOG,NORMAL,캐릭터두 이뻐여 보석십자수 굿,2020-12-31T14:22:11.068+0000,STOREFARM,4,어린이 보석십자수 DIY 캐릭터 큐빅 비즈 지니맘 KC인증,지니맘 큐빅십자수  DIY: 6번 소녀2 (액자별매)
3072334109,SELLBLOG,NORMAL,비즈 크기가 아이들이 하기 너무 좋은 싸이즈네요~ 반짝거림도 좋고 색감도 이뻐요~*^^,2020-12-21T03:15:33.204+0000,STOREFARM,5,어린이 보석십자수 DIY 캐릭터 큐빅 비즈 지니맘 KC인증,지니맘 큐빅십자수  DIY: 1번 유니콘  (액자별매)
3080211885,SELLBLOG,NORMAL,어른도 정신없이 빠져서 하게 되네요 ㅋㅋ,2020-12-31T07:50:24.697+0000,STOREFARM,4,어린이 보석십자수 DIY 캐릭터 큐빅 비즈 지니맘 KC인증,지니맘 큐빅십자수  DIY: 4번 홍학 (액자별매)
3079874625,SELLBLOG,NORMAL,배송도빠르고 아이가 너무 좋아해요ㅎ,2020-12-30T22:46:00.713+0000,STOREFARM,5,어린이 보석십자수 DIY 캐릭터 큐빅 비즈 지니맘 KC인증,지니맘 큐빅십자수  DIY: 26번 왕관 고양이(액자별매)
3074403552,SELLBLOG,NORMAL,"아이들이 좋아해요.
근데 고체풀이랑 펜세트가 안왔어요ㅠ",2020-12-23T12:05:03.137+0000,STOREFARM,5,어린이 보석십자수 DIY 캐릭터 큐빅 비즈 지니맘 KC인증,지니맘 큐빅십자수  DIY: 27번 하트 고양이(액자별매)
3061510217,SELLBLOG,NORMAL,"만족합니다
많이 파세요",2020-12-06T10:56:46.012+0000,STOREFARM,5,어린이 보석십자수  교회 큐빅 비즈 지니맘 KC인증,지니맘 큐빅십자수  DIY: 19번 아이스크림 (액자별매)
3083437285,SELLBLOG,NORMAL,"색감이 예쁩니다
.",2021-01-05T06:45:27.171+0000,STOREFARM,5,어린이 보석십자수 DIY 캐릭터 큐빅 비즈 지니맘 KC인증,지니맘 큐빅십자수  DIY: 8번 꽃사슴 (액자별매)
3079978400,SELLBLOG,NORMAL,아이들 집콕 놀이템으로 최고입니다^^,2020-12-31T02:17:42.245+0000,STOREFARM,5,어린이 보석십자수 DIY 캐릭터 큐빅 비즈 지니맘 KC인증,지니맘 큐빅십자수  DIY: 8번 꽃사슴 (액자별매)
3071213953,SELLBLOG,NORMAL,빠른 배송에 사은품도 주시고 너무 감사합니다. 다른제품은 큐빅 불량도 있는데 불량도 없어요..,2020-12-19T10:42:46.241+0000,STOREFARM,5,어린이 보석십자수 DIY 캐릭터 큐빅 비즈 지니맘 KC인증,지니맘 큐빅십자수  DIY: 23번 돌고래 하트(액자별매)
3078207562,SELLBLOG,NORMAL,요즘 같은 때 시간보내기도 좋고 이쁘네요,2020-12-29T01:04:49.189+0000,STOREFARM,5,어린이 보석십자수 DIY 캐릭터 큐빅 비즈 지니맘 KC인증,지니맘 큐빅십자수  DIY: 28번 클로버 고양이(액자별매)
3078424936,SELLBLOG,NORMAL,아이들이 좋아해요  굿굿,2020-12-29T06:13:52.287+0000,STOREFARM,5,어린이 보석십자수 DIY 캐릭터 큐빅 비즈 지니맘 KC인증,지니맘 큐빅십자수  DIY: 5번  소녀1 (액자별매)
3079577373,SELLBLOG,NORMAL,진짜 이쁘고 퀼리티 또한 최고입니다.,2020-12-30T11:09:16.506+0000,STOREFARM,5,어린이 보석십자수 DIY 캐릭터 큐빅 비즈 지니맘 KC인증,지니맘 큐빅십자수  DIY: 6번 소녀2 (액자별매)
3058730376,SELLBLOG,NORMAL,아이들 집중력이 엄청나네요. 매우 잼있어 합니다,2020-12-02T10:18:31.629+0000,STOREFARM,5,어린이 보석십자수 DIY 캐릭터 큐빅 비즈 지니맘 KC인증,지니맘 큐빅십자수  DIY: 1번 유니콘  (액자별매)
3079679524,SELLBLOG,NORMAL,아이들이 아주 재미있어했어요,2020-12-30T12:51:20.512+0000,STOREFARM,5,어린이 보석십자수 DIY 캐릭터 큐빅 비즈 지니맘 KC인증,지니맘 큐빅십자수  DIY: 23번 돌고래 하트(액자별매)
3078323653,SELLBLOG,NORMAL,아이들이 너무 좋아해서 또 주문했어요,2020-12-29T04:03:08.851+0000,STOREFARM,5,어린이 보석십자수 DIY 캐릭터 큐빅 비즈 지니맘 KC인증,지니맘 큐빅십자수  DIY: 24번 강아지(액자별매)
3075851989,SELLBLOG,AFTER_USE,아이들이 좋아해요 집중도가 좋아졌어요,2020-12-25T09:06:56.469+0000,STOREFARM,4,어린이 보석십자수 DIY 캐릭터 큐빅 비즈 지니맘 kc인증,지니맘 큐빅십자수  DIY: 12번 돌고래 (액자별매)
3075662922,SELLBLOG,NORMAL,너무 좋아하고 코로나에 집콕하면서 시간을 보낼 수 있을 것 같아요.,2020-12-25T04:38:53.138+0000,STOREFARM,5,어린이 보석십자수 DIY 캐릭터 큐빅 비즈 지니맘 KC인증,지니맘 큐빅십자수  DIY: 26번 왕관 고양이(액자별매)
3063987561,SELLBLOG,NORMAL,아이기 고른거라 넘 좋아하네요,2020-12-10T03:04:14.034+0000,STOREFARM,5,어린이 보석십자수 DIY 캐릭터 큐빅 비즈 지니맘 KC인증,지니맘 큐빅십자수  DIY: 17번 아기 유니콘 (액자별매)
3064663451,SELLBLOG,NORMAL,아이들이 재미있어하네요,2020-12-11T00:49:54.480+0000,STOREFARM,5,어린이 보석십자수 DIY 캐릭터 큐빅 비즈 지니맘 KC인증,지니맘 큐빅십자수  DIY: 23번 돌고래 하트(액자별매)
3080620007,SELLBLOG,NORMAL,심심할때 하면 아주 좋아요!,2021-01-01T01:31:22.866+0000,STOREFARM,5,어린이 보석십자수 DIY 캐릭터 큐빅 비즈 지니맘 KC인증,지니맘 큐빅십자수  DIY: 27번 하트 고양이(액자별매)
3078999529,SELLBLOG,NORMAL,아이들 집콕에 소일거리로 좋아요,2020-12-29T19:01:13.735+0000,STOREFARM,4,어린이 보석십자수 DIY 캐릭터 큐빅 비즈 지니맘 KC인증,지니맘 큐빅십자수  DIY: 28번 클로버 고양이(액자별매)
3065365503,SELLBLOG,NORMAL,아이가 너무 좋아해요,2020-12-11T22:22:55.342+0000,STOREFARM,5,어린이 보석십자수 DIY 캐릭터 큐빅 비즈 지니맘 KC인증,지니맘 큐빅십자수  DIY: 3번 분홍사슴 (액자별매)
3065365374,SELLBLOG,NORMAL,아이가 너무 좋아해요,2020-12-11T22:21:53.193+0000,STOREFARM,5,어린이 보석십자수 DIY 캐릭터 큐빅 비즈 지니맘 KC인증,지니맘 큐빅십자수  DIY: 11번 클로버 (액자별매)
3065365306,SELLBLOG,NORMAL,아이가 너무 좋아해요,2020-12-11T22:21:20.737+0000,STOREFARM,5,어린이 보석십자수 DIY 캐릭터 큐빅 비즈 지니맘 KC인증,지니맘 큐빅십자수  DIY: 22번 교회 (액자별매)
3080839945,SELLBLOG,NORMAL,조카가 넘 좋아하네요,2021-01-01T07:08:36.090+0000,STOREFARM,5,어린이 보석십자수 DIY 캐릭터 큐빅 비즈 지니맘 KC인증,지니맘 큐빅십자수  DIY: 12번 돌고래 (액자별매)
3080839770,SELLBLOG,NORMAL,조카가 넘 좋아하네요,2021-01-01T07:08:23.410+0000,STOREFARM,5,어린이 보석십자수 DIY 캐릭터 큐빅 비즈 지니맘 KC인증,지니맘 큐빅십자수  DIY: 6번 소녀2 (액자별매)
3075446847,SELLBLOG,NORMAL,아이가 좋아하네요 메리크리스마스 ~,2020-12-24T20:11:33.214+0000,STOREFARM,5,어린이 보석십자수 DIY 캐릭터 큐빅 비즈 지니맘 KC인증,지니맘 큐빅십자수  DIY: 10번 안경토끼 (액자별매)
3058715079,SELLBLOG,NORMAL,이뻐요~ 초1 아이가 하기 어렵지 않나봐요 혼자서도 척척하네요~,2020-12-02T09:59:04.211+0000,STOREFARM,5,어린이 보석십자수  교회 큐빅 비즈 지니맘 KC인증,지니맘 큐빅십자수  DIY: 15번 핑크 유니콘 (액자별매)
3060342347,SELLBLOG,NORMAL,너무좋아요 가격도 좋고 완성하면 너무멋져요,2020-12-04T12:39:50.248+0000,STOREFARM,4,어린이 보석십자수  교회 큐빅 비즈 지니맘 KC인증,지니맘 큐빅십자수  DIY: 7번 사자 (액자별매)
3065522903,SELLBLOG,NORMAL,디자인이 너무 예뻐요~ 왠지 비즈 색깔도 선명하고 고급스러워 보이고^^  코로나로 집콕하는 요즘 즐겁게 시간 보낼 수 있어서 좋습니다.,2020-12-12T03:23:18.039+0000,STOREFARM,5,어린이 보석십자수 DIY 캐릭터 큐빅 비즈 지니맘 KC인증,지니맘 큐빅십자수  DIY: 3번 분홍사슴 (액자별매)
3076218272,SELLBLOG,NORMAL,아이가 좋아해요. 감사합니다,2020-12-26T02:58:19.808+0000,STOREFARM,5,어린이 보석십자수 DIY 캐릭터 큐빅 비즈 지니맘 KC인증,지니맘 큐빅십자수  DIY: 13번 별유니콘 (액자별매)
3076218032,SELLBLOG,NORMAL,아이가 좋아해요. 감사합니다,2020-12-26T02:58:01.777+0000,STOREFARM,5,어린이 보석십자수 DIY 캐릭터 큐빅 비즈 지니맘 KC인증,지니맘 큐빅십자수  DIY: 17번 아기 유니콘 (액자별매)
3076982445,SELLBLOG,NORMAL,너무 이쁜 케릭터입니다  초2학년  집중하기 좋아요,2020-12-27T03:35:01.476+0000,STOREFARM,5,어린이 보석십자수 DIY 캐릭터 큐빅 비즈 지니맘 KC인증,지니맘 큐빅십자수  DIY: 12번 돌고래 (액자별매)
3064502304,SELLBLOG,NORMAL,잘받았습니다 감사합니다,2020-12-10T14:07:23.749+0000,STOREFARM,5,어린이 보석십자수 DIY 캐릭터 큐빅 비즈 지니맘 KC인증,지니맘 큐빅십자수  DIY: 19번 아이스크림 (액자별매)
3064502015,SELLBLOG,NORMAL,잘받았습니다 감사합니다,2020-12-10T14:06:59.144+0000,STOREFARM,5,어린이 보석십자수 DIY 캐릭터 큐빅 비즈 지니맘 KC인증,지니맘 큐빅십자수  DIY: 17번 아기 유니콘 (액자별매)
3078713630,SELLBLOG,NORMAL,재밌어요 한번 시작하면 계속 하게 되네요,2020-12-29T11:18:33.380+0000,STOREFARM,5,어린이 보석십자수 DIY 캐릭터 큐빅 비즈 지니맘 KC인증,지니맘 큐빅십자수  DIY: 13번 별유니콘 (액자별매)
3060343259,SELLBLOG,NORMAL,잘샀어요 애들도 재밌어하고 잘해요,2020-12-04T12:41:12.721+0000,STOREFARM,4,어린이 보석십자수  교회 큐빅 비즈 지니맘 KC인증,지니맘 큐빅십자수  DIY: 1번 유니콘  (액자별매)
3075339291,SELLBLOG,NORMAL,좋아요. 애들 시간 때우기 좋습니다,2020-12-24T13:46:36.283+0000,STOREFARM,4,어린이 보석십자수 DIY 캐릭터 큐빅 비즈 지니맘 KC인증,지니맘 큐빅십자수  DIY: 26번 왕관 고양이(액자별매)
3075175844,SELLBLOG,NORMAL,"배송 완전빠르고 애들이 너무좋아해요
11살 딸은 하루만에 완성했네요",2020-12-24T09:57:46.550+0000,STOREFARM,5,어린이 보석십자수 DIY 캐릭터 큐빅 비즈 지니맘 KC인증,지니맘 큐빅십자수  DIY: 18번 파란사슴 (액자별매)
3075175713,SELLBLOG,NORMAL,"배송 완전빠르고 애들이 너무좋아해요
11살 딸은 하루만에 완성했네요",2020-12-24T09:57:34.617+0000,STOREFARM,5,어린이 보석십자수 DIY 캐릭터 큐빅 비즈 지니맘 KC인증,지니맘 큐빅십자수  DIY: 8번 꽃사슴 (액자별매)
3075175532,SELLBLOG,NORMAL,"배송 완전빠르고 애들이 너무좋아해요
11살 딸은 하루만에 완성했네요",2020-12-24T09:57:18.072+0000,STOREFARM,5,어린이 보석십자수 DIY 캐릭터 큐빅 비즈 지니맘 KC인증,지니맘 큐빅십자수  DIY: 24번 강아지(액자별매)
3062824145,SELLBLOG,NORMAL,집중력짱입니다  너무열심히하네요~,2020-12-08T11:37:21.959+0000,STOREFARM,4,어린이 보석십자수 DIY 캐릭터 큐빅 비즈 지니맘 KC인증,지니맘 큐빅십자수  DIY: 1번 유니콘  (액자별매)
3077367345,SELLBLOG,NORMAL,애들이 만들면서 넘 만족하고 좋아하네요,2020-12-27T12:59:55.784+0000,STOREFARM,5,어린이 보석십자수 DIY 캐릭터 큐빅 비즈 지니맘 KC인증,지니맘 큐빅십자수  DIY: 12번 돌고래 (액자별매)
3074059282,SELLBLOG,NORMAL,아이들이 너무좋아하네요  매일매일 하느라 바쁘네요,2020-12-23T06:53:48.383+0000,STOREFARM,5,어린이 보석십자수 DIY 캐릭터 큐빅 비즈 지니맘 KC인증,지니맘 큐빅십자수  DIY: 3번 분홍사슴 (액자별매)
3060369780,SELLBLOG,NORMAL,아이들이 집중을 잘해서 놀라고 작품이 생겨서 더욱 좋네요 강추,2020-12-04T13:23:29.133+0000,STOREFARM,5,어린이 보석십자수 DIY 캐릭터 큐빅 비즈 지니맘 KC인증,지니맘 큐빅십자수  DIY: 19번 아이스크림 (액자별매)
3078688793,SELLBLOG,NORMAL,너무 귀엽고 액자도 튼튼하네요,2020-12-29T10:55:40.889+0000,STOREFARM,5,어린이 보석십자수 DIY 캐릭터 큐빅 비즈 지니맘 KC인증,지니맘 큐빅십자수  DIY: 25번 뿔 돌고래(액자별매)
3098879202,SELLBLOG,NORMAL,좋아요좋아요좋아요ㅎㅎ,2021-01-24T10:04:22.524+0000,STOREFARM,5,어린이 보석십자수 DIY 캐릭터 큐빅 비즈 지니맘 KC인증,지니맘 큐빅십자수  DIY: 30번 강아지1(액자별매)
3077839150,SELLBLOG,NORMAL,코로나시대 애들 시간보내기좋아요,2020-12-28T07:51:20.991+0000,STOREFARM,5,어린이 보석십자수  교회 큐빅 비즈 지니맘 KC인증,지니맘 큐빅십자수  DIY: 1번 유니콘  (액자별매)
3078228817,SELLBLOG,AFTER_USE,즐거운 취미활동 시간이였습니다,2020-12-29T01:39:19.087+0000,STOREFARM,5,어린이 보석십자수 DIY 캐릭터 큐빅 비즈 지니맘 kc인증,지니맘 큐빅십자수  DIY: 12번 돌고래 (액자별매)
3075446803,SELLBLOG,NORMAL,아이가 좋아하네요 많이파세요~,2020-12-24T20:10:52.657+0000,STOREFARM,5,어린이 보석십자수 DIY 캐릭터 큐빅 비즈 지니맘 KC인증,지니맘 큐빅십자수  DIY: 3번 분홍사슴 (액자별매)
3053083526,SELLBLOG,NORMAL,"색도 모양도 게다가 적당한크기까지 모두 좋았습니다!!
저희는 (주말동안)이틀만에 뚝딱 해버렸어요!!!",2020-11-24T00:12:51.989+0000,STOREFARM,5,어린이 보석십자수  교회 큐빅 비즈 지니맘 KC인증,지니맘 큐빅십자수  DIY: 11번 클로버 (액자별매)
3078324521,SELLBLOG,NORMAL,아이들이 너무 재밌다고 하네요,2020-12-29T04:04:29.572+0000,STOREFARM,4,어린이 보석십자수 DIY 캐릭터 큐빅 비즈 지니맘 KC인증,지니맘 큐빅십자수  DIY: 27번 하트 고양이(액자별매)
3058869558,SELLBLOG,NORMAL,"우리집 거실에 인테리어로 붙일 예정입니다.
큐빅이 블링블링 도안도 너무 이뻐요!!!",2020-12-02T13:01:46.359+0000,STOREFARM,5,어린이 보석십자수  교회 큐빅 비즈 지니맘 KC인증,지니맘 큐빅십자수  DIY: 16번 여우 (액자별매)
3062788612,SELLBLOG,NORMAL,아이들 놀이용으로 구매했어요,2020-12-08T10:57:02.798+0000,STOREFARM,5,어린이 보석십자수 DIY 캐릭터 큐빅 비즈 지니맘 KC인증,지니맘 큐빅십자수  DIY: 23번 돌고래 하트(액자별매)
3062788282,SELLBLOG,NORMAL,아이들 놀이용으로 구매했어요,2020-12-08T10:56:38.818+0000,STOREFARM,5,어린이 보석십자수 DIY 캐릭터 큐빅 비즈 지니맘 KC인증,지니맘 큐빅십자수  DIY: 25번 뿔 돌고래(액자별매)
3062787826,SELLBLOG,NORMAL,아이들 놀이용으로 구매했어요,2020-12-08T10:56:08.626+0000,STOREFARM,5,어린이 보석십자수 DIY 캐릭터 큐빅 비즈 지니맘 KC인증,지니맘 큐빅십자수  DIY: 1번 유니콘  (액자별매)
3061411768,SELLBLOG,NORMAL,액자에 끼워 놓으니 인테리어 효과도 있어요,2020-12-06T07:25:04.134+0000,STOREFARM,5,어린이 보석십자수 DIY 캐릭터 큐빅 비즈 지니맘 KC인증,지니맘 큐빅십자수  DIY: 1번 유니콘  (액자별매)
3065048573,SELLBLOG,NORMAL,아이가 너무 좋아해요~,2020-12-11T08:38:48.275+0000,STOREFARM,5,어린이 보석십자수 DIY 캐릭터 큐빅 비즈 지니맘 KC인증,지니맘 큐빅십자수  DIY: 9번 겨울사슴 (액자별매)
3073386733,SELLBLOG,NORMAL,초1 딸과 열심히 할려고 주문했어요.. 맘에 듭니다..,2020-12-22T11:22:08.749+0000,STOREFARM,5,어린이 보석십자수 DIY 캐릭터 큐빅 비즈 지니맘 KC인증,지니맘 큐빅십자수  DIY: 15번 핑크 유니콘 (액자별매)
3073462952,SELLBLOG,NORMAL,좋아요~~애들이랑같이 하니깐 시간도 잘 가고ㅎㅎ,2020-12-22T12:32:29.343+0000,STOREFARM,4,어린이 보석십자수 DIY 캐릭터 큐빅 비즈 지니맘 KC인증,지니맘 큐빅십자수  DIY: 2번 보라유니콘 (액자별매)
3073129966,SELLBLOG,NORMAL,아이들이 집중해서 잘하네요~해놓고보니 예뻐요,2020-12-22T06:37:00.232+0000,STOREFARM,4,어린이 보석십자수 DIY 캐릭터 큐빅 비즈 지니맘 KC인증,지니맘 큐빅십자수  DIY: 15번 핑크 유니콘 (액자별매)
3078230042,SELLBLOG,AFTER_USE,행복한 집중력시간 즐거워요,2020-12-29T01:41:19.511+0000,STOREFARM,5,어린이 보석십자수 DIY 캐릭터 큐빅 비즈 지니맘 kc인증,지니맘 큐빅십자수  DIY: 14번 부엉이 (액자별매)
3064662655,SELLBLOG,NORMAL,아이들이 좋아하네요.,2020-12-11T00:48:50.190+0000,STOREFARM,5,어린이 보석십자수 DIY 캐릭터 큐빅 비즈 지니맘 KC인증,지니맘 큐빅십자수  DIY: 1번 유니콘  (액자별매)
3073033262,SELLBLOG,NORMAL,좋아요ㅎㅎ아이들위해샀는데 제가더신나서하네요ㅎ,2020-12-22T04:24:43.173+0000,STOREFARM,5,어린이 보석십자수 DIY 캐릭터 큐빅 비즈 지니맘 KC인증,지니맘 큐빅십자수  DIY: 15번 핑크 유니콘 (액자별매)
3074387975,SELLBLOG,NORMAL,친구 딸이 매우 좋아하네요 ㅎㅎㅎ 감사합니다-,2020-12-23T11:51:41.882+0000,STOREFARM,5,어린이 보석십자수 DIY 캐릭터 큐빅 비즈 지니맘 KC인증,지니맘 큐빅십자수  DIY: 8번 꽃사슴 (액자별매)
3074100629,SELLBLOG,NORMAL,큐빅이  싸구려랑 다른거같아요     반짝반짝 이뻐요^^,2020-12-23T07:32:25.628+0000,STOREFARM,5,어린이 보석십자수 DIY 캐릭터 큐빅 비즈 지니맘 KC인증,지니맘 큐빅십자수  DIY: 27번 하트 고양이(액자별매)
3077390663,SELLBLOG,NORMAL,빠른배송감사드려요 아 ㆍ,2020-12-27T13:36:15.802+0000,STOREFARM,5,어린이 보석십자수 DIY 캐릭터 큐빅 비즈 지니맘 KC인증,지니맘 큐빅십자수  DIY: 1번 유니콘  (액자별매)
3055382621,SELLBLOG,AFTER_USE,"금방완성했어요~
초4아들 하라고 사준거였는데
너무좋아하네요~
집중할수있고!!",2020-11-27T01:39:13.866+0000,STOREFARM,5,어린이 보석십자수 DIY 캐릭터 큐빅 비즈십자수 지니맘,지니맘 큐빅십자수  DIY: 14번 부엉이 (15cm 20cm)
3096345235,SELLBLOG,NORMAL,배송빠르고좋아요좋아요,2021-01-21T02:23:07.844+0000,STOREFARM,5,어린이 보석십자수 DIY 캐릭터 큐빅 비즈 지니맘 KC인증,지니맘 큐빅십자수  DIY: 22번 교회 (액자별매)
3076427703,SELLBLOG,AFTER_USE,예쁘게 액자에잘해두었어요 만족합니다,2020-12-26T07:18:51.803+0000,STOREFARM,5,어린이 보석십자수 DIY 캐릭터 큐빅 비즈 지니맘 kc인증,지니맘 큐빅십자수  DIY: 19번 아이스크림 (액자별매)
3078960846,SELLBLOG,NORMAL,아이가너무 좋아하네여,2020-12-29T15:55:10.790+0000,STOREFARM,5,어린이 보석십자수 DIY 캐릭터 큐빅 비즈 지니맘 KC인증,지니맘 큐빅십자수  DIY: 1번 유니콘  (액자별매)
3079058857,SELLBLOG,AFTER_USE,액자에 잘보관 중입니다.,2020-12-30T00:17:50.725+0000,STOREFARM,5,어린이 보석십자수  교회 큐빅 비즈 지니맘 KC인증,지니맘 큐빅십자수  DIY: 17번 아기 유니콘 (액자별매)
3075502787,SELLBLOG,NORMAL,아이들이 집에서 심심할때 집중해서 하기 좋아요^^,2020-12-25T00:44:23.767+0000,STOREFARM,5,어린이 보석십자수 DIY 캐릭터 큐빅 비즈 지니맘 KC인증,지니맘 큐빅십자수  DIY: 1번 유니콘  (액자별매)
3075850228,SELLBLOG,AFTER_USE,아이들이 집중력 높일수 있는 아이템입니다,2020-12-25T09:03:44.983+0000,STOREFARM,5,어린이 보석십자수 DIY 캐릭터 큐빅 비즈 지니맘 kc인증,지니맘 큐빅십자수  DIY: 8번 꽃사슴 (액자별매)
3074708928,SELLBLOG,NORMAL,반짝반짝 아주 예뻐요.  아이들이 아주 좋아하네요,2020-12-23T23:52:05.287+0000,STOREFARM,5,어린이 보석십자수 DIY 캐릭터 큐빅 비즈 지니맘 KC인증,지니맘 큐빅십자수  DIY: 28번 클로버 고양이(액자별매)
3080038105,SELLBLOG,NORMAL,아이들이 좋아해요~,2020-12-31T03:52:56.922+0000,STOREFARM,5,어린이 보석십자수 DIY 캐릭터 큐빅 비즈 지니맘 KC인증,지니맘 큐빅십자수  DIY: 25번 뿔 돌고래(액자별매)
3080037911,SELLBLOG,NORMAL,아이들이 좋아해요~,2020-12-31T03:52:40.351+0000,STOREFARM,5,어린이 보석십자수 DIY 캐릭터 큐빅 비즈 지니맘 KC인증,지니맘 큐빅십자수  DIY: 32번 강아지3(액자별매)
3080037817,SELLBLOG,NORMAL,아이들이 좋아해요~,2020-12-31T03:52:30.607+0000,STOREFARM,5,어린이 보석십자수 DIY 캐릭터 큐빅 비즈 지니맘 KC인증,지니맘 큐빅십자수  DIY: 1번 유니콘  (액자별매)
3080475739,SELLBLOG,NORMAL,아이혼자. 잘하구 시간두잘강ᆢㄱ,2020-12-31T14:21:37.169+0000,STOREFARM,4,어린이 보석십자수 DIY 캐릭터 큐빅 비즈 지니맘 KC인증,지니맘 큐빅십자수  DIY: 6번 소녀2 (액자별매)
3058381038,SELLBLOG,NORMAL,부엉이 돈을 부른다고 동생이 또 해달라고  해서 다시 주문합니다.,2020-12-02T01:58:09.625+0000,STOREFARM,5,어린이 보석십자수  교회 큐빅 비즈 지니맘 KC인증,지니맘 큐빅십자수  DIY: 14번 부엉이 (액자별매)
3079874527,SELLBLOG,NORMAL,아이가 너무 좋아해요ㅎㅎ,2020-12-30T22:45:32.579+0000,STOREFARM,5,어린이 보석십자수 DIY 캐릭터 큐빅 비즈 지니맘 KC인증,지니맘 큐빅십자수  DIY: 12번 돌고래 (액자별매)
3078425203,SELLBLOG,NORMAL,아이들이 너무 좋아합니다.,2020-12-29T06:14:11.367+0000,STOREFARM,5,어린이 보석십자수 DIY 캐릭터 큐빅 비즈 지니맘 KC인증,지니맘 큐빅십자수  DIY: 1번 유니콘  (액자별매)
3049311202,SELLBLOG,NORMAL,"일단 보석이라 훨씬 이쁘구요, 크기가 있다 보니 아이도 하기 좋아하고, 집중 엄청 잘하네요 ㅋㅋ",2020-11-18T06:26:58.328+0000,STOREFARM,5,어린이 보석십자수 DIY 캐릭터 큐빅 비즈 지니맘 kc인증,지니맘 큐빅십자수  DIY: 1번 유니콘  (액자별매)
3051595385,SELLBLOG,NORMAL,막내딸이 넘 좋아하네요 비즈도 크고작은게 있어서 이쁘네요,2020-11-21T08:01:37.958+0000,STOREFARM,5,어린이 보석십자수 DIY 캐릭터 큐빅 비즈 지니맘 kc인증,지니맘 큐빅십자수  DIY: 6번 소녀2 (액자별매)
3071347829,SELLBLOG,AFTER_USE,"아이가 완성하고 너무 좋아하네요~~
단시간 완성할수있어서 좋아요",2020-12-19T13:30:03.991+0000,STOREFARM,5,어린이 보석십자수 DIY 캐릭터 큐빅 비즈십자수 지니맘,지니맘 큐빅십자수  DIY: 9번 겨울사슴 (액자별매)
3064663072,SELLBLOG,NORMAL,아이들이 좋아해요..,2020-12-11T00:49:25.178+0000,STOREFARM,5,어린이 보석십자수 DIY 캐릭터 큐빅 비즈 지니맘 KC인증,지니맘 큐빅십자수  DIY: 25번 뿔 돌고래(액자별매)
3073032715,SELLBLOG,NORMAL,7살인데 너무좋아해요ㅎ다 하면 또구매할께요!,2020-12-22T04:23:45.499+0000,STOREFARM,5,어린이 보석십자수 DIY 캐릭터 큐빅 비즈 지니맘 KC인증,지니맘 큐빅십자수  DIY: 23번 돌고래 하트(액자별매)
3073617265,SELLBLOG,NORMAL,아이들이 너무 좋아하는 보석 십자수 집콕놀이로 강추이1니다,2020-12-22T15:39:20.278+0000,STOREFARM,5,어린이 보석십자수 DIY 캐릭터 큐빅 비즈 지니맘 KC인증,지니맘 큐빅십자수  DIY: 14번 부엉이 (액자별매)
3069989207,SELLBLOG,NORMAL,아이랑 재미있게 하고있어요~담번엔 스티커사야겠네요,2020-12-18T03:32:44.872+0000,STOREFARM,4,어린이 보석십자수 DIY 캐릭터 큐빅 비즈 지니맘 KC인증,지니맘 큐빅십자수  DIY: 17번 아기 유니콘 (액자별매)
3074273729,SELLBLOG,NORMAL,재밌어요 애들이 너무 좋아하네요,2020-12-23T10:15:44.647+0000,STOREFARM,5,어린이 보석십자수 DIY 캐릭터 큐빅 비즈 지니맘 KC인증,지니맘 큐빅십자수  DIY: 9번 겨울사슴 (액자별매)
3054199123,SELLBLOG,AFTER_USE,"아이들이 시간날때마다 조금씩하고 있어요
액자로 만들어 놓으니 이쁘네요",2020-11-25T08:43:47.077+0000,STOREFARM,5,어린이 보석십자수 DIY 캐릭터 큐빅 비즈 지니맘,지니맘 큐빅십자수  DIY: 13번 별유니콘 (액자별매)
3073617055,SELLBLOG,NORMAL,"아이들이 넘 좋아하는 보석십자수 
집콕놀이로강추입니다",2020-12-22T15:38:53.959+0000,STOREFARM,5,어린이 보석십자수 DIY 캐릭터 큐빅 비즈 지니맘 KC인증,지니맘 큐빅십자수  DIY: 4번 홍학 (액자별매)
3062630157,SELLBLOG,NORMAL,포장꼼꼼히 잘왔습니다,2020-12-08T07:30:22.062+0000,STOREFARM,5,어린이 보석십자수 DIY 캐릭터 큐빅 비즈 지니맘 KC인증,지니맘 큐빅십자수  DIY: 28번 클로버 고양이(액자별매)
3077639363,SELLBLOG,NORMAL,아이랑 즐겁게 만들었어요,2020-12-28T02:41:29.942+0000,STOREFARM,5,어린이 보석십자수 DIY 캐릭터 큐빅 비즈 지니맘 KC인증,지니맘 큐빅십자수  DIY: 13번 별유니콘 (액자별매)
3076991659,SELLBLOG,NORMAL,아이들이 예쁘다고 좋아합니다,2020-12-27T03:48:09.437+0000,STOREFARM,4,어린이 보석십자수 DIY 캐릭터 큐빅 비즈 지니맘 KC인증,지니맘 큐빅십자수  DIY: 2번 보라유니콘 (액자별매)
3058517034,SELLBLOG,NORMAL,"조카들에게 선물로 줬어요~
좋아하네요",2020-12-02T05:44:18.920+0000,STOREFARM,4,어린이 보석십자수  교회 큐빅 비즈 지니맘 KC인증,지니맘 큐빅십자수  DIY: 13번 별유니콘 (액자별매)
3057282032,SELLBLOG,NORMAL,예전에 아이들이 너무 재미있게 잘해서 또 하고싶다해서 구매했어요~,2020-11-30T05:09:31.180+0000,STOREFARM,5,어린이 보석십자수  교회 큐빅 비즈 지니맘 KC인증,지니맘 큐빅십자수  DIY: 13번 별유니콘 (액자별매)
3068129503,SELLBLOG,AFTER_USE,두개주문해서 예쁘게 거실에 진열해놨어요..거실이 확 사네요.퀄리티 좋습니다,2020-12-16T00:30:10.361+0000,STOREFARM,4,어린이 보석십자수 DIY 캐릭터 큐빅 비즈십자수 지니맘,지니맘 큐빅십자수  DIY: 14번 부엉이 (15cm 20cm)
3081600833,SELLBLOG,NORMAL,아이가 좋아합니다..........,2021-01-02T08:46:14.195+0000,STOREFARM,3,어린이 보석십자수 DIY 캐릭터 큐빅 비즈 지니맘 KC인증,지니맘 큐빅십자수  DIY: 30번 강아지1(액자별매)
3077789831,SELLBLOG,NORMAL,좀더 저렴했음 좋겠네요,2020-12-28T06:34:30.980+0000,STOREFARM,3,어린이 보석십자수 DIY 캐릭터 큐빅 비즈 지니맘 KC인증,지니맘 큐빅십자수  DIY: 8번 꽃사슴 (액자별매)
3075850522,SELLBLOG,AFTER_USE,아이들이 진정 좋아하는 아이템이에요,2020-12-25T09:04:11.761+0000,STOREFARM,4,어린이 보석십자수 DIY 캐릭터 큐빅 비즈 지니맘 kc인증,지니맘 큐빅십자수  DIY: 11번 클로버 (액자별매)
3077366583,SELLBLOG,NORMAL,만들기도 편하고 넘 예뻐요,2020-12-27T12:58:45.994+0000,STOREFARM,5,어린이 보석십자수 DIY 캐릭터 큐빅 비즈 지니맘 KC인증,지니맘 큐빅십자수  DIY: 13번 별유니콘 (액자별매)
3075852241,SELLBLOG,AFTER_USE,점점 소근육이 발달해가는것 같아요,2020-12-25T09:07:25.047+0000,STOREFARM,4,어린이 보석십자수 DIY 캐릭터 큐빅 비즈 지니맘 kc인증,지니맘 큐빅십자수  DIY: 13번 별유니콘 (액자별매)
3095765487,SELLBLOG,AFTER_USE,맘에듭니다맘에듭니다,2021-01-20T08:05:55.069+0000,STOREFARM,5,어린이 보석십자수 DIY 캐릭터 큐빅 비즈 지니맘 KC인증,지니맘 큐빅십자수  DIY: 23번 돌고래 하트(액자별매)
3075663663,SELLBLOG,NORMAL,귀엽다고 마음에 들어서 저도 기쁩니다,2020-12-25T04:39:59.044+0000,STOREFARM,5,어린이 보석십자수 DIY 캐릭터 큐빅 비즈 지니맘 KC인증,지니맘 큐빅십자수  DIY: 28번 클로버 고양이(액자별매)
3078206897,SELLBLOG,NORMAL,아이들이 넘 좋아하네요^^,2020-12-29T01:03:32.216+0000,STOREFARM,5,어린이 보석십자수 DIY 캐릭터 큐빅 비즈 지니맘 KC인증,지니맘 큐빅십자수  DIY: 27번 하트 고양이(액자별매)
3078206439,SELLBLOG,NORMAL,아이들이 정말 좋아해요^^,2020-12-29T01:02:41.656+0000,STOREFARM,5,어린이 보석십자수 DIY 캐릭터 큐빅 비즈 지니맘 KC인증,지니맘 큐빅십자수  DIY: 27번 하트 고양이(액자별매)
3077955339,SELLBLOG,NORMAL,아이가 엄청좋아해요,2020-12-28T11:10:33.512+0000,STOREFARM,5,어린이 보석십자수 DIY 캐릭터 큐빅 비즈 지니맘 KC인증,지니맘 큐빅십자수  DIY: 15번 핑크 유니콘 (액자별매)
3077955191,SELLBLOG,NORMAL,아이가 엄청좋아해요,2020-12-28T11:10:19.417+0000,STOREFARM,5,어린이 보석십자수 DIY 캐릭터 큐빅 비즈 지니맘 KC인증,지니맘 큐빅십자수  DIY: 26번 왕관 고양이(액자별매)
3075850992,SELLBLOG,AFTER_USE,색상도 예쁘고 완성하고 나면 결과도 예뻐요,2020-12-25T09:05:02.023+0000,STOREFARM,4,어린이 보석십자수 DIY 캐릭터 큐빅 비즈 지니맘 kc인증,지니맘 큐빅십자수  DIY: 17번 아기 유니콘 (액자별매)
3077954837,SELLBLOG,NORMAL,아이가 엄쳉좋아해요,2020-12-28T11:09:44.047+0000,STOREFARM,5,어린이 보석십자수 DIY 캐릭터 큐빅 비즈 지니맘 KC인증,지니맘 큐빅십자수  DIY: 28번 클로버 고양이(액자별매)
3058516519,SELLBLOG,NORMAL,"조카들에게 선물로 줬어요~
좋아하네요 :)",2020-12-02T05:43:35.612+0000,STOREFARM,4,어린이 보석십자수  교회 큐빅 비즈 지니맘 KC인증,지니맘 큐빅십자수  DIY: 3번 분홍사슴 (액자별매)
3073245561,SELLBLOG,NORMAL,생각보다 더 예쁘네요. 아이가 좋아해요~~,2020-12-22T08:52:35.856+0000,STOREFARM,5,어린이 보석십자수 DIY 캐릭터 큐빅 비즈 지니맘 KC인증,지니맘 큐빅십자수  DIY: 9번 겨울사슴 (액자별매)
3079313097,SELLBLOG,NORMAL,이뻐요  이뻐요  너무  이뻐요,2020-12-30T06:22:04.244+0000,STOREFARM,5,어린이 보석십자수 DIY 캐릭터 큐빅 비즈 지니맘 KC인증,지니맘 큐빅십자수  DIY: 13번 별유니콘 (액자별매)
3075326755,SELLBLOG,NORMAL,배송도 빠르고 집콕 아이템으로 딱이네요.,2020-12-24T13:27:26.803+0000,STOREFARM,5,어린이 보석십자수 DIY 캐릭터 큐빅 비즈 지니맘 KC인증,지니맘 큐빅십자수  DIY: 24번 강아지(액자별매)
3072821646,SELLBLOG,NORMAL,크리스마스 선물로 주문했는데 아이가 좋아하면 좋겠네요,2020-12-21T16:49:31.584+0000,STOREFARM,5,어린이 보석십자수 DIY 캐릭터 큐빅 비즈 지니맘 KC인증,지니맘 큐빅십자수  DIY: 25번 뿔 돌고래(액자별매)
3072821598,SELLBLOG,NORMAL,크리스마스 선물로 주문했는데 아이가 좋아하면 좋겠네요,2020-12-21T16:49:14.561+0000,STOREFARM,5,어린이 보석십자수 DIY 캐릭터 큐빅 비즈 지니맘 KC인증,지니맘 큐빅십자수  DIY: 26번 왕관 고양이(액자별매)
3073562077,SELLBLOG,NORMAL,아직 아이가 사용전이라 모르겠으나 좋아할듯해요,2020-12-22T14:18:36.600+0000,STOREFARM,5,어린이 보석십자수 DIY 캐릭터 큐빅 비즈 지니맘 KC인증,지니맘 큐빅십자수  DIY: 1번 유니콘  (액자별매)
3073561846,SELLBLOG,NORMAL,아직 아이가 사용전이라 모르겠으나 좋아할듯해요,2020-12-22T14:18:22.274+0000,STOREFARM,5,어린이 보석십자수 DIY 캐릭터 큐빅 비즈 지니맘 KC인증,지니맘 큐빅십자수  DIY: 2번 보라유니콘 (액자별매)
3058382038,SELLBLOG,NORMAL,조카의 성공적인 취업을 기원하며 🍀 를 수놓어봅니다,2020-12-02T02:00:01.419+0000,STOREFARM,5,어린이 보석십자수  교회 큐빅 비즈 지니맘 KC인증,지니맘 큐빅십자수  DIY: 11번 클로버 (액자별매)
3073137692,SELLBLOG,NORMAL,집에서 심심해 하는 아이들에게 딱인 놀잇감 입니다,2020-12-22T06:46:39.396+0000,STOREFARM,5,어린이 보석십자수 DIY 캐릭터 큐빅 비즈 지니맘 KC인증,지니맘 큐빅십자수  DIY: 9번 겨울사슴 (액자별매)
3073137475,SELLBLOG,NORMAL,집에서 심심해 하는 아이들에게 딱인 놀잇감 입니다,2020-12-22T06:46:24.421+0000,STOREFARM,5,어린이 보석십자수 DIY 캐릭터 큐빅 비즈 지니맘 KC인증,지니맘 큐빅십자수  DIY: 6번 소녀2 (액자별매)
3057154950,SELLBLOG,NORMAL,아이 혼자서도 할 수 있게 간편하게 잘 되어 있어요. 끈끈이가 되어 있고 펜에도 보석십자수가 척척 잘 달라 붙어서 쉽게 했어요. 아이가 BTS를 하고 싶어 했는데 너무 커서 엄두가 안 나더라구요. 검색하다가 이게 딱이어서 주문했어요. BTS도 이만한 사이즈로 나오면 좋겠네요~,2020-11-30T01:51:50.267+0000,STOREFARM,5,어린이 보석십자수  교회 큐빅 비즈 지니맘 KC인증,지니맘 큐빅십자수  DIY: 3번 분홍사슴 (액자별매)
3074409250,SELLBLOG,NORMAL,아이의 집중력이  좋아요 어렵지않게 아이들이 할수있어요,2020-12-23T12:09:58.732+0000,STOREFARM,5,어린이 보석십자수 DIY 캐릭터 큐빅 비즈 지니맘 KC인증,지니맘 큐빅십자수  DIY: 10번 안경토끼 (액자별매)
3066681942,SELLBLOG,NORMAL,아이가즐겁게합니ㅡㅏ.,2020-12-14T00:46:30.964+0000,STOREFARM,5,어린이 보석십자수  교회 큐빅 비즈 지니맘 KC인증,지니맘 큐빅십자수  DIY: 1번 유니콘  (액자별매)
3073561640,SELLBLOG,NORMAL,아직 아이가 사용전이라 모르겠으나 좋아할듯해요.,2020-12-22T14:18:08.462+0000,STOREFARM,5,어린이 보석십자수 DIY 캐릭터 큐빅 비즈 지니맘 KC인증,지니맘 큐빅십자수  DIY: 12번 돌고래 (액자별매)
3075851697,SELLBLOG,AFTER_USE,작품성도 좋고 집중력에 좋아요,2020-12-25T09:06:25.443+0000,STOREFARM,4,어린이 보석십자수 DIY 캐릭터 큐빅 비즈 지니맘 kc인증,지니맘 큐빅십자수  DIY: 12번 돌고래 (액자별매)
3075139747,SELLBLOG,NORMAL,아이가너무좋아하네요 잘쓰겠습니다,2020-12-24T09:06:36.513+0000,STOREFARM,5,어린이 보석십자수 DIY 캐릭터 큐빅 비즈 지니맘 KC인증,지니맘 큐빅십자수  DIY: 11번 클로버 (액자별매)
3075139619,SELLBLOG,NORMAL,아이가너무좋아하네요 잘쓰겠습니다,2020-12-24T09:06:24.803+0000,STOREFARM,5,어린이 보석십자수 DIY 캐릭터 큐빅 비즈 지니맘 KC인증,지니맘 큐빅십자수  DIY: 23번 돌고래 하트(액자별매)
3075139441,SELLBLOG,NORMAL,아이가너무좋아하네요 잘쓰겠습니다,2020-12-24T09:06:10.623+0000,STOREFARM,5,어린이 보석십자수 DIY 캐릭터 큐빅 비즈 지니맘 KC인증,지니맘 큐빅십자수  DIY: 14번 부엉이 (액자별매)
3075339730,SELLBLOG,NORMAL,좋아요. 애들 시간 때우기 좋아요,2020-12-24T13:47:15.123+0000,STOREFARM,4,어린이 보석십자수 DIY 캐릭터 큐빅 비즈 지니맘 KC인증,지니맘 큐빅십자수  DIY: 14번 부엉이 (액자별매)
3079414948,SELLBLOG,NORMAL,애들이 좋아해요..,2020-12-30T08:13:12.093+0000,STOREFARM,3,어린이 보석십자수 DIY 캐릭터 큐빅 비즈 지니맘 KC인증,지니맘 큐빅십자수  DIY: 32번 강아지3(액자별매)
3078207114,SELLBLOG,NORMAL,아이들이 좋아합니다^^,2020-12-29T01:04:00.468+0000,STOREFARM,5,어린이 보석십자수 DIY 캐릭터 큐빅 비즈 지니맘 KC인증,지니맘 큐빅십자수  DIY: 24번 강아지(액자별매)
3050127078,SELLBLOG,NORMAL,"딸아이가 갖고싶다해서 샀지만 엄마가 더 재미있게 했어요~ 액자해서 걸어주니 방분위기가 달라졌어요~ 
하기쉽고 집중력생기고 이뻐요~",2020-11-19T07:21:32.434+0000,STOREFARM,5,어린이 보석십자수 DIY 캐릭터 큐빅 비즈 지니맘 kc인증,지니맘 큐빅십자수  DIY: 1번 유니콘  (액자별매)
3075894422,SELLBLOG,NORMAL,가격대비 괜찮고 비즈가예뻐요,2020-12-25T10:29:52.518+0000,STOREFARM,5,어린이 보석십자수 DIY 캐릭터 큐빅 비즈 지니맘 KC인증,지니맘 큐빅십자수  DIY: 21번 하트십자가 (액자별매)
3075052978,SELLBLOG,NORMAL,너무 재밌고 시간이 잘가는거같아요,2020-12-24T07:21:31.715+0000,STOREFARM,5,어린이 보석십자수 DIY 캐릭터 큐빅 비즈 지니맘 KC인증,지니맘 큐빅십자수  DIY: 9번 겨울사슴 (액자별매)
3080033799,SELLBLOG,AFTER_USE,조아요 조아요 조아요 조아요,2020-12-31T03:45:58.562+0000,STOREFARM,5,어린이 보석십자수 DIY 캐릭터 큐빅 비즈 지니맘 kc인증,지니맘 큐빅십자수  DIY: 1번 유니콘  (액자별매)
3080033689,SELLBLOG,AFTER_USE,조아요 조아요 조아요 조아요,2020-12-31T03:45:47.214+0000,STOREFARM,5,어린이 보석십자수 DIY 캐릭터 큐빅 비즈 지니맘 kc인증,지니맘 큐빅십자수  DIY: 8번 꽃사슴 (액자별매)
3078208483,SELLBLOG,NORMAL,초1 초3 아이들 재미있게 하네요^^,2020-12-29T01:06:37.195+0000,STOREFARM,5,어린이 보석십자수 DIY 캐릭터 큐빅 비즈 지니맘 KC인증,지니맘 큐빅십자수  DIY: 1번 유니콘  (액자별매)
3077373820,SELLBLOG,NORMAL,빠르게 잘 받았습니다,2020-12-27T13:09:49.194+0000,STOREFARM,5,어린이 보석십자수 DIY 캐릭터 큐빅 비즈 지니맘 KC인증,지니맘 큐빅십자수  DIY: 26번 왕관 고양이(액자별매)
3075553878,SELLBLOG,NORMAL,배송도 빠르고 아이가 좋아해요,2020-12-25T02:03:55.846+0000,STOREFARM,5,어린이 보석십자수 DIY 캐릭터 큐빅 비즈 지니맘 KC인증,지니맘 큐빅십자수  DIY: 11번 클로버 (액자별매)
3048779095,SELLBLOG,NORMAL,"아이가 너무 잼있어해서 하루에 하나씩 다해버리네요. 두개샀는데 이틀만에ㅋㅋ
집중력도 키우고 인테리어로도 쓰고 최고예요",2020-11-17T11:18:59.461+0000,STOREFARM,5,어린이 보석십자수 DIY 캐릭터 큐빅 비즈 지니맘 kc인증,지니맘 큐빅십자수  DIY: 14번 부엉이 (액자별매)
3075326405,SELLBLOG,NORMAL,깔끔한 포장에 빠른배송 만족합니다.,2020-12-24T13:26:54.260+0000,STOREFARM,5,어린이 보석십자수 DIY 캐릭터 큐빅 비즈 지니맘 KC인증,지니맘 큐빅십자수  DIY: 26번 왕관 고양이(액자별매)
3075851237,SELLBLOG,AFTER_USE,결과가 예쁘니가 아이들이 좋아해요,2020-12-25T09:05:30.795+0000,STOREFARM,4,어린이 보석십자수 DIY 캐릭터 큐빅 비즈 지니맘 kc인증,지니맘 큐빅십자수  DIY: 1번 유니콘  (액자별매)
3058623967,SELLBLOG,NORMAL,아이가 친구선물로 하나주고 하나는 집에서 했어요~~,2020-12-02T08:03:33.421+0000,STOREFARM,5,어린이 보석십자수 DIY 캐릭터 큐빅 비즈 지니맘 kc인증,지니맘 큐빅십자수  DIY: 1번 유니콘  (액자별매)
3075446828,SELLBLOG,NORMAL,아이가 좋아하네요 많이파세요,2020-12-24T20:11:15.691+0000,STOREFARM,5,어린이 보석십자수 DIY 캐릭터 큐빅 비즈 지니맘 KC인증,지니맘 큐빅십자수  DIY: 6번 소녀2 (액자별매)
3075446817,SELLBLOG,NORMAL,아이가 좋아하네요 많이파세요,2020-12-24T20:11:03.293+0000,STOREFARM,5,어린이 보석십자수 DIY 캐릭터 큐빅 비즈 지니맘 KC인증,지니맘 큐빅십자수  DIY: 11번 클로버 (액자별매)
3075340229,SELLBLOG,NORMAL,애들 시간 때우기 용으로 좋아요,2020-12-24T13:48:01.117+0000,STOREFARM,4,어린이 보석십자수 DIY 캐릭터 큐빅 비즈 지니맘 KC인증,지니맘 큐빅십자수  DIY: 13번 별유니콘 (액자별매)
3078654015,SELLBLOG,NORMAL,애들이 좋아해요..,2020-12-29T10:22:45.837+0000,STOREFARM,3,어린이 보석십자수 DIY 캐릭터 큐빅 비즈 지니맘 KC인증,지니맘 큐빅십자수  DIY: 17번 아기 유니콘 (액자별매)
3055272900,SELLBLOG,NORMAL,"집중력에 좋네요
시간도잘가고 좋아요ㅎㅎ
또주문했습니다",2020-11-26T16:32:28.215+0000,STOREFARM,5,어린이 보석십자수  교회 큐빅 비즈 지니맘 KC인증,지니맘 큐빅십자수  DIY: 21번 하트십자가 (액자별매)
3054814740,SELLBLOG,NORMAL,"정말 마음에 들어요~ 아이들이 좋아해요
포장도 깔끔합니다~^^",2020-11-26T05:07:26.955+0000,STOREFARM,5,어린이 보석십자수  교회 큐빅 비즈 지니맘 KC인증,지니맘 큐빅십자수  DIY: 19번 아이스크림 (액자별매)
3070690076,SELLBLOG,NORMAL,쉬워서 금방하네요~ 재구매 각입니다,2020-12-19T00:13:15.585+0000,STOREFARM,5,어린이 보석십자수 DIY 캐릭터 큐빅 비즈 지니맘 KC인증,지니맘 큐빅십자수  DIY: 10번 안경토끼 (액자별매)
3068446802,SELLBLOG,NORMAL,"최고에요
아이들이  즐겁게 오랫동안 가지고놀아요",2020-12-16T07:51:51.881+0000,STOREFARM,5,어린이 보석십자수 DIY 캐릭터 큐빅 비즈 지니맘 KC인증,지니맘 큐빅십자수  DIY: 22번 교회 (액자별매)
3053083982,SELLBLOG,NORMAL,"어린이보석십자수 3세트 주문해서
이틀만에 모두 클리어했습니다 시간이 좀 걸리긴하지만 재미있어요",2020-11-24T00:14:10.725+0000,STOREFARM,5,어린이 보석십자수  교회 큐빅 비즈 지니맘 KC인증,지니맘 큐빅십자수  DIY: 15번 핑크 유니콘 (액자별매)
3076594595,SELLBLOG,NORMAL,아이가 너무 좋아해요,2020-12-26T10:37:21.971+0000,STOREFARM,5,어린이 보석십자수 DIY 캐릭터 큐빅 비즈 지니맘 KC인증,지니맘 큐빅십자수  DIY: 24번 강아지(액자별매)
3093762559,SELLBLOG,NORMAL,배송도 빠르고 품질도 좋습니다.배송도 빠르고 품질도 좋습니다.,2021-01-17T16:44:27.798+0000,STOREFARM,5,어린이 보석십자수 DIY 캐릭터 큐빅 비즈 지니맘 KC인증,지니맘 큐빅십자수  DIY: 23번 행복(액자별매)
3093762548,SELLBLOG,NORMAL,배송도 빠르고 품질도 좋습니다.배송도 빠르고 품질도 좋습니다.,2021-01-17T16:44:23.650+0000,STOREFARM,5,어린이 보석십자수 DIY 캐릭터 큐빅 비즈 지니맘 KC인증,지니맘 큐빅십자수  DIY: 19번 아이스크림 (액자별매)
3075319458,SELLBLOG,NORMAL,배송빠르고 애들이 좋아하네요.,2020-12-24T13:16:24.166+0000,STOREFARM,5,어린이 보석십자수 DIY 캐릭터 큐빅 비즈 지니맘 KC인증,지니맘 큐빅십자수  DIY: 9번 겨울사슴 (액자별매)
3075318473,SELLBLOG,NORMAL,배송빠르고 애들이 좋아하네요.,2020-12-24T13:14:56.316+0000,STOREFARM,5,어린이 보석십자수 DIY 캐릭터 큐빅 비즈 지니맘 KC인증,지니맘 큐빅십자수  DIY: 16번 여우 (액자별매)
3074404172,SELLBLOG,NORMAL,아이들이 재미있어하고 좋아해요,2020-12-23T12:05:37.169+0000,STOREFARM,5,어린이 보석십자수 DIY 캐릭터 큐빅 비즈 지니맘 KC인증,지니맘 큐빅십자수  DIY: 28번 클로버 고양이(액자별매)
3075663222,SELLBLOG,NORMAL,조카가 원해서 선물 했습니다.,2020-12-25T04:39:21.419+0000,STOREFARM,5,어린이 보석십자수 DIY 캐릭터 큐빅 비즈 지니맘 KC인증,지니맘 큐빅십자수  DIY: 27번 하트 고양이(액자별매)
3067303341,SELLBLOG,NORMAL,"포장잘되어왔어요
한가지아쉬운점이 있다면 열쇠고리비즈(알)쪼금 넉넉히넣어주셨으면합니당",2020-12-14T23:52:29.368+0000,STOREFARM,5,어린이 보석십자수 DIY 캐릭터 큐빅 비즈 지니맘 KC인증,지니맘 큐빅십자수  DIY: 2번 보라유니콘 (액자별매)
3070721424,SELLBLOG,NORMAL,유치부도 혼자서 집중해서 잘하고 시간이 잘가는것 같아요,2020-12-19T01:04:50.406+0000,STOREFARM,5,어린이 보석십자수 DIY 캐릭터 큐빅 비즈 지니맘 KC인증,지니맘 큐빅십자수  DIY: 16번 여우 (액자별매)
3075851502,SELLBLOG,AFTER_USE,예쁘고 작품성이 좋아요,2020-12-25T09:06:00.747+0000,STOREFARM,4,어린이 보석십자수 DIY 캐릭터 큐빅 비즈 지니맘 kc인증,지니맘 큐빅십자수  DIY: 19번 아이스크림 (액자별매)
3053037126,SELLBLOG,NORMAL,아이가 흥미를 가지고 집중해서 어렵지않게 해냈네요~성취감 최고네요^^~,2020-11-23T16:45:29.655+0000,STOREFARM,5,어린이 보석십자수 DIY 캐릭터 큐빅 비즈 지니맘 kc인증,지니맘 큐빅십자수  DIY: 12번 돌고래 (액자별매)
3075631142,SELLBLOG,NORMAL,아이들이 넘 좋아하네요,2020-12-25T03:51:58.161+0000,STOREFARM,5,어린이 보석십자수  교회 큐빅 비즈 지니맘 KC인증,지니맘 큐빅십자수  DIY: 10번 안경토끼 (액자별매)
3074592465,SELLBLOG,NORMAL,일단 가격이 싸고 배송도 삐릅니다.,2020-12-23T15:15:23.230+0000,STOREFARM,5,어린이 보석십자수 DIY 캐릭터 큐빅 비즈 지니맘 KC인증,지니맘 큐빅십자수  DIY: 26번 왕관 고양이(액자별매)
3071216470,SELLBLOG,NORMAL,빨른 배송과 불량 없는 큐빅으로 보내주셔서 감사합니다.,2020-12-19T10:46:01.283+0000,STOREFARM,5,어린이 보석십자수 DIY 캐릭터 큐빅 비즈 지니맘 KC인증,지니맘 큐빅십자수  DIY: 26번 왕관 고양이(액자별매)
3050729146,SELLBLOG,NORMAL,예뻐요 아이가 집중해서 두시간도 안걸려 끝났습니다ㅎ 다음번엔 좀 큰거 사볼까해요ㅎㅎ,2020-11-20T04:16:43.799+0000,STOREFARM,5,어린이 보석십자수 DIY 캐릭터 큐빅 비즈 지니맘 kc인증,지니맘 큐빅십자수  DIY: 1번 유니콘  (액자별매)
3052059248,SELLBLOG,NORMAL,아이들이 너무 재밌어하고 즐거운 시간이였어요. 완성작도 마음에 들어요~~,2020-11-22T04:21:48.690+0000,STOREFARM,5,어린이 보석십자수 DIY 캐릭터 큐빅 비즈 지니맘 kc인증,지니맘 큐빅십자수  DIY: 10번 안경토끼 (액자별매)
3071047372,SELLBLOG,NORMAL,요즘 학교에서몇번하더니 재미있다해서 사봤어요,2020-12-19T07:16:04.824+0000,STOREFARM,4,어린이 보석십자수 DIY 캐릭터 큐빅 비즈 지니맘 KC인증,지니맘 큐빅십자수  DIY: 13번 별유니콘 (액자별매)
3060571724,SELLBLOG,NORMAL,"액자가 부실해서 별하나 뺏어요~
싼가격에 이정도는  만족해야지 싶지만 그래도 하루만에 부서지는건 아닌듯  싶어요
그래도 애들이 좋아하니 만족합니다",2020-12-05T01:57:13.162+0000,STOREFARM,4,어린이 보석십자수 DIY 캐릭터 큐빅 비즈 지니맘 KC인증,지니맘 큐빅십자수  DIY: 13번 별유니콘 (액자별매)
3057299388,SELLBLOG,NORMAL,"딸이 좋아해요~
집콕놀이",2020-11-30T05:34:18.993+0000,STOREFARM,5,어린이 보석십자수  교회 큐빅 비즈 지니맘 KC인증,지니맘 큐빅십자수  DIY: 5번  소녀1 (액자별매)
3057299024,SELLBLOG,NORMAL,"딸이 좋아해요~
집콕놀이",2020-11-30T05:33:44.604+0000,STOREFARM,5,어린이 보석십자수  교회 큐빅 비즈 지니맘 KC인증,지니맘 큐빅십자수  DIY: 13번 별유니콘 (액자별매)
3066912325,SELLBLOG,NORMAL,"가성비 좋고 배송 좋고 제품도 좋고 다 좋습니다.
좋은 제품 감사합니다.
수고하세요",2020-12-14T05:30:35.092+0000,STOREFARM,5,어린이 보석십자수 DIY 캐릭터 큐빅 비즈 지니맘 KC인증,지니맘 큐빅십자수  DIY: 15번 핑크 유니콘 (액자별매)
3072280620,SELLBLOG,NORMAL,"배송도 빠르고
보석이 넉넉해서 좋았습니다",2020-12-21T01:58:13.825+0000,STOREFARM,5,어린이 보석십자수 DIY 캐릭터 큐빅 비즈 지니맘 KC인증,지니맘 큐빅십자수  DIY: 12번 돌고래 (액자별매)
3072280450,SELLBLOG,NORMAL,"배송도 빠르고
보석이 넉넉해서 좋았습니다",2020-12-21T01:58:00.890+0000,STOREFARM,5,어린이 보석십자수 DIY 캐릭터 큐빅 비즈 지니맘 KC인증,지니맘 큐빅십자수  DIY: 24번 강아지(액자별매)
3072280249,SELLBLOG,NORMAL,"배송도 빠르고
보석이 넉넉해서 좋았습니다",2020-12-21T01:57:45.040+0000,STOREFARM,5,어린이 보석십자수 DIY 캐릭터 큐빅 비즈 지니맘 KC인증,지니맘 큐빅십자수  DIY: 26번 왕관 고양이(액자별매)
3068129020,SELLBLOG,AFTER_USE,"해놓고나니 멋지네요
액자같이 주문해서 거실한켠 예쁘게 진열중입니다",2020-12-16T00:29:22.545+0000,STOREFARM,4,어린이 보석십자수 DIY 캐릭터 큐빅 비즈십자수 지니맘,지니맘 큐빅십자수  DIY: 1번 유니콘  (15cm 20cm)
3045916512,SELLBLOG,NORMAL,"배송도 빠른데 받고 보니 진짜 포장도 꼼꼼하고 신경써서 판매하는게 느껴지네요. 신뢰도 200프로입니다.
웬만하면 포토후기 안올리는데 받자마자 올립니다.
감동 그 자체네요.",2020-11-13T02:45:51.402+0000,STOREFARM,5,어린이 보석십자수 DIY 캐릭터 큐빅 비즈 지니맘 kc인증,지니맘 큐빅십자수  DIY: 5번  소녀1 (액자별매)
3055497731,SELLBLOG,NORMAL,초등 1-6학년 대상으로 나눠줬는데 남/여 다 재미있어하고 좋아했어요,2020-11-27T04:35:41.295+0000,STOREFARM,5,어린이 보석십자수 DIY 캐릭터 큐빅 비즈 지니맘 kc인증,지니맘 큐빅십자수  DIY: 1번 유니콘  (액자별매)
3058731117,SELLBLOG,NORMAL,"애들이 좋아합니다.
즐겁게 합니다",2020-12-02T10:19:30.057+0000,STOREFARM,5,어린이 보석십자수 DIY 캐릭터 큐빅 비즈 지니맘 KC인증,지니맘 큐빅십자수  DIY: 6번 소녀2 (액자별매)
3073187547,SELLBLOG,NORMAL,2학년 어린 놀기에 아주 적합합니다,2020-12-22T07:46:21.918+0000,STOREFARM,5,어린이 보석십자수 DIY 캐릭터 큐빅 비즈 지니맘 KC인증,지니맘 큐빅십자수  DIY: 19번 아이스크림 (액자별매)
3053784957,SELLBLOG,NORMAL,완성품은 할머니선물로 못찍었네요 쉽고 이뻐요,2020-11-24T18:20:05.352+0000,STOREFARM,5,어린이 보석십자수 DIY 캐릭터 큐빅 비즈 지니맘 kc인증,지니맘 큐빅십자수  DIY: 3번 분홍사슴 (액자별매)
3063145628,SELLBLOG,NORMAL,"총알배송에 상품도 너무마음에 들어요~~
저도 너무잼있어서 아이랑둘이서 시간가는줄모르고^^
재구매의사100%",2020-12-09T01:39:47.501+0000,STOREFARM,5,어린이 보석십자수 DIY 캐릭터 큐빅 비즈 지니맘 KC인증,지니맘 큐빅십자수  DIY: 26번 왕관 고양이(액자별매)
3076565146,SELLBLOG,NORMAL,아이가 좋아하네요~~,2020-12-26T09:58:01.079+0000,STOREFARM,5,어린이 보석십자수 DIY 캐릭터 큐빅 비즈 지니맘 KC인증,지니맘 큐빅십자수  DIY: 27번 하트 고양이(액자별매)
3074401410,SELLBLOG,NORMAL,배송빠르고잘받았습니다,2020-12-23T12:03:10.301+0000,STOREFARM,5,어린이 보석십자수 DIY 캐릭터 큐빅 비즈 지니맘 KC인증,지니맘 큐빅십자수  DIY: 14번 부엉이 (액자별매)
3073391291,SELLBLOG,AFTER_USE,애들이 정말 재미있어하네요,2020-12-22T11:26:39.176+0000,STOREFARM,4,어린이 보석십자수 DIY 캐릭터 큐빅 비즈십자수 지니맘,지니맘 큐빅십자수  DIY: 1번 유니콘  (15cm 20cm)
3071700410,SELLBLOG,NORMAL,열한 살 조카 선물로 사 준건데 정말 좋아해요~^^,2020-12-20T04:30:39.216+0000,STOREFARM,5,어린이 보석십자수 DIY 캐릭터 큐빅 비즈 지니맘 KC인증,지니맘 큐빅십자수  DIY: 20번 십자가 꽃 (액자별매)
3054371454,SELLBLOG,NORMAL,친구가 하는 거 보고 사달라고 해서 구매했는데 배송도 제품도 대만족입니다!,2020-11-25T12:09:14.630+0000,STOREFARM,5,어린이 보석십자수  교회 큐빅 비즈 지니맘 KC인증,지니맘 큐빅십자수  DIY: 13번 별유니콘 (액자별매)
3057282417,SELLBLOG,NORMAL,아이들이 하고싶어해서 구매했습니다,2020-11-30T05:10:08.197+0000,STOREFARM,5,어린이 보석십자수  교회 큐빅 비즈 지니맘 KC인증,지니맘 큐빅십자수  DIY: 8번 꽃사슴 (액자별매)
3073252417,SELLBLOG,NORMAL,우리딸이 아주 좋아라합니다,2020-12-22T09:00:31.740+0000,STOREFARM,3,어린이 보석십자수 DIY 캐릭터 큐빅 비즈 지니맘 KC인증,지니맘 큐빅십자수  DIY: 24번 강아지(액자별매)
3068252600,SELLBLOG,NORMAL,아이가 너무 좋아해요 만들고 보니 이쁘네요,2020-12-16T03:43:07.272+0000,STOREFARM,5,어린이 보석십자수 DIY 캐릭터 큐빅 비즈 지니맘 KC인증,지니맘 큐빅십자수  DIY: 12번 돌고래 (액자별매)
3068252543,SELLBLOG,NORMAL,아이가 너무 좋아해요 만들고 보니 이쁘네요,2020-12-16T03:43:01.542+0000,STOREFARM,5,어린이 보석십자수 DIY 캐릭터 큐빅 비즈 지니맘 KC인증,지니맘 큐빅십자수  DIY: 19번 아이스크림 (액자별매)
3068252490,SELLBLOG,NORMAL,아이가 너무 좋아해요 만들고 보니 이쁘네요,2020-12-16T03:42:56.506+0000,STOREFARM,5,어린이 보석십자수 DIY 캐릭터 큐빅 비즈 지니맘 KC인증,지니맘 큐빅십자수  DIY: 9번 겨울사슴 (액자별매)
3068252438,SELLBLOG,NORMAL,아이가 너무 좋아해요 만들고 보니 이쁘네요,2020-12-16T03:42:51.353+0000,STOREFARM,5,어린이 보석십자수 DIY 캐릭터 큐빅 비즈 지니맘 KC인증,지니맘 큐빅십자수  DIY: 10번 안경토끼 (액자별매)
3073878508,SELLBLOG,NORMAL,완전 아이들이좋아해요,2020-12-23T03:33:44.113+0000,STOREFARM,5,어린이 보석십자수 DIY 캐릭터 큐빅 비즈 지니맘 KC인증,지니맘 큐빅십자수  DIY: 3번 분홍사슴 (액자별매)
3050924670,SELLBLOG,NORMAL,그림이 다양하고 예뻐요. 포장도 꼼꼼하게 되어있네요. 아이와 재밌게 해볼께요~,2020-11-20T07:53:30.856+0000,STOREFARM,4,어린이 보석십자수  교회 큐빅 비즈 지니맘 KC인증,지니맘 큐빅십자수  DIY: 19번 아이스크림 (액자별매)
3092435664,SELLBLOG,NORMAL,좋아요좋아요좋아요 좋아요,2021-01-16T01:57:39.928+0000,STOREFARM,5,어린이 보석십자수 DIY 캐릭터 큐빅 비즈 지니맘 KC인증,지니맘 큐빅십자수  DIY: 9번 겨울사슴 (액자별매)
3092435428,SELLBLOG,NORMAL,좋아요좋아요좋아요 좋아요,2021-01-16T01:57:21.621+0000,STOREFARM,5,어린이 보석십자수 DIY 캐릭터 큐빅 비즈 지니맘 KC인증,지니맘 큐빅십자수  DIY: 6번 소녀2 (액자별매)
3019400583,SELLBLOG,NORMAL,"가격 착하고 리뷰도 좋아 믿고 구매했어요~

와아!!!! 근데 보통 같은 물건 가격 저렴하면 포장 상태는 좀 소홀한데 넘 깔끔하게 보내주셨네요~
판매자분 성격이 엄청 깔끔하신가봐요~~^^
배송도 하루만에 왔는데 무배라 더 좋았어요~~

원래 보석십자수 하다 작은사이즈 찾던중 알게 된 큐빅십자수예요~~ 크기가 달라 보석과는 또다른 재미가 있네요~
쉽고 재미있어 아이들이 하기에 참 좋을거 같아요~
맘 먹고 하루만에 해서 얼렁 진열 해 놓고 싶네요~~

액자도 가격대비 넘 깔끔하고 넘 만족해요~~

하자 없는 좋은 상품 보내 주셔서 감사합니다~^^",2020-10-06T14:46:57.110+0000,STOREFARM,5,어린이 보석십자수 DIY 캐릭터 큐빅 비즈십자수 지니맘,지니맘 큐빅십자수  DIY: 3번 분홍사슴 (액자별매)
3068446337,SELLBLOG,NORMAL,코로나로  집에 있는  시간이 많은데 매우 유용한 아이템입니다,2020-12-16T07:51:23.055+0000,STOREFARM,5,어린이 보석십자수 DIY 캐릭터 큐빅 비즈 지니맘 KC인증,지니맘 큐빅십자수  DIY: 23번 돌고래 하트(액자별매)
3069870353,SELLBLOG,NORMAL,3번째 구매에요~  너무 좋아하네요^^,2020-12-18T01:33:06.258+0000,STOREFARM,5,어린이 보석십자수 DIY 캐릭터 큐빅 비즈 지니맘 KC인증,지니맘 큐빅십자수  DIY: 5번  소녀1 (액자별매)
3073251757,SELLBLOG,NORMAL,우리딸이 아주 좋아라합니다.,2020-12-22T08:59:45.497+0000,STOREFARM,4,어린이 보석십자수 DIY 캐릭터 큐빅 비즈 지니맘 KC인증,지니맘 큐빅십자수  DIY: 27번 하트 고양이(액자별매)
3070689629,SELLBLOG,NORMAL,애들이 시간가는줄모르고 집중해서해요,2020-12-19T00:12:07.011+0000,STOREFARM,5,어린이 보석십자수 DIY 캐릭터 큐빅 비즈 지니맘 KC인증,지니맘 큐빅십자수  DIY: 17번 아기 유니콘 (액자별매)
3073606774,SELLBLOG,AFTER_USE,가격대비 너무 만족해요,2020-12-22T15:19:59.675+0000,STOREFARM,5,어린이 보석십자수 DIY 캐릭터 큐빅 비즈십자수 지니맘,지니맘 큐빅십자수  DIY: 13번 별유니콘 (15cm 20cm)
3073606686,SELLBLOG,AFTER_USE,가격대비 너무 만족해요,2020-12-22T15:19:49.018+0000,STOREFARM,5,어린이 보석십자수 DIY 캐릭터 큐빅 비즈십자수 지니맘,지니맘 큐빅십자수  DIY: 20번 아기유니콘 (15cm 20cm)
3074377485,SELLBLOG,NORMAL,딸아이가 좋아합니다,2020-12-23T11:43:16.114+0000,STOREFARM,3,어린이 보석십자수 DIY 캐릭터 큐빅 비즈 지니맘 KC인증,지니맘 큐빅십자수  DIY: 24번 강아지(액자별매)
3074376831,SELLBLOG,NORMAL,딸아이가 좋아합니다,2020-12-23T11:42:45.550+0000,STOREFARM,3,어린이 보석십자수 DIY 캐릭터 큐빅 비즈 지니맘 KC인증,지니맘 큐빅십자수  DIY: 10번 안경토끼 (액자별매)
3070854798,SELLBLOG,NORMAL,"디자인도 이쁘고 큐빅도 여유있고 좋아요
딸이 좋아해요",2020-12-19T03:34:30.549+0000,STOREFARM,4,어린이 보석십자수 DIY 캐릭터 큐빅 비즈 지니맘 KC인증,지니맘 큐빅십자수  DIY: 13번 별유니콘 (액자별매)
3070854603,SELLBLOG,NORMAL,"디자인도 이쁘고 큐빅도 여유있고 좋아요
딸이 좋아해요",2020-12-19T03:34:18.789+0000,STOREFARM,4,어린이 보석십자수 DIY 캐릭터 큐빅 비즈 지니맘 KC인증,지니맘 큐빅십자수  DIY: 12번 돌고래 (액자별매)
3068755795,SELLBLOG,AFTER_USE,할머니 생신 선물로 사서 완성해서 드렸는데너무 좋아하세요.,2020-12-16T13:27:03.233+0000,STOREFARM,5,어린이 보석십자수 DIY 캐릭터 큐빅 비즈십자수 지니맘,지니맘 큐빅십자수  DIY: 13번 별유니콘 (15cm 20cm)
3050177751,SELLBLOG,NORMAL,"맘에 들어요
캐릭터도 이쁘구요
열살딸아이랑 같이 할려구요
감사합니다",2020-11-19T08:23:57.863+0000,STOREFARM,5,어린이 보석십자수  교회 큐빅 비즈 지니맘 KC인증,지니맘 큐빅십자수  DIY: 2번 보라유니콘 (액자별매)
3073878232,SELLBLOG,NORMAL,최고예요 좋아했어요,2020-12-23T03:33:23.294+0000,STOREFARM,5,어린이 보석십자수 DIY 캐릭터 큐빅 비즈 지니맘 KC인증,지니맘 큐빅십자수  DIY: 9번 겨울사슴 (액자별매)
3068099721,SELLBLOG,AFTER_USE,"아이가 너무 좋아해요.
어무 예쁘네요",2020-12-15T23:26:07.425+0000,STOREFARM,5,어린이 보석십자수 DIY 캐릭터 큐빅 비즈십자수 지니맘,지니맘 큐빅십자수  DIY: 12번 돌고래 (15cm 20cm)
3070556502,SELLBLOG,NORMAL,항상구매해요.좋습니다.,2020-12-18T14:11:43.955+0000,STOREFARM,5,어린이 보석십자수  교회 큐빅 비즈 지니맘 KC인증,지니맘 큐빅십자수  DIY: 13번 별유니콘 (액자별매)
3070556391,SELLBLOG,NORMAL,항상구매해요.좋습니다.,2020-12-18T14:11:34.577+0000,STOREFARM,5,어린이 보석십자수  교회 큐빅 비즈 지니맘 KC인증,지니맘 큐빅십자수  DIY: 8번 꽃사슴 (액자별매)
3070556253,SELLBLOG,NORMAL,항상구매해요.좋습니다.,2020-12-18T14:11:24.506+0000,STOREFARM,5,어린이 보석십자수  교회 큐빅 비즈 지니맘 KC인증,지니맘 큐빅십자수  DIY: 1번 유니콘  (액자별매)
3071972540,SELLBLOG,NORMAL,디자인 재료 배송 모두 최고입니다,2020-12-20T11:41:34.631+0000,STOREFARM,5,어린이 보석십자수 DIY 캐릭터 큐빅 비즈 지니맘 KC인증,지니맘 큐빅십자수  DIY: 25번 뿔 돌고래(액자별매)
3071972425,SELLBLOG,NORMAL,디자인 재료 배송 모두 최고입니다,2020-12-20T11:41:25.727+0000,STOREFARM,5,어린이 보석십자수 DIY 캐릭터 큐빅 비즈 지니맘 KC인증,지니맘 큐빅십자수  DIY: 9번 겨울사슴 (액자별매)
3071972342,SELLBLOG,NORMAL,디자인 재료 배송 모두 최고입니다,2020-12-20T11:41:18.159+0000,STOREFARM,5,어린이 보석십자수 DIY 캐릭터 큐빅 비즈 지니맘 KC인증,지니맘 큐빅십자수  DIY: 23번 돌고래 하트(액자별매)
3074388731,SELLBLOG,NORMAL,친구딸이 매우 좋아하네요-^^=,2020-12-23T11:52:19.168+0000,STOREFARM,5,어린이 보석십자수 DIY 캐릭터 큐빅 비즈 지니맘 KC인증,지니맘 큐빅십자수  DIY: 25번 뿔 돌고래(액자별매)
3073022961,SELLBLOG,NORMAL,짱!시간가는줄모르고 하네요~,2020-12-22T04:08:02.977+0000,STOREFARM,5,어린이 보석십자수 DIY 캐릭터 큐빅 비즈 지니맘 KC인증,지니맘 큐빅십자수  DIY: 15번 핑크 유니콘 (액자별매)
3069243079,SELLBLOG,AFTER_USE,재미있어요 아이들이좋아해요,2020-12-17T07:03:05.626+0000,STOREFARM,5,어린이 보석십자수 DIY 캐릭터 큐빅 비즈 지니맘 kc인증,지니맘 큐빅십자수  DIY: 1번 유니콘  (액자별매)
3076442193,SELLBLOG,NORMAL,좋아요%~%애들이 좋아해요~~,2020-12-26T07:34:44.244+0000,STOREFARM,4,어린이 보석십자수 DIY 캐릭터 큐빅 비즈 지니맘 KC인증,지니맘 큐빅십자수  DIY: 1번 유니콘  (액자별매)
3065757866,SELLBLOG,NORMAL,배송빠르구요.잼날것같아요.해보고괜찮으면다시주문할께요,2020-12-12T08:58:48.017+0000,STOREFARM,5,어린이 보석십자수 DIY 캐릭터 큐빅 비즈 지니맘 KC인증,지니맘 큐빅십자수  DIY: 14번 부엉이 (액자별매)
3071581334,SELLBLOG,NORMAL,양면테이프가 2개로 나뉘어 있어 편해요^^,2020-12-20T02:00:07.117+0000,STOREFARM,5,어린이 보석십자수 DIY 캐릭터 큐빅 비즈 지니맘 KC인증,지니맘 큐빅십자수  DIY: 13번 별유니콘 (액자별매)
3070563235,SELLBLOG,NORMAL,배송도 빠르고 조카고 좋아하고~ 너무 좋네요,2020-12-18T14:21:20.808+0000,STOREFARM,5,어린이 보석십자수 DIY 캐릭터 큐빅 비즈 지니맘 KC인증,지니맘 큐빅십자수  DIY: 13번 별유니콘 (액자별매)
3054924017,SELLBLOG,NORMAL,좋아요 이뻐요 아이들이 너무좋아해요,2020-11-26T07:28:42.663+0000,STOREFARM,4,어린이 보석십자수  교회 큐빅 비즈 지니맘 KC인증,지니맘 큐빅십자수  DIY: 15번 핑크 유니콘 (액자별매)
3074020400,SELLBLOG,NORMAL,좋아요시간가는줄몰라요,2020-12-23T06:15:39.971+0000,STOREFARM,5,어린이 보석십자수 DIY 캐릭터 큐빅 비즈 지니맘 KC인증,지니맘 큐빅십자수  DIY: 14번 부엉이 (액자별매)
3071717286,SELLBLOG,NORMAL,완성하고 보니 뿌듯하고 너무 예뻐요^^,2020-12-20T04:57:31.745+0000,STOREFARM,5,어린이 보석십자수 DIY 캐릭터 큐빅 비즈 지니맘 KC인증,지니맘 큐빅십자수  DIY: 8번 꽃사슴 (액자별매)
3052289454,SELLBLOG,NORMAL,가격대비 퀄리티좋고 너무 예뻐요,2020-11-22T11:46:00.681+0000,STOREFARM,5,어린이 보석십자수  교회 큐빅 비즈 지니맘 KC인증,지니맘 큐빅십자수  DIY: 3번 분홍사슴 (액자별매)
3072612693,SELLBLOG,AFTER_USE,와이프랑딸이 아직도해요ㅋ,2020-12-21T10:20:07.990+0000,STOREFARM,5,어린이 보석십자수 DIY 캐릭터 큐빅 비즈십자수 지니맘,지니맘 큐빅십자수  DIY: 20번 아기유니콘(액자 불포함)
3068756988,SELLBLOG,AFTER_USE,"할머니 생신 선물로 구입해서 만들었는데.
너무 좋아하세요.",2020-12-16T13:28:24.974+0000,STOREFARM,5,어린이 보석십자수 DIY 캐릭터 큐빅 비즈십자수 지니맘,지니맘 큐빅십자수  DIY: 9번 겨울사슴 (15cm 20cm)
3067120653,SELLBLOG,NORMAL,코로나로 집에만잇는 아이들 시간잘가고 완성작이 넘이뻐요,2020-12-14T11:37:51.694+0000,STOREFARM,5,어린이 보석십자수 DIY 캐릭터 큐빅 비즈 지니맘 KC인증,지니맘 큐빅십자수  DIY: 15번 핑크 유니콘 (액자별매)
3071971931,SELLBLOG,NORMAL,상품 재료 배송 모두 최고입니다.,2020-12-20T11:40:43.659+0000,STOREFARM,5,어린이 보석십자수 DIY 캐릭터 큐빅 비즈 지니맘 KC인증,지니맘 큐빅십자수  DIY: 24번 강아지(액자별매)
3068445790,SELLBLOG,NORMAL,"시간많은 어린이들에게 좋은제품이에요
완소아이템",2020-12-16T07:50:45.669+0000,STOREFARM,5,어린이 보석십자수 DIY 캐릭터 큐빅 비즈 지니맘 KC인증,지니맘 큐빅십자수  DIY: 21번 하트십자가 (액자별매)
3052290048,SELLBLOG,NORMAL,가격대비 퀄리티좋고 넘 예뻐요,2020-11-22T11:47:12.174+0000,STOREFARM,5,어린이 보석십자수  교회 큐빅 비즈 지니맘 KC인증,지니맘 큐빅십자수  DIY: 1번 유니콘  (액자별매)
3055871772,SELLBLOG,NORMAL,꽃사슴 블루 색이 너무 화려해서 완전 이뻐요~~,2020-11-27T13:38:19.821+0000,STOREFARM,5,어린이 보석십자수 DIY 캐릭터 큐빅 비즈 지니맘 kc인증,지니맘 큐빅십자수  DIY: 8번 꽃사슴 (액자별매)
3052058345,SELLBLOG,NORMAL,아이가 집에서 심심해해서 주문해 줬는데 너무 재미있어하고 완성하고나니 예쁘네요~~,2020-11-22T04:20:33.439+0000,STOREFARM,5,어린이 보석십자수 DIY 캐릭터 큐빅 비즈 지니맘 kc인증,지니맘 큐빅십자수  DIY: 19번 아이스크림 (액자별매)
3078113002,SELLBLOG,NORMAL,만족합니다~~~~~~~~,2020-12-28T15:56:21.748+0000,STOREFARM,5,어린이 보석십자수 DIY 캐릭터 큐빅 비즈 지니맘 KC인증,지니맘 큐빅십자수  DIY: 13번 별유니콘 (액자별매)
3053154052,SELLBLOG,NORMAL,보석 퀄리티가 좋아요~ 어른용도 있음 좋겠어요~^^,2020-11-24T02:17:58.303+0000,STOREFARM,5,어린이 보석십자수 DIY 캐릭터 큐빅 비즈 지니맘 kc인증,지니맘 큐빅십자수  DIY: 10번 안경토끼 (액자별매)
3024644986,SELLBLOG,NORMAL,"엄청 만족합니다
액자에 넣으니 폼 나구요
근데 화이트 액자가 더 이쁜 것 같긴해요
비즈통이 평평한 거 외엔 다 좋아요
비즈 여분도 많이 주셔서 몇 개 굴러가는 거 
안 찾아도 되고 시간도 순삭!!
요즘 집에서 하기 참 만족스러운 제품인 것 같아요!!",2020-10-13T22:39:58.957+0000,STOREFARM,5,어린이 보석십자수 DIY 캐릭터 큐빅 비즈십자수 지니맘,지니맘 큐빅십자수  DIY: 14번 부엉이 (15cm 20cm)
3064210956,SELLBLOG,NORMAL,보석도 넉넉하고 완성작이 너무 예뻐요^^ 재구입 의사 있습니다.,2020-12-10T08:05:10.873+0000,STOREFARM,5,어린이 보석십자수 DIY 캐릭터 큐빅 비즈 지니맘 KC인증,지니맘 큐빅십자수  DIY: 14번 부엉이 (액자별매)
3064928834,SELLBLOG,NORMAL,"친구생일선물로 준비했어요~
센스있는 선물이라고 칭찬 받았어요",2020-12-11T06:10:31.897+0000,STOREFARM,5,어린이 보석십자수 DIY 캐릭터 큐빅 비즈 지니맘 KC인증,지니맘 큐빅십자수  DIY: 14번 부엉이 (액자별매)
3055604175,SELLBLOG,NORMAL,반짝임도좋고  좋네요ㅎㅎ이뻐요,2020-11-27T06:51:44.770+0000,STOREFARM,3,어린이 보석십자수  교회 큐빅 비즈 지니맘 KC인증,지니맘 큐빅십자수  DIY: 13번 별유니콘 (액자별매)
3046273333,SELLBLOG,NORMAL,"빠르고 안전하게 잘도착했네요~
아이들이 엄청 좋아합니다.
아직 시작은 안했지만 재미있게 잘할꺼 같습니다.",2020-11-13T10:31:29.165+0000,STOREFARM,5,어린이 보석십자수 DIY 캐릭터 큐빅 비즈 지니맘 kc인증,지니맘 큐빅십자수  DIY: 14번 부엉이 (액자별매)
3073547484,SELLBLOG,NORMAL,좋아요 많이파세요 ~,2020-12-22T14:00:54.986+0000,STOREFARM,5,어린이 보석십자수 DIY 캐릭터 큐빅 비즈 지니맘 KC인증,지니맘 큐빅십자수  DIY: 12번 돌고래 (액자별매)
3073547335,SELLBLOG,NORMAL,좋아요 많이파세요 ~,2020-12-22T14:00:43.709+0000,STOREFARM,5,어린이 보석십자수 DIY 캐릭터 큐빅 비즈 지니맘 KC인증,지니맘 큐빅십자수  DIY: 11번 클로버 (액자별매)
3073547159,SELLBLOG,NORMAL,좋아요 많이파세요 ~,2020-12-22T14:00:31.001+0000,STOREFARM,5,어린이 보석십자수 DIY 캐릭터 큐빅 비즈 지니맘 KC인증,지니맘 큐빅십자수  DIY: 1번 유니콘  (액자별매)
3055995205,SELLBLOG,NORMAL,아이가 정말 좋아해요 많이파세요,2020-11-28T00:31:28.804+0000,STOREFARM,5,어린이 보석십자수  교회 큐빅 비즈 지니맘 KC인증,지니맘 큐빅십자수  DIY: 17번 아기 유니콘 (액자별매)
3065407617,SELLBLOG,NORMAL,"아이들이 완전 좋아합니다
단, 부모님들도 해야한다는...하고나면 눈과 허리, 목이 조금 아프다는...",2020-12-12T00:48:49.251+0000,STOREFARM,5,어린이 보석십자수 DIY 캐릭터 큐빅 비즈 지니맘 KC인증,지니맘 큐빅십자수  DIY: 26번 왕관 고양이(액자별매)
3073683095,SELLBLOG,NORMAL,빠르고 만족합니다~~,2020-12-22T22:30:51.005+0000,STOREFARM,4,어린이 보석십자수 DIY 캐릭터 큐빅 비즈 지니맘 KC인증,지니맘 큐빅십자수  DIY: 27번 하트 고양이(액자별매)
3073683008,SELLBLOG,NORMAL,빠르고만족합니다~~,2020-12-22T22:30:29.361+0000,STOREFARM,5,어린이 보석십자수 DIY 캐릭터 큐빅 비즈 지니맘 KC인증,지니맘 큐빅십자수  DIY: 24번 강아지(액자별매)
3073682904,SELLBLOG,NORMAL,빠르고 만족합니다~~,2020-12-22T22:30:04.403+0000,STOREFARM,4,어린이 보석십자수 DIY 캐릭터 큐빅 비즈 지니맘 KC인증,지니맘 큐빅십자수  DIY: 10번 안경토끼 (액자별매)
3070157927,SELLBLOG,NORMAL,포장상태도 깔끔하고 ㅡ아이들 집콕템으로 좋아요ㅎㅎ,2020-12-18T06:30:49.681+0000,STOREFARM,5,어린이 보석십자수 DIY 캐릭터 큐빅 비즈 지니맘 KC인증,지니맘 큐빅십자수  DIY: 2번 보라유니콘 (액자별매)
3073381189,SELLBLOG,NORMAL,아이들이 넘좋아애여~~^^,2020-12-22T11:16:49.650+0000,STOREFARM,5,어린이 보석십자수 DIY 캐릭터 큐빅 비즈 지니맘 KC인증,지니맘 큐빅십자수  DIY: 6번 소녀2 (액자별매)
3043971426,SELLBLOG,AFTER_USE,아이가 좋아했어요. 저도 조금 도와주느라 해봤는데 은근 개미지옥이더라구요. 잡생각 안나고 하기 좋더라구요. 다음번엔 큰 작품도 하고싶어요^^,2020-11-10T09:21:57.486+0000,STOREFARM,4,어린이 보석십자수 DIY 캐릭터 큐빅 비즈십자수 지니맘,지니맘 큐빅십자수  DIY: 7번 소녀2  (15cm 20cm)
3071135843,SELLBLOG,AFTER_USE,항상 사서 쓰는 제품이에요,2020-12-19T09:01:36.323+0000,STOREFARM,4,어린이 보석십자수 DIY 캐릭터 큐빅 비즈 지니맘 kc인증,지니맘 큐빅십자수  DIY: 1번 유니콘  (액자별매)
3071135721,SELLBLOG,AFTER_USE,항상 사서 쓰는 제품이에요,2020-12-19T09:01:27.524+0000,STOREFARM,4,어린이 보석십자수 DIY 캐릭터 큐빅 비즈 지니맘 kc인증,지니맘 큐빅십자수  DIY: 14번 부엉이 (액자별매)
3069999088,SELLBLOG,NORMAL,좋은제품 잘 쓸깨요 감사합니다,2020-12-18T03:42:44.481+0000,STOREFARM,5,어린이 보석십자수 DIY 캐릭터 큐빅 비즈 지니맘 KC인증,지니맘 큐빅십자수  DIY: 13번 별유니콘 (액자별매)
3069998877,SELLBLOG,NORMAL,좋은제품 잘 쓸깨요 감사합니다,2020-12-18T03:42:31.852+0000,STOREFARM,5,어린이 보석십자수 DIY 캐릭터 큐빅 비즈 지니맘 KC인증,지니맘 큐빅십자수  DIY: 28번 클로버 고양이(액자별매)
3069998355,SELLBLOG,NORMAL,좋은제품 잘 쓸깨요 감사합니다,2020-12-18T03:42:02.880+0000,STOREFARM,5,어린이 보석십자수 DIY 캐릭터 큐빅 비즈 지니맘 KC인증,지니맘 큐빅십자수  DIY: 27번 하트 고양이(액자별매)
3068574598,SELLBLOG,NORMAL,아이들과 오순도순~~서로 붙히겠다고 난리입니다ㅎㅎ,2020-12-16T10:17:40.423+0000,STOREFARM,5,어린이 보석십자수 DIY 캐릭터 큐빅 비즈 지니맘 KC인증,지니맘 큐빅십자수  DIY: 28번 클로버 고양이(액자별매)
3070916604,SELLBLOG,NORMAL,아이들이 너무 좋아합니다,2020-12-19T04:42:05.458+0000,STOREFARM,5,어린이 보석십자수 DIY 캐릭터 큐빅 비즈 지니맘 KC인증,지니맘 큐빅십자수  DIY: 1번 유니콘  (액자별매)
3070916426,SELLBLOG,NORMAL,아이들이 너무 좋아합니다,2020-12-19T04:41:52.386+0000,STOREFARM,5,어린이 보석십자수 DIY 캐릭터 큐빅 비즈 지니맘 KC인증,지니맘 큐빅십자수  DIY: 12번 돌고래 (액자별매)
3038492825,SELLBLOG,NORMAL,배송빠르고 품질도 좋아요. 아이도 재밌게 꾸몄어요~~,2020-11-02T06:24:13.659+0000,STOREFARM,5,어린이 보석십자수 DIY 캐릭터 큐빅 비즈 지니맘 kc인증,지니맘 큐빅십자수  DIY: 19번 아이스크림 (액자별매)
3068447241,SELLBLOG,NORMAL,"코로나극복하는데 도움되는 아이템입니다
최고최고",2020-12-16T07:52:20.981+0000,STOREFARM,5,어린이 보석십자수 DIY 캐릭터 큐빅 비즈 지니맘 KC인증,지니맘 큐빅십자수  DIY: 19번 아이스크림 (액자별매)
3069877054,SELLBLOG,NORMAL,6살아이는 잠시집중 그래도좋아요,2020-12-18T01:40:02.363+0000,STOREFARM,5,어린이 보석십자수 DIY 캐릭터 큐빅 비즈 지니맘 KC인증,지니맘 큐빅십자수  DIY: 26번 왕관 고양이(액자별매)
3062420439,SELLBLOG,NORMAL,포장도 안전하게 잘 왔고요~ 오프라인보다 훨씬 저렴하고 예쁜거 같아요~~,2020-12-08T02:12:11.327+0000,STOREFARM,5,어린이 보석십자수 DIY 캐릭터 큐빅 비즈 지니맘 KC인증,지니맘 큐빅십자수  DIY: 9번 겨울사슴 (액자별매)
3059627963,SELLBLOG,NORMAL,"딸아이가 너무좋아합니다.  배송도빠르고 꼼꼼하게 잘보내주셔서 감사합니다.
또재구매하러 올께요",2020-12-03T13:19:54.140+0000,STOREFARM,4,어린이 보석십자수 DIY 캐릭터 큐빅 비즈 지니맘 KC인증,지니맘 큐빅십자수  DIY: 13번 별유니콘 (액자별매)
3073022661,SELLBLOG,NORMAL,애들이 초집중~ 좋아요~~^^,2020-12-22T04:07:31.313+0000,STOREFARM,5,어린이 보석십자수 DIY 캐릭터 큐빅 비즈 지니맘 KC인증,지니맘 큐빅십자수  DIY: 17번 아기 유니콘 (액자별매)
3053084841,SELLBLOG,NORMAL,시간이 꾀 걸리긴하지만 완성하고 나면 뿌듯합니다,2020-11-24T00:16:34.132+0000,STOREFARM,5,어린이 보석십자수  교회 큐빅 비즈 지니맘 KC인증,지니맘 큐빅십자수  DIY: 12번 돌고래 (액자별매)
3052884082,SELLBLOG,NORMAL,8살6살 집콕할때 시켜줬는데 하루종일 다 할때까지 집중하더라구요^^,2020-11-23T10:33:07.834+0000,STOREFARM,5,어린이 보석십자수 DIY 캐릭터 큐빅 비즈 지니맘 kc인증,지니맘 큐빅십자수  DIY: 19번 아이스크림 (액자별매)
3068099819,SELLBLOG,AFTER_USE,"너무 예쁘네요.
아이가 좋아해요~",2020-12-15T23:26:25.353+0000,STOREFARM,5,어린이 보석십자수 DIY 캐릭터 큐빅 비즈십자수 지니맘,지니맘 큐빅십자수  DIY: 1번 유니콘  (15cm 20cm)
3070915913,SELLBLOG,NORMAL,아이들이 너무 좋아합니다.,2020-12-19T04:41:16.227+0000,STOREFARM,5,어린이 보석십자수 DIY 캐릭터 큐빅 비즈 지니맘 KC인증,지니맘 큐빅십자수  DIY: 26번 왕관 고양이(액자별매)
3055607673,SELLBLOG,NORMAL,아이랑 둘이 같이 하니 재밌어요~,2020-11-27T06:56:04.904+0000,STOREFARM,5,어린이 보석십자수  교회 큐빅 비즈 지니맘 KC인증,지니맘 큐빅십자수  DIY: 16번 여우 (액자별매)
3055606031,SELLBLOG,NORMAL,아이랑 둘이 같이 하니 재밌어요~,2020-11-27T06:54:02.981+0000,STOREFARM,4,어린이 보석십자수  교회 큐빅 비즈 지니맘 KC인증,지니맘 큐빅십자수  DIY: 13번 별유니콘 (액자별매)
3071580295,SELLBLOG,NORMAL,정말좋습니다 강추해요^^,2020-12-20T01:58:48.452+0000,STOREFARM,5,어린이 보석십자수 DIY 캐릭터 큐빅 비즈 지니맘 KC인증,지니맘 큐빅십자수  DIY: 8번 꽃사슴 (액자별매)
3071348424,SELLBLOG,NORMAL,빠른 배송 감사드립니다.,2020-12-19T13:30:50.505+0000,STOREFARM,5,어린이 보석십자수 DIY 캐릭터 큐빅 비즈 지니맘 KC인증,지니맘 큐빅십자수  DIY: 14번 부엉이 (액자별매)
3069878486,SELLBLOG,NORMAL,완성품도 넘이쁘고 좋아요,2020-12-18T01:41:35.933+0000,STOREFARM,5,어린이 보석십자수 DIY 캐릭터 큐빅 비즈 지니맘 KC인증,지니맘 큐빅십자수  DIY: 8번 꽃사슴 (액자별매)
3060758055,SELLBLOG,NORMAL,처음엔좀힘들어하더니점점완성되어지는걸보고좋아하며힘을냅니다코로니로외출이힘든요즘좋은놀이네요,2020-12-05T06:18:12.380+0000,STOREFARM,5,어린이 보석십자수  교회 큐빅 비즈 지니맘 KC인증,지니맘 큐빅십자수  DIY: 1번 유니콘  (액자별매)
3055871020,SELLBLOG,NORMAL,너무 이쁘구 아이들이 좋아해요~~,2020-11-27T13:37:01.274+0000,STOREFARM,5,어린이 보석십자수 DIY 캐릭터 큐빅 비즈 지니맘 kc인증,지니맘 큐빅십자수  DIY: 13번 별유니콘 (액자별매)
3064870306,SELLBLOG,NORMAL,"포장도 꼼꼼하고,
아이가 너무 좋아해요.
큐빅도 반짝반짝 좋아요^^",2020-12-11T04:56:22.827+0000,STOREFARM,5,어린이 보석십자수 DIY 캐릭터 큐빅 비즈 지니맘 KC인증,지니맘 큐빅십자수  DIY: 1번 유니콘  (액자별매)
3065754144,SELLBLOG,NORMAL,"아이 생일선물로 주문했는데 배송도 빠르고
구성도 알차고 너무좋네요~^^",2020-12-12T08:53:10.006+0000,STOREFARM,5,어린이 보석십자수 DIY 캐릭터 큐빅 비즈 지니맘 KC인증,지니맘 큐빅십자수  DIY: 2번 보라유니콘 (액자별매)
3068650340,SELLBLOG,NORMAL,가성비로 심심할때 애 시키면 조음,2020-12-16T11:37:33.907+0000,STOREFARM,5,어린이 보석십자수 DIY 캐릭터 큐빅 비즈 지니맘 KC인증,지니맘 큐빅십자수  DIY: 1번 유니콘  (액자별매)
3071548269,SELLBLOG,NORMAL,애들이 정말 좋아해요~♡,2020-12-20T01:16:28.276+0000,STOREFARM,5,어린이 보석십자수 DIY 캐릭터 큐빅 비즈 지니맘 KC인증,지니맘 큐빅십자수  DIY: 6번 소녀2 (액자별매)
3056604845,SELLBLOG,AFTER_USE,애가  너무 좋아해요,2020-11-29T01:22:32.134+0000,STOREFARM,4,어린이 보석십자수 DIY 캐릭터 큐빅 비즈십자수 지니맘,지니맘 큐빅십자수  DIY: 7번 소녀2  (15cm 20cm)
3050320852,SELLBLOG,NORMAL,완전  이뻐요 와 이제 앞으론 여기서만 사야겠어요,2020-11-19T11:43:29.997+0000,STOREFARM,5,어린이 보석십자수  교회 큐빅 비즈 지니맘 KC인증,지니맘 큐빅십자수  DIY: 16번 여우 (액자별매)
3070689346,SELLBLOG,NORMAL,색깔 알록달록 예뻐요,2020-12-19T00:11:25.869+0000,STOREFARM,5,어린이 보석십자수 DIY 캐릭터 큐빅 비즈 지니맘 KC인증,지니맘 큐빅십자수  DIY: 1번 유니콘  (액자별매)
3049587467,SELLBLOG,NORMAL,"아이랑 같이 하려고 선택해보았어요.
포장이 정말 꼼꼼해요.",2020-11-18T12:06:53.645+0000,STOREFARM,5,어린이 보석십자수 DIY 캐릭터 큐빅 비즈 지니맘 kc인증,지니맘 큐빅십자수  DIY: 14번 부엉이 (액자별매)
3057026812,SELLBLOG,NORMAL,아이가 엄청 좋아해요~~,2020-11-29T15:28:04.655+0000,STOREFARM,5,어린이 보석십자수  교회 큐빅 비즈 지니맘 KC인증,지니맘 큐빅십자수  DIY: 13번 별유니콘 (액자별매)
3063661554,SELLBLOG,NORMAL,딸이 너무좋아해서 주문했더니 시간 날때마다 계속 집중하며 하고있답니다,2020-12-09T12:55:55.514+0000,STOREFARM,3,어린이 보석십자수 DIY 캐릭터 큐빅 비즈 지니맘 KC인증,지니맘 큐빅십자수  DIY: 11번 클로버 (액자별매)
3064973387,SELLBLOG,NORMAL,아이가넘좋아해요.포장도꼼꼼하니좋네요.,2020-12-11T07:05:06.581+0000,STOREFARM,5,어린이 보석십자수  교회 큐빅 비즈 지니맘 KC인증,지니맘 큐빅십자수  DIY: 22번 교회 (액자별매)
3048380050,SELLBLOG,NORMAL,"초3 딸아이가 하고싶어해서 주문해요.
배송 빠르고 만족합니다.",2020-11-17T02:15:44.763+0000,STOREFARM,3,어린이 보석십자수 DIY 캐릭터 큐빅 비즈 지니맘 kc인증,지니맘 큐빅십자수  DIY: 10번 안경토끼 (액자별매)
3048379437,SELLBLOG,NORMAL,"초3딸이 하고싶어해서 주문했어요.
배송도 빠르고 만족합니다.",2020-11-17T02:14:57.857+0000,STOREFARM,3,어린이 보석십자수 DIY 캐릭터 큐빅 비즈 지니맘 kc인증,지니맘 큐빅십자수  DIY: 14번 부엉이 (액자별매)
3070853900,SELLBLOG,NORMAL,큐빅도 많고 좋아요,2020-12-19T03:33:35.180+0000,STOREFARM,4,어린이 보석십자수 DIY 캐릭터 큐빅 비즈 지니맘 KC인증,지니맘 큐빅십자수  DIY: 14번 부엉이 (액자별매)
3070514593,SELLBLOG,NORMAL,아이가 너무 좋아해요,2020-12-18T13:16:54.151+0000,STOREFARM,4,어린이 보석십자수 DIY 캐릭터 큐빅 비즈 지니맘 KC인증,지니맘 큐빅십자수  DIY: 1번 유니콘  (액자별매)
3087573003,SELLBLOG,NORMAL,좋아요 아주 좋아요,2021-01-10T03:57:14.985+0000,STOREFARM,5,어린이 보석십자수 DIY 캐릭터 큐빅 비즈 지니맘 KC인증,지니맘 큐빅십자수  DIY: 1번 유니콘  (액자별매)
3071324227,SELLBLOG,NORMAL,너무너무 화려하고 예쁩니다.,2020-12-19T12:59:00.093+0000,STOREFARM,5,어린이 보석십자수 DIY 캐릭터 큐빅 비즈 지니맘 KC인증,지니맘 큐빅십자수  DIY: 9번 겨울사슴 (액자별매)
3067165061,SELLBLOG,NORMAL,아이들의 집중력이 길러지는거 같아요,2020-12-14T12:46:11.928+0000,STOREFARM,4,어린이 보석십자수 DIY 캐릭터 큐빅 비즈 지니맘 KC인증,지니맘 큐빅십자수  DIY: 26번 왕관 고양이(액자별매)
3066119676,SELLBLOG,NORMAL,너무좋아요 아이들 더 달래요,2020-12-13T01:55:58.157+0000,STOREFARM,5,어린이 보석십자수  교회 큐빅 비즈 지니맘 KC인증,지니맘 큐빅십자수  DIY: 14번 부엉이 (액자별매)
3066912154,SELLBLOG,NORMAL,"가성비 좋고 배송 좋고 제품도 좋고 다 좋습니다.
좋은 제품 감사합니다.",2020-12-14T05:30:20.323+0000,STOREFARM,5,어린이 보석십자수 DIY 캐릭터 큐빅 비즈 지니맘 KC인증,지니맘 큐빅십자수  DIY: 12번 돌고래 (액자별매)
3071216788,SELLBLOG,NORMAL,사은품 감사합니다.,2020-12-19T10:46:26.427+0000,STOREFARM,4,어린이 보석십자수 DIY 캐릭터 큐빅 비즈 지니맘 KC인증,지니맘 큐빅십자수  DIY: 12번 돌고래 (액자별매)
3067120357,SELLBLOG,NORMAL,음식맛도좋고 간편하고 너무좋았어요,2020-12-14T11:37:22.925+0000,STOREFARM,5,어린이 보석십자수 DIY 캐릭터 큐빅 비즈 지니맘 KC인증,지니맘 큐빅십자수  DIY: 14번 부엉이 (액자별매)
3069243361,SELLBLOG,AFTER_USE,아이들이 하기에 적당해요ㅎ,2020-12-17T07:03:25.933+0000,STOREFARM,5,어린이 보석십자수 DIY 캐릭터 큐빅 비즈 지니맘 kc인증,지니맘 큐빅십자수  DIY: 12번 돌고래 (액자별매)
3070562972,SELLBLOG,NORMAL,조카가 너무 좋아하네요^^,2020-12-18T14:20:57.837+0000,STOREFARM,5,어린이 보석십자수 DIY 캐릭터 큐빅 비즈 지니맘 KC인증,지니맘 큐빅십자수  DIY: 9번 겨울사슴 (액자별매)
3064973595,SELLBLOG,NORMAL,아이가좋아해요.배송도빨라요,2020-12-11T07:05:22.036+0000,STOREFARM,5,어린이 보석십자수  교회 큐빅 비즈 지니맘 KC인증,지니맘 큐빅십자수  DIY: 14번 부엉이 (액자별매)
3055872419,SELLBLOG,NORMAL,너무 이쁘구 만족스러워요~~,2020-11-27T13:39:29.418+0000,STOREFARM,5,어린이 보석십자수 DIY 캐릭터 큐빅 비즈 지니맘 kc인증,지니맘 큐빅십자수  DIY: 3번 분홍사슴 (액자별매)
3070100497,SELLBLOG,NORMAL,배송도 빠르고 제품도 좋아요,2020-12-18T05:27:52.423+0000,STOREFARM,4,어린이 보석십자수 DIY 캐릭터 큐빅 비즈 지니맘 KC인증,지니맘 큐빅십자수  DIY: 13번 별유니콘 (액자별매)
3068572665,SELLBLOG,NORMAL,"한알한알붙히고~~완성해서보면 반짝반짝~~~
너무 이뻐요~~",2020-12-16T10:15:31.464+0000,STOREFARM,5,어린이 보석십자수 DIY 캐릭터 큐빅 비즈 지니맘 KC인증,지니맘 큐빅십자수  DIY: 17번 아기 유니콘 (액자별매)
3055720972,SELLBLOG,NORMAL,큐빅의 반짝거림이  질이좋네요ㅎ,2020-11-27T09:28:58.033+0000,STOREFARM,3,어린이 보석십자수  교회 큐빅 비즈 지니맘 KC인증,지니맘 큐빅십자수  DIY: 11번 클로버 (액자별매)
3053037420,SELLBLOG,NORMAL,아이가 두개를 뚝딱~재미있다고 또사달라네요~~~ㅎㅎ,2020-11-23T16:47:38.491+0000,STOREFARM,5,어린이 보석십자수 DIY 캐릭터 큐빅 비즈 지니맘 kc인증,지니맘 큐빅십자수  DIY: 13번 별유니콘 (액자별매)
3053784893,SELLBLOG,NORMAL,아이가 쉬워하고 이쁘다고하네요,2020-11-24T18:19:18.154+0000,STOREFARM,5,어린이 보석십자수 DIY 캐릭터 큐빅 비즈 지니맘 kc인증,지니맘 큐빅십자수  DIY: 9번 겨울사슴 (액자별매)
3087569728,SELLBLOG,AFTER_USE,좋아요 좋아요 좋아요,2021-01-10T03:53:02.393+0000,STOREFARM,3,어린이 보석십자수 DIY 캐릭터 큐빅 비즈 지니맘 KC인증,지니맘 큐빅십자수  DIY: 1번 유니콘  (액자별매)
3087569545,SELLBLOG,AFTER_USE,좋아요 좋아요 좋아요,2021-01-10T03:52:48.442+0000,STOREFARM,3,어린이 보석십자수 DIY 캐릭터 큐빅 비즈 지니맘 KC인증,지니맘 큐빅십자수  DIY: 6번 소녀2 (액자별매)
3047408919,SELLBLOG,NORMAL,아이가 재미있어하고 한참 집중하네요 어른인 저도 재밌게 했어요ㅋㅋ,2020-11-15T08:42:24.179+0000,STOREFARM,5,어린이 보석십자수 DIY 캐릭터 큐빅 비즈 지니맘 kc인증,지니맘 큐빅십자수  DIY: 15번 핑크 유니콘 (액자별매)
3047141305,SELLBLOG,NORMAL,너무 예뻐요!반짝거리는 큐빅볼때마다 기분이좋네요!  계속 하고싶어져요,2020-11-15T00:40:10.284+0000,STOREFARM,5,어린이 보석십자수 DIY 캐릭터 큐빅 비즈 지니맘 kc인증,지니맘 큐빅십자수  DIY: 2번 보라유니콘 (액자별매)
3049490076,SELLBLOG,NORMAL,"잘받았어요 배송 빠르구요
아이가 좋아하고 재밌어해요",2020-11-18T10:08:07.208+0000,STOREFARM,5,어린이 보석십자수 DIY 캐릭터 큐빅 비즈 지니맘 kc인증,지니맘 큐빅십자수  DIY: 5번  소녀1 (액자별매)
3049489833,SELLBLOG,NORMAL,"잘받았어요 배송 빠르구요
아이가 좋아하고 재밌어해요",2020-11-18T10:07:45.895+0000,STOREFARM,5,어린이 보석십자수 DIY 캐릭터 큐빅 비즈 지니맘 kc인증,지니맘 큐빅십자수  DIY: 6번 소녀2 (액자별매)
3049489577,SELLBLOG,NORMAL,"잘받았어요 배송 빠르구요
아이가 좋아하고 재밌어해요",2020-11-18T10:07:26.142+0000,STOREFARM,5,어린이 보석십자수 DIY 캐릭터 큐빅 비즈 지니맘 kc인증,지니맘 큐빅십자수  DIY: 14번 부엉이 (액자별매)
3049489314,SELLBLOG,NORMAL,"잘받았어요 배송 빠르구요
아이가 좋아하고 재밌어해요",2020-11-18T10:07:06.713+0000,STOREFARM,5,어린이 보석십자수 DIY 캐릭터 큐빅 비즈 지니맘 kc인증,지니맘 큐빅십자수  DIY: 13번 별유니콘 (액자별매)
3063357610,SELLBLOG,NORMAL,잘받았습니다. 아이들이 너무 좋아하네요~,2020-12-09T06:53:25.444+0000,STOREFARM,4,어린이 보석십자수 DIY 캐릭터 큐빅 비즈 지니맘 KC인증,지니맘 큐빅십자수  DIY: 28번 클로버 고양이(액자별매)
3065942983,SELLBLOG,NORMAL,두아이 원하는걸로 3개씩 구매했는데 좋아해요,2020-12-12T13:48:12.014+0000,STOREFARM,5,어린이 보석십자수 DIY 캐릭터 큐빅 비즈 지니맘 KC인증,지니맘 큐빅십자수  DIY: 19번 아이스크림 (액자별매)
3068313469,SELLBLOG,NORMAL,너무괜찮은 아이템입니다,2020-12-16T05:13:08.014+0000,STOREFARM,5,어린이 보석십자수 DIY 캐릭터 큐빅 비즈 지니맘 KC인증,지니맘 큐빅십자수  DIY: 8번 꽃사슴 (액자별매)
3050178689,SELLBLOG,NORMAL,"아이가 아주 만족해요
감사합니다",2020-11-19T08:25:06.877+0000,STOREFARM,5,어린이 보석십자수  교회 큐빅 비즈 지니맘 KC인증,지니맘 큐빅십자수  DIY: 19번 아이스크림 (액자별매)
3073023851,SELLBLOG,NORMAL,굿~~완죤 좋아용~~^^,2020-12-22T04:09:30.447+0000,STOREFARM,5,어린이 보석십자수 DIY 캐릭터 큐빅 비즈 지니맘 KC인증,지니맘 큐빅십자수  DIY: 9번 겨울사슴 (액자별매)
3069243873,SELLBLOG,AFTER_USE,5살 아이도 혼자 잘해요,2020-12-17T07:03:58.002+0000,STOREFARM,5,어린이 보석십자수 DIY 캐릭터 큐빅 비즈 지니맘 kc인증,지니맘 큐빅십자수  DIY: 8번 꽃사슴 (액자별매)
3053922104,SELLBLOG,NORMAL,사용전이지만 잘 받았습니다.,2020-11-25T02:22:21.868+0000,STOREFARM,4,어린이 보석십자수  교회 큐빅 비즈 지니맘 KC인증,지니맘 큐빅십자수  DIY: 2번 보라유니콘 (액자별매)
3067625743,SELLBLOG,NORMAL,아이가 너무 귀엽다고 좋아해요~~,2020-12-15T07:36:33.979+0000,STOREFARM,5,어린이 보석십자수 DIY 캐릭터 큐빅 비즈 지니맘 KC인증,지니맘 큐빅십자수  DIY: 28번 클로버 고양이(액자별매)
3068535164,SELLBLOG,NORMAL,저렴한 가격에 잘 샀어요~,2020-12-16T09:32:48.647+0000,STOREFARM,5,어린이 보석십자수 DIY 캐릭터 큐빅 비즈 지니맘 KC인증,지니맘 큐빅십자수  DIY: 13번 별유니콘 (액자별매)
3068534761,SELLBLOG,NORMAL,저렴한 가격에 잘 샀어요~,2020-12-16T09:32:20.124+0000,STOREFARM,5,어린이 보석십자수 DIY 캐릭터 큐빅 비즈 지니맘 KC인증,지니맘 큐빅십자수  DIY: 26번 왕관 고양이(액자별매)
3049586567,SELLBLOG,NORMAL,"제가 해보고싶어서 주문했어요.
액자도 같이요~^^",2020-11-18T12:05:47.492+0000,STOREFARM,5,어린이 보석십자수 DIY 캐릭터 큐빅 비즈 지니맘 kc인증,지니맘 큐빅십자수  DIY: 12번 돌고래 (액자별매)
3070689751,SELLBLOG,NORMAL,5세 7세도 잘 하네요,2020-12-19T00:12:26.558+0000,STOREFARM,5,어린이 보석십자수 DIY 캐릭터 큐빅 비즈 지니맘 KC인증,지니맘 큐빅십자수  DIY: 7번 사자 (액자별매)
3064973849,SELLBLOG,NORMAL,아이가좋아해요.포장도꼼꼼해요.,2020-12-11T07:05:41.053+0000,STOREFARM,5,어린이 보석십자수  교회 큐빅 비즈 지니맘 KC인증,지니맘 큐빅십자수  DIY: 15번 핑크 유니콘 (액자별매)
3068413816,SELLBLOG,NORMAL,아이가 엄청 좋아해요,2020-12-16T07:15:42.057+0000,STOREFARM,5,어린이 보석십자수 DIY 캐릭터 큐빅 비즈 지니맘 KC인증,지니맘 큐빅십자수  DIY: 14번 부엉이 (액자별매)
3067202367,SELLBLOG,NORMAL,배송빠르고 애들이 좋아해요,2020-12-14T13:54:37.400+0000,STOREFARM,5,어린이 보석십자수 DIY 캐릭터 큐빅 비즈 지니맘 KC인증,지니맘 큐빅십자수  DIY: 9번 겨울사슴 (액자별매)
3067202287,SELLBLOG,NORMAL,배송빠르고 애들이 좋아해요,2020-12-14T13:54:28.816+0000,STOREFARM,5,어린이 보석십자수 DIY 캐릭터 큐빅 비즈 지니맘 KC인증,지니맘 큐빅십자수  DIY: 23번 돌고래 하트(액자별매)
3067202085,SELLBLOG,NORMAL,배송빠르고 애들이 좋아해요,2020-12-14T13:54:05.406+0000,STOREFARM,5,어린이 보석십자수 DIY 캐릭터 큐빅 비즈 지니맘 KC인증,지니맘 큐빅십자수  DIY: 12번 돌고래 (액자별매)
3067201815,SELLBLOG,NORMAL,배송빠르고 애들이 좋아해요,2020-12-14T13:53:33.331+0000,STOREFARM,5,어린이 보석십자수 DIY 캐릭터 큐빅 비즈 지니맘 KC인증,지니맘 큐빅십자수  DIY: 1번 유니콘  (액자별매)
3052055085,SELLBLOG,NORMAL,"너무좋아하네요
또사달래요ㅋ",2020-11-22T04:16:01.934+0000,STOREFARM,5,어린이 보석십자수  교회 큐빅 비즈 지니맘 KC인증,지니맘 큐빅십자수  DIY: 15번 핑크 유니콘 (액자별매)
3068252103,SELLBLOG,NORMAL,아이가 너무 좋아해요,2020-12-16T03:42:22.135+0000,STOREFARM,5,어린이 보석십자수 DIY 캐릭터 큐빅 비즈 지니맘 KC인증,지니맘 큐빅십자수  DIY: 11번 클로버 (액자별매)
3061893894,SELLBLOG,AFTER_USE,아이랑 시간날때마다 보고 있어요... 너무 예쁩니다^^,2020-12-07T03:43:17.202+0000,STOREFARM,4,어린이 보석십자수 DIY 캐릭터 큐빅 비즈십자수 지니맘,
3068313745,SELLBLOG,NORMAL,최고예요 강추합니다,2020-12-16T05:13:29.934+0000,STOREFARM,5,어린이 보석십자수 DIY 캐릭터 큐빅 비즈 지니맘 KC인증,지니맘 큐빅십자수  DIY: 13번 별유니콘 (액자별매)
3069242697,SELLBLOG,AFTER_USE,아이들이 좋아해요 ㅎ,2020-12-17T07:02:37.148+0000,STOREFARM,5,어린이 보석십자수 DIY 캐릭터 큐빅 비즈 지니맘 kc인증,지니맘 큐빅십자수  DIY: 17번 아기 유니콘 (액자별매)
3044572701,SELLBLOG,NORMAL,"배송도 너무 빨랐고 제품도 마음에 들어요.
8살 딸아이 몇시간씩 앉아서 집중해서 하고 있어요.",2020-11-11T06:21:07.367+0000,STOREFARM,5,어린이 보석십자수 DIY 캐릭터 큐빅 비즈 지니맘 kc인증,지니맘 큐빅십자수  DIY: 1번 유니콘  (액자별매)
3061037680,SELLBLOG,AFTER_USE,집중력 최고에요ㅋ 엄마에게 커피타임을 주는 완벽함ㅋ,2020-12-05T13:29:47.511+0000,STOREFARM,5,어린이 보석십자수 DIY 캐릭터 큐빅 비즈십자수 지니맘,지니맘 큐빅십자수  DIY: 6번 소녀1(액자 불포함)
3044776683,SELLBLOG,AFTER_USE,"계속 하나씩 작품이 완성하네요.
좋아해요.근데 아직 집중을 오래하기는 힘들어해요",2020-11-11T10:47:42.306+0000,STOREFARM,5,어린이 보석십자수 DIY 캐릭터 큐빅 비즈십자수 지니맘,지니맘 큐빅십자수  DIY: 2번 보라유니콘(액자 불포함)
3065941435,SELLBLOG,NORMAL,오늘 도착했는데 한작품 완성입니다,2020-12-12T13:45:41.900+0000,STOREFARM,5,어린이 보석십자수 DIY 캐릭터 큐빅 비즈 지니맘 KC인증,지니맘 큐빅십자수  DIY: 8번 꽃사슴 (액자별매)
3052055489,SELLBLOG,NORMAL,초등저학년까지 하기 딱 적당합니다,2020-11-22T04:16:37.934+0000,STOREFARM,5,어린이 보석십자수  교회 큐빅 비즈 지니맘 KC인증,지니맘 큐빅십자수  DIY: 3번 분홍사슴 (액자별매)
3054813410,SELLBLOG,NORMAL,아이들이 정말 좋아해요~^^♡,2020-11-26T05:05:36.784+0000,STOREFARM,5,어린이 보석십자수  교회 큐빅 비즈 지니맘 KC인증,지니맘 큐빅십자수  DIY: 1번 유니콘  (액자별매)
3067229852,SELLBLOG,NORMAL,초등 여자아이들 좋아해요.,2020-12-14T14:54:11.827+0000,STOREFARM,5,어린이 보석십자수 DIY 캐릭터 큐빅 비즈 지니맘 KC인증,지니맘 큐빅십자수  DIY: 13번 별유니콘 (액자별매)
3066230892,SELLBLOG,NORMAL,빠른배송 아이들이 만족해요,2020-12-13T04:40:09.716+0000,STOREFARM,5,어린이 보석십자수 DIY 캐릭터 큐빅 비즈 지니맘 KC인증,지니맘 큐빅십자수  DIY: 19번 아이스크림 (액자별매)
3045844530,SELLBLOG,NORMAL,"재밌어요~~^^
재주문 예정입니다^^",2020-11-13T01:17:08.103+0000,STOREFARM,5,어린이 보석십자수 DIY 캐릭터 큐빅 비즈 지니맘 kc인증,지니맘 큐빅십자수  DIY: 10번 안경토끼 (액자별매)
3065952984,SELLBLOG,AFTER_USE,아이들집에서 집중해서좋아요,2020-12-12T14:04:41.444+0000,STOREFARM,5,어린이 보석십자수 DIY 캐릭터 큐빅 비즈십자수 지니맘,지니맘 큐빅십자수  DIY: 12번 돌고래 (15cm 20cm)
3055324861,SELLBLOG,NORMAL,아이들이 좋아해요~^^ 코로나로 집콕하면서 티비나 폰 하는 시간이 많았는데 십자수를 하니 재미도 있고 완성하면 넘 이쁘네요^^,2020-11-26T23:47:15.977+0000,STOREFARM,5,어린이 보석십자수 DIY 캐릭터 큐빅 비즈 지니맘 kc인증,지니맘 큐빅십자수  DIY: 1번 유니콘  (액자별매)
3085292986,SELLBLOG,AFTER_USE,좋아요 좋아요 좋아요,2021-01-07T07:48:20.968+0000,STOREFARM,5,어린이 보석십자수 DIY 캐릭터 큐빅 비즈 지니맘 kc인증,지니맘 큐빅십자수  DIY: 1번 유니콘  (액자별매)
3085221191,SELLBLOG,AFTER_USE,좋아요 좋아요 좋아요,2021-01-07T06:29:24.718+0000,STOREFARM,5,어린이 보석십자수 DIY 캐릭터 큐빅 비즈 지니맘 kc인증,지니맘 큐빅십자수  DIY: 4번 홍학 (액자별매)
3085220957,SELLBLOG,AFTER_USE,좋아요 좋아요 좋아요,2021-01-07T06:29:09.780+0000,STOREFARM,5,어린이 보석십자수 DIY 캐릭터 큐빅 비즈 지니맘 kc인증,지니맘 큐빅십자수  DIY: 6번 소녀2 (액자별매)
3085219909,SELLBLOG,AFTER_USE,좋아요 좋아요 좋아요,2021-01-07T06:27:59.510+0000,STOREFARM,5,어린이 보석십자수 DIY 캐릭터 큐빅 비즈 지니맘 kc인증,지니맘 큐빅십자수  DIY: 14번 부엉이 (액자별매)
3069243626,SELLBLOG,AFTER_USE,5살아이도 잘해요ㅎ,2020-12-17T07:03:43.192+0000,STOREFARM,5,어린이 보석십자수 DIY 캐릭터 큐빅 비즈 지니맘 kc인증,지니맘 큐빅십자수  DIY: 14번 부엉이 (액자별매)
3048219351,SELLBLOG,NORMAL,역시 보석십자수~ 아이들 집중하며 시간 보내는 활동으로 최고입니다.,2020-11-16T14:32:54.754+0000,STOREFARM,5,어린이 보석십자수 DIY 캐릭터 큐빅 비즈 지니맘,지니맘 큐빅십자수  DIY: 9번 겨울사슴 (액자별매)
3050928120,SELLBLOG,NORMAL,예뻐요~배송이 빨라요~,2020-11-20T07:57:59.910+0000,STOREFARM,4,어린이 보석십자수  교회 큐빅 비즈 지니맘 KC인증,지니맘 큐빅십자수  DIY: 2번 보라유니콘 (액자별매)
3050927896,SELLBLOG,NORMAL,예뻐요~배송이 빨라요~,2020-11-20T07:57:42.696+0000,STOREFARM,4,어린이 보석십자수  교회 큐빅 비즈 지니맘 KC인증,지니맘 큐빅십자수  DIY: 6번 소녀2 (액자별매)
3050927711,SELLBLOG,NORMAL,예뻐요~배송이 빨라요~,2020-11-20T07:57:28.960+0000,STOREFARM,4,어린이 보석십자수  교회 큐빅 비즈 지니맘 KC인증,지니맘 큐빅십자수  DIY: 4번 홍학 (액자별매)
3050927546,SELLBLOG,NORMAL,예뻐요~배송이 빨라요~,2020-11-20T07:57:14.176+0000,STOREFARM,4,어린이 보석십자수  교회 큐빅 비즈 지니맘 KC인증,지니맘 큐빅십자수  DIY: 11번 클로버 (액자별매)
3050927224,SELLBLOG,NORMAL,예뻐요~배송이 빨라요~,2020-11-20T07:56:48.492+0000,STOREFARM,4,어린이 보석십자수  교회 큐빅 비즈 지니맘 KC인증,지니맘 큐빅십자수  DIY: 8번 꽃사슴 (액자별매)
3050927061,SELLBLOG,NORMAL,예뻐요~배송이 빨라요~,2020-11-20T07:56:34.858+0000,STOREFARM,4,어린이 보석십자수  교회 큐빅 비즈 지니맘 KC인증,지니맘 큐빅십자수  DIY: 14번 부엉이 (액자별매)
3050926868,SELLBLOG,NORMAL,예뻐요~배송이 빨라요~,2020-11-20T07:56:18.769+0000,STOREFARM,4,어린이 보석십자수  교회 큐빅 비즈 지니맘 KC인증,지니맘 큐빅십자수  DIY: 13번 별유니콘 (액자별매)
3050926615,SELLBLOG,NORMAL,예뻐요~배송이 빨라요~,2020-11-20T07:55:58.846+0000,STOREFARM,4,어린이 보석십자수  교회 큐빅 비즈 지니맘 KC인증,지니맘 큐빅십자수  DIY: 17번 아기 유니콘 (액자별매)
3050925868,SELLBLOG,NORMAL,예뻐요~배송이 빨라요~,2020-11-20T07:55:02.752+0000,STOREFARM,4,어린이 보석십자수  교회 큐빅 비즈 지니맘 KC인증,지니맘 큐빅십자수  DIY: 16번 여우 (액자별매)
3069876450,SELLBLOG,NORMAL,"넉넉한비즈 좋아요 ,,,,,,",2020-12-18T01:39:25.243+0000,STOREFARM,4,어린이 보석십자수 DIY 캐릭터 큐빅 비즈 지니맘 KC인증,지니맘 큐빅십자수  DIY: 27번 하트 고양이(액자별매)
3068940526,SELLBLOG,NORMAL,가격대비 예쁮니다^^~,2020-12-17T00:13:57.279+0000,STOREFARM,5,어린이 보석십자수 DIY 캐릭터 큐빅 비즈 지니맘 KC인증,지니맘 큐빅십자수  DIY: 13번 별유니콘 (액자별매)
3068940164,SELLBLOG,NORMAL,가격대비 이쁩니다^*~,2020-12-17T00:13:22.252+0000,STOREFARM,5,어린이 보석십자수 DIY 캐릭터 큐빅 비즈 지니맘 KC인증,지니맘 큐빅십자수  DIY: 1번 유니콘  (액자별매)
3065942187,SELLBLOG,NORMAL,집중력 발휘한 자매  짱입니다,2020-12-12T13:46:56.381+0000,STOREFARM,5,어린이 보석십자수 DIY 캐릭터 큐빅 비즈 지니맘 KC인증,지니맘 큐빅십자수  DIY: 16번 여우 (액자별매)
3062031154,SELLBLOG,NORMAL,"아이들이조아하내요
색깔도이쁘구요",2020-12-07T07:17:19.194+0000,STOREFARM,5,어린이 보석십자수 DIY 캐릭터 큐빅 비즈 지니맘 KC인증,지니맘 큐빅십자수  DIY: 13번 별유니콘 (액자별매)
3052322210,SELLBLOG,NORMAL,"아이가하고싶대서 사줬어요
이뻐요",2020-11-22T12:43:57.180+0000,STOREFARM,5,어린이 보석십자수 DIY 캐릭터 큐빅 비즈 지니맘 kc인증,지니맘 큐빅십자수  DIY: 1번 유니콘  (액자별매)
3048798768,SELLBLOG,NORMAL,"저번에 한번 사고 또 하고싶다고 해서 주문합니닺
좋아요",2020-11-17T11:40:51.417+0000,STOREFARM,5,어린이 보석십자수 DIY 캐릭터 큐빅 비즈 지니맘 kc인증,지니맘 큐빅십자수  DIY: 11번 클로버 (액자별매)
3045843102,SELLBLOG,NORMAL,너무 예뻐요~~^^애들이 재밌어 해요^^,2020-11-13T01:15:19.661+0000,STOREFARM,5,어린이 보석십자수 DIY 캐릭터 큐빅 비즈 지니맘 kc인증,지니맘 큐빅십자수  DIY: 11번 클로버 (액자별매)
3040597647,SELLBLOG,AFTER_USE,"후기가 늦었네요~^^
보석십자수~노래를불러
후기보고샀는데
탁월했네요~^^
보석도깨끗하고여유분도주셔서편하게잘붙혀네요~
재구매의사있습니다.",2020-11-05T08:08:20.901+0000,STOREFARM,5,어린이 보석십자수 DIY 캐릭터 큐빅 비즈십자수 지니맘,지니맘 큐빅십자수  DIY: 12번 돌고래 (15cm 20cm)
3040597039,SELLBLOG,AFTER_USE,"후기가 늦었네요~^^
보석십자수~노래를불러
후기보고샀는데
탁월했네요~^^
보석도깨끗하고여유분도주셔서편하게잘붙혀네요~
재구매의사있습니다.",2020-11-05T08:07:37.333+0000,STOREFARM,5,어린이 보석십자수 DIY 캐릭터 큐빅 비즈십자수 지니맘,지니맘 큐빅십자수  DIY: 1번 유니콘  (15cm 20cm)
3066231369,SELLBLOG,NORMAL,빠른배송 잼있게 잘해요,2020-12-13T04:41:01.709+0000,STOREFARM,5,어린이 보석십자수 DIY 캐릭터 큐빅 비즈 지니맘 KC인증,지니맘 큐빅십자수  DIY: 8번 꽃사슴 (액자별매)
3054815141,SELLBLOG,NORMAL,정말 마음에 듭니다~^^*,2020-11-26T05:08:00.672+0000,STOREFARM,5,어린이 보석십자수  교회 큐빅 비즈 지니맘 KC인증,지니맘 큐빅십자수  DIY: 12번 돌고래 (액자별매)
3060156381,SELLBLOG,NORMAL,저렴하게 구매했어요 딸램이가 좋아합니다,2020-12-04T08:02:46.827+0000,STOREFARM,4,어린이 보석십자수 DIY 캐릭터 큐빅 비즈 지니맘 KC인증,지니맘 큐빅십자수  DIY: 1번 유니콘  (액자별매)
3033332292,SELLBLOG,NORMAL,저희딸이 친구집가서 하고와서 사달라고 해서  고급스러워보이고 이뻐요. 하는동안 몇시간은 훅가요. 여러개 구매했는데 그중하나가 품절이라 미리 연락주시고 빠른 진행해주셨습니다. 배송도 빠르고 또 구매의사 있습니다.,2020-10-25T11:52:26.366+0000,STOREFARM,5,어린이 보석십자수 DIY 캐릭터 큐빅 비즈 지니맘 kc인증,지니맘 큐빅십자수  DIY: 12번 돌고래 (액자별매)
3061295351,SELLBLOG,NORMAL,배송도 빠르고 애기가 좋아해요 상품도 좋아요,2020-12-06T03:44:33.875+0000,STOREFARM,4,어린이 보석십자수 DIY 캐릭터 큐빅 비즈 지니맘 KC인증,지니맘 큐빅십자수  DIY: 16번 여우 (액자별매)
3054815653,SELLBLOG,NORMAL,정말 마음에 듭니다~~^^♡,2020-11-26T05:08:45.117+0000,STOREFARM,5,어린이 보석십자수  교회 큐빅 비즈 지니맘 KC인증,지니맘 큐빅십자수  DIY: 16번 여우 (액자별매)
3048799470,SELLBLOG,NORMAL,저번에 샀는데 좋아서 다시 주문했습니다 굿입니다,2020-11-17T11:41:36.180+0000,STOREFARM,5,어린이 보석십자수 DIY 캐릭터 큐빅 비즈 지니맘 kc인증,지니맘 큐빅십자수  DIY: 3번 분홍사슴 (액자별매)
3068940878,SELLBLOG,NORMAL,가격대비 예쁩니다^^&lt;,2020-12-17T00:14:33.894+0000,STOREFARM,5,어린이 보석십자수 DIY 캐릭터 큐빅 비즈 지니맘 KC인증,지니맘 큐빅십자수  DIY: 27번 하트 고양이(액자별매)
3066264784,SELLBLOG,NORMAL,부엉이 완성작품 넘 예뻐요^^,2020-12-13T05:40:38.509+0000,STOREFARM,4,어린이 보석십자수 DIY 캐릭터 큐빅 비즈 지니맘 KC인증,지니맘 큐빅십자수  DIY: 14번 부엉이 (액자별매)
3043159128,SELLBLOG,NORMAL,시간잘가요~~아이랑 같이 할수있어 좋아요~~,2020-11-09T04:22:18.356+0000,STOREFARM,5,어린이 보석십자수 DIY 캐릭터 큐빅 비즈 지니맘 kc인증,지니맘 큐빅십자수  DIY: 19번 아이스크림 (액자별매)
3047159313,SELLBLOG,NORMAL,"조카선물했어요
잘받았다고합니다
감사합니다",2020-11-15T01:16:14.333+0000,STOREFARM,4,어린이 보석십자수 DIY 캐릭터 큐빅 비즈 지니맘 kc인증,지니맘 큐빅십자수  DIY: 13번 별유니콘 (액자별매)
3050321900,SELLBLOG,NORMAL,진짜 좋아요 너무 예뻐요,2020-11-19T11:44:51.946+0000,STOREFARM,5,어린이 보석십자수  교회 큐빅 비즈 지니맘 KC인증,지니맘 큐빅십자수  DIY: 14번 부엉이 (액자별매)
3049585783,SELLBLOG,NORMAL,아이가 선생님께 선물드린다고 주문했어요.,2020-11-18T12:04:51.061+0000,STOREFARM,5,어린이 보석십자수 DIY 캐릭터 큐빅 비즈 지니맘 kc인증,지니맘 큐빅십자수  DIY: 9번 겨울사슴 (액자별매)
3058197525,SELLBLOG,NORMAL,재구매합니다.  아이이들이 무척 좋아해요 싱심할때 하면 딱인듯  ㅎㅎ,2020-12-01T14:13:48.035+0000,STOREFARM,4,어린이 보석십자수  교회 큐빅 비즈 지니맘 KC인증,지니맘 큐빅십자수  DIY: 15번 핑크 유니콘 (액자별매)
3042819600,SELLBLOG,NORMAL,"블링블링 예뻐서 그런지 
완성후 아이의 성취감이 어마어마 한듯 싶어요
집중하고 완성할때까지 미디어노출도 안되고 엄마도 대만족이네요",2020-11-08T13:37:56.977+0000,STOREFARM,5,어린이 보석십자수 DIY 캐릭터 큐빅 비즈 지니맘 kc인증,지니맘 큐빅십자수  DIY: 6번 소녀2 (액자별매)
3066120195,SELLBLOG,NORMAL,굿 아이들 좋아합니다,2020-12-13T01:56:42.316+0000,STOREFARM,5,어린이 보석십자수  교회 큐빅 비즈 지니맘 KC인증,지니맘 큐빅십자수  DIY: 3번 분홍사슴 (액자별매)
3066119996,SELLBLOG,NORMAL,굿 아이들 좋아합니다,2020-12-13T01:56:26.741+0000,STOREFARM,5,어린이 보석십자수  교회 큐빅 비즈 지니맘 KC인증,지니맘 큐빅십자수  DIY: 7번 사자 (액자별매)
3047408598,SELLBLOG,NORMAL,아이가 잘해요 재미있어합니딘,2020-11-15T08:41:37.555+0000,STOREFARM,5,어린이 보석십자수 DIY 캐릭터 큐빅 비즈 지니맘 kc인증,지니맘 큐빅십자수  DIY: 3번 분홍사슴 (액자별매)
3066264511,SELLBLOG,NORMAL,부엉이 완성작품 넘 이뻐요~^^,2020-12-13T05:40:10.088+0000,STOREFARM,4,어린이 보석십자수 DIY 캐릭터 큐빅 비즈 지니맘 KC인증,지니맘 큐빅십자수  DIY: 3번 분홍사슴 (액자별매)
3065953157,SELLBLOG,AFTER_USE,고퀄리티 고퀄리티 집안분위기 삽니다,2020-12-12T14:04:59.224+0000,STOREFARM,5,어린이 보석십자수 DIY 캐릭터 큐빅 비즈십자수 지니맘,지니맘 큐빅십자수  DIY: 13번 별유니콘 (15cm 20cm)
3033331843,SELLBLOG,NORMAL,저희딸이 친구집가서 하고와서 사달라고 해서  고급스러워보이고 이뻐요. 하는동안 몇시간은 훅가요. 여러개 구매했는데 그중하나가 품절이라 미리 연락주시고 빠른 진행해주셨습니다. 배송도 빠르고 또 구매의사 있습니다.,2020-10-25T11:51:39.070+0000,STOREFARM,5,어린이 보석십자수 DIY 캐릭터 큐빅 비즈 지니맘 kc인증,지니맘 큐빅십자수  DIY: 10번 안경토끼 (액자별매)
3033331326,SELLBLOG,NORMAL,저희딸이 친구집가서 하고와서 사달라고 해서  고급스러워보이고 이뻐요. 하는동안 몇시간은 훅가요. 여러개 구매했는데 그중하나가 품절이라 미리 연락주시고 빠른 진행해주셨습니다. 배송도 빠르고 또 구매의사 있습니다.,2020-10-25T11:50:43.799+0000,STOREFARM,5,어린이 보석십자수 DIY 캐릭터 큐빅 비즈 지니맘 kc인증,지니맘 큐빅십자수  DIY: 15번 핑크 유니콘 (액자별매)
3033330782,SELLBLOG,NORMAL,저희딸이 친구집가서 하고와서 사달라고 해서  고급스러워보이고 이뻐요. 하는동안 몇시간은 훅가요. 여러개 구매했는데 그중하나가 품절이라 미리 연락주시고 빠른 진행해주셨습니다. 배송도 빠르고 또 구매의사 있습니다.,2020-10-25T11:49:42.268+0000,STOREFARM,5,어린이 보석십자수 DIY 캐릭터 큐빅 비즈 지니맘 kc인증,지니맘 큐빅십자수  DIY: 9번 겨울사슴 (액자별매)
3033330337,SELLBLOG,NORMAL,저희딸이 친구집가서 하고와서 사달라고 해서  고급스러워보이고 이뻐요. 하는동안 몇시간은 훅가요. 여러개 구매했는데 그중하나가 품절이라 미리 연락주시고 빠른 진행해주셨습니다. 배송도 빠르고 또 구매의사 있습니다.,2020-10-25T11:48:55.893+0000,STOREFARM,5,어린이 보석십자수 DIY 캐릭터 큐빅 비즈 지니맘 kc인증,지니맘 큐빅십자수  DIY: 8번 꽃사슴 (액자별매)
3033329651,SELLBLOG,NORMAL,저희딸이 친구집가서 하고와서 사달라고 해서  고급스러워보이고 이뻐요. 하는동안 몇시간은 훅가요. 여러개 구매했는데 그중하나가 품절이라 미리 연락주시고 빠른 진행해주셨습니다. 배송도 빠르고 또 구매의사 있습니다.,2020-10-25T11:47:47.232+0000,STOREFARM,5,어린이 보석십자수 DIY 캐릭터 큐빅 비즈 지니맘 kc인증,지니맘 큐빅십자수  DIY: 4번 홍학 (액자별매)
3033328930,SELLBLOG,NORMAL,저희딸이 친구집가서 하고와서 사달라고 해서  고급스러워보이고 이뻐요. 하는동안 몇시간은 훅가요. 여러개 구매했는데 그중하나가 품절이라 미리 연락주시고 빠른 진행해주셨습니다. 배송도 빠르고 또 구매의사 있습니다.,2020-10-25T11:46:26.809+0000,STOREFARM,5,어린이 보석십자수 DIY 캐릭터 큐빅 비즈 지니맘 kc인증,지니맘 큐빅십자수  DIY: 3번 분홍사슴 (액자별매)
3067230206,SELLBLOG,NORMAL,초3 초5  여자아이들 좋아해요,2020-12-14T14:55:05.246+0000,STOREFARM,5,어린이 보석십자수 DIY 캐릭터 큐빅 비즈 지니맘 KC인증,지니맘 큐빅십자수  DIY: 17번 아기 유니콘 (액자별매)
3043161469,SELLBLOG,NORMAL,액자도 고급스럽고 . 십자수도안도 넘 이쁘네요~~ 아이와같이 완성하는 재미가있어요~^^,2020-11-09T04:24:54.119+0000,STOREFARM,5,어린이 보석십자수 DIY 캐릭터 큐빅 비즈 지니맘 kc인증,지니맘 큐빅십자수  DIY: 2번 보라유니콘 (액자별매)
3057244125,SELLBLOG,NORMAL,"집중하기 너무 좋아요 아이들이 너무 좋아합니다
친구 선물용으로 구입했어요",2020-11-30T04:13:24.708+0000,STOREFARM,5,어린이 보석십자수 DIY 캐릭터 큐빅 비즈 지니맘 kc인증,지니맘 큐빅십자수  DIY: 9번 겨울사슴 (액자별매)
3065940505,SELLBLOG,NORMAL,아이들 열심히 하네요,2020-12-12T13:44:07.421+0000,STOREFARM,5,어린이 보석십자수 DIY 캐릭터 큐빅 비즈 지니맘 KC인증,지니맘 큐빅십자수  DIY: 3번 분홍사슴 (액자별매)
3065939949,SELLBLOG,NORMAL,아이들이 좋아하네요,2020-12-12T13:43:10.582+0000,STOREFARM,5,어린이 보석십자수 DIY 캐릭터 큐빅 비즈 지니맘 KC인증,지니맘 큐빅십자수  DIY: 1번 유니콘  (액자별매)
3047701168,SELLBLOG,NORMAL,"아이들이 너무 좋아합니다.
하루종일 이것만 한거같아요",2020-11-16T00:35:49.929+0000,STOREFARM,5,어린이 보석십자수 DIY 캐릭터 큐빅 비즈 지니맘 kc인증,지니맘 큐빅십자수  DIY: 2번 보라유니콘 (액자별매)
3050322358,SELLBLOG,NORMAL,이뻐요  너무 귀엽네요,2020-11-19T11:45:29.423+0000,STOREFARM,5,어린이 보석십자수  교회 큐빅 비즈 지니맘 KC인증,지니맘 큐빅십자수  DIY: 11번 클로버 (액자별매)
3044313590,SELLBLOG,NORMAL,시간가는줄모르고 했어요 가격대비 퀄리티좋아여,2020-11-10T22:34:15.328+0000,STOREFARM,5,어린이 보석십자수 DIY 캐릭터 큐빅 비즈 지니맘 kc인증,지니맘 큐빅십자수  DIY: 18번 파란사슴 (액자별매)
3056962754,SELLBLOG,NORMAL,아이들이 너무 좋아해서 만드네요 진작 사줄걸 그런 생각까지 드네요,2020-11-29T13:02:06.637+0000,STOREFARM,5,어린이 보석십자수  교회 큐빅 비즈 지니맘 KC인증,지니맘 큐빅십자수  DIY: 9번 겨울사슴 (액자별매)
3052681139,SELLBLOG,NORMAL,아이가 좋아해요 예뻐요,2020-11-23T04:47:47.864+0000,STOREFARM,5,어린이 보석십자수 DIY 캐릭터 큐빅 비즈 지니맘 kc인증,지니맘 큐빅십자수  DIY: 13번 별유니콘 (액자별매)
3061232876,SELLBLOG,NORMAL,재밌어요 아이도 조아하고 어른이해도 재밌어요,2020-12-06T02:13:56.956+0000,STOREFARM,5,어린이 보석십자수 DIY 캐릭터 큐빅 비즈 지니맘 KC인증,지니맘 큐빅십자수  DIY: 6번 소녀2 (액자별매)
3061294946,SELLBLOG,NORMAL,배송도 빠르고 애기가 좋아해서 벌써 4개째 주문입니다,2020-12-06T03:43:52.406+0000,STOREFARM,4,어린이 보석십자수 DIY 캐릭터 큐빅 비즈 지니맘 KC인증,지니맘 큐빅십자수  DIY: 15번 핑크 유니콘 (액자별매)
3065408841,SELLBLOG,NORMAL,아이들이 완전 좋아합니다.^^,2020-12-12T00:50:57.176+0000,STOREFARM,5,어린이 보석십자수 DIY 캐릭터 큐빅 비즈 지니맘 KC인증,지니맘 큐빅십자수  DIY: 24번 강아지(액자별매)
3065408614,SELLBLOG,NORMAL,아이들이 완전 좋아합니다.^^,2020-12-12T00:50:35.196+0000,STOREFARM,5,어린이 보석십자수 DIY 캐릭터 큐빅 비즈 지니맘 KC인증,지니맘 큐빅십자수  DIY: 23번 돌고래 하트(액자별매)
3045252789,SELLBLOG,AFTER_USE,아이가 잘 하고 이뻐요 다음에 또 구매하려구요,2020-11-12T04:29:21.054+0000,STOREFARM,5,어린이 보석십자수 DIY 캐릭터 큐빅 비즈십자수 지니맘,지니맘 큐빅십자수  DIY: 17번 핑크유니콘  (15cm 20cm)
3045252499,SELLBLOG,AFTER_USE,아이가 잘 하고 이뻐요 다음에 또 구매하려구요,2020-11-12T04:28:53.477+0000,STOREFARM,5,어린이 보석십자수 DIY 캐릭터 큐빅 비즈십자수 지니맘,지니맘 큐빅십자수  DIY: 12번 돌고래 (15cm 20cm)
3045252181,SELLBLOG,AFTER_USE,아이가 잘 하고 이뻐요 다음에 또 구매하려구요,2020-11-12T04:28:25.396+0000,STOREFARM,5,어린이 보석십자수 DIY 캐릭터 큐빅 비즈십자수 지니맘,지니맘 큐빅십자수  DIY: 9번 겨울사슴 (15cm 20cm)
3062070630,SELLBLOG,NORMAL,아이가 정말로 좋아해요^^ 이뻐요^^,2020-12-07T08:30:15.756+0000,STOREFARM,5,어린이 보석십자수  교회 큐빅 비즈 지니맘 KC인증,지니맘 큐빅십자수  DIY: 13번 별유니콘 (액자별매)
3062070541,SELLBLOG,NORMAL,아이가 정말로 좋아해요^^ 이뻐요^^,2020-12-07T08:30:05.131+0000,STOREFARM,5,어린이 보석십자수  교회 큐빅 비즈 지니맘 KC인증,지니맘 큐빅십자수  DIY: 6번 소녀2 (액자별매)
3062070194,SELLBLOG,NORMAL,아이가 정말로 좋아해요^^ 이뻐요^^,2020-12-07T08:29:29.257+0000,STOREFARM,5,어린이 보석십자수  교회 큐빅 비즈 지니맘 KC인증,지니맘 큐빅십자수  DIY: 11번 클로버 (액자별매)
3060756014,SELLBLOG,NORMAL,색상도이쁘고아이의집중력도좋아지는게모는게맘에들어요,2020-12-05T06:15:28.315+0000,STOREFARM,5,어린이 보석십자수  교회 큐빅 비즈 지니맘 KC인증,지니맘 큐빅십자수  DIY: 4번 홍학 (액자별매)
3056081357,SELLBLOG,NORMAL,큐빅이 반짝반짝 너무 예뻐요.반 정도 했는데ㅋ 액자에 넣고 예쁘게 걸어놔야겠어요,2020-11-28T03:12:18.090+0000,STOREFARM,5,어린이 보석십자수  교회 큐빅 비즈 지니맘 KC인증,지니맘 큐빅십자수  DIY: 14번 부엉이 (액자별매)
3039319747,SELLBLOG,NORMAL,아이들이 또 하고싶다고 해서 재구매 했는데 보자마자 열심히 하네요~~ 배송도 빠르고 뽁뽁이에 잘 포장되서 왔어요^^,2020-11-03T12:16:53.386+0000,STOREFARM,5,어린이 보석십자수 DIY 캐릭터 큐빅 비즈 지니맘 kc인증,지니맘 큐빅십자수  DIY: 3번 분홍사슴 (액자별매)
3051594578,SELLBLOG,NORMAL,막내가 너무좋아하네요^^,2020-11-21T08:00:23.054+0000,STOREFARM,5,어린이 보석십자수 DIY 캐릭터 큐빅 비즈 지니맘 kc인증,지니맘 큐빅십자수  DIY: 13번 별유니콘 (액자별매)
3050456779,SELLBLOG,AFTER_USE,인테리어 효과도있고 좋아요.,2020-11-19T14:59:14.811+0000,STOREFARM,5,어린이 보석십자수 DIY 캐릭터 큐빅 비즈십자수 지니맘,지니맘 큐빅십자수  DIY: 16번 여우 (15cm 20cm)
3060756849,SELLBLOG,NORMAL,완성된작품을보며뿌듯해하는딸의모늡이좋네요,2020-12-05T06:16:34.938+0000,STOREFARM,5,어린이 보석십자수  교회 큐빅 비즈 지니맘 KC인증,지니맘 큐빅십자수  DIY: 12번 돌고래 (액자별매)
3082403793,SELLBLOG,NORMAL,조아오 ㅜㄱ   굿 조아오,2021-01-03T13:36:26.257+0000,STOREFARM,5,어린이 보석십자수 DIY 캐릭터 큐빅 비즈 지니맘 KC인증,지니맘 큐빅십자수  DIY: 1번 유니콘  (액자별매)
3048779727,SELLBLOG,NORMAL,집중력기르기 인테리어용으로 최고,2020-11-17T11:19:41.959+0000,STOREFARM,5,어린이 보석십자수 DIY 캐릭터 큐빅 비즈 지니맘 kc인증,지니맘 큐빅십자수  DIY: 1번 유니콘  (액자별매)
3063306277,SELLBLOG,NORMAL,완성하고보니 너무나 예뻐요,2020-12-09T05:48:07.193+0000,STOREFARM,5,어린이 보석십자수 DIY 캐릭터 큐빅 비즈 지니맘 KC인증,지니맘 큐빅십자수  DIY: 9번 겨울사슴 (액자별매)
3060628523,SELLBLOG,AFTER_USE,눈이 살짝아프지만 완성하고나면 예뻐서 뿌듯하네요~,2020-12-05T03:10:59.187+0000,STOREFARM,5,보석십자수 DIY 캐릭터 큐빅 비즈십자수 지니맘,지니맘 큐빅십자수  DIY: 14번 부엉이 (액자별매)
3069879122,SELLBLOG,NORMAL,좋아요 굿......,2020-12-18T01:42:13.818+0000,STOREFARM,5,어린이 보석십자수 DIY 캐릭터 큐빅 비즈 지니맘 KC인증,지니맘 큐빅십자수  DIY: 2번 보라유니콘 (액자별매)
3041868588,SELLBLOG,NORMAL,애들이 좋아하네요 초1 초3  딸들이  곧잘하네요    배송도 빠르고 좋습니다 설명서대로 하니 편해요,2020-11-07T03:32:11.631+0000,STOREFARM,5,어린이 보석십자수 DIY 캐릭터 큐빅 비즈 지니맘 kc인증,지니맘 큐빅십자수  DIY: 13번 별유니콘 (액자별매)
3041868260,SELLBLOG,NORMAL,애들이 좋아하네요 초1 초3  딸들이  곧잘하네요    배송도 빠르고 좋습니다 설명서대로 하니 편해요,2020-11-07T03:31:48.137+0000,STOREFARM,5,어린이 보석십자수 DIY 캐릭터 큐빅 비즈 지니맘 kc인증,지니맘 큐빅십자수  DIY: 15번 핑크 유니콘 (액자별매)
3052322754,SELLBLOG,NORMAL,"이뻐요
집중하고 좋네요",2020-11-22T12:44:54.798+0000,STOREFARM,5,어린이 보석십자수 DIY 캐릭터 큐빅 비즈 지니맘 kc인증,지니맘 큐빅십자수  DIY: 14번 부엉이 (액자별매)
3059429596,SELLBLOG,AFTER_USE,큐빅도 여유롭게주시고 시간가는줄모르고 집중해서하네요,2020-12-03T09:08:46.126+0000,STOREFARM,5,어린이 보석십자수 DIY 캐릭터 큐빅 비즈십자수 지니맘,지니맘 큐빅십자수  DIY: 4번 홍학(액자 불포함)
3046599929,SELLBLOG,NORMAL,벌써 7번째 구매네요~~초3아이 너무 좋아해요~~,2020-11-14T02:44:55.528+0000,STOREFARM,5,어린이 보석십자수 DIY 캐릭터 큐빅 비즈 지니맘 kc인증,지니맘 큐빅십자수  DIY: 13번 별유니콘 (액자별매)
3047701533,SELLBLOG,NORMAL,"아이들이 좋아합니다.
하루종일 이것만하네요.",2020-11-16T00:36:24.080+0000,STOREFARM,5,어린이 보석십자수 DIY 캐릭터 큐빅 비즈 지니맘 kc인증,지니맘 큐빅십자수  DIY: 15번 핑크 유니콘 (액자별매)
3064543994,SELLBLOG,NORMAL,6살 딸아이가 너무너무 좋아합니다,2020-12-10T15:20:26.819+0000,STOREFARM,5,어린이 보석십자수 DIY 캐릭터 큐빅 비즈 지니맘 KC인증,지니맘 큐빅십자수  DIY: 3번 분홍사슴 (액자별매)
3042940260,SELLBLOG,NORMAL,아이들도 좋아하고 너무 이뻐요. 집중해서 굉장한 속도로 하네요^^,2020-11-08T23:55:11.352+0000,STOREFARM,5,어린이 보석십자수 DIY 캐릭터 큐빅 비즈 지니맘 kc인증,지니맘 큐빅십자수  DIY: 14번 부엉이 (액자별매)
3061894457,SELLBLOG,AFTER_USE,큐빅도 안빠지고 예쁘게 잘보고 있어요..,2020-12-07T03:44:04.466+0000,STOREFARM,4,어린이 보석십자수 DIY 캐릭터 큐빅 비즈십자수 지니맘,
3045410521,SELLBLOG,NORMAL,잘받았어요. 거의 열개째사는거 같아요,2020-11-12T08:04:46.648+0000,STOREFARM,5,어린이 보석십자수 DIY 캐릭터 큐빅 비즈 지니맘 kc인증,지니맘 큐빅십자수  DIY: 5번  소녀1 (액자별매)
3062141593,SELLBLOG,NORMAL,재미있어요~~ 색도 이쁘구요~~,2020-12-07T10:57:29.178+0000,STOREFARM,4,어린이 보석십자수  교회 큐빅 비즈 지니맘 KC인증,지니맘 큐빅십자수  DIY: 16번 여우 (액자별매)
3037186210,SELLBLOG,NORMAL,큐빅이 채워질때마다 예쁘다고 아이가 너무 좋아해요~ 이거 하느라 숙제도 못하고 잤습니다^^ 계속 예쁜 도안 개발해주세요~,2020-10-31T04:08:37.083+0000,STOREFARM,5,어린이 보석십자수 DIY 캐릭터 큐빅 비즈 지니맘 kc인증,지니맘 큐빅십자수  DIY: 9번 겨울사슴 (액자별매)
3046327804,SELLBLOG,NORMAL,아이도 좋아하고..너무 예뻐요~ 아이 성취감도 크네요.,2020-11-13T12:01:12.638+0000,STOREFARM,5,어린이 보석십자수 DIY 캐릭터 큐빅 비즈 지니맘 kc인증,지니맘 큐빅십자수  DIY: 16번 여우 (액자별매)
3065940979,SELLBLOG,NORMAL,집중력 최고에요~^^,2020-12-12T13:44:54.222+0000,STOREFARM,5,어린이 보석십자수 DIY 캐릭터 큐빅 비즈 지니맘 KC인증,지니맘 큐빅십자수  DIY: 6번 소녀2 (액자별매)
3047618432,SELLBLOG,NORMAL,"선물로 주었어요.
반짝반짝 예뻐요",2020-11-15T16:03:00.012+0000,STOREFARM,4,보석십자수 DIY 캐릭터 큐빅 비즈십자수 지니맘,지니맘 큐빅십자수  DIY: 7번 소녀2 (액자별매)
3042084730,SELLBLOG,NORMAL,"아이들 도착하자마자 집중해서 하네요ᆢ
반짝반짝 너무이쁘네요",2020-11-07T08:42:44.227+0000,STOREFARM,5,어린이 보석십자수 DIY 캐릭터 큐빅 비즈 지니맘 kc인증,지니맘 큐빅십자수  DIY: 1번 유니콘  (액자별매)
3060791678,SELLBLOG,NORMAL,아이들과 코로나로 집콕하는데 만족합니다.,2020-12-05T07:04:33.672+0000,STOREFARM,5,어린이 보석십자수  교회 큐빅 비즈 지니맘 KC인증,지니맘 큐빅십자수  DIY: 9번 겨울사슴 (액자별매)
3081133845,SELLBLOG,NORMAL,좋아요좋아요좋아요 좋아요,2021-01-01T14:38:36.894+0000,STOREFARM,5,어린이 보석십자수 DIY 캐릭터 큐빅 비즈 지니맘 KC인증,지니맘 큐빅십자수  DIY: 2번 보라유니콘 (액자별매)
3046346639,SELLBLOG,NORMAL,배송빠르네요  조카가조아해요,2020-11-13T12:31:55.345+0000,STOREFARM,4,어린이 보석십자수 DIY 캐릭터 큐빅 비즈 지니맘 kc인증,지니맘 큐빅십자수  DIY: 3번 분홍사슴 (액자별매)
3060792576,SELLBLOG,NORMAL,간단히 취미생활을 즐길수있어서 좋아요~,2020-12-05T07:05:51.903+0000,STOREFARM,5,어린이 보석십자수  교회 큐빅 비즈 지니맘 KC인증,지니맘 큐빅십자수  DIY: 1번 유니콘  (액자별매)
3041107188,SELLBLOG,NORMAL,"품질도 좋고 아이들 집중력이 최고였어요
너무 좋아해서 또 사주고 싶네요~~^^",2020-11-06T02:28:13.926+0000,STOREFARM,5,어린이 보석십자수 DIY 캐릭터 큐빅 비즈 지니맘 kc인증,지니맘 큐빅십자수  DIY: 13번 별유니콘 (액자별매)
3069878873,SELLBLOG,NORMAL,좋네요...?....,2020-12-18T01:41:59.746+0000,STOREFARM,4,어린이 보석십자수 DIY 캐릭터 큐빅 비즈 지니맘 KC인증,지니맘 큐빅십자수  DIY: 5번  소녀1 (액자별매)
3047245855,SELLBLOG,NORMAL,벌써 5번째 작품중인데 쉽고 재밌고 이뻐요~,2020-11-15T03:28:55.444+0000,STOREFARM,5,어린이 보석십자수 DIY 캐릭터 큐빅 비즈 지니맘 kc인증,지니맘 큐빅십자수  DIY: 9번 겨울사슴 (액자별매)
3049958080,SELLBLOG,NORMAL,"굿배송입니다.

좋아하네요.",2020-11-19T03:29:06.089+0000,STOREFARM,5,어린이 보석십자수 DIY 캐릭터 큐빅 비즈 지니맘 kc인증,지니맘 큐빅십자수  DIY: 3번 분홍사슴 (액자별매)
3034551908,SELLBLOG,NORMAL,액자는 아직 못 넣어보았는데 사이즈 잘 맞겠죠? 유리는 없고 틀만 있습니다. 책상에 놓아둘수 있습니다.,2020-10-27T09:24:57.088+0000,STOREFARM,5,어린이 보석십자수 DIY 캐릭터 큐빅 비즈 지니맘 kc인증,지니맘 큐빅십자수  DIY: 3번 분홍사슴 (액자별매)
3069877604,SELLBLOG,NORMAL,좋아요...........,2020-12-18T01:40:38.326+0000,STOREFARM,4,어린이 보석십자수 DIY 캐릭터 큐빅 비즈 지니맘 KC인증,지니맘 큐빅십자수  DIY: 16번 여우 (액자별매)
3061751324,SELLBLOG,NORMAL,너무 좋아해서  추가 구매했습니다^^,2020-12-07T00:50:51.738+0000,STOREFARM,5,어린이 보석십자수 DIY 캐릭터 큐빅 비즈 지니맘 KC인증,지니맘 큐빅십자수  DIY: 7번 사자 (액자별매)
3061750998,SELLBLOG,NORMAL,너무 좋아해서 추가 구매했습니다^^,2020-12-07T00:50:26.741+0000,STOREFARM,5,어린이 보석십자수 DIY 캐릭터 큐빅 비즈 지니맘 KC인증,지니맘 큐빅십자수  DIY: 8번 꽃사슴 (액자별매)
3060146787,SELLBLOG,NORMAL,해보고 재미있는지  하나 더 사달라하네요,2020-12-04T07:49:47.401+0000,STOREFARM,5,어린이 보석십자수 DIY 캐릭터 큐빅 비즈 지니맘 KC인증,지니맘 큐빅십자수  DIY: 13번 별유니콘 (액자별매)
3041981937,SELLBLOG,NORMAL,아이가너무좋아해요 5살아이인데 꽤잘하네요 만족스럽습니다,2020-11-07T06:04:24.681+0000,STOREFARM,5,어린이 보석십자수 DIY 캐릭터 큐빅 비즈 지니맘 kc인증,지니맘 큐빅십자수  DIY: 1번 유니콘  (액자별매)
3032720122,SELLBLOG,AFTER_USE,"코로나로 참으로 심심한 나날이 있는데
8살 딸아이의 심심해 공격 으로 
구매. 둘이 한 5시간 했어요
목아지 끊어질뻔
인내심 . 집중력 길러주기 최고입니다.
꼼꼼하게 잘보내주셨어요",2020-10-24T10:36:17.169+0000,STOREFARM,5,어린이 보석십자수 DIY 캐릭터 큐빅 비즈십자수 지니맘,지니맘 큐빅십자수  DIY: 4번 홍학 (15cm 20cm)
3047158048,SELLBLOG,NORMAL,"잘 받았다고합니다
감사합니다
조카 선물했어요",2020-11-15T01:13:54.027+0000,STOREFARM,4,어린이 보석십자수 DIY 캐릭터 큐빅 비즈 지니맘 kc인증,지니맘 큐빅십자수  DIY: 5번  소녀1 (액자별매)
3042125496,SELLBLOG,AFTER_USE,너무 예뻐요~~처음해봤는데 집중도 잘되고 시간가는줄 몰랐네요~~,2020-11-07T09:55:09.872+0000,STOREFARM,5,어린이 보석십자수 DIY 캐릭터 큐빅 비즈십자수 지니맘,지니맘 큐빅십자수  DIY: 11번 클로버 (15cm 20cm)
3048247576,SELLBLOG,AFTER_USE,아이가 잼있다고 좋아해요,2020-11-16T16:03:02.093+0000,STOREFARM,5,어린이 보석십자수 DIY 캐릭터 큐빅 비즈십자수 지니맘,지니맘 큐빅십자수  DIY: 11번 클로버 (15cm 20cm)
3041102330,SELLBLOG,NORMAL,"아이들 너무 좋아해요
품질도 좋고 액자도 가격대비 만족입니다
배송받고 너무 집중해서 사정사정해서 이틀만에 완성 했어요^^",2020-11-06T02:22:55.534+0000,STOREFARM,5,어린이 보석십자수 DIY 캐릭터 큐빅 비즈 지니맘 kc인증,지니맘 큐빅십자수  DIY: 12번 돌고래 (액자별매)
3059520879,SELLBLOG,NORMAL,포장상태도굿. 제품도 빠진거 없이 꼼꼼히 넣어주셨음,2020-12-03T11:09:48.258+0000,STOREFARM,4,어린이 보석십자수 DIY 캐릭터 큐빅 비즈 지니맘 KC인증,지니맘 큐빅십자수  DIY: 9번 겨울사슴 (액자별매)
3059520589,SELLBLOG,NORMAL,포장상태도굿. 제품도 빠진거 없이 꼼꼼히 넣어주셨음,2020-12-03T11:09:28.294+0000,STOREFARM,4,어린이 보석십자수 DIY 캐릭터 큐빅 비즈 지니맘 KC인증,지니맘 큐빅십자수  DIY: 10번 안경토끼 (액자별매)
3052891948,SELLBLOG,NORMAL,모든게 다 꼼꼼하게 잘 되서 왔습니다. 포장도 예쁘게 신경 써주신게 느껴졌어요. 감사합니다 ^^,2020-11-23T10:49:41.699+0000,STOREFARM,5,어린이 보석십자수 DIY 캐릭터 큐빅 비즈 지니맘 kc인증,지니맘 큐빅십자수  DIY: 14번 부엉이 (액자별매)
3033322945,SELLBLOG,NORMAL,"딸이 초등인데 친구집가서 이걸하고 사달라고 해서 구매했는데 보석십자수라 제가 보기에도 너무 이쁘고 만족합니다. 몇시간 후닥가네요.
다음에 또 구매할께요^^",2020-10-25T11:36:14.828+0000,STOREFARM,5,어린이 보석십자수 DIY 캐릭터 큐빅 비즈 지니맘 kc인증,지니맘 큐빅십자수  DIY: 1번 유니콘  (액자별매)
3047102224,SELLBLOG,NORMAL,10살 딸아이가 몇시간만에 완성했네요,2020-11-14T20:21:13.360+0000,STOREFARM,5,어린이 보석십자수 DIY 캐릭터 큐빅 비즈 지니맘 kc인증,지니맘 큐빅십자수  DIY: 14번 부엉이 (액자별매)
3060022841,SELLBLOG,AFTER_USE,조카가 아주 좋아하고 디자인도 예뻐요,2020-12-04T05:06:51.347+0000,STOREFARM,5,어린이 보석십자수 DIY 캐릭터 큐빅 비즈십자수 지니맘,지니맘 큐빅십자수  DIY: 9번 겨울사슴(액자 불포함)
3049959342,SELLBLOG,NORMAL,"굿배송입니다.

좋아요.",2020-11-19T03:31:20.909+0000,STOREFARM,5,어린이 보석십자수 DIY 캐릭터 큐빅 비즈 지니맘 kc인증,지니맘 큐빅십자수  DIY: 16번 여우 (액자별매)
3041211124,SELLBLOG,AFTER_USE,아이가 좋아해서 잘했어요. 완성품도 넘 이쁘고 또하고 싶다네요^^,2020-11-06T04:29:35.720+0000,STOREFARM,5,어린이 보석십자수 DIY 캐릭터 큐빅 비즈십자수 지니맘,지니맘 큐빅십자수  DIY: 13번 별유니콘 (15cm 20cm)
3043162414,SELLBLOG,NORMAL,넘이뻐요~~~총8개주문했는데. 다하면 추가주문해야겠어요~,2020-11-09T04:25:58.374+0000,STOREFARM,5,어린이 보석십자수 DIY 캐릭터 큐빅 비즈 지니맘 kc인증,지니맘 큐빅십자수  DIY: 6번 소녀2 (액자별매)
3058379616,SELLBLOG,AFTER_USE,너무이쁘네요 아이가좋아해요,2020-12-02T01:55:30.054+0000,STOREFARM,5,어린이 보석십자수 DIY 캐릭터 큐빅 비즈십자수 지니맘,지니맘 큐빅십자수  DIY: 1번 유니콘  (액자 불포함)
3060022399,SELLBLOG,AFTER_USE,디자인도 예쁘고 편하게 만들었어요,2020-12-04T05:06:13.559+0000,STOREFARM,5,어린이 보석십자수 DIY 캐릭터 큐빅 비즈십자수 지니맘,지니맘 큐빅십자수  DIY: 17번 핑크유니콘(액자 불포함)
3049581108,SELLBLOG,NORMAL,8살이 하기 쉬워요,2020-11-18T11:59:16.884+0000,STOREFARM,5,어린이 보석십자수 DIY 캐릭터 큐빅 비즈 지니맘 kc인증,지니맘 큐빅십자수  DIY: 13번 별유니콘 (액자별매)
3040861889,SELLBLOG,AFTER_USE,초등1 학년인 남자 조카가 너무 좋아하네요~집중력 짱!입니다~,2020-11-05T13:59:29.208+0000,STOREFARM,5,어린이 보석십자수 DIY 캐릭터 큐빅 비즈십자수 지니맘,지니맘 큐빅십자수  DIY: 11번 클로버(액자 불포함)
3044442915,SELLBLOG,AFTER_USE,아이들이 집중해서 만들고 책상에 붙여놓았네요,2020-11-11T02:51:35.410+0000,STOREFARM,5,어린이 보석십자수 DIY 캐릭터 큐빅 비즈십자수 지니맘,지니맘 큐빅십자수  DIY: 8번 꽃사슴 (15cm 20cm)
3039593343,SELLBLOG,AFTER_USE,"아이들과시간 보내기 좋아요.
여러개 주문했는데 유니콘사진밖에 읍네요.",2020-11-04T01:32:39.313+0000,STOREFARM,5,어린이 보석십자수 DIY 캐릭터 큐빅 비즈십자수 지니맘,지니맘 큐빅십자수  DIY: 1번 유니콘  (15cm 20cm)
3059896190,SELLBLOG,NORMAL,사은품까지 챙겨주시고 감사해요,2020-12-04T02:27:37.501+0000,STOREFARM,5,어린이 보석십자수  교회 큐빅 비즈 지니맘 KC인증,지니맘 큐빅십자수  DIY: 13번 별유니콘 (액자별매)
3062126297,SELLBLOG,NORMAL,아이가 엄청 좋아해요.,2020-12-07T10:28:40.988+0000,STOREFARM,5,어린이 보석십자수 DIY 캐릭터 큐빅 비즈 지니맘 KC인증,지니맘 큐빅십자수  DIY: 14번 부엉이 (액자별매)
3062125960,SELLBLOG,NORMAL,아이가 엄청 좋아해요.,2020-12-07T10:28:03.100+0000,STOREFARM,5,어린이 보석십자수 DIY 캐릭터 큐빅 비즈 지니맘 KC인증,지니맘 큐빅십자수  DIY: 21번 하트십자가 (액자별매)
3062125700,SELLBLOG,NORMAL,아이가 엄청 좋아해요.,2020-12-07T10:27:30.528+0000,STOREFARM,5,어린이 보석십자수 DIY 캐릭터 큐빅 비즈 지니맘 KC인증,지니맘 큐빅십자수  DIY: 9번 겨울사슴 (액자별매)
3062125372,SELLBLOG,NORMAL,아이가 엄청 좋아해요.,2020-12-07T10:26:51.610+0000,STOREFARM,5,어린이 보석십자수 DIY 캐릭터 큐빅 비즈 지니맘 KC인증,지니맘 큐빅십자수  DIY: 15번 핑크 유니콘 (액자별매)
3062125033,SELLBLOG,NORMAL,아이가 엄청 좋아해요.,2020-12-07T10:26:11.453+0000,STOREFARM,5,어린이 보석십자수 DIY 캐릭터 큐빅 비즈 지니맘 KC인증,지니맘 큐빅십자수  DIY: 18번 파란사슴 (액자별매)
3062124808,SELLBLOG,NORMAL,아이가 엄청 좋아해요.,2020-12-07T10:25:44.248+0000,STOREFARM,5,어린이 보석십자수 DIY 캐릭터 큐빅 비즈 지니맘 KC인증,지니맘 큐빅십자수  DIY: 13번 별유니콘 (액자별매)
3062124364,SELLBLOG,NORMAL,아이가 엄청 좋아해요.,2020-12-07T10:24:52.512+0000,STOREFARM,5,어린이 보석십자수 DIY 캐릭터 큐빅 비즈 지니맘 KC인증,지니맘 큐빅십자수  DIY: 8번 꽃사슴 (액자별매)
3079312841,SELLBLOG,NORMAL,이뻐요  이뻐요 이뻐요,2020-12-30T06:21:45.101+0000,STOREFARM,5,어린이 보석십자수 DIY 캐릭터 큐빅 비즈 지니맘 KC인증,지니맘 큐빅십자수  DIY: 11번 클로버 (액자별매)
3055851791,SELLBLOG,NORMAL,예쁘고 아이가 아주 좋아해요. 액자도 좋네요 또 구매할게요 ㅎㅎ,2020-11-27T13:03:07.005+0000,STOREFARM,5,어린이 보석십자수  교회 큐빅 비즈 지니맘 KC인증,지니맘 큐빅십자수  DIY: 2번 보라유니콘 (액자별매)
3044777981,SELLBLOG,AFTER_USE,좋아합니다. 액자껴서 주니까 자기 작품이라고 더 좋아합니다.,2020-11-11T10:49:19.469+0000,STOREFARM,5,어린이 보석십자수 DIY 캐릭터 큐빅 비즈십자수 지니맘,지니맘 큐빅십자수  DIY: 14번 부엉이 (15cm 20cm)
3043828480,SELLBLOG,AFTER_USE,이뿌고 뿌듯하네요~심심할때 좋네요,2020-11-10T05:55:49.329+0000,STOREFARM,5,어린이 보석십자수 DIY 캐릭터 큐빅 비즈십자수 지니맘,지니맘 큐빅십자수  DIY: 13번 별유니콘 (15cm 20cm)
3045918564,SELLBLOG,NORMAL,"정성스런 포장, 빠른 배송 감사합니다",2020-11-13T02:48:14.323+0000,STOREFARM,5,어린이 보석십자수 DIY 캐릭터 큐빅 비즈 지니맘 kc인증,지니맘 큐빅십자수  DIY: 6번 소녀2 (액자별매)
3050150214,SELLBLOG,NORMAL,마음에 듭니다. .,2020-11-19T07:49:36.791+0000,STOREFARM,5,어린이 보석십자수 DIY 캐릭터 큐빅 비즈 지니맘 kc인증,지니맘 큐빅십자수  DIY: 9번 겨울사슴 (액자별매)
3044573992,SELLBLOG,NORMAL,"딸아이가 너무 좋아합니다.
더 구매 해야겠어요.",2020-11-11T06:22:48.008+0000,STOREFARM,5,어린이 보석십자수 DIY 캐릭터 큐빅 비즈 지니맘 kc인증,지니맘 큐빅십자수  DIY: 6번 소녀2 (액자별매)
3062141848,SELLBLOG,NORMAL,비즈도 너무 이쁘네요~~~,2020-12-07T10:57:58.556+0000,STOREFARM,4,어린이 보석십자수  교회 큐빅 비즈 지니맘 KC인증,지니맘 큐빅십자수  DIY: 17번 아기 유니콘 (액자별매)
3045917448,SELLBLOG,NORMAL,"정성스런 포장, 빠른 배송 감사합니다.",2020-11-13T02:46:52.302+0000,STOREFARM,5,어린이 보석십자수 DIY 캐릭터 큐빅 비즈 지니맘 kc인증,지니맘 큐빅십자수  DIY: 13번 별유니콘 (액자별매)
3046558918,SELLBLOG,NORMAL,이뻐요 굿입니 게임보다 이거래요,2020-11-14T01:43:49.982+0000,STOREFARM,5,어린이 보석십자수 DIY 캐릭터 큐빅 비즈 지니맘 kc인증,지니맘 큐빅십자수  DIY: 12번 돌고래 (액자별매)
3059894902,SELLBLOG,NORMAL,딸아이선물로삿는데좋아요,2020-12-04T02:26:14.226+0000,STOREFARM,5,어린이 보석십자수  교회 큐빅 비즈 지니맘 KC인증,지니맘 큐빅십자수  DIY: 9번 겨울사슴 (액자별매)
3059895909,SELLBLOG,NORMAL,아이가 넘 재미있어하네요,2020-12-04T02:27:19.452+0000,STOREFARM,5,어린이 보석십자수  교회 큐빅 비즈 지니맘 KC인증,지니맘 큐빅십자수  DIY: 1번 유니콘  (액자별매)
3034786782,SELLBLOG,NORMAL,"딸아이 친구 선물로 구입했어요
사진을 못찍어 다른 큐빅십자수로 올려요~~
배송은 빨랐구요 좋아했다고하니
저도 기분이 좋네요",2020-10-27T14:11:40.819+0000,STOREFARM,4,어린이 보석십자수 DIY 캐릭터 큐빅 비즈 지니맘 kc인증,지니맘 큐빅십자수  DIY: 1번 유니콘  (액자별매)
3042773153,SELLBLOG,NORMAL,아이가 좋아하네요~배송도 빨라요!!,2020-11-08T12:17:57.543+0000,STOREFARM,4,어린이 보석십자수 DIY 캐릭터 큐빅 비즈 지니맘 kc인증,지니맘 큐빅십자수  DIY: 13번 별유니콘 (액자별매)
3055851080,SELLBLOG,NORMAL,맘에 들어요 ㅎㅎ 또 구매할게요 예뻐요 액자도 좋구요,2020-11-27T13:01:59.310+0000,STOREFARM,5,어린이 보석십자수  교회 큐빅 비즈 지니맘 KC인증,지니맘 큐빅십자수  DIY: 1번 유니콘  (액자별매)
3058056058,SELLBLOG,AFTER_USE,완성모습 넘 예뿌고 아이가 너무 좋아합니다~♡,2020-12-01T11:18:16.575+0000,STOREFARM,5,어린이 보석십자수 DIY 캐릭터 큐빅 비즈십자수 지니맘,지니맘 큐빅십자수  DIY: 1번 유니콘  (15cm 20cm)
3042774075,SELLBLOG,NORMAL,아이가 좋아해요!!배송도 빨라요~,2020-11-08T12:19:40.630+0000,STOREFARM,4,어린이 보석십자수 DIY 캐릭터 큐빅 비즈 지니맘 kc인증,지니맘 큐빅십자수  DIY: 18번 파란사슴 (액자별매)
3059429108,SELLBLOG,AFTER_USE,지루하지않아재밌어합니다,2020-12-03T09:08:03.876+0000,STOREFARM,5,어린이 보석십자수 DIY 캐릭터 큐빅 비즈십자수 지니맘,지니맘 큐빅십자수  DIY: 16번 여우(액자 불포함)
3032338315,SELLBLOG,NORMAL,퀵배송으로 왔구요~7살딸아이가 오자마자 신나게 합니다~이틀째구요 아이가 한번손을대면 끝낼수 없다고 하네요~이번꺼 끝내고 다른제품 또 구매할게요,2020-10-24T00:56:10.930+0000,STOREFARM,5,어린이 보석십자수 DIY 캐릭터 큐빅 비즈 지니맘 kc인증,지니맘 큐빅십자수  DIY: 17번 아기 유니콘 (액자별매)
3054890334,SELLBLOG,NORMAL,"마음에 들어요.
아이가 처음에 재미있어하다가 안하네요 ^^;",2020-11-26T06:46:39.328+0000,STOREFARM,4,어린이 보석십자수 DIY 캐릭터 큐빅 비즈 지니맘 kc인증,지니맘 큐빅십자수  DIY: 14번 부엉이 (액자별매)
3035024678,SELLBLOG,NORMAL,재구매인데 상품종류가 많이 없어져서 아쉽네요. 친구들 선물도 하려고 4개 구입했는데 아이들이 좋아합니다.,2020-10-28T02:55:08.135+0000,STOREFARM,4,어린이 보석십자수 DIY 캐릭터 큐빅 비즈 지니맘 kc인증,지니맘 큐빅십자수  DIY: 9번 겨울사슴 (액자별매)
3047186225,SELLBLOG,NORMAL,아이가 너무너무 좋아합니다,2020-11-15T02:01:16.346+0000,STOREFARM,5,어린이 보석십자수 DIY 캐릭터 큐빅 비즈 지니맘 kc인증,지니맘 큐빅십자수  DIY: 6번 소녀2 (액자별매)
3047185773,SELLBLOG,NORMAL,아이가 너무너무 좋아합니다,2020-11-15T02:00:34.231+0000,STOREFARM,5,어린이 보석십자수 DIY 캐릭터 큐빅 비즈 지니맘 kc인증,지니맘 큐빅십자수  DIY: 9번 겨울사슴 (액자별매)
3045574627,SELLBLOG,NORMAL,재밌게하고 더구매할게요,2020-11-12T11:55:42.199+0000,STOREFARM,3,어린이 보석십자수 DIY 캐릭터 큐빅 비즈 지니맘 kc인증,지니맘 큐빅십자수  DIY: 10번 안경토끼 (액자별매)
3059428785,SELLBLOG,AFTER_USE,아이들이 너무좋아해요,2020-12-03T09:07:37.966+0000,STOREFARM,5,어린이 보석십자수 DIY 캐릭터 큐빅 비즈십자수 지니맘,지니맘 큐빅십자수  DIY: 1번 유니콘  (액자 불포함)
3038484789,SELLBLOG,AFTER_USE,"아이가 좋아해서 계속 구매중이에요.
혼자 집중해서 잘해요",2020-11-02T06:11:47.863+0000,STOREFARM,4,어린이 보석십자수 DIY 캐릭터 큐빅 비즈십자수 지니맘,지니맘 큐빅십자수  DIY: 8번 꽃사슴(액자 불포함)
3044376728,SELLBLOG,AFTER_USE,"시간도잘가고
완성해놓음예뻐요",2020-11-11T01:01:24.971+0000,STOREFARM,5,어린이 보석십자수 DIY 캐릭터 큐빅 비즈십자수 지니맘,지니맘 큐빅십자수  DIY: 1번 유니콘  (15cm 20cm)
3045411283,SELLBLOG,NORMAL,거의  열개째사는거 같아요.,2020-11-12T08:05:44.521+0000,STOREFARM,5,어린이 보석십자수 DIY 캐릭터 큐빅 비즈 지니맘 kc인증,지니맘 큐빅십자수  DIY: 8번 꽃사슴 (액자별매)
3054481761,SELLBLOG,AFTER_USE,아기가 혼자서 놀기 적당하네요.어렵지 않아요.,2020-11-25T14:18:56.129+0000,STOREFARM,5,어린이 보석십자수 DIY 캐릭터 큐빅 비즈십자수 지니맘,지니맘 큐빅십자수  DIY: 14번 부엉이 (액자별매)
3034343524,SELLBLOG,NORMAL,"배송이 엄청 빨랐고, 제품도 깔끔하게 잘 도착했습니다.
아직 만들어보진 않았지만... 아이들이 좋아할것 같아요.",2020-10-27T04:38:24.587+0000,STOREFARM,5,어린이 보석십자수 DIY 캐릭터 큐빅 비즈 지니맘 kc인증,지니맘 큐빅십자수  DIY: 14번 부엉이 (액자별매)
3060146143,SELLBLOG,NORMAL,아이들이  좋아하네요~~,2020-12-04T07:48:54.425+0000,STOREFARM,5,어린이 보석십자수 DIY 캐릭터 큐빅 비즈 지니맘 KC인증,지니맘 큐빅십자수  DIY: 3번 분홍사슴 (액자별매)
3021756024,SELLBLOG,NORMAL,"8살 딸과 같이 해보려고 일단 2세트 샀어요..
생각보다 너무 잘하고 재밌어하네요..
큐빅이 반짝거리니까 넘 예쁘대요~^^
가르쳐 줄 것도 없고 넘 잘해서 또 사려구요..^^",2020-10-10T01:01:10.160+0000,STOREFARM,5,어린이 보석십자수 DIY 캐릭터 큐빅 비즈십자수 지니맘,지니맘 큐빅십자수  DIY: 13번 별유니콘 (액자별매)
3021755471,SELLBLOG,NORMAL,"8살 딸과 같이 해보려고 일단 2세트 샀어요..
생각보다 너무 잘하고 재밌어하네요..
큐빅이 반짝거리니까 넘 예쁘대요~^^
가르쳐 줄 것도 없고 넘 잘해서 또 사려구요..^^",2020-10-10T01:00:05.160+0000,STOREFARM,5,어린이 보석십자수 DIY 캐릭터 큐빅 비즈십자수 지니맘,지니맘 큐빅십자수  DIY: 14번 부엉이 (액자별매)
3058852745,SELLBLOG,NORMAL,아이가 너무 좋아하네요,2020-12-02T12:42:00.150+0000,STOREFARM,5,어린이 보석십자수  교회 큐빅 비즈 지니맘 KC인증,지니맘 큐빅십자수  DIY: 13번 별유니콘 (액자별매)
3058852390,SELLBLOG,NORMAL,아이가 아주 좋아합니다,2020-12-02T12:41:34.577+0000,STOREFARM,5,어린이 보석십자수  교회 큐빅 비즈 지니맘 KC인증,지니맘 큐빅십자수  DIY: 14번 부엉이 (액자별매)
3057599979,SELLBLOG,AFTER_USE,너무이뻐요 다른캐릭터도해볼려구요,2020-11-30T17:28:53.584+0000,STOREFARM,4,보석십자수 DIY 캐릭터 큐빅 비즈십자수 지니맘,지니맘 큐빅십자수  DIY: 11번 클로버 (액자별매)
3043160282,SELLBLOG,NORMAL,너무이뻐요~~아이가좋아해요~~~,2020-11-09T04:23:34.432+0000,STOREFARM,5,어린이 보석십자수 DIY 캐릭터 큐빅 비즈 지니맘 kc인증,지니맘 큐빅십자수  DIY: 5번  소녀1 (액자별매)
3037697901,SELLBLOG,NORMAL,큐빅 반짝임이 다른제품보다 이뻐서...아이가 너무 좋아했어요~~~,2020-11-01T01:48:24.027+0000,STOREFARM,5,어린이 보석십자수 DIY 캐릭터 큐빅 비즈 지니맘 kc인증,지니맘 큐빅십자수  DIY: 8번 꽃사슴 (액자별매)
3037126640,SELLBLOG,NORMAL,"포장상태가 아주 마음에 들어요
크리스마스 주제도 나왔으면해요",2020-10-31T02:36:54.761+0000,STOREFARM,5,어린이 보석십자수 DIY 캐릭터 큐빅 비즈 지니맘 kc인증,지니맘 큐빅십자수  DIY: 12번 돌고래 (액자별매)
3057288525,SELLBLOG,NORMAL,아이들이 너무 재밌어하네요,2020-11-30T05:18:50.332+0000,STOREFARM,5,어린이 보석십자수  교회 큐빅 비즈 지니맘 KC인증,지니맘 큐빅십자수  DIY: 7번 사자 (액자별매)
3057288292,SELLBLOG,NORMAL,아이들이 너무 재밌어하네요,2020-11-30T05:18:33.155+0000,STOREFARM,5,어린이 보석십자수  교회 큐빅 비즈 지니맘 KC인증,지니맘 큐빅십자수  DIY: 8번 꽃사슴 (액자별매)
3056809486,SELLBLOG,NORMAL,좋아요 만족합니다 잘 받았습니다,2020-11-29T07:39:01.356+0000,STOREFARM,5,어린이 보석십자수  교회 큐빅 비즈 지니맘 KC인증,지니맘 큐빅십자수  DIY: 1번 유니콘  (액자별매)
3056809295,SELLBLOG,NORMAL,좋아요 만족합니다 잘 받았습니다,2020-11-29T07:38:39.028+0000,STOREFARM,5,어린이 보석십자수  교회 큐빅 비즈 지니맘 KC인증,지니맘 큐빅십자수  DIY: 2번 보라유니콘 (액자별매)
3056809184,SELLBLOG,NORMAL,좋아요 만족합니다 잘 받았습니다,2020-11-29T07:38:23.130+0000,STOREFARM,5,어린이 보석십자수  교회 큐빅 비즈 지니맘 KC인증,지니맘 큐빅십자수  DIY: 13번 별유니콘 (액자별매)
3045574062,SELLBLOG,NORMAL,아이들이 좋아해요.,2020-11-12T11:55:00.125+0000,STOREFARM,3,어린이 보석십자수 DIY 캐릭터 큐빅 비즈 지니맘 kc인증,지니맘 큐빅십자수  DIY: 15번 핑크 유니콘 (액자별매)
3041896941,SELLBLOG,AFTER_USE,딸이 재미있어하며 완성도 뚝딱했어요,2020-11-07T04:09:00.902+0000,STOREFARM,5,어린이 보석십자수 DIY 캐릭터 큐빅 비즈십자수 지니맘,지니맘 큐빅십자수  DIY: 8번 꽃사슴 (15cm 20cm)
3057122305,SELLBLOG,NORMAL,유용하게 잘 쓰고 있습니다,2020-11-30T01:01:23.310+0000,STOREFARM,4,어린이 보석십자수 DIY 캐릭터 큐빅 비즈 지니맘 kc인증,지니맘 큐빅십자수  DIY: 1번 유니콘  (액자별매)
3044519085,SELLBLOG,NORMAL,10살 6살 여자아이들 하려고 샀어요,2020-11-11T05:04:31.667+0000,STOREFARM,5,어린이 보석십자수 DIY 캐릭터 큐빅 비즈 지니맘 kc인증,지니맘 큐빅십자수  DIY: 1번 유니콘  (액자별매)
3039502999,SELLBLOG,NORMAL,잘받았어요. 빨리또 시작해야겠넹ᆢㄷ,2020-11-03T21:29:47.347+0000,STOREFARM,5,어린이 보석십자수 DIY 캐릭터 큐빅 비즈 지니맘 kc인증,지니맘 큐빅십자수  DIY: 11번 클로버 (액자별매)
3044518638,SELLBLOG,NORMAL,10살 6살 여자아이들 하려고 샀어요.,2020-11-11T05:03:51.981+0000,STOREFARM,5,어린이 보석십자수 DIY 캐릭터 큐빅 비즈 지니맘 kc인증,지니맘 큐빅십자수  DIY: 2번 보라유니콘 (액자별매)
3046277638,SELLBLOG,NORMAL,"고민고민하다가 주문했는데 아이들은 사용을 안하네요...
엄마의 취미생활로 하게되었어요 ㅎ
상품도 깨끗하고 질도 좋아요",2020-11-13T10:38:31.411+0000,STOREFARM,5,어린이 보석십자수 DIY 캐릭터 큐빅 비즈십자수 지니맘,지니맘 큐빅십자수  DIY: 14번 부엉이 (액자별매)
3039592585,SELLBLOG,AFTER_USE,"아이들과시간 보내기 너무 좋은 아이템
완성작 이쁨니다",2020-11-04T01:31:21.763+0000,STOREFARM,5,어린이 보석십자수 DIY 캐릭터 큐빅 비즈십자수 지니맘,지니맘 큐빅십자수  DIY: 8번 꽃사슴 (15cm 20cm)
3042085197,SELLBLOG,NORMAL,택배오자마자 집중있게 잘하네요,2020-11-07T08:43:28.398+0000,STOREFARM,5,어린이 보석십자수 DIY 캐릭터 큐빅 비즈 지니맘 kc인증,지니맘 큐빅십자수  DIY: 6번 소녀2 (액자별매)
3055327411,SELLBLOG,NORMAL,아이들이 재미있어하고 완성하고 나면 넘 예뻐요~^^,2020-11-26T23:54:25.361+0000,STOREFARM,5,어린이 보석십자수 DIY 캐릭터 큐빅 비즈 지니맘 kc인증,지니맘 큐빅십자수  DIY: 2번 보라유니콘 (액자별매)
3052425084,SELLBLOG,NORMAL,디자인이 너무 예쁘고 포장도 꼼꼼하게 잘 되어있어서 만족합니다,2020-11-22T17:06:20.311+0000,STOREFARM,5,어린이 보석십자수  교회 큐빅 비즈 지니맘 KC인증,지니맘 큐빅십자수  DIY: 2번 보라유니콘 (액자별매)
3074020907,SELLBLOG,NORMAL,좋아요좋아요좋아요국,2020-12-23T06:16:09.512+0000,STOREFARM,5,어린이 보석십자수 DIY 캐릭터 큐빅 비즈 지니맘 KC인증,지니맘 큐빅십자수  DIY: 12번 돌고래 (액자별매)
3027613375,SELLBLOG,NORMAL,주말에하려고여기저기뒤지다가지니맘에서구입해서만족했다는글들이많아급하게주문했는데딱~!!원하는날짜에받아서너무좋아요~ 아이들과함께해보려고구입했는데모두만족하고있어요^^,2020-10-17T10:03:50.068+0000,STOREFARM,5,어린이 보석십자수 DIY 캐릭터 큐빅 비즈 지니맘,지니맘 큐빅십자수  DIY: 7번 사자 (액자별매)
3052425070,SELLBLOG,NORMAL,디자인이 너무 예쁘고 포장도 꼼꼼하게 잘 되어있어서 만족합니다.,2020-11-22T17:06:11.838+0000,STOREFARM,5,어린이 보석십자수  교회 큐빅 비즈 지니맘 KC인증,지니맘 큐빅십자수  DIY: 13번 별유니콘 (액자별매)
3039502922,SELLBLOG,NORMAL,잘받았어요 요건 안방에,2020-11-03T21:28:53.315+0000,STOREFARM,5,어린이 보석십자수 DIY 캐릭터 큐빅 비즈 지니맘 kc인증,지니맘 큐빅십자수  DIY: 14번 부엉이 (액자별매)
3037125270,SELLBLOG,NORMAL,어렵지않게 자세히 편하게 잘 구분되어 소포장되어 있으며 보석들 넉넉히 들어있어요,2020-10-31T02:34:28.523+0000,STOREFARM,5,어린이 보석십자수 DIY 캐릭터 큐빅 비즈 지니맘 kc인증,지니맘 큐빅십자수  DIY: 13번 별유니콘 (액자별매)
3047908255,SELLBLOG,NORMAL,"딸이랑 즐거운 주말을 위해 구입했습니다.
요즘 같은시기 집콕놀이 딱입니다.",2020-11-16T04:56:05.111+0000,STOREFARM,5,어린이 보석십자수 DIY 캐릭터 큐빅 비즈 지니맘 kc인증,지니맘 큐빅십자수  DIY: 3번 분홍사슴 (액자별매)
3047908105,SELLBLOG,NORMAL,"딸이랑 즐거운 주말을 위해 구입했습니다.
요즘 같은시기 집콕놀이 딱입니다.",2020-11-16T04:55:51.966+0000,STOREFARM,5,어린이 보석십자수 DIY 캐릭터 큐빅 비즈 지니맘 kc인증,지니맘 큐빅십자수  DIY: 14번 부엉이 (액자별매)
3047908020,SELLBLOG,NORMAL,"딸이랑 즐거운 주말을 위해 구입했습니다.
요즘 같은시기 집콕놀이 딱입니다.",2020-11-16T04:55:45.544+0000,STOREFARM,5,어린이 보석십자수 DIY 캐릭터 큐빅 비즈 지니맘 kc인증,지니맘 큐빅십자수  DIY: 13번 별유니콘 (액자별매)
3038066086,SELLBLOG,NORMAL,집에서 만들기 너무 좋네요 결과물도 훌륭해서 아이가 만족스러워해요,2020-11-01T12:44:53.352+0000,STOREFARM,5,어린이 보석십자수 DIY 캐릭터 큐빅 비즈 지니맘 kc인증,지니맘 큐빅십자수  DIY: 12번 돌고래 (액자별매)
3053874934,SELLBLOG,NORMAL,아이가 좋아해요 재미있네요,2020-11-25T01:06:23.710+0000,STOREFARM,4,어린이 보석십자수  교회 큐빅 비즈 지니맘 KC인증,지니맘 큐빅십자수  DIY: 13번 별유니콘 (액자별매)
3051782201,SELLBLOG,AFTER_USE,집중력 짱 이예요~~혼자서도 열심히해요,2020-11-21T13:20:50.997+0000,STOREFARM,4,어린이 보석십자수 DIY 캐릭터 큐빅 비즈십자수 지니맘,지니맘 큐빅십자수  DIY: 1번 유니콘  (액자별매)
3074020702,SELLBLOG,NORMAL,좋아요좋아요좋아요좋이ㅡ요,2020-12-23T06:15:57.963+0000,STOREFARM,5,어린이 보석십자수 DIY 캐릭터 큐빅 비즈 지니맘 KC인증,지니맘 큐빅십자수  DIY: 1번 유니콘  (액자별매)
3050377716,SELLBLOG,NORMAL,빠른배송. 구성도 가격도 좋아서 초등2학년이 잼나게해요,2020-11-19T12:56:57.625+0000,STOREFARM,5,어린이 보석십자수 DIY 캐릭터 큐빅 비즈 지니맘 kc인증,지니맘 큐빅십자수  DIY: 15번 핑크 유니콘 (액자별매)
3053349463,SELLBLOG,NORMAL,하기쉽고 아이들이 정말집중해서 열심히하네요ㅋ,2020-11-24T07:01:19.291+0000,STOREFARM,4,어린이 보석십자수 DIY 캐릭터 큐빅 비즈 지니맘 kc인증,지니맘 큐빅십자수  DIY: 2번 보라유니콘 (액자별매)
3041016285,SELLBLOG,NORMAL,여행지가서 아이들 시키려고 샀어요.,2020-11-06T00:37:11.173+0000,STOREFARM,3,어린이 보석십자수 DIY 캐릭터 큐빅 비즈 지니맘 kc인증,지니맘 큐빅십자수  DIY: 12번 돌고래 (액자별매)
3032536496,SELLBLOG,NORMAL,"배송빠르고 포장상태좋아요
아이들이 좋아합니다
난이도 낮아서 육세 남아도 잘해요",2020-10-24T05:53:08.990+0000,STOREFARM,5,어린이 보석십자수 DIY 캐릭터 큐빅 비즈 지니맘 kc인증,지니맘 큐빅십자수  DIY: 3번 분홍사슴 (액자별매)
3022905847,SELLBLOG,NORMAL,딸이 제가 보석십자수 하는거 보고 하고 싶어하길래 어린이용으로 구매해줬어요. 넘 블링블링 빛나고 예쁘네요~^^ 난이도가 낮아 아이들도 쉽게 할수 있어 좋아요,2020-10-11T11:35:43.968+0000,STOREFARM,5,보석십자수 DIY 캐릭터 큐빅 비즈십자수 지니맘,지니맘 큐빅십자수  DIY: 9번 겨울사슴 (액자별매)
3036459224,SELLBLOG,NORMAL,쉽고 귀여워요 액자에 넣으니 작품같습니디,2020-10-30T02:40:13.712+0000,STOREFARM,3,어린이 보석십자수 DIY 캐릭터 큐빅 비즈 지니맘 kc인증,지니맘 큐빅십자수  DIY: 14번 부엉이 (액자별매)
3056972764,SELLBLOG,AFTER_USE,액자만 있음 좋겠어요~,2020-11-29T13:20:54.911+0000,STOREFARM,5,어린이 보석십자수 DIY 캐릭터 큐빅 비즈 지니맘,지니맘 큐빅십자수  DIY: 1번 유니콘  (액자별매)
3053350302,SELLBLOG,NORMAL,"아이들이재밌어하네요  
하기도 쉽고 좋습니다",2020-11-24T07:02:25.939+0000,STOREFARM,4,어린이 보석십자수 DIY 캐릭터 큐빅 비즈 지니맘 kc인증,지니맘 큐빅십자수  DIY: 1번 유니콘  (액자별매)
3037524896,SELLBLOG,NORMAL,"초1딸이 하고싶대서 사줬어요. 금방하더라구요, 이뻐요",2020-10-31T13:27:26.140+0000,STOREFARM,5,어린이 보석십자수 DIY 캐릭터 큐빅 비즈 지니맘 kc인증,지니맘 큐빅십자수  DIY: 10번 안경토끼 (액자별매)
3073067842,SELLBLOG,NORMAL,좋아요좋아요좋아요좋아요,2020-12-22T05:17:01.552+0000,STOREFARM,5,어린이 보석십자수 DIY 캐릭터 큐빅 비즈 지니맘 KC인증,
3055325177,SELLBLOG,NORMAL,집콕하며 아이들이 하기 좋아요~,2020-11-26T23:48:05.757+0000,STOREFARM,5,어린이 보석십자수 DIY 캐릭터 큐빅 비즈 지니맘 kc인증,지니맘 큐빅십자수  DIY: 15번 핑크 유니콘 (액자별매)
3024643935,SELLBLOG,NORMAL,"부엉이랑 두개 주문했는데 시간이 순삭!
비즈 담아두는 통 외에는 다 좋았어요
통이 선이 있어야 보석비즈가 뒤집어질텐데
평평해서 잘 안 뒤집어 졌구요
보석비즈도 여유롭게 주셔서 부족함없이 완성했네요~",2020-10-13T22:36:15.851+0000,STOREFARM,5,어린이 보석십자수 DIY 캐릭터 큐빅 비즈십자수 지니맘,지니맘 큐빅십자수  DIY: 13번 별유니콘 (15cm 20cm)
3038485480,SELLBLOG,AFTER_USE,아이가 좋아해요. 시간때우기 좋아요,2020-11-02T06:12:49.114+0000,STOREFARM,5,어린이 보석십자수 DIY 캐릭터 큐빅 비즈십자수 지니맘,지니맘 큐빅십자수  DIY: 13번 별유니콘 (15cm 20cm)
3054018981,SELLBLOG,NORMAL,아이들이 간단하게 만들수 있어 좋아요.,2020-11-25T05:01:19.038+0000,STOREFARM,5,어린이 보석십자수 DIY 캐릭터 큐빅 비즈 지니맘 kc인증,지니맘 큐빅십자수  DIY: 3번 분홍사슴 (액자별매)
3048932069,SELLBLOG,NORMAL,아이들이 한참 가지고 노네요 집중력도 키워줄 것 같아요,2020-11-17T14:11:57.444+0000,STOREFARM,5,어린이 보석십자수 DIY 캐릭터 큐빅 비즈 지니맘 kc인증,지니맘 큐빅십자수  DIY: 10번 안경토끼 (액자별매)
3041016909,SELLBLOG,NORMAL,아이들이 고른거라 기대되네요.,2020-11-06T00:38:10.909+0000,STOREFARM,3,어린이 보석십자수 DIY 캐릭터 큐빅 비즈 지니맘 kc인증,지니맘 큐빅십자수  DIY: 9번 겨울사슴 (액자별매)
3050031577,SELLBLOG,NORMAL,"아이가 엄청 좋아하네요.
코로나때 좋은 아이템 같네요",2020-11-19T05:20:48.046+0000,STOREFARM,5,어린이 보석십자수 DIY 캐릭터 큐빅 비즈 지니맘 kc인증,지니맘 큐빅십자수  DIY: 3번 분홍사슴 (액자별매)
3054338405,SELLBLOG,NORMAL,하루종일 집중해서서 하고있네요,2020-11-25T11:32:13.838+0000,STOREFARM,5,어린이 보석십자수  교회 큐빅 비즈 지니맘 KC인증,지니맘 큐빅십자수  DIY: 17번 아기 유니콘 (액자별매)
3039310895,SELLBLOG,NORMAL,예뻐요 아이들이 좋아해요,2020-11-03T12:07:24.773+0000,STOREFARM,5,어린이 보석십자수 DIY 캐릭터 큐빅 비즈 지니맘 kc인증,지니맘 큐빅십자수  DIY: 1번 유니콘  (액자별매)
3027656418,SELLBLOG,NORMAL,"대박 배송이 자고 일어나니 와있어요ㅋ
아이가 하려고 주문한건제 재밌어서 같이 하게 되네요~시간 가는줄 모르고 해요~조만간 또 구매 해야 할듯 합니다ㅎㅎㅎ",2020-10-17T11:14:27.144+0000,STOREFARM,5,어린이 보석십자수 DIY 캐릭터 큐빅 비즈 지니맘,지니맘 큐빅십자수  DIY: 1번 유니콘  (액자별매)
3038847640,SELLBLOG,NORMAL,비즈도 많고  아이가  하기 어렵지않고 좋아요,2020-11-03T01:23:35.702+0000,STOREFARM,5,어린이 보석십자수 DIY 캐릭터 큐빅 비즈 지니맘 kc인증,지니맘 큐빅십자수  DIY: 12번 돌고래 (액자별매)
3029403237,SELLBLOG,NORMAL,9살아이 차분히 앉아서 잘 만들고 어려워하지 않고 잘하네요. 이틀정도 걸린거 같아요. 직접 만들어서 방에 액자로 두니 더 좋아해요^^,2020-10-20T04:19:26.113+0000,STOREFARM,4,어린이 보석십자수 DIY 캐릭터 큐빅 비즈 지니맘,지니맘 큐빅십자수  DIY: 17번 아기 유니콘 (액자별매)
3034781032,SELLBLOG,NORMAL,조카 선물해 주니 넘 좋아해서 친구 언니 딸도 재구매해서 하나더 사주었습니다  많이 파세요,2020-10-27T14:03:50.151+0000,STOREFARM,5,어린이 보석십자수 DIY 캐릭터 큐빅 비즈 지니맘 kc인증,지니맘 큐빅십자수  DIY: 13번 별유니콘 (액자별매)
3029224836,SELLBLOG,NORMAL,"9살 딸아이가 너무 즐겁게 잘하네요.
주위분들께도 엄청 추천중입니다.
세심하게 잘 챙겨보내주셔서 감사해요.
번창하세요❤",2020-10-19T23:39:07.194+0000,STOREFARM,5,어린이 보석십자수 DIY 캐릭터 큐빅 비즈십자수 지니맘,지니맘 큐빅십자수  DIY: 19번 아이스크림 (액자별매)
3039312488,SELLBLOG,NORMAL,사진보다 만들고났을때가 훨씬 예뻐요,2020-11-03T12:09:03.188+0000,STOREFARM,5,어린이 보석십자수 DIY 캐릭터 큐빅 비즈 지니맘 kc인증,지니맘 큐빅십자수  DIY: 6번 소녀2 (액자별매)
3040294979,SELLBLOG,NORMAL,"배송도빠르고좋아요좋아요 
애들이너무좋아해요",2020-11-05T00:50:51.527+0000,STOREFARM,5,어린이 보석십자수 DIY 캐릭터 큐빅 비즈 지니맘 kc인증,지니맘 큐빅십자수  DIY: 19번 아이스크림 (액자별매)
3040294138,SELLBLOG,NORMAL,"배송도빠르고좋아요좋아요 
애들이너무좋아해요",2020-11-05T00:49:30.827+0000,STOREFARM,5,어린이 보석십자수 DIY 캐릭터 큐빅 비즈 지니맘 kc인증,지니맘 큐빅십자수  DIY: 10번 안경토끼 (액자별매)
3041100076,SELLBLOG,AFTER_USE,애들 시간때우기 좋네요,2020-11-06T02:20:30.584+0000,STOREFARM,5,어린이 보석십자수 DIY 캐릭터 큐빅 비즈십자수 지니맘,지니맘 큐빅십자수  DIY: 10번 안경토끼  (15cm 20cm)
3055453456,SELLBLOG,NORMAL,동생들이 좋아하네요,2020-11-27T03:28:27.319+0000,STOREFARM,4,어린이 보석십자수  교회 큐빅 비즈 지니맘 KC인증,지니맘 큐빅십자수  DIY: 18번 파란사슴 (액자별매)
3038493543,SELLBLOG,NORMAL,하나씩 붙혀 만들기 재밌기도하고 힘들기도 하네요,2020-11-02T06:25:23.649+0000,STOREFARM,5,어린이 보석십자수 DIY 캐릭터 큐빅 비즈 지니맘 kc인증,지니맘 큐빅십자수  DIY: 7번 사자 (액자별매)
3034145729,SELLBLOG,AFTER_USE,"초보자 입문용으로 너무 좋아요~👍👍
코팅되어있어 보관하기도 좋아용",2020-10-26T22:44:09.205+0000,STOREFARM,5,어린이 보석십자수 DIY 캐릭터 큐빅 비즈십자수 지니맘,지니맘 큐빅십자수  DIY: 6번 소녀1  (15cm 20cm)
3039502778,SELLBLOG,NORMAL,잘받았어요. 또주문했네요...,2020-11-03T21:27:14.072+0000,STOREFARM,4,어린이 보석십자수 DIY 캐릭터 큐빅 비즈 지니맘 kc인증,지니맘 큐빅십자수  DIY: 9번 겨울사슴 (액자별매)
3054891432,SELLBLOG,NORMAL,재미있어하다가 잘안하네요 ㅋㅋㅋ,2020-11-26T06:48:05.918+0000,STOREFARM,4,어린이 보석십자수 DIY 캐릭터 큐빅 비즈 지니맘 kc인증,지니맘 큐빅십자수  DIY: 2번 보라유니콘 (액자별매)
3055644535,SELLBLOG,AFTER_USE,만들기쉬웟어요 좋어하네요,2020-11-27T07:41:11.238+0000,STOREFARM,5,어린이 보석십자수 DIY 캐릭터 큐빅 비즈십자수 지니맘,지니맘 큐빅십자수  DIY: 1번 유니콘  (15cm 20cm)
3047739721,SELLBLOG,NORMAL,아이가 너무 좋아해요.지금 반쯤 마무리 했는데 블링블링 예쁘네요,2020-11-16T01:26:12.163+0000,STOREFARM,5,어린이 보석십자수 DIY 캐릭터 큐빅 비즈 지니맘 kc인증,지니맘 큐빅십자수  DIY: 13번 별유니콘 (액자별매)
3054891180,SELLBLOG,NORMAL,아이가 재미있어해요,2020-11-26T06:47:45.482+0000,STOREFARM,4,어린이 보석십자수 DIY 캐릭터 큐빅 비즈 지니맘 kc인증,지니맘 큐빅십자수  DIY: 8번 꽃사슴 (액자별매)
3054561689,SELLBLOG,NORMAL,재료가 넉넉히들었어요,2020-11-25T19:25:51.600+0000,STOREFARM,3,어린이 보석십자수 DIY 캐릭터 큐빅 비즈 지니맘 kc인증,지니맘 큐빅십자수  DIY: 6번 소녀2 (액자별매)
3050196607,SELLBLOG,NORMAL,마음에든대요 재구매할게용,2020-11-19T08:51:12.436+0000,STOREFARM,5,어린이 보석십자수 DIY 캐릭터 큐빅 비즈 지니맘 kc인증,지니맘 큐빅십자수  DIY: 1번 유니콘  (액자별매)
3041165746,SELLBLOG,NORMAL,7세아이 혼자서 하기 좋아요~^^,2020-11-06T03:38:36.873+0000,STOREFARM,5,보석십자수 DIY 캐릭터 큐빅 비즈십자수 지니맘,지니맘 큐빅십자수  DIY: 12번 돌고래 (액자별매)
3035901272,SELLBLOG,AFTER_USE,아이랑 하기 좋았어요 집중력에 좋네요,2020-10-29T06:34:06.408+0000,STOREFARM,5,어린이 보석십자수 DIY 캐릭터 큐빅 비즈십자수 지니맘,지니맘 큐빅십자수  DIY: 14번 부엉이 (15cm 20cm)
3053498326,SELLBLOG,AFTER_USE,아이가 좋아해서 다행이예요,2020-11-24T10:20:42.586+0000,STOREFARM,3,어린이 보석십자수 DIY 캐릭터 큐빅 비즈십자수 지니맘,
3051144587,SELLBLOG,NORMAL,싸고 좋아요 배송도 굿,2020-11-20T13:27:41.213+0000,STOREFARM,4,어린이 보석십자수 DIY 캐릭터 큐빅 비즈 지니맘 kc인증,지니맘 큐빅십자수  DIY: 8번 꽃사슴 (액자별매)
3051144469,SELLBLOG,NORMAL,싸고 좋아요 배송도 굿,2020-11-20T13:27:28.304+0000,STOREFARM,4,어린이 보석십자수 DIY 캐릭터 큐빅 비즈 지니맘 kc인증,지니맘 큐빅십자수  DIY: 9번 겨울사슴 (액자별매)
3051144314,SELLBLOG,NORMAL,싸고 좋아요 배송도 굿,2020-11-20T13:27:12.409+0000,STOREFARM,4,어린이 보석십자수 DIY 캐릭터 큐빅 비즈 지니맘 kc인증,지니맘 큐빅십자수  DIY: 3번 분홍사슴 (액자별매)
3039313717,SELLBLOG,NORMAL,포장도 꼼곰하고 너무 예뻐요,2020-11-03T12:10:23.572+0000,STOREFARM,5,어린이 보석십자수 DIY 캐릭터 큐빅 비즈 지니맘 kc인증,지니맘 큐빅십자수  DIY: 15번 핑크 유니콘 (액자별매)
3037125779,SELLBLOG,NORMAL,꼼꼼하게 잘 정리되서 아이들이 하기에 쉬워요,2020-10-31T02:35:24.360+0000,STOREFARM,5,어린이 보석십자수 DIY 캐릭터 큐빅 비즈 지니맘 kc인증,지니맘 큐빅십자수  DIY: 19번 아이스크림 (액자별매)
3027956985,SELLBLOG,NORMAL,무료배송에 제품도 빨리왔고  하고 싶은 그림들이 품절이라 아쉬웠구요.이번주 일요일에 줌으로 다 같이 수업하려구요.,2020-10-18T02:25:31.549+0000,STOREFARM,5,보석십자수 DIY 캐릭터 큐빅 비즈십자수 지니맘,지니맘 큐빅십자수  DIY: 4번 홍학 (액자별매)
3027956817,SELLBLOG,NORMAL,무료배송에 제품도 빨리왔고  하고 싶은 그림들이 품절이라 아쉬웠구요.이번주 일요일에 줌으로 다 같이 수업하려구요.,2020-10-18T02:25:16.220+0000,STOREFARM,5,보석십자수 DIY 캐릭터 큐빅 비즈십자수 지니맘,지니맘 큐빅십자수  DIY: 9번 겨울사슴 (액자별매)
3027956331,SELLBLOG,NORMAL,무료배송에 제품도 빨리왔고  하고 싶은 그림들이 품절이라 아쉬웠구요.이번주 일요일에 줌으로 다 같이 수업하려구요.,2020-10-18T02:24:38.300+0000,STOREFARM,5,보석십자수 DIY 캐릭터 큐빅 비즈십자수 지니맘,지니맘 큐빅십자수  DIY: 16번 여우 (액자별매)
3049580503,SELLBLOG,NORMAL,아이가 쉽게 하기 좋아요..색상도 이쁘네요,2020-11-18T11:58:29.508+0000,STOREFARM,5,어린이 보석십자수 DIY 캐릭터 큐빅 비즈 지니맘 kc인증,지니맘 큐빅십자수  DIY: 9번 겨울사슴 (액자별매)
3052214107,SELLBLOG,NORMAL,배송도 빠른편이고 우리딸이 좋아해요~~,2020-11-22T09:13:02.254+0000,STOREFARM,5,어린이 보석십자수  교회 큐빅 비즈 지니맘 KC인증,지니맘 큐빅십자수  DIY: 13번 별유니콘 (액자별매)
3029611071,SELLBLOG,NORMAL,"초등학생조카 생일선물로 사줬는데 좋아하네요ㅎㅎ
완전 집중하면서 잘만들어요~!!
배송도 빠르고 좋았어요~!!",2020-10-20T08:35:36.320+0000,STOREFARM,5,어린이 보석십자수 DIY 캐릭터 큐빅 비즈십자수 지니맘,지니맘 큐빅십자수  DIY: 8번 꽃사슴(액자 불포함)
3034050211,SELLBLOG,NORMAL,"아이가 너무 좋아해요~~~
제법 집중해서 하는 모습이 좋네요",2020-10-26T13:28:13.616+0000,STOREFARM,5,어린이 보석십자수 DIY 캐릭터 큐빅 비즈십자수 지니맘,지니맘 큐빅십자수  DIY: 13번 별유니콘(액자 불포함)
3051781709,SELLBLOG,AFTER_USE,아이가 집중력도 생기고 좋은것같아요,2020-11-21T13:20:00.236+0000,STOREFARM,4,어린이 보석십자수 DIY 캐릭터 큐빅 비즈십자수 지니맘,지니맘 큐빅십자수  DIY: 14번 부엉이 (액자별매)
3052939615,SELLBLOG,AFTER_USE,아이들이 좋아하니 매번 구입하네요....,2020-11-23T12:24:40.190+0000,STOREFARM,5,어린이 보석십자수 DIY 캐릭터 큐빅 비즈십자수 지니맘,지니맘 큐빅십자수  DIY: 2번 보라유니콘 (액자별매)
3052939430,SELLBLOG,AFTER_USE,아이들이 좋아하니 매번 구입하네요....,2020-11-23T12:24:19.539+0000,STOREFARM,5,어린이 보석십자수 DIY 캐릭터 큐빅 비즈십자수 지니맘,지니맘 큐빅십자수  DIY: 20번 아기유니콘 (액자별매)
3052939293,SELLBLOG,AFTER_USE,아이들이 좋아하니 매번 구입하네요....,2020-11-23T12:24:02.356+0000,STOREFARM,5,어린이 보석십자수 DIY 캐릭터 큐빅 비즈십자수 지니맘,지니맘 큐빅십자수  DIY: 1번 유니콘  (액자별매)
3052939130,SELLBLOG,AFTER_USE,아이들이 좋아하니 매번 구입하네요....,2020-11-23T12:23:43.956+0000,STOREFARM,5,어린이 보석십자수 DIY 캐릭터 큐빅 비즈십자수 지니맘,지니맘 큐빅십자수  DIY: 13번 별유니콘 (액자별매)
3052938974,SELLBLOG,AFTER_USE,아이들이 좋아하니 매번 구입하네요....,2020-11-23T12:23:26.020+0000,STOREFARM,4,어린이 보석십자수 DIY 캐릭터 큐빅 비즈십자수 지니맘,지니맘 큐빅십자수  DIY: 14번 부엉이 (액자별매)
3045120518,SELLBLOG,NORMAL,"구성품 빠짐없이 잘왔어요
7살 여자아이 혼자하기에도 거뜬하게 설명잘되어있네요",2020-11-12T01:11:44.180+0000,STOREFARM,5,어린이 보석십자수 DIY 캐릭터 큐빅 비즈 지니맘 kc인증,지니맘 큐빅십자수  DIY: 11번 클로버 (액자별매)
3069542376,SELLBLOG,NORMAL,굿굿 괜찮아요 좋아요 좋아요,2020-12-17T12:23:15.060+0000,STOREFARM,5,어린이 보석십자수 DIY 캐릭터 큐빅 비즈 지니맘 KC인증,지니맘 큐빅십자수  DIY: 26번 왕관 고양이(액자별매)
3038849418,SELLBLOG,NORMAL,비즈도  풍성하고  아주 예뻐요,2020-11-03T01:26:51.275+0000,STOREFARM,5,어린이 보석십자수 DIY 캐릭터 큐빅 비즈 지니맘 kc인증,지니맘 큐빅십자수  DIY: 11번 클로버 (액자별매)
3038848732,SELLBLOG,NORMAL,비즈도 풍성하고  아주 예뻐요,2020-11-03T01:25:36.892+0000,STOREFARM,5,어린이 보석십자수 DIY 캐릭터 큐빅 비즈 지니맘 kc인증,지니맘 큐빅십자수  DIY: 8번 꽃사슴 (액자별매)
3054482400,SELLBLOG,AFTER_USE,저도 재미있고 쉽네요.,2020-11-25T14:19:50.517+0000,STOREFARM,5,어린이 보석십자수 DIY 캐릭터 큐빅 비즈십자수 지니맘,지니맘 큐빅십자수  DIY: 12번 돌고래 (액자별매)
3035369147,SELLBLOG,NORMAL,7살아이가 잘하네요 빨리완성하고싶대요,2020-10-28T11:06:48.320+0000,STOREFARM,5,어린이 보석십자수 DIY 캐릭터 큐빅 비즈 지니맘 kc인증,지니맘 큐빅십자수  DIY: 11번 클로버 (액자별매)
3035368897,SELLBLOG,NORMAL,7살아이가 잘하네요 빨리완성하고싶대요,2020-10-28T11:06:30.807+0000,STOREFARM,5,어린이 보석십자수 DIY 캐릭터 큐빅 비즈 지니맘 kc인증,지니맘 큐빅십자수  DIY: 6번 소녀2 (액자별매)
3051503637,SELLBLOG,NORMAL,좋아요 아이가 좋아해요 이뻐요,2020-11-21T05:57:42.069+0000,STOREFARM,5,어린이 보석십자수 DIY 캐릭터 큐빅 비즈 지니맘 kc인증,지니맘 큐빅십자수  DIY: 13번 별유니콘 (액자별매)
3051503384,SELLBLOG,NORMAL,좋아요 이뻐요 아이가 좋아해요,2020-11-21T05:57:26.258+0000,STOREFARM,5,어린이 보석십자수 DIY 캐릭터 큐빅 비즈 지니맘 kc인증,지니맘 큐빅십자수  DIY: 1번 유니콘  (액자별매)
3056682489,SELLBLOG,NORMAL,조아요 조아요 조아요,2020-11-29T03:44:20.545+0000,STOREFARM,5,어린이 보석십자수 DIY 캐릭터 큐빅 비즈 지니맘 kc인증,지니맘 큐빅십자수  DIY: 1번 유니콘  (액자별매)
3056682386,SELLBLOG,NORMAL,조아요 조아요 조아요,2020-11-29T03:44:11.262+0000,STOREFARM,5,어린이 보석십자수 DIY 캐릭터 큐빅 비즈 지니맘 kc인증,지니맘 큐빅십자수  DIY: 8번 꽃사슴 (액자별매)
3034051465,SELLBLOG,NORMAL,"아이가 너무 좋아해요
넉넉하게 들어있고 좋네요",2020-10-26T13:30:43.252+0000,STOREFARM,5,어린이 보석십자수 DIY 캐릭터 큐빅 비즈십자수 지니맘,지니맘 큐빅십자수  DIY: 7번 소녀2(액자 불포함)
3073941244,SELLBLOG,NORMAL,^_________^,2020-12-23T04:49:07.557+0000,STOREFARM,3,어린이 보석십자수 DIY 캐릭터 큐빅 비즈 지니맘 KC인증,지니맘 큐빅십자수  DIY: 1번 유니콘  (액자별매)
3068684885,SELLBLOG,NORMAL,괜찮아요 좋아요 굿굿,2020-12-16T12:12:36.103+0000,STOREFARM,4,어린이 보석십자수 DIY 캐릭터 큐빅 비즈 지니맘 KC인증,지니맘 큐빅십자수  DIY: 17번 아기 유니콘 (액자별매)
3073916281,SELLBLOG,NORMAL,^________^,2020-12-23T04:20:29.403+0000,STOREFARM,3,어린이 보석십자수 DIY 캐릭터 큐빅 비즈 지니맘 KC인증,지니맘 큐빅십자수  DIY: 14번 부엉이 (액자별매)
3027954040,SELLBLOG,NORMAL,무료배송에  제품도   빨리왔고  아이들  품앗이 수업하려고 구입했어요.  하고  싶은 그림들이 품절이라 아쉬웠어요.,2020-10-18T02:21:42.316+0000,STOREFARM,5,보석십자수 DIY 캐릭터 큐빅 비즈십자수 지니맘,지니맘 큐빅십자수  DIY: 9번 겨울사슴 (액자별매)
3046843186,SELLBLOG,NORMAL,"제품 잘받았어요^^ 딸아이가 엄청 좋아하네요
번창하세요",2020-11-14T08:38:10.297+0000,STOREFARM,5,어린이 보석십자수 DIY 캐릭터 큐빅 비즈 지니맘 kc인증,지니맘 큐빅십자수  DIY: 8번 꽃사슴 (액자별매)
3038793008,SELLBLOG,NORMAL,조카가 아주만족해합니다!,2020-11-02T22:56:45.891+0000,STOREFARM,4,어린이 보석십자수 DIY 캐릭터 큐빅 비즈 지니맘 kc인증,지니맘 큐빅십자수  DIY: 15번 핑크 유니콘 (액자별매)
3036458744,SELLBLOG,NORMAL,유니콘을 좋아하는데 여긴 유니콘이 많아서 좋습니디,2020-10-30T02:39:35.334+0000,STOREFARM,4,어린이 보석십자수 DIY 캐릭터 큐빅 비즈 지니맘 kc인증,지니맘 큐빅십자수  DIY: 15번 핑크 유니콘 (액자별매)
3027613917,SELLBLOG,NORMAL,아이들꺼위주로그림고르다가이건제가딱~!!맘에들어서바로샀어요~~ 주말동안열심히완성해봐야겠어요^^,2020-10-17T10:04:49.244+0000,STOREFARM,5,어린이 보석십자수 DIY 캐릭터 큐빅 비즈 지니맘,지니맘 큐빅십자수  DIY: 9번 겨울사슴 (액자별매)
3069877356,SELLBLOG,NORMAL,좋아요 좋아요....,2020-12-18T01:40:22.213+0000,STOREFARM,4,어린이 보석십자수 DIY 캐릭터 큐빅 비즈 지니맘 KC인증,지니맘 큐빅십자수  DIY: 25번 뿔 돌고래(액자별매)
3025267485,SELLBLOG,NORMAL,아들이 누나 따라 하는 거보고 자기도 하고 싶다해서 디자인 선택하라했더니 &quot;겨울 사슴&quot;을 고르더라구요~ 저는 마음ㅇㅔ 안들었는데 아들이 이쁘다고 주문 해 달라해서 해줘서 완성하고 액자까지 해서 하니 저도 마음에 듭니다 블링블링 예뻐요^^,2020-10-14T12:35:23.017+0000,STOREFARM,5,보석십자수 DIY 캐릭터 큐빅 비즈십자수 지니맘,지니맘 큐빅십자수  DIY: 9번 겨울사슴 (액자별매)
3026290235,SELLBLOG,AFTER_USE,"아이가 한참 신나게 하더니 잊을만 하면 꺼내와 하고 꺼내와하고 하네요.
붙여놓은 보석십자수 보면서 아이 이뻐 진짜 예뻐 하는데 보는 제가 흐뭇해요 ㅎ",2020-10-15T16:49:42.806+0000,STOREFARM,4,어린이 보석십자수 DIY 캐릭터 큐빅 비즈십자수 지니맘,지니맘 큐빅십자수  DIY: 13번 별유니콘 (15cm 20cm)
3027955190,SELLBLOG,NORMAL,"아이들 품앗이 수업하려고  구입했어요.
무료배송에  제품도 빨리 도착했구요. 일요일에  줌으로  같이 수업하려구요.",2020-10-18T02:23:09.940+0000,STOREFARM,5,보석십자수 DIY 캐릭터 큐빅 비즈십자수 지니맘,지니맘 큐빅십자수  DIY: 10번 안경토끼 (액자별매)
3054925618,SELLBLOG,NORMAL,좋아요좋아요좋아요좋아요좋아요,2020-11-26T07:30:38.375+0000,STOREFARM,4,어린이 보석십자수  교회 큐빅 비즈 지니맘 KC인증,지니맘 큐빅십자수  DIY: 14번 부엉이 (액자별매)
3054925094,SELLBLOG,NORMAL,좋아요좋아요좋아요좋아요좋아요,2020-11-26T07:30:02.798+0000,STOREFARM,4,어린이 보석십자수  교회 큐빅 비즈 지니맘 KC인증,지니맘 큐빅십자수  DIY: 16번 여우 (액자별매)
3054924488,SELLBLOG,NORMAL,좋아요좋아요좋아요좋아요좋아요,2020-11-26T07:29:18.524+0000,STOREFARM,4,어린이 보석십자수  교회 큐빅 비즈 지니맘 KC인증,지니맘 큐빅십자수  DIY: 8번 꽃사슴 (액자별매)
3037526543,SELLBLOG,NORMAL,배송 빠르고 상품도 아주 좋아요,2020-10-31T13:30:33.793+0000,STOREFARM,5,어린이 보석십자수 DIY 캐릭터 큐빅 비즈 지니맘 kc인증,지니맘 큐빅십자수  DIY: 9번 겨울사슴 (액자별매)
3056940895,SELLBLOG,NORMAL,만족합니다~~~~~~,2020-11-29T12:20:37.058+0000,STOREFARM,5,어린이 보석십자수  교회 큐빅 비즈 지니맘 KC인증,지니맘 큐빅십자수  DIY: 1번 유니콘  (액자별매)
3056940182,SELLBLOG,NORMAL,만족합니다~~~~~~,2020-11-29T12:19:19.150+0000,STOREFARM,5,어린이 보석십자수  교회 큐빅 비즈 지니맘 KC인증,지니맘 큐빅십자수  DIY: 19번 아이스크림 (액자별매)
3026605663,SELLBLOG,NORMAL,좋아요아이가학교에서해보니또하고싶다해서찾아보니이렇게예쁜것도많네요우체국택배라 더좋았네요ㅋ,2020-10-16T04:58:29.365+0000,STOREFARM,4,어린이 보석십자수 DIY 캐릭터 큐빅 비즈 지니맘,지니맘 큐빅십자수  DIY: 1번 유니콘  (액자별매)
3038793116,SELLBLOG,NORMAL,조카들이 아주 좋아합니다!!!,2020-11-02T22:57:27.143+0000,STOREFARM,5,어린이 보석십자수 DIY 캐릭터 큐빅 비즈 지니맘 kc인증,지니맘 큐빅십자수  DIY: 8번 꽃사슴 (액자별매)
3045120038,SELLBLOG,NORMAL,"구성품 빠짐없이 잘 왔어요
7살 여자아이 쉽게 잘 할수있어서 좋네요",2020-11-12T01:11:08.006+0000,STOREFARM,5,어린이 보석십자수 DIY 캐릭터 큐빅 비즈 지니맘 kc인증,지니맘 큐빅십자수  DIY: 14번 부엉이 (액자별매)
3047066603,SELLBLOG,NORMAL,초3학년  남자아이가 시켜달라해서 사줬는데 집중력도 키우노 좋네요,2020-11-14T15:37:29.691+0000,STOREFARM,4,어린이 보석십자수 DIY 캐릭터 큐빅 비즈 지니맘 kc인증,지니맘 큐빅십자수  DIY: 15번 핑크 유니콘 (액자별매)
3047066518,SELLBLOG,NORMAL,초3학년  남자아이가 시켜달라해서 사줬는데 집중력도 키우고 좋네요,2020-11-14T15:37:12.874+0000,STOREFARM,4,어린이 보석십자수 DIY 캐릭터 큐빅 비즈 지니맘 kc인증,지니맘 큐빅십자수  DIY: 10번 안경토끼 (액자별매)
3037126153,SELLBLOG,NORMAL,정리가 잘 되어있어서 좋았어요,2020-10-31T02:36:04.439+0000,STOREFARM,5,어린이 보석십자수 DIY 캐릭터 큐빅 비즈 지니맘 kc인증,지니맘 큐빅십자수  DIY: 12번 돌고래 (액자별매)
3050196850,SELLBLOG,NORMAL,마음에든대요 재구매할게요!! ^^,2020-11-19T08:51:30.979+0000,STOREFARM,5,어린이 보석십자수 DIY 캐릭터 큐빅 비즈 지니맘 kc인증,지니맘 큐빅십자수  DIY: 13번 별유니콘 (액자별매)
3036460153,SELLBLOG,NORMAL,화려하지는 않지만 차분해지는 그림,2020-10-30T02:41:24.205+0000,STOREFARM,3,어린이 보석십자수 DIY 캐릭터 큐빅 비즈 지니맘 kc인증,지니맘 큐빅십자수  DIY: 9번 겨울사슴 (액자별매)
3032536844,SELLBLOG,NORMAL,"배송빠르고 포장상태좋아요
아이들이 좋아합니다
난이도 낮아서 육세 남아도 잘해요",2020-10-24T05:53:32.930+0000,STOREFARM,5,어린이 보석십자수 DIY 캐릭터 큐빅 비즈 지니맘 kc인증,지니맘 큐빅십자수  DIY: 7번 사자 (액자별매)
3042129285,SELLBLOG,AFTER_USE,"가격도 착하고 디자인도 이쁘고 
여러모로 만족해요
재구매의사 있습니다~~~^^
액자도 같이살걸 후회중요",2020-11-07T10:02:18.929+0000,STOREFARM,5,어린이 보석십자수 DIY 캐릭터 큐빅 비즈십자수 지니맘,지니맘 큐빅십자수  DIY: 3번 분홍사슴 (15cm 20cm)
3049892384,SELLBLOG,NORMAL,선물용으로 샀는데 좋아할것같네요,2020-11-19T01:51:23.130+0000,STOREFARM,4,어린이 보석십자수 DIY 캐릭터 큐빅 비즈 지니맘 kc인증,지니맘 큐빅십자수  DIY: 3번 분홍사슴 (액자별매)
3049892231,SELLBLOG,NORMAL,선물용으로 샀는데 좋아할것같네요,2020-11-19T01:51:11.140+0000,STOREFARM,4,어린이 보석십자수 DIY 캐릭터 큐빅 비즈 지니맘 kc인증,지니맘 큐빅십자수  DIY: 17번 아기 유니콘 (액자별매)
3049891766,SELLBLOG,NORMAL,선물용으로 샀는데 좋아할것같네요,2020-11-19T01:50:34.435+0000,STOREFARM,4,어린이 보석십자수 DIY 캐릭터 큐빅 비즈 지니맘 kc인증,지니맘 큐빅십자수  DIY: 14번 부엉이 (액자별매)
3042031770,SELLBLOG,NORMAL,꼼꼼히 잘 포장되어 왔어요. 보석도 넉넉해서 아이들이 예쁘게 잘 완성했답니다. 감사합니다.^^,2020-11-07T07:17:26.924+0000,STOREFARM,5,어린이 보석십자수 DIY 캐릭터 큐빅 비즈 지니맘 kc인증,지니맘 큐빅십자수  DIY: 15번 핑크 유니콘 (액자별매)
3052892233,SELLBLOG,NORMAL,물건도 포장도 맘에 들어요 ~~,2020-11-23T10:50:17.273+0000,STOREFARM,5,어린이 보석십자수 DIY 캐릭터 큐빅 비즈 지니맘 kc인증,지니맘 큐빅십자수  DIY: 3번 분홍사슴 (액자별매)
3049900796,SELLBLOG,NORMAL,저는 부엉이가 제일 예쁜 것 같네요,2020-11-19T02:01:26.107+0000,STOREFARM,5,어린이 보석십자수 DIY 캐릭터 큐빅 비즈 지니맘 kc인증,지니맘 큐빅십자수  DIY: 14번 부엉이 (액자별매)
3039168641,SELLBLOG,NORMAL,요즘 보석십자수에 푹 빠져있는 딸아이로 인해 여러번 구입하네요~^^귀엽고 간단히 만들어 책상위에 놓을 수 있어 좋아합니다,2020-11-03T09:11:54.059+0000,STOREFARM,5,어린이 보석십자수 DIY 캐릭터 큐빅 비즈 지니맘 kc인증,지니맘 큐빅십자수  DIY: 19번 아이스크림 (액자별매)
3049991195,SELLBLOG,NORMAL,색깔 포장 디자인 너무 너무 마음에 들어요,2020-11-19T04:22:14.575+0000,STOREFARM,5,어린이 보석십자수 DIY 캐릭터 큐빅 비즈 지니맘 kc인증,지니맘 큐빅십자수  DIY: 14번 부엉이 (액자별매)
3050784766,SELLBLOG,NORMAL,아이들이 매우 만족해합니다.,2020-11-20T05:21:57.403+0000,STOREFARM,5,어린이 보석십자수 DIY 캐릭터 큐빅 비즈 지니맘 kc인증,지니맘 큐빅십자수  DIY: 1번 유니콘  (액자별매)
3030678035,SELLBLOG,NORMAL,애들이 완전 좋아해요 완성하면 액자사서 걸어둔대요,2020-10-21T14:03:11.803+0000,STOREFARM,4,어린이 보석십자수 DIY 캐릭터 큐빅 비즈 지니맘 kc인증,지니맘 큐빅십자수  DIY: 3번 분홍사슴 (액자별매)
3030677798,SELLBLOG,NORMAL,애들이 완전 좋아해요 완성하면 액자사서 걸어둔대요,2020-10-21T14:02:52.127+0000,STOREFARM,4,어린이 보석십자수 DIY 캐릭터 큐빅 비즈 지니맘 kc인증,지니맘 큐빅십자수  DIY: 1번 유니콘  (액자별매)
3047742699,SELLBLOG,NORMAL,좋아요 ㅎㅎ 감사합니다 또 구매할께요,2020-11-16T01:29:29.517+0000,STOREFARM,5,어린이 보석십자수 DIY 캐릭터 큐빅 비즈 지니맘 kc인증,지니맘 큐빅십자수  DIY: 12번 돌고래 (액자별매)
3047742568,SELLBLOG,NORMAL,좋아요 ㅎㅎ 감사합니다 또 구매할께요,2020-11-16T01:29:19.040+0000,STOREFARM,5,어린이 보석십자수 DIY 캐릭터 큐빅 비즈 지니맘 kc인증,지니맘 큐빅십자수  DIY: 17번 아기 유니콘 (액자별매)
3047742457,SELLBLOG,NORMAL,좋아요 ㅎㅎ 감사합니다 또 구매할께요,2020-11-16T01:29:11.052+0000,STOREFARM,5,어린이 보석십자수 DIY 캐릭터 큐빅 비즈 지니맘 kc인증,지니맘 큐빅십자수  DIY: 1번 유니콘  (액자별매)
3035963693,SELLBLOG,NORMAL,어른인 제가하려고 구입했어요,2020-10-29T07:57:50.354+0000,STOREFARM,5,어린이 보석십자수 DIY 캐릭터 큐빅 비즈 지니맘 kc인증,지니맘 큐빅십자수  DIY: 18번 파란사슴 (액자별매)
3026604880,SELLBLOG,NORMAL,잘받았어요배송이우체국이라그담날무조건받는거알기에ㅋ아이가너무좋아했어요,2020-10-16T04:57:32.511+0000,STOREFARM,4,어린이 보석십자수 DIY 캐릭터 큐빅 비즈 지니맘,지니맘 큐빅십자수  DIY: 10번 안경토끼 (액자별매)
3039818136,SELLBLOG,NORMAL,"완전 작은사이즈가  아니라 할머니가 하기에도 좋네요. 무료함을 없애고자 시켜드렸는데
재미있다시며 좋아하시네요~",2020-11-04T07:29:09.123+0000,STOREFARM,5,어린이 보석십자수 DIY 캐릭터 큐빅 비즈 지니맘 kc인증,지니맘 큐빅십자수  DIY: 3번 분홍사슴 (액자별매)
3033058929,SELLBLOG,NORMAL,집중력 향상에ㅜ좋은거 같아요,2020-10-25T03:28:25.644+0000,STOREFARM,4,어린이 보석십자수 DIY 캐릭터 큐빅 비즈 지니맘 kc인증,지니맘 큐빅십자수  DIY: 2번 보라유니콘 (액자별매)
3035964112,SELLBLOG,NORMAL,어른인제가하려고 구입했어요,2020-10-29T07:58:21.816+0000,STOREFARM,4,어린이 보석십자수 DIY 캐릭터 큐빅 비즈 지니맘 kc인증,지니맘 큐빅십자수  DIY: 1번 유니콘  (액자별매)
3045231066,SELLBLOG,NORMAL,아이들이 너무 좋아하네요.물건하자도 없어요,2020-11-12T03:55:42.802+0000,STOREFARM,5,보석십자수 DIY 캐릭터 큐빅 비즈십자수 지니맘,지니맘 큐빅십자수  DIY: 11번 클로버 (액자별매)
3049683460,SELLBLOG,NORMAL,우리어린이 너무 조아하니요,2020-11-18T14:04:48.021+0000,STOREFARM,5,어린이 보석십자수 DIY 캐릭터 큐빅 비즈 지니맘 kc인증,지니맘 큐빅십자수  DIY: 17번 아기 유니콘 (액자별매)
3036460793,SELLBLOG,NORMAL,색상이 화려하고 예뻐요,2020-10-30T02:42:10.502+0000,STOREFARM,4,어린이 보석십자수 DIY 캐릭터 큐빅 비즈 지니맘 kc인증,지니맘 큐빅십자수  DIY: 8번 꽃사슴 (액자별매)
3031870710,SELLBLOG,NORMAL,아이가 좋아해요 시간 떼우기 용,2020-10-23T06:28:04.649+0000,STOREFARM,5,어린이 보석십자수 DIY 캐릭터 큐빅 비즈십자수 지니맘,지니맘 큐빅십자수  DIY: 20번 아기유니콘 (액자별매)
3036461287,SELLBLOG,NORMAL,발랄하고 귀여워서 만족,2020-10-30T02:42:44.435+0000,STOREFARM,4,어린이 보석십자수 DIY 캐릭터 큐빅 비즈 지니맘 kc인증,지니맘 큐빅십자수  DIY: 1번 유니콘  (액자별매)
3046330538,SELLBLOG,AFTER_USE,너무 좋아해요  두개째 구매,2020-11-13T12:05:43.555+0000,STOREFARM,5,어린이 보석십자수 DIY 캐릭터 큐빅 비즈십자수 지니맘,지니맘 큐빅십자수  DIY: 17번 핑크유니콘 (액자별매)
3036458168,SELLBLOG,NORMAL,색이 다양하고 예뻐요,2020-10-30T02:38:48.503+0000,STOREFARM,4,어린이 보석십자수 DIY 캐릭터 큐빅 비즈 지니맘 kc인증,지니맘 큐빅십자수  DIY: 16번 여우 (액자별매)
3046273838,SELLBLOG,NORMAL,"안전하고 빠르게 도착 했습니다.
꼼꼼한 포장이 마음에 듭니다.",2020-11-13T10:32:20.268+0000,STOREFARM,5,어린이 보석십자수 DIY 캐릭터 큐빅 비즈 지니맘 kc인증,지니맘 큐빅십자수  DIY: 12번 돌고래 (액자별매)
3043570361,SELLBLOG,AFTER_USE,"이쁘네요
딸램이랑  했어요
다음에 재구매 의사있어요",2020-11-09T22:47:11.829+0000,STOREFARM,5,어린이 보석십자수 DIY 캐릭터 큐빅 비즈십자수 지니맘,지니맘 큐빅십자수  DIY: 13번 별유니콘 (액자별매)
3050377948,SELLBLOG,NORMAL,가성비. 배송 엄청좋아요,2020-11-19T12:57:15.081+0000,STOREFARM,5,어린이 보석십자수 DIY 캐릭터 큐빅 비즈 지니맘 kc인증,지니맘 큐빅십자수  DIY: 4번 홍학 (액자별매)
3027616113,SELLBLOG,NORMAL,"꼼꼼한포장과빠른배송에만족하구요~~
완성해서얼른방을꾸미고싶어요",2020-10-17T10:08:40.130+0000,STOREFARM,5,어린이 보석십자수 DIY 캐릭터 큐빅 비즈 지니맘,지니맘 큐빅십자수  DIY: 14번 부엉이 (액자별매)
3036457554,SELLBLOG,NORMAL,아이들이 좋아합니다,2020-10-30T02:37:56.335+0000,STOREFARM,4,어린이 보석십자수 DIY 캐릭터 큐빅 비즈 지니맘 kc인증,지니맘 큐빅십자수  DIY: 17번 아기 유니콘 (액자별매)
3031683350,SELLBLOG,NORMAL,아이가 좋아해요 시간가는줄 몰라요,2020-10-23T02:41:30.529+0000,STOREFARM,4,어린이 보석십자수 DIY 캐릭터 큐빅 비즈 지니맘 kc인증,지니맘 큐빅십자수  DIY: 1번 유니콘  (액자별매)
3049683215,SELLBLOG,NORMAL,우리어린이 십취햇네요,2020-11-18T14:04:29.631+0000,STOREFARM,5,어린이 보석십자수 DIY 캐릭터 큐빅 비즈 지니맘 kc인증,지니맘 큐빅십자수  DIY: 11번 클로버 (액자별매)
3021095678,SELLBLOG,NORMAL,"6살아이가 하기엔 배경까지해야해서 시간이 좀 걸릴것같아요~
그래도 큰 비즈도 있어서 그나마 괜찮네요 ㅎㅎ 그래서 더 예뻐보이기도해요~~
아이기 좋아하네요 ㅎㅎ",2020-10-08T22:01:53.411+0000,STOREFARM,4,어린이 보석십자수 DIY 캐릭터 큐빅 비즈십자수 지니맘,지니맘 큐빅십자수  DIY: 20번 아기유니콘 (액자별매)
3049900950,SELLBLOG,NORMAL,부엉이만큼 예쁩니다,2020-11-19T02:01:38.442+0000,STOREFARM,5,어린이 보석십자수 DIY 캐릭터 큐빅 비즈 지니맘 kc인증,지니맘 큐빅십자수  DIY: 13번 별유니콘 (액자별매)
3017495173,SELLBLOG,NORMAL,"불량 큐빅이 몇개 들었는데
좀 더 여유있게 들어있어서 잘했어요~
완성해놓으니 더 예쁘네요
액자를 사야되나 고민입니다^^
7세10세 잘했어요~
단 7세는 통에 부을때, 남은 큐빅 다시봉지에 담을때 좀 쏟아서 도와주다보니 제가 좀 힘들었네요 계속 옆에 앉아있어야되서^^;;",2020-10-01T06:58:13.989+0000,STOREFARM,5,어린이 보석십자수 DIY 캐릭터 큐빅 비즈십자수 지니맘,지니맘 큐빅십자수  DIY: 20번 아기유니콘 (15cm 20cm)
3032814998,SELLBLOG,NORMAL,유니콘과 화이트 액자 주문 아이가 좋아해요,2020-10-24T13:18:18.687+0000,STOREFARM,4,어린이 보석십자수 DIY 캐릭터 큐빅 비즈 지니맘 kc인증,지니맘 큐빅십자수  DIY: 1번 유니콘  (액자별매)
3049900622,SELLBLOG,NORMAL,"예쁘네요, 만족합니다",2020-11-19T02:01:13.920+0000,STOREFARM,5,어린이 보석십자수 DIY 캐릭터 큐빅 비즈 지니맘 kc인증,지니맘 큐빅십자수  DIY: 15번 핑크 유니콘 (액자별매)
3029612134,SELLBLOG,NORMAL,"조카선물로 샀는데 이뿌게 잘만드네요
담에 또 다른 그림으로 사줘야겠어요~!!",2020-10-20T08:37:00.216+0000,STOREFARM,5,어린이 보석십자수 DIY 캐릭터 큐빅 비즈십자수 지니맘,지니맘 큐빅십자수  DIY: 13번 별유니콘(액자 불포함)
3049334907,SELLBLOG,NORMAL,아이들이 좋아라 합니다.,2020-11-18T06:55:44.263+0000,STOREFARM,5,어린이 보석십자수 DIY 캐릭터 큐빅 비즈 지니맘 kc인증,지니맘 큐빅십자수  DIY: 19번 아이스크림 (액자별매)
3027615017,SELLBLOG,NORMAL,리뷰에올라온완성작보다가생각외로맘에들어서바로픽~!!했어요,2020-10-17T10:06:44.770+0000,STOREFARM,5,어린이 보석십자수 DIY 캐릭터 큐빅 비즈 지니맘,지니맘 큐빅십자수  DIY: 3번 분홍사슴 (액자별매)
3026471073,SELLBLOG,NORMAL,"집콕 시간이 많은 아이들 놀이를 찾다가 집중력 향상을 위해 구매했습니다 작은 사이즈라 10살,6살 딸 아이도 곧잘합니다^^",2020-10-16T02:21:46.100+0000,STOREFARM,5,보석십자수 DIY 캐릭터 큐빅 비즈십자수 지니맘,지니맘 큐빅십자수  DIY: 5번  반짝이 사슴 (액자별매)
3026470596,SELLBLOG,NORMAL,"집콕 시간이 많은 아이들 놀이를 찾다가 집중력 향상을 위해 구매했습니다 작은 사이즈라 10살,6살 딸 아이도 곧잘합니다^^",2020-10-16T02:21:11.075+0000,STOREFARM,5,보석십자수 DIY 캐릭터 큐빅 비즈십자수 지니맘,지니맘 큐빅십자수  DIY: 3번 분홍사슴 (액자별매)
3016744694,SELLBLOG,NORMAL,"벌써 세 번째 주문입니다~ 두번째까지는 아이아빠가 주문하고 이번엔 제가 주문했어요^^ 다음달에 이사하는데, 이사가기전에 딸아이가 친구들에게 선물주고싶다고 만들어서 주고있어요. 선물받는 친구도 엄청 감동받아요^^ 친구랑 같은거 만들어서 서로 간직하려고 똑같은거 만들었어요.
조만간 또 주문할게요^^",2020-09-29T03:04:59.640+0000,STOREFARM,5,어린이 보석십자수 DIY 캐릭터 큐빅 비즈십자수 지니맘,지니맘 큐빅십자수  DIY: 20번 아기유니콘(액자 불포함)
3043039220,SELLBLOG,NORMAL,아이가 좋아해요. 집중해서 잘 하네요. 디자인도 굿!,2020-11-09T02:03:41.900+0000,STOREFARM,5,보석십자수 DIY 캐릭터 큐빅 비즈십자수 지니맘,지니맘 큐빅십자수  DIY: 16번 여우 (액자별매)
3029358955,SELLBLOG,NORMAL,"초2 여아 생일선물로 구입했어요.
맘에들길",2020-10-20T03:17:52.175+0000,STOREFARM,5,어린이 보석십자수 DIY 캐릭터 큐빅 비즈 지니맘 kc인증,지니맘 큐빅십자수  DIY: 14번 부엉이 (액자별매)
3027062734,SELLBLOG,NORMAL,"배송도 빠르게 왓어요
아직 사용전라 사용후 다시 리뷰 남기겠습니다",2020-10-16T14:07:27.408+0000,STOREFARM,5,어린이 보석십자수 DIY 캐릭터 큐빅 비즈 지니맘,지니맘 큐빅십자수  DIY: 12번 돌고래 (액자별매)
3027062516,SELLBLOG,NORMAL,"배송도 빠르게 왓어요
아직 사용전라 사용후 다시 리뷰 남기겠습니다",2020-10-16T14:07:07.390+0000,STOREFARM,5,어린이 보석십자수 DIY 캐릭터 큐빅 비즈 지니맘,지니맘 큐빅십자수  DIY: 3번 분홍사슴 (액자별매)
3027062296,SELLBLOG,NORMAL,"배송도 빠르게 왓어요
아직 사용전라 사용후 다시 리뷰 남기겠습니다",2020-10-16T14:06:47.746+0000,STOREFARM,5,어린이 보석십자수 DIY 캐릭터 큐빅 비즈 지니맘,지니맘 큐빅십자수  DIY: 2번 보라유니콘 (액자별매)
3047803735,SELLBLOG,NORMAL,배송도 빠르고 만족스럽습니다.,2020-11-16T02:44:47.963+0000,STOREFARM,5,어린이 보석십자수 DIY 캐릭터 큐빅 비즈 지니맘 kc인증,지니맘 큐빅십자수  DIY: 8번 꽃사슴 (액자별매)
3049334730,SELLBLOG,NORMAL,빠른 배송 감사합니다.,2020-11-18T06:55:33.085+0000,STOREFARM,5,어린이 보석십자수 DIY 캐릭터 큐빅 비즈 지니맘 kc인증,지니맘 큐빅십자수  DIY: 12번 돌고래 (액자별매)
3042085740,SELLBLOG,NORMAL,아이들 집중력에좋고요 오자마자 욜심히하네요,2020-11-07T08:44:20.370+0000,STOREFARM,5,어린이 보석십자수 DIY 캐릭터 큐빅 비즈 지니맘 kc인증,지니맘 큐빅십자수  DIY: 8번 꽃사슴 (액자별매)
3028369215,SELLBLOG,AFTER_USE,"집콕놀이로 너무좋아요
비즈도 반짝거리고이쁘네요",2020-10-18T13:32:01.574+0000,STOREFARM,5,어린이 보석십자수 DIY 캐릭터 큐빅 비즈십자수 지니맘,지니맘 큐빅십자수  DIY: 7번 소녀2  (15cm 20cm)
3041636009,SELLBLOG,NORMAL,"너무 이뻐요
딸아이와 즐거운시간 보내고 있어요
액자까지 구매했더니 작품전시까지 좋아요

다하고 추가구매하려구요",2020-11-06T14:21:58.513+0000,STOREFARM,5,어린이 보석십자수 DIY 캐릭터 큐빅 비즈 지니맘 kc인증,지니맘 큐빅십자수  DIY: 1번 유니콘  (액자별매)
3027339410,SELLBLOG,NORMAL,"9살딸 3일만에 완성했어요
너무이뿌네요
더큰사이즈 해보고싶다네요^^",2020-10-17T04:00:45.565+0000,STOREFARM,5,보석십자수 DIY 캐릭터 큐빅 비즈십자수 지니맘,지니맘 큐빅십자수  DIY: 3번 분홍사슴 (액자별매)
3027083842,SELLBLOG,NORMAL,요즘 대세 보석십자수..아이가 넘 좋아해요~배송도 빠르네요!,2020-10-16T14:44:11.791+0000,STOREFARM,5,어린이 보석십자수 DIY 캐릭터 큐빅 비즈 지니맘,지니맘 큐빅십자수  DIY: 15번 핑크 유니콘 (액자별매)
3033059221,SELLBLOG,NORMAL,여러개를 한꺼번에 구매했어요,2020-10-25T03:28:52.895+0000,STOREFARM,4,어린이 보석십자수 DIY 캐릭터 큐빅 비즈 지니맘 kc인증,지니맘 큐빅십자수  DIY: 17번 아기 유니콘 (액자별매)
3033057983,SELLBLOG,NORMAL,딸이 너무 좋아해요 감사합니다,2020-10-25T03:26:57.431+0000,STOREFARM,4,어린이 보석십자수 DIY 캐릭터 큐빅 비즈 지니맘 kc인증,지니맘 큐빅십자수  DIY: 5번  소녀1 (액자별매)
3027615485,SELLBLOG,NORMAL,꼼꼼한포장과재료들이너무맘에들어요~~^^,2020-10-17T10:07:35.417+0000,STOREFARM,5,어린이 보석십자수 DIY 캐릭터 큐빅 비즈 지니맘,지니맘 큐빅십자수  DIY: 13번 별유니콘 (액자별매)
3043241036,SELLBLOG,AFTER_USE,"재미있게 잘했어요
금방 해버려서 아쉬워요",2020-11-09T06:13:31.271+0000,STOREFARM,4,어린이 보석십자수 DIY 캐릭터 큐빅 비즈십자수 지니맘,지니맘 큐빅십자수  DIY: 14번 부엉이 (15cm 20cm)
3029359330,SELLBLOG,NORMAL,"코팅이 되어있어 넘좋네요~
이뻐용",2020-10-20T03:18:30.420+0000,STOREFARM,5,어린이 보석십자수 DIY 캐릭터 큐빅 비즈 지니맘 kc인증,지니맘 큐빅십자수  DIY: 8번 꽃사슴 (액자별매)
3022847420,SELLBLOG,NORMAL,큐빅이 크기가 다양하고 예뻐서 아이들이 지루해하지 않고 좋아합니다. 인테리어 효과도 있네요~^^,2020-10-11T09:56:34.797+0000,STOREFARM,5,어린이 보석십자수 DIY 캐릭터 큐빅 비즈십자수 지니맘,지니맘 큐빅십자수  DIY: 9번 겨울사슴 (액자별매)
3044618544,SELLBLOG,NORMAL,즐겁게 하고 있어요~~  만족합니다~!!,2020-11-11T07:20:43.758+0000,STOREFARM,5,어린이 보석십자수 DIY 캐릭터 큐빅 비즈 지니맘 kc인증,지니맘 큐빅십자수  DIY: 12번 돌고래 (액자별매)
3029358548,SELLBLOG,NORMAL,"배송엄청빠르구요~ 
포장도 꼼꼼하고 좋아요~",2020-10-20T03:17:11.679+0000,STOREFARM,5,어린이 보석십자수 DIY 캐릭터 큐빅 비즈 지니맘 kc인증,지니맘 큐빅십자수  DIY: 9번 겨울사슴 (액자별매)
3024976643,SELLBLOG,NORMAL,"Cj택배라서 살짝걱정은 했지만
무사히 잘왔어여ㅎㅎㅎ
오자마자 바로 하고있습니다ㅋㅋ",2020-10-14T07:03:01.737+0000,STOREFARM,5,보석십자수 DIY 캐릭터 큐빅 비즈십자수 지니맘,지니맘 큐빅십자수  DIY: 11번 클로버 (액자별매)
3029599193,SELLBLOG,NORMAL,배송이엄청빠르네요 ㅎㅎ슈고허세용!,2020-10-20T08:20:10.572+0000,STOREFARM,4,어린이 보석십자수 DIY 캐릭터 큐빅 비즈 지니맘 kc인증,지니맘 큐빅십자수  DIY: 9번 겨울사슴 (액자별매)
3046594982,SELLBLOG,NORMAL,이쁘고 좋은데 액자포함인줄 알았네여~~^^,2020-11-14T02:38:09.971+0000,STOREFARM,4,어린이 보석십자수 DIY 캐릭터 큐빅 비즈 지니맘,지니맘 큐빅십자수  DIY: 14번 부엉이 (액자별매)
3027614419,SELLBLOG,NORMAL,큰아들화려하고예쁜걸좋아하는게역시나~주문한것중이걸제일먼저고르네요ㅎ,2020-10-17T10:05:41.600+0000,STOREFARM,5,어린이 보석십자수 DIY 캐릭터 큐빅 비즈 지니맘,지니맘 큐빅십자수  DIY: 2번 보라유니콘 (액자별매)
3031516093,SELLBLOG,NORMAL,조카가 넘 좋아해 조카친구꺼 선물로 또샀네요,2020-10-22T17:12:49.665+0000,STOREFARM,5,어린이 보석십자수 DIY 캐릭터 큐빅 비즈 지니맘 kc인증,지니맘 큐빅십자수  DIY: 1번 유니콘  (액자별매)
3035367723,SELLBLOG,NORMAL,7살아이가 잘하네요.,2020-10-28T11:05:04.370+0000,STOREFARM,5,어린이 보석십자수 DIY 캐릭터 큐빅 비즈 지니맘 kc인증,지니맘 큐빅십자수  DIY: 1번 유니콘  (액자별매)
3032688287,SELLBLOG,AFTER_USE,집중해서하고 다 하면 뿌듯하다,2020-10-24T09:34:21.647+0000,STOREFARM,5,어린이 보석십자수 DIY 캐릭터 큐빅 비즈십자수 지니맘,지니맘 큐빅십자수  DIY: 2번 보라유니콘  (15cm 20cm)
3033060294,SELLBLOG,NORMAL,대만족 합니다 맘에들어요,2020-10-25T03:30:29.075+0000,STOREFARM,4,어린이 보석십자수 DIY 캐릭터 큐빅 비즈 지니맘 kc인증,지니맘 큐빅십자수  DIY: 1번 유니콘  (액자별매)
3033061828,SELLBLOG,NORMAL,시간가는 줄 모르고 하네요,2020-10-25T03:32:44.794+0000,STOREFARM,4,어린이 보석십자수 DIY 캐릭터 큐빅 비즈 지니맘 kc인증,지니맘 큐빅십자수  DIY: 14번 부엉이 (액자별매)
3045792283,SELLBLOG,NORMAL,아이들이 재미있게.잘합니다 좋아용,2020-11-12T23:51:33.111+0000,STOREFARM,4,어린이 보석십자수 DIY 캐릭터 큐빅 비즈 지니맘 kc인증,지니맘 큐빅십자수  DIY: 12번 돌고래 (액자별매)
3047183889,SELLBLOG,NORMAL,아이들이 너무 좋아하네요.,2020-11-15T01:57:19.595+0000,STOREFARM,5,어린이 보석십자수 DIY 캐릭터 큐빅 비즈 지니맘 kc인증,지니맘 큐빅십자수  DIY: 2번 보라유니콘 (액자별매)
3029599589,SELLBLOG,NORMAL,배송이엄청빠르네요 ㅎㅎ 수고하세요~!!,2020-10-20T08:20:38.847+0000,STOREFARM,4,어린이 보석십자수 DIY 캐릭터 큐빅 비즈 지니맘 kc인증,지니맘 큐빅십자수  DIY: 2번 보라유니콘 (액자별매)
3033667025,SELLBLOG,NORMAL,너무 이뻐요 좋습니당,2020-10-26T03:13:43.943+0000,STOREFARM,5,어린이 보석십자수 DIY 캐릭터 큐빅 비즈 지니맘 kc인증,지니맘 큐빅십자수  DIY: 1번 유니콘  (액자별매)
3036630631,SELLBLOG,NORMAL,"제가 큐빅십자수하는걸보고 애기도 하고싶어하길래주문했어요^^
포장상태도 깔끔하고 배송도빠르고 좋아요",2020-10-30T06:18:58.745+0000,STOREFARM,5,어린이 보석십자수 DIY 캐릭터 큐빅 비즈 지니맘 kc인증,지니맘 큐빅십자수  DIY: 17번 아기 유니콘 (액자별매)
3023825091,SELLBLOG,NORMAL,아이가 너무 좋아해서 재구매했어요. 근데 이번에는 배송이 좀 오래걸렸네요.,2020-10-13T00:24:06.155+0000,STOREFARM,5,어린이 보석십자수 DIY 캐릭터 큐빅 비즈십자수 지니맘,지니맘 큐빅십자수  DIY: 8번 꽃사슴 (액자별매)
3047804105,SELLBLOG,NORMAL,배송빠르고 좋습니다.,2020-11-16T02:45:14.426+0000,STOREFARM,5,어린이 보석십자수 DIY 캐릭터 큐빅 비즈 지니맘 kc인증,지니맘 큐빅십자수  DIY: 14번 부엉이 (액자별매)
3047804051,SELLBLOG,NORMAL,배송빠르고 좋습니다.,2020-11-16T02:45:10.741+0000,STOREFARM,5,어린이 보석십자수 DIY 캐릭터 큐빅 비즈 지니맘 kc인증,지니맘 큐빅십자수  DIY: 17번 아기 유니콘 (액자별매)
3047803965,SELLBLOG,NORMAL,배송빠르고 좋습니다.,2020-11-16T02:45:04.149+0000,STOREFARM,5,어린이 보석십자수 DIY 캐릭터 큐빅 비즈 지니맘 kc인증,지니맘 큐빅십자수  DIY: 4번 홍학 (액자별매)
3046558286,SELLBLOG,NORMAL,빨리 보내주셔서 감사해요,2020-11-14T01:42:51.021+0000,STOREFARM,5,어린이 보석십자수 DIY 캐릭터 큐빅 비즈 지니맘 kc인증,지니맘 큐빅십자수  DIY: 15번 핑크 유니콘 (액자별매)
3046556250,SELLBLOG,AFTER_USE,아이가 정말 재밌게 했어요,2020-11-14T01:39:36.453+0000,STOREFARM,5,어린이 보석십자수 DIY 캐릭터 큐빅 비즈십자수 지니맘,지니맘 큐빅십자수  DIY: 12번 돌고래 (액자별매)
3027228674,SELLBLOG,NORMAL,아이가 너무 좋아해요 저도 같이 해서 완성했네요ㅋㅋ,2020-10-17T01:25:19.253+0000,STOREFARM,5,보석십자수 DIY 캐릭터 큐빅 비즈십자수 지니맘,지니맘 큐빅십자수  DIY: 3번 분홍사슴 (액자별매)
3027228415,SELLBLOG,NORMAL,아이가 너무 좋아해요 저도 같이 해서 완성했네요ㅋㅋ,2020-10-17T01:24:49.660+0000,STOREFARM,5,보석십자수 DIY 캐릭터 큐빅 비즈십자수 지니맘,지니맘 큐빅십자수  DIY: 12번 돌고래 (액자별매)
3033058411,SELLBLOG,NORMAL,딸아이가 너무 좋아해요,2020-10-25T03:27:36.752+0000,STOREFARM,4,어린이 보석십자수 DIY 캐릭터 큐빅 비즈 지니맘 kc인증,지니맘 큐빅십자수  DIY: 13번 별유니콘 (액자별매)
3043037822,SELLBLOG,NORMAL,아이가 좋아하네요. 집중해서 잘 해요.,2020-11-09T02:02:12.444+0000,STOREFARM,5,보석십자수 DIY 캐릭터 큐빅 비즈십자수 지니맘,지니맘 큐빅십자수  DIY: 7번 소녀2 (액자별매)
3027951696,SELLBLOG,AFTER_USE,완성시켜서 액자에 넣었어요. 이쁩니다~^^,2020-10-18T02:18:39.361+0000,STOREFARM,5,어린이 보석십자수 DIY 캐릭터 큐빅 비즈십자수 지니맘,지니맘 큐빅십자수  DIY: 1번 유니콘  (15cm 20cm)
3045351534,SELLBLOG,AFTER_USE,아이가 하기 어렵지않고 좋아요,2020-11-12T06:49:10.386+0000,STOREFARM,4,어린이 보석십자수 DIY 캐릭터 큐빅 비즈십자수 지니맘,지니맘 큐빅십자수  DIY: 14번 부엉이 (액자별매)
3043038295,SELLBLOG,NORMAL,아이가 좋아해요. 집중해서 잘 해요.,2020-11-09T02:02:41.125+0000,STOREFARM,5,보석십자수 DIY 캐릭터 큐빅 비즈십자수 지니맘,지니맘 큐빅십자수  DIY: 8번 꽃사슴 (액자별매)
3049900429,SELLBLOG,NORMAL,마음에 듭니다....,2020-11-19T02:01:01.059+0000,STOREFARM,5,어린이 보석십자수 DIY 캐릭터 큐빅 비즈 지니맘 kc인증,지니맘 큐빅십자수  DIY: 5번  소녀1 (액자별매)
3022020729,SELLBLOG,NORMAL,"아이가 보자마자 앉아서 집중하며 완성하네요 
비즈도 넉넉하게 들어있고 좋습니다",2020-10-10T06:51:51.164+0000,STOREFARM,5,어린이 보석십자수 DIY 캐릭터 큐빅 비즈십자수 지니맘,지니맘 큐빅십자수  DIY: 13번 별유니콘(액자 불포함)
3044666365,SELLBLOG,NORMAL,큐빅이 반짝거리면서 그림도 이뻐요,2020-11-11T08:20:38.688+0000,STOREFARM,5,어린이 보석십자수 DIY 캐릭터 큐빅 비즈 지니맘 kc인증,지니맘 큐빅십자수  DIY: 14번 부엉이 (액자별매)
3021095986,SELLBLOG,NORMAL,"캐릭터가 귀엽고 아이가 마음에 들어해요~
크고작은비즈가 있어서 더 예쁜것같아요 ㅎㅎ

액자도 같이 구매했는데 잘한것같아요~~",2020-10-08T22:03:42.191+0000,STOREFARM,4,어린이 보석십자수 DIY 캐릭터 큐빅 비즈십자수 지니맘,지니맘 큐빅십자수  DIY: 7번 소녀2 (액자별매)
3048875828,SELLBLOG,NORMAL,아이가 좋아해요...,2020-11-17T13:04:57.028+0000,STOREFARM,5,어린이 보석십자수 DIY 캐릭터 큐빅 비즈 지니맘 kc인증,지니맘 큐빅십자수  DIY: 13번 별유니콘 (액자별매)
3048875420,SELLBLOG,NORMAL,아이가 좋아해요...,2020-11-17T13:04:29.330+0000,STOREFARM,5,어린이 보석십자수 DIY 캐릭터 큐빅 비즈 지니맘 kc인증,지니맘 큐빅십자수  DIY: 3번 분홍사슴 (액자별매)
3048875236,SELLBLOG,NORMAL,아이가 좋아해요...,2020-11-17T13:04:17.966+0000,STOREFARM,5,어린이 보석십자수 DIY 캐릭터 큐빅 비즈 지니맘 kc인증,지니맘 큐빅십자수  DIY: 1번 유니콘  (액자별매)
3035770763,SELLBLOG,NORMAL,다 만들고 멀리서보니 엄청 이쁘네요.. 다만 큐빅과 큐빅 사이가 조금만 더 촘촘했으면 좋겠어요 그게 좀 아쉽네요...,2020-10-29T03:11:50.706+0000,STOREFARM,4,어린이 보석십자수 DIY 캐릭터 큐빅 비즈십자수 지니맘,지니맘 큐빅십자수  DIY: 20번 아기유니콘 (액자별매)
3044666174,SELLBLOG,NORMAL,"초2아이가 하기 적당합니다.
큐빅 이쁘네요",2020-11-11T08:20:22.321+0000,STOREFARM,5,어린이 보석십자수 DIY 캐릭터 큐빅 비즈 지니맘 kc인증,지니맘 큐빅십자수  DIY: 6번 소녀2 (액자별매)
3045792427,SELLBLOG,NORMAL,손 쉽고 잘 정리되어있어요 좋아요,2020-11-12T23:51:56.547+0000,STOREFARM,4,어린이 보석십자수 DIY 캐릭터 큐빅 비즈 지니맘 kc인증,지니맘 큐빅십자수  DIY: 14번 부엉이 (액자별매)
3030819999,SELLBLOG,NORMAL,이쁘고 만들기 재미있어하네요,2020-10-22T00:00:11.664+0000,STOREFARM,5,어린이 보석십자수 DIY 캐릭터 큐빅 비즈 지니맘 kc인증,지니맘 큐빅십자수  DIY: 8번 꽃사슴 (액자별매)
3042085464,SELLBLOG,NORMAL,아이들 집중력에 좋고 액자에 끼워놓으면 멋지작품이되겠어요,2020-11-07T08:43:56.354+0000,STOREFARM,5,어린이 보석십자수 DIY 캐릭터 큐빅 비즈 지니맘 kc인증,지니맘 큐빅십자수  DIY: 19번 아이스크림 (액자별매)
3033059726,SELLBLOG,NORMAL,딸아이 선물로 구매,2020-10-25T03:29:39.583+0000,STOREFARM,4,어린이 보석십자수 DIY 캐릭터 큐빅 비즈 지니맘 kc인증,지니맘 큐빅십자수  DIY: 16번 여우 (액자별매)
3026855561,SELLBLOG,AFTER_USE,"너무 빤짝거리고
이뻐요 액자도 끼니 더좋네요",2020-10-16T09:28:49.973+0000,STOREFARM,5,어린이 보석십자수 DIY 캐릭터 큐빅 비즈십자수 지니맘,지니맘 큐빅십자수  DIY: 14번 부엉이 (15cm 20cm)
3029902611,SELLBLOG,AFTER_USE,"6살아이 재미있어 했어요 
큐빅이 반짝거려서 예쁘네요",2020-10-20T14:19:09.799+0000,STOREFARM,5,어린이 보석십자수 DIY 캐릭터 큐빅 비즈십자수 지니맘,지니맘 큐빅십자수  DIY: 2번 보라유니콘  (15cm 20cm)
3031871097,SELLBLOG,NORMAL,아이가 일단 너므 좋아해요,2020-10-23T06:28:31.122+0000,STOREFARM,5,어린이 보석십자수 DIY 캐릭터 큐빅 비즈십자수 지니맘,지니맘 큐빅십자수  DIY: 11번 클로버 (액자별매)
3026606539,SELLBLOG,NORMAL,꼼꼼하게왔어요 만족스럽네요^-^ 배송도빠르고만족합니다,2020-10-16T04:59:35.500+0000,STOREFARM,4,어린이 보석십자수 DIY 캐릭터 큐빅 비즈 지니맘,지니맘 큐빅십자수  DIY: 19번 아이스크림 (액자별매)
3045792193,SELLBLOG,NORMAL,좋습니다 아이들이 좋아해요 ㅎㅎ,2020-11-12T23:51:17.540+0000,STOREFARM,4,어린이 보석십자수 DIY 캐릭터 큐빅 비즈 지니맘 kc인증,지니맘 큐빅십자수  DIY: 8번 꽃사슴 (액자별매)
3046328133,SELLBLOG,NORMAL,완성해놓으니 넘 예뻐요~,2020-11-13T12:01:46.296+0000,STOREFARM,5,어린이 보석십자수 DIY 캐릭터 큐빅 비즈 지니맘 kc인증,지니맘 큐빅십자수  DIY: 1번 유니콘  (액자별매)
3039986090,SELLBLOG,NORMAL,7살 아이가 너무 좋아해요😊 감사합니다 배송도 빨랐어요 ㅎ,2020-11-04T11:08:24.760+0000,STOREFARM,5,어린이 보석십자수 DIY 캐릭터 큐빅 비즈 지니맘,지니맘 큐빅십자수  DIY: 13번 별유니콘 (액자별매)
3048053841,SELLBLOG,NORMAL,강추요 재구매 의사 100%,2020-11-16T08:55:50.269+0000,STOREFARM,5,어린이 보석십자수 DIY 캐릭터 큐빅 비즈 지니맘 kc인증,지니맘 큐빅십자수  DIY: 17번 아기 유니콘 (액자별매)
3048053735,SELLBLOG,NORMAL,강추요 재구매 의사 100%,2020-11-16T08:55:39.224+0000,STOREFARM,5,어린이 보석십자수 DIY 캐릭터 큐빅 비즈 지니맘 kc인증,지니맘 큐빅십자수  DIY: 1번 유니콘  (액자별매)
3048053631,SELLBLOG,NORMAL,강추요 재구매 의사 100%,2020-11-16T08:55:27.634+0000,STOREFARM,5,어린이 보석십자수 DIY 캐릭터 큐빅 비즈 지니맘 kc인증,지니맘 큐빅십자수  DIY: 9번 겨울사슴 (액자별매)
3044864067,SELLBLOG,AFTER_USE,코로나 집콕하며 재밌게 했어요,2020-11-11T12:35:19.733+0000,STOREFARM,5,어린이 보석십자수 DIY 캐릭터 큐빅 비즈십자수 지니맘,지니맘 큐빅십자수  DIY: 9번 겨울사슴 (15cm 20cm)
3044863967,SELLBLOG,AFTER_USE,코로나 집콕하며 재밌게 했어요,2020-11-11T12:35:12.586+0000,STOREFARM,5,어린이 보석십자수 DIY 캐릭터 큐빅 비즈십자수 지니맘,지니맘 큐빅십자수  DIY: 11번 클로버 (15cm 20cm)
3023869238,SELLBLOG,NORMAL,"추석 이후여서 배송 너무 늦었지만~  
제품 너무 잘 받았구요~  아이가 너무 좋아해요",2020-10-13T01:29:04.091+0000,STOREFARM,4,어린이 보석십자수 DIY 캐릭터 큐빅 비즈십자수 지니맘,지니맘 큐빅십자수  DIY: 2번 보라유니콘 (액자별매)
3046558167,SELLBLOG,NORMAL,언박싱한다고 손고 못ㅜ,2020-11-14T01:42:39.129+0000,STOREFARM,5,어린이 보석십자수 DIY 캐릭터 큐빅 비즈 지니맘 kc인증,지니맘 큐빅십자수  DIY: 1번 유니콘  (액자별매)
3023515048,SELLBLOG,NORMAL,"아이가 정말 좋아해요.
이틀만에 완성했습니다.
감사합니다",2020-10-12T09:12:56.305+0000,STOREFARM,5,어린이 보석십자수 DIY 캐릭터 큐빅 비즈십자수 지니맘,지니맘 큐빅십자수  DIY: 9번 겨울사슴 (액자별매)
3027691743,SELLBLOG,NORMAL,무사히 잘 받았습니다. 아기유니콘 도안 너무 귀엽고 예뻐요.,2020-10-17T12:06:50.906+0000,STOREFARM,5,어린이 보석십자수 DIY 캐릭터 큐빅 비즈 지니맘,지니맘 큐빅십자수  DIY: 17번 아기 유니콘 (액자별매)
3023515653,SELLBLOG,NORMAL,"아이가 집중해서 이틀만에 완성했어요.
이쁘네요. 감사합니다.",2020-10-12T09:13:54.400+0000,STOREFARM,5,어린이 보석십자수 DIY 캐릭터 큐빅 비즈십자수 지니맘,지니맘 큐빅십자수  DIY: 11번 클로버 (액자별매)
3030959397,SELLBLOG,AFTER_USE,다 완성후 장식중이네요,2020-10-22T03:12:25.375+0000,STOREFARM,4,어린이 보석십자수 DIY 캐릭터 큐빅 비즈십자수 지니맘,지니맘 큐빅십자수  DIY: 17번 핑크사슴  (15cm 20cm)
3027690374,SELLBLOG,NORMAL,무사히 잘 받았습니다. 유니콘이 예뻐서 다시 재구매 헀어요.ㅎㅎ,2020-10-17T12:04:51.505+0000,STOREFARM,5,어린이 보석십자수 DIY 캐릭터 큐빅 비즈 지니맘,지니맘 큐빅십자수  DIY: 1번 유니콘  (액자별매)
3031871520,SELLBLOG,NORMAL,"저도 같이
하고 있어요",2020-10-23T06:28:59.512+0000,STOREFARM,5,어린이 보석십자수 DIY 캐릭터 큐빅 비즈십자수 지니맘,지니맘 큐빅십자수  DIY: 19번 아이스크림 (액자별매)
3039837663,SELLBLOG,NORMAL,"좋아하시네요
다른디자인으로 재구매하려구요",2020-11-04T07:53:59.179+0000,STOREFARM,5,어린이 보석십자수 DIY 캐릭터 큐빅 비즈 지니맘 kc인증,지니맘 큐빅십자수  DIY: 14번 부엉이 (액자별매)
3044666529,SELLBLOG,NORMAL,큐빅 이쁘며 반짝거려요,2020-11-11T08:20:50.401+0000,STOREFARM,5,어린이 보석십자수 DIY 캐릭터 큐빅 비즈 지니맘 kc인증,지니맘 큐빅십자수  DIY: 1번 유니콘  (액자별매)
3042126593,SELLBLOG,AFTER_USE,"아이들이 집중해서 하기 좋아요
시간도 잘가고 집이 조용~~~~~^^",2020-11-07T09:57:12.181+0000,STOREFARM,5,어린이 보석십자수 DIY 캐릭터 큐빅 비즈십자수 지니맘,지니맘 큐빅십자수  DIY: 14번 부엉이 (15cm 20cm)
3027616532,SELLBLOG,NORMAL,하나하나정성가득한포장에만족스럽습니다,2020-10-17T10:09:23.314+0000,STOREFARM,5,어린이 보석십자수 DIY 캐릭터 큐빅 비즈 지니맘,지니맘 큐빅십자수  DIY: 12번 돌고래 (액자별매)
3039377418,SELLBLOG,NORMAL,완전 만족스러워요 큐빅이 예쁘고 넉넉하네요 ^^,2020-11-03T13:24:36.136+0000,STOREFARM,5,어린이 보석십자수 DIY 캐릭터 큐빅 비즈 지니맘 kc인증,지니맘 큐빅십자수  DIY: 2번 보라유니콘 (액자별매)
3025282122,SELLBLOG,NORMAL,"아직 완성하진 못했지만 생각보다 집중
할수 있어서 좋았어요",2020-10-14T12:50:10.125+0000,STOREFARM,5,보석십자수 DIY 캐릭터 큐빅 비즈십자수 지니맘,지니맘 큐빅십자수  DIY: 11번 클로버 (액자별매)
3029674758,SELLBLOG,NORMAL,아이들이매우 좋아합니다,2020-10-20T09:59:32.799+0000,STOREFARM,5,어린이 보석십자수 DIY 캐릭터 큐빅 비즈십자수 지니맘,지니맘 큐빅십자수  DIY: 3번 분홍사슴 (15cm 20cm)
3023459948,SELLBLOG,NORMAL,저번에 이어서 또 주문했어요 아이가 너무 잘하네요 ^^,2020-10-12T07:46:13.863+0000,STOREFARM,5,보석십자수 DIY 캐릭터 큐빅 비즈십자수 지니맘,지니맘 큐빅십자수  DIY: 13번 별유니콘 (액자별매)
3034429372,SELLBLOG,NORMAL,"빠른 배송도 넘~맘에 들고요~^^
고를수 있는 즐거움이 있어 넘~좋아요~😊
감사합니다.적극추천합니당~^^",2020-10-27T06:31:15.903+0000,STOREFARM,5,어린이 보석십자수 DIY 캐릭터 큐빅 비즈 지니맘,지니맘 큐빅십자수  DIY: 17번 아기 유니콘 (액자별매)
3026610744,SELLBLOG,NORMAL,아이가 좋아해요. 더 구매하려고요.,2020-10-16T05:04:35.897+0000,STOREFARM,5,어린이 보석십자수 DIY 캐릭터 큐빅 비즈 지니맘,지니맘 큐빅십자수  DIY: 13번 별유니콘 (액자별매)
3042983370,SELLBLOG,NORMAL,배송빠르고 선물하기좋아요,2020-11-09T01:00:36.574+0000,STOREFARM,5,어린이 보석십자수 DIY 캐릭터 큐빅 비즈 지니맘 kc인증,지니맘 큐빅십자수  DIY: 3번 분홍사슴 (액자별매)
3027316110,SELLBLOG,NORMAL,"초딩두녀석들이집중하고하는데
흐뭇해요ㅎ",2020-10-17T03:29:34.635+0000,STOREFARM,5,어린이 보석십자수 DIY 캐릭터 큐빅 비즈 지니맘,지니맘 큐빅십자수  DIY: 19번 아이스크림 (액자별매)
3017706377,SELLBLOG,NORMAL,초4 딸이 금방 끝냈어요~ 그림도 맘에들고 액자에 끼우니 고급져보여요~ 그림이 작아서 지겹지도 않고 쉽게 끝낼 수 있어요! 다른 그림도 추가구매 합니다!,2020-10-02T03:04:22.486+0000,STOREFARM,5,어린이 보석십자수 DIY 캐릭터 큐빅 비즈십자수 지니맘,지니맘 큐빅십자수  DIY: 13번 별유니콘(액자 불포함)
3043913539,SELLBLOG,NORMAL,"맘에들어여
감사합니다",2020-11-10T08:00:51.774+0000,STOREFARM,5,어린이 보석십자수 DIY 캐릭터 큐빅 비즈 지니맘 kc인증,지니맘 큐빅십자수  DIY: 13번 별유니콘 (액자별매)
3029673961,SELLBLOG,NORMAL,아이들이 매우 좋아합니다.,2020-10-20T09:58:32.876+0000,STOREFARM,5,어린이 보석십자수 DIY 캐릭터 큐빅 비즈십자수 지니맘,지니맘 큐빅십자수  DIY: 8번 꽃사슴 (15cm 20cm)
3043914352,SELLBLOG,NORMAL,"감사합니다
상품좋아여",2020-11-10T08:02:02.175+0000,STOREFARM,5,어린이 보석십자수 DIY 캐릭터 큐빅 비즈 지니맘 kc인증,지니맘 큐빅십자수  DIY: 12번 돌고래 (액자별매)
3043914637,SELLBLOG,NORMAL,빠른배송 감사합니다,2020-11-10T08:02:27.503+0000,STOREFARM,5,어린이 보석십자수 DIY 캐릭터 큐빅 비즈 지니맘 kc인증,지니맘 큐빅십자수  DIY: 1번 유니콘  (액자별매)
3039915113,SELLBLOG,NORMAL,그림이 이뻐요 애들이좋아할듯,2020-11-04T09:34:41.021+0000,STOREFARM,4,어린이 보석십자수 DIY 캐릭터 큐빅 비즈 지니맘 kc인증,지니맘 큐빅십자수  DIY: 3번 분홍사슴 (액자별매)
3040175845,SELLBLOG,AFTER_USE,아이가 완성해서 선물해주는 재미에 푹 빠졌어요,2020-11-04T15:21:36.479+0000,STOREFARM,5,어린이 보석십자수 DIY 캐릭터 큐빅 비즈십자수 지니맘,지니맘 큐빅십자수  DIY: 19번 아이스크림 (15cm 20cm)
3043913842,SELLBLOG,NORMAL,"아이가 좋아합니다
감사",2020-11-10T08:01:19.798+0000,STOREFARM,5,어린이 보석십자수 DIY 캐릭터 큐빅 비즈 지니맘 kc인증,지니맘 큐빅십자수  DIY: 9번 겨울사슴 (액자별매)
3029359617,SELLBLOG,NORMAL,포장이 깔끔해서 좋네요,2020-10-20T03:19:00.905+0000,STOREFARM,5,어린이 보석십자수 DIY 캐릭터 큐빅 비즈 지니맘 kc인증,지니맘 큐빅십자수  DIY: 15번 핑크 유니콘 (액자별매)
3021564364,SELLBLOG,NORMAL,"아이가 굉장히 좋아해요.
세개 다 완성하면 또 살것 같아요",2020-10-09T11:48:29.853+0000,STOREFARM,5,어린이 보석십자수 DIY 캐릭터 큐빅 비즈십자수 지니맘,지니맘 큐빅십자수  DIY: 19번 아이스크림(액자 불포함)
3017697304,SELLBLOG,NORMAL,초4 딸래미 취미삼아 사봤는데 2시간만에 뚝딱 끝냈네요~ 쉽고 수월해서 재미있다고 더 많이 하고싶대요~ 추가구매 하겠습니다!,2020-10-02T02:38:12.454+0000,STOREFARM,5,어린이 보석십자수 DIY 캐릭터 큐빅 비즈십자수 지니맘,지니맘 큐빅십자수  DIY: 9번 겨울사슴(액자 불포함)
3021835801,SELLBLOG,NORMAL,"8세 딸이 아주 재밌게 했어요~~
엄마는 자유시간~~ㅎ
만족합니다",2020-10-10T02:57:50.487+0000,STOREFARM,5,어린이 보석십자수 DIY 캐릭터 큐빅 비즈십자수 지니맘,지니맘 큐빅십자수  DIY: 13번 별유니콘 (액자별매)
3042390160,SELLBLOG,AFTER_USE,아이가 좋아해요아이가 좋아해요 예뻐요,2020-11-08T00:41:43.592+0000,STOREFARM,4,어린이 보석십자수 DIY 캐릭터 큐빅 비즈십자수 지니맘,지니맘 큐빅십자수  DIY: 9번 겨울사슴 (15cm 20cm)
3039328205,SELLBLOG,AFTER_USE,아이가좋아해요.감사합니다,2020-11-03T12:26:10.364+0000,STOREFARM,5,어린이 보석십자수 DIY 캐릭터 큐빅 비즈십자수 지니맘,지니맘 큐빅십자수  DIY: 1번 유니콘  (15cm 20cm)
3039377711,SELLBLOG,NORMAL,아이랑 재미있게했습니다 시간도 잘가고 예쁘네요,2020-11-03T13:24:59.469+0000,STOREFARM,5,어린이 보석십자수 DIY 캐릭터 큐빅 비즈 지니맘 kc인증,지니맘 큐빅십자수  DIY: 18번 파란사슴 (액자별매)
3026856178,SELLBLOG,NORMAL,재구매라 또 이쁜거 만들수 있겠네요,2020-10-16T09:29:35.262+0000,STOREFARM,5,어린이 보석십자수 DIY 캐릭터 큐빅 비즈십자수 지니맘,지니맘 큐빅십자수  DIY: 5번  반짝이 사슴 (15cm 20cm)
3027084191,SELLBLOG,NORMAL,배송도 빠르고 아이가 너무 좋아하네요~~,2020-10-16T14:44:50.077+0000,STOREFARM,5,어린이 보석십자수 DIY 캐릭터 큐빅 비즈 지니맘,지니맘 큐빅십자수  DIY: 3번 분홍사슴 (액자별매)
3058041911,SELLBLOG,NORMAL,만족합니다 만족합니다,2020-12-01T11:01:22.520+0000,STOREFARM,4,어린이 보석십자수  교회 큐빅 비즈 지니맘 KC인증,지니맘 큐빅십자수  DIY: 7번 사자 (액자별매)
3058041454,SELLBLOG,NORMAL,만족합니다 만족합니다,2020-12-01T11:00:49.034+0000,STOREFARM,4,어린이 보석십자수  교회 큐빅 비즈 지니맘 KC인증,지니맘 큐빅십자수  DIY: 17번 아기 유니콘 (액자별매)
3028368492,SELLBLOG,AFTER_USE,집콕놀이로 너무좋아요,2020-10-18T13:30:55.484+0000,STOREFARM,5,어린이 보석십자수 DIY 캐릭터 큐빅 비즈십자수 지니맘,지니맘 큐빅십자수  DIY: 13번 별유니콘 (15cm 20cm)
3028165757,SELLBLOG,NORMAL,아이들과 재밌게했어요,2020-10-18T07:39:20.777+0000,STOREFARM,5,보석십자수 DIY 캐릭터 큐빅 비즈십자수 지니맘,지니맘 큐빅십자수  DIY: 9번 겨울사슴 (액자별매)
3040107881,SELLBLOG,AFTER_USE,친구들에게선물도하고~인기만점입니다,2020-11-04T13:35:07.402+0000,STOREFARM,5,어린이 보석십자수 DIY 캐릭터 큐빅 비즈십자수 지니맘,지니맘 큐빅십자수  DIY: 8번 꽃사슴 (15cm 20cm)
3043494555,SELLBLOG,NORMAL,재미있고 이쁘네요 ㅋ,2020-11-09T14:08:24.153+0000,STOREFARM,3,어린이 보석십자수 DIY 캐릭터 큐빅 비즈 지니맘,지니맘 큐빅십자수  DIY: 1번 유니콘  (액자별매)
3043494375,SELLBLOG,NORMAL,재미있고 이쁘네요 ㅋ,2020-11-09T14:08:04.149+0000,STOREFARM,3,어린이 보석십자수 DIY 캐릭터 큐빅 비즈 지니맘,지니맘 큐빅십자수  DIY: 4번 홍학 (액자별매)
3043494214,SELLBLOG,NORMAL,재미있고 이쁘네요 ㅋ,2020-11-09T14:07:46.060+0000,STOREFARM,3,어린이 보석십자수 DIY 캐릭터 큐빅 비즈 지니맘,지니맘 큐빅십자수  DIY: 13번 별유니콘 (액자별매)
3043493875,SELLBLOG,NORMAL,재미있고 이쁘네요 ㅋ,2020-11-09T14:07:08.771+0000,STOREFARM,3,어린이 보석십자수 DIY 캐릭터 큐빅 비즈 지니맘,지니맘 큐빅십자수  DIY: 18번 파란사슴 (액자별매)
3021411948,SELLBLOG,NORMAL,"아들이 신나서 하고있어요.
또사달래요..
액자까지 사줘야겠어요",2020-10-09T06:35:01.651+0000,STOREFARM,5,어린이 보석십자수 DIY 캐릭터 큐빅 비즈십자수 지니맘,지니맘 큐빅십자수  DIY: 9번 겨울사슴 (액자별매)
3022846265,SELLBLOG,NORMAL,큐빅이 크기도 다양하고 예뻐서 아이들이 지루해하지 않고 좋아합니다.,2020-10-11T09:54:23.795+0000,STOREFARM,5,어린이 보석십자수 DIY 캐릭터 큐빅 비즈십자수 지니맘,지니맘 큐빅십자수  DIY: 1번 유니콘  (액자별매)
3036404451,SELLBLOG,NORMAL,"태어날 아기   방꾸며줄려고   구매했어요
너무예뻐요.",2020-10-30T01:27:36.795+0000,STOREFARM,5,어린이 보석십자수 DIY 캐릭터 큐빅 비즈 지니맘 kc인증,지니맘 큐빅십자수  DIY: 14번 부엉이 (액자별매)
3039158703,SELLBLOG,NORMAL,"아이가 기다리고기다린...
너무좋아하니 만족합니다",2020-11-03T08:57:58.247+0000,STOREFARM,5,어린이 보석십자수 DIY 캐릭터 큐빅 비즈 지니맘 kc인증,지니맘 큐빅십자수  DIY: 1번 유니콘  (액자별매)
3021411331,SELLBLOG,NORMAL,"아들이 엄청좋아해요..집중해서 하네요..
작품만들고있어요",2020-10-09T06:33:49.356+0000,STOREFARM,5,어린이 보석십자수 DIY 캐릭터 큐빅 비즈십자수 지니맘,지니맘 큐빅십자수  DIY: 14번 부엉이 (액자별매)
3028652831,SELLBLOG,NORMAL,아이들도 쉽게 할 수 있어요. 초 1-2 딸 둘이서도 잘 하고 도와주다 보니 저도 재미를 느껴 하게되네요^^ 빠른 배송+ 넉넉한 비즈 주셔서 감사해요~,2020-10-19T03:01:26.600+0000,STOREFARM,5,어린이 보석십자수 DIY 캐릭터 큐빅 비즈 지니맘,지니맘 큐빅십자수  DIY: 13번 별유니콘 (액자별매)
3021463693,SELLBLOG,AFTER_USE,아이가 너무 좋아해서 추가로 구매하려구요...이뻐요,2020-10-09T08:15:00.779+0000,STOREFARM,5,어린이 보석십자수 DIY 캐릭터 큐빅 비즈십자수 지니맘,지니맘 큐빅십자수  DIY: 3번 분홍사슴 (15cm 20cm)
3011490840,SELLBLOG,NORMAL,"아이들이 스스로하기 쉽고 재미있어해요~
벌써 3개나 완성 했답니다^^",2020-09-21T09:10:25.151+0000,STOREFARM,5,어린이 보석십자수 DIY 캐릭터 큐빅 비즈십자수 지니맘,지니맘 큐빅십자수  DIY: 12번 돌고래 (15cm 20cm)
3026877709,SELLBLOG,AFTER_USE,아이들이 아주 좋아해요,2020-10-16T09:56:41.908+0000,STOREFARM,4,어린이 보석십자수 DIY 캐릭터 큐빅 비즈십자수 지니맘,지니맘 큐빅십자수  DIY: 19번 아이스크림 (15cm 20cm)
3028165152,SELLBLOG,NORMAL,완성하니 반짝반짝 예뻐요,2020-10-18T07:38:18.727+0000,STOREFARM,5,보석십자수 DIY 캐릭터 큐빅 비즈십자수 지니맘,지니맘 큐빅십자수  DIY: 10번 안경토끼 (액자별매)
3021262563,SELLBLOG,NORMAL,초등 3 이 금방하더라구요~ 해놓으니까 너무 이뻐요,2020-10-09T03:06:08.251+0000,STOREFARM,5,어린이 보석십자수 DIY 캐릭터 큐빅 비즈십자수 지니맘,지니맘 큐빅십자수  DIY: 7번 소녀2  (15cm 20cm)
3027316448,SELLBLOG,NORMAL,재밌다고하니뿌듯해요ㅎ,2020-10-17T03:29:59.042+0000,STOREFARM,5,어린이 보석십자수 DIY 캐릭터 큐빅 비즈 지니맘,지니맘 큐빅십자수  DIY: 1번 유니콘  (액자별매)
3034932354,SELLBLOG,NORMAL,"아이들이 집중해서 재밌게하네요..
디자인도넘이뻐요",2020-10-28T00:18:42.867+0000,STOREFARM,5,보석십자수 DIY 캐릭터 큐빅 비즈십자수 지니맘,지니맘 큐빅십자수  DIY: 17번 핑크유니콘 (액자별매)
3030156571,SELLBLOG,AFTER_USE,"아이가 집중해서 열심히 만들어요.
2일 동안 만들었어요.
액자에 넣어서 책장에 두었더니 인테리어 효과도 나와요.",2020-10-21T02:55:58.684+0000,STOREFARM,5,어린이 보석십자수 DIY 캐릭터 큐빅 비즈십자수 지니맘,지니맘 큐빅십자수  DIY: 11번 클로버 (15cm 20cm)
3011394437,SELLBLOG,NORMAL,"배송 빨랐구요
무엇보다 색상이 참 예뻐요.  화면과 똑같고.
애가 혼자서도 잘할수 있게 잘 만들어졌어요
비즈가  넉넉해서 더 좋아요",2020-09-21T06:36:45.623+0000,STOREFARM,5,어린이 보석십자수 DIY 캐릭터 큐빅 비즈십자수 지니맘,지니맘 큐빅십자수  DIY: 8번 꽃사슴 (15cm 20cm)
3042067054,SELLBLOG,NORMAL,아이들이 좋아해요 ㅎ,2020-11-07T08:13:39.977+0000,STOREFARM,5,어린이 보석십자수 DIY 캐릭터 큐빅 비즈 지니맘 kc인증,지니맘 큐빅십자수  DIY: 16번 여우 (액자별매)
3010060926,SELLBLOG,NORMAL,여기 도안이 참 예뻐요. 처음 해보는거라 1세트만 구입했는데 6살 아이랑 두시간쯤 걸려서 완성했어요. 아이가 재미있다고 또 만들고 싶다고해요. 액자도 같이 구입했는데 유리가 아니라 안전하고 좋아요. 완성해서 액자에 끼워놓으니 뿌듯해요.,2020-09-19T06:22:38.144+0000,STOREFARM,5,어린이 보석십자수 DIY 캐릭터 큐빅 비즈십자수 지니맘,지니맘 큐빅십자수  DIY: 1번 유니콘  (15cm 20cm)
3029360199,SELLBLOG,NORMAL,좋아요 맘에들어요~,2020-10-20T03:19:58.701+0000,STOREFARM,5,어린이 보석십자수 DIY 캐릭터 큐빅 비즈 지니맘 kc인증,지니맘 큐빅십자수  DIY: 1번 유니콘  (액자별매)
3039915603,SELLBLOG,NORMAL,가격이 더 저렴하면 좋겠네요,2020-11-04T09:35:19.385+0000,STOREFARM,4,어린이 보석십자수 DIY 캐릭터 큐빅 비즈 지니맘 kc인증,지니맘 큐빅십자수  DIY: 8번 꽃사슴 (액자별매)
3024760251,SELLBLOG,NORMAL,배송빠르고 비즈 넉넉하고...다 맘에듭니다.,2020-10-14T02:00:43.142+0000,STOREFARM,5,어린이 보석십자수 DIY 캐릭터 큐빅 비즈십자수 지니맘,지니맘 큐빅십자수  DIY: 14번 부엉이 (액자별매)
3041750620,SELLBLOG,NORMAL,애들이 재밌어하네요~~,2020-11-07T00:35:07.033+0000,STOREFARM,5,어린이 보석십자수 DIY 캐릭터 큐빅 비즈 지니맘 kc인증,지니맘 큐빅십자수  DIY: 1번 유니콘  (액자별매)
3040653250,SELLBLOG,NORMAL,배송도 빠르고 상품도 만족합니다,2020-11-05T09:21:31.789+0000,STOREFARM,4,어린이 보석십자수 DIY 캐릭터 큐빅 비즈 지니맘 kc인증,지니맘 큐빅십자수  DIY: 8번 꽃사슴 (액자별매)
3018263417,SELLBLOG,NORMAL,"좋야요
아이들이잘하고좋아해요
사이즈별비즈들로 하는데  집중력이대단요",2020-10-04T07:46:20.882+0000,STOREFARM,5,어린이 보석십자수 DIY 캐릭터 큐빅 비즈십자수 지니맘,지니맘 큐빅십자수  DIY: 7번 소녀2(액자 불포함)
3041233271,SELLBLOG,NORMAL,배송도 빠르고 상품도 좋아요,2020-11-06T04:53:56.301+0000,STOREFARM,4,어린이 보석십자수 DIY 캐릭터 큐빅 비즈 지니맘 kc인증,지니맘 큐빅십자수  DIY: 17번 아기 유니콘 (액자별매)
3026715892,SELLBLOG,NORMAL,아이들이 하기 좋아요,2020-10-16T06:58:09.158+0000,STOREFARM,4,어린이 보석십자수 DIY 캐릭터 큐빅 비즈십자수 지니맘,지니맘 큐빅십자수  DIY: 10번 안경토끼 (액자별매)
3026715355,SELLBLOG,NORMAL,아이들이 하기 좋아요,2020-10-16T06:57:34.611+0000,STOREFARM,4,어린이 보석십자수 DIY 캐릭터 큐빅 비즈십자수 지니맘,지니맘 큐빅십자수  DIY: 1번 유니콘  (액자별매)
3041750693,SELLBLOG,NORMAL,애들이 좋아하네요~,2020-11-07T00:35:18.980+0000,STOREFARM,5,어린이 보석십자수 DIY 캐릭터 큐빅 비즈 지니맘 kc인증,지니맘 큐빅십자수  DIY: 19번 아이스크림 (액자별매)
3026878067,SELLBLOG,AFTER_USE,애가 아주 좋아합니다,2020-10-16T09:57:10.747+0000,STOREFARM,5,어린이 보석십자수 DIY 캐릭터 큐빅 비즈십자수 지니맘,지니맘 큐빅십자수  DIY: 1번 유니콘  (15cm 20cm)
3044313689,SELLBLOG,NORMAL,적극추천해요~~!!!!,2020-11-10T22:34:41.043+0000,STOREFARM,5,어린이 보석십자수 DIY 캐릭터 큐빅 비즈 지니맘 kc인증,지니맘 큐빅십자수  DIY: 13번 별유니콘 (액자별매)
3042066902,SELLBLOG,NORMAL,아이들이 좋아해요 ㅎㅎ,2020-11-07T08:13:24.880+0000,STOREFARM,5,어린이 보석십자수 DIY 캐릭터 큐빅 비즈 지니맘 kc인증,지니맘 큐빅십자수  DIY: 13번 별유니콘 (액자별매)
3039916664,SELLBLOG,NORMAL,딸이 좋아합니다 잘하네요,2020-11-04T09:36:45.362+0000,STOREFARM,4,어린이 보석십자수 DIY 캐릭터 큐빅 비즈 지니맘 kc인증,지니맘 큐빅십자수  DIY: 14번 부엉이 (액자별매)
3032220991,SELLBLOG,NORMAL,아이가 좋아해요~~코로나때문에 집에 있는 시간이 많아졌는데요~요아이로 힐링중요~~^^,2020-10-23T14:39:56.431+0000,STOREFARM,5,보석십자수 DIY 캐릭터 큐빅 비즈십자수 지니맘,지니맘 큐빅십자수  DIY: 8번 꽃사슴 (액자별매)
3039917222,SELLBLOG,NORMAL,가격이 착하면 좋겠습니다,2020-11-04T09:37:31.512+0000,STOREFARM,3,어린이 보석십자수 DIY 캐릭터 큐빅 비즈 지니맘 kc인증,지니맘 큐빅십자수  DIY: 16번 여우 (액자별매)
3037169879,SELLBLOG,NORMAL,생각보다 만들기 쉬워서 초4년 우리딸이너무 좋아 하네요.~~^^,2020-10-31T03:44:02.561+0000,STOREFARM,4,어린이 보석십자수 DIY 캐릭터 큐빅 비즈 지니맘 kc인증,지니맘 큐빅십자수  DIY: 2번 보라유니콘 (액자별매)
3041552215,SELLBLOG,NORMAL,아이들 하기 좋네요ㅎ,2020-11-06T12:00:30.347+0000,STOREFARM,5,어린이 보석십자수 DIY 캐릭터 큐빅 비즈 지니맘 kc인증,지니맘 큐빅십자수  DIY: 12번 돌고래 (액자별매)
3023151965,SELLBLOG,NORMAL,잘받았어요 이뿌고 좋아요,2020-10-12T00:39:21.017+0000,STOREFARM,5,어린이 보석십자수 DIY 캐릭터 큐빅 비즈십자수 지니맘,지니맘 큐빅십자수  DIY: 14번 부엉이(액자 불포함)
3022617866,SELLBLOG,NORMAL,딸아이 둘이서 집중해서 열심히 잘 하고 있어요~,2020-10-11T04:15:07.437+0000,STOREFARM,5,보석십자수 DIY 캐릭터 큐빅 비즈십자수 지니맘,지니맘 큐빅십자수  DIY: 7번 소녀2 (액자별매)
3022617529,SELLBLOG,NORMAL,딸아이 둘이서 집중해서 열심히 잘 하고 있어요~,2020-10-11T04:14:37.611+0000,STOREFARM,5,보석십자수 DIY 캐릭터 큐빅 비즈십자수 지니맘,지니맘 큐빅십자수  DIY: 8번 꽃사슴 (액자별매)
3036405327,SELLBLOG,NORMAL,너무예쁩니다 .  또 구매할께요,2020-10-30T01:29:02.070+0000,STOREFARM,5,어린이 보석십자수 DIY 캐릭터 큐빅 비즈 지니맘 kc인증,지니맘 큐빅십자수  DIY: 1번 유니콘  (액자별매)
3038855598,SELLBLOG,NORMAL,십자수 아이가 너무 좋아하는 듯,2020-11-03T01:36:17.409+0000,STOREFARM,5,어린이 보석십자수 DIY 캐릭터 큐빅 비즈 지니맘 kc인증,지니맘 큐빅십자수  DIY: 8번 꽃사슴 (액자별매)
3037910933,SELLBLOG,NORMAL,저렴히 아이들이 좋아하는 도안이 가능해서 좋네요.ㅎ,2020-11-01T07:32:04.634+0000,STOREFARM,5,어린이 보석십자수 DIY 캐릭터 큐빅 비즈 지니맘 kc인증,지니맘 큐빅십자수  DIY: 18번 파란사슴 (액자별매)
3017626652,SELLBLOG,NORMAL,초등1학년 조카에게 선물했는데 너무 열심히 한다네요^^집중력 향상에 짱!인듯,2020-10-01T22:30:52.235+0000,STOREFARM,5,어린이 보석십자수 DIY 캐릭터 큐빅 비즈십자수 지니맘,지니맘 큐빅십자수  DIY: 11번 클로버(액자 불포함)
3021565800,SELLBLOG,NORMAL,"보석들이 반짝이는게 기분이 좋아집니다.
많은 디자인이 있었음 좋겠어요",2020-10-09T11:51:13.768+0000,STOREFARM,5,어린이 보석십자수 DIY 캐릭터 큐빅 비즈십자수 지니맘,지니맘 큐빅십자수  DIY: 3번 분홍사슴(액자 불포함)
3037124949,SELLBLOG,NORMAL,배송도빠르고 내용물도 잘챙겨서보내시고 잘만들어볼께요,2020-10-31T02:33:54.773+0000,STOREFARM,5,어린이 보석십자수 DIY 캐릭터 큐빅 비즈 지니맘 kc인증,지니맘 큐빅십자수  DIY: 19번 아이스크림 (액자별매)
3028457354,SELLBLOG,NORMAL,아이가 좋아해요...,2020-10-18T17:37:11.873+0000,STOREFARM,5,보석십자수 DIY 캐릭터 큐빅 비즈십자수 지니맘,지니맘 큐빅십자수  DIY: 9번 겨울사슴 (액자별매)
3035518924,SELLBLOG,NORMAL,예뻐요~근데 액자는 따로 사야되네여 ㅜㅜ,2020-10-28T14:15:22.151+0000,STOREFARM,5,어린이 보석십자수 DIY 캐릭터 큐빅 비즈 지니맘,지니맘 큐빅십자수  DIY: 2번 보라유니콘 (액자별매)
3021296712,SELLBLOG,NORMAL,아이가 도착하자마자 했어요~ 집중도 최고입니다~ 문구점에서 판매하는 단순한건 도중에 안하더니 이건 끝까지 하더라구요~ 완정후엔 액자에 넣어 올려두었더니 멋진 인테리어 소품이 되었어요~ 너무 맘에들어요 ^^,2020-10-09T03:48:17.734+0000,STOREFARM,5,어린이 보석십자수 DIY 캐릭터 큐빅 비즈십자수 지니맘,지니맘 큐빅십자수  DIY: 9번 겨울사슴 (15cm 20cm)
3014591336,SELLBLOG,NORMAL,"블링블링 넘예뻐요. 6살이 하기에도 쉬운데요.
다만 단순 반복 작업이라 며칠에 걸쳐 햇는데도 조금 지루해해서 엄마가 도와줌 좋아요.",2020-09-25T12:08:44.232+0000,STOREFARM,5,어린이 보석십자수 DIY 캐릭터 큐빅 비즈십자수 지니맘,지니맘 큐빅십자수  DIY: 9번 겨울사슴 (15cm 20cm)
3021565037,SELLBLOG,NORMAL,배송은 오래 걸렸지만 아이가 좋아하니 다행이네요,2020-10-09T11:49:43.943+0000,STOREFARM,5,어린이 보석십자수 DIY 캐릭터 큐빅 비즈십자수 지니맘,지니맘 큐빅십자수  DIY: 17번 핑크유니콘(액자 불포함)
3024760614,SELLBLOG,NORMAL,배송빠르고 포장완벽합니다~,2020-10-14T02:01:13.270+0000,STOREFARM,5,어린이 보석십자수 DIY 캐릭터 큐빅 비즈십자수 지니맘,지니맘 큐빅십자수  DIY: 8번 꽃사슴 (액자별매)
3046187118,SELLBLOG,NORMAL,좋아요........,2020-11-13T08:15:51.447+0000,STOREFARM,5,어린이 보석십자수 DIY 캐릭터 큐빅 비즈 지니맘 kc인증,지니맘 큐빅십자수  DIY: 1번 유니콘  (액자별매)
3021492755,SELLBLOG,NORMAL,"비즈가 충분해서 너무 좋았구요
도안이 귀여웠어요",2020-10-09T09:15:07.326+0000,STOREFARM,5,어린이 보석십자수 DIY 캐릭터 큐빅 비즈십자수 지니맘,지니맘 큐빅십자수  DIY: 1번 유니콘  (액자 불포함)
3038701935,SELLBLOG,NORMAL,조카 선물로 샀는데 좋아해요,2020-11-02T13:29:46.730+0000,STOREFARM,5,보석십자수 DIY 캐릭터 큐빅 비즈십자수 지니맘,지니맘 큐빅십자수  DIY: 20번 아기유니콘 (액자별매)
3036459583,SELLBLOG,NORMAL,선물준거라 사진은 없지만 아이가 좋아했어요,2020-10-30T02:40:40.954+0000,STOREFARM,4,어린이 보석십자수 DIY 캐릭터 큐빅 비즈 지니맘 kc인증,지니맘 큐빅십자수  DIY: 13번 별유니콘 (액자별매)
3041552410,SELLBLOG,NORMAL,아이들 하기 좋아요~^^,2020-11-06T12:00:51.999+0000,STOREFARM,5,어린이 보석십자수 DIY 캐릭터 큐빅 비즈 지니맘 kc인증,지니맘 큐빅십자수  DIY: 13번 별유니콘 (액자별매)
3014107567,SELLBLOG,NORMAL,색상도 이쁘고 보석? 큐빅?이 넉넉히 들어있어서 좋은거 같아요 애들이 너무 좋아하네요 집에서 하루종일 집중해서 잘 만들었어요^^,2020-09-25T01:24:45.408+0000,STOREFARM,5,어린이 보석십자수 DIY 캐릭터 큐빅 비즈십자수 지니맘,지니맘 큐빅십자수  DIY: 9번 겨울사슴 (15cm 20cm)
3033591035,SELLBLOG,NORMAL,아이들이 너무 좋아해요 어렵지도 않고 좋네요,2020-10-26T01:39:40.906+0000,STOREFARM,5,보석십자수 DIY 캐릭터 큐빅 비즈십자수 지니맘,지니맘 큐빅십자수  DIY: 19번 아이스크림 (액자별매)
3019795104,SELLBLOG,NORMAL,반짝반짝 예쁘네요 아이하게 해주려고 샀어요,2020-10-07T07:02:11.678+0000,STOREFARM,5,어린이 보석십자수 DIY 캐릭터 큐빅 비즈십자수 지니맘,지니맘 큐빅십자수  DIY: 1번 유니콘  (액자별매)
3017445457,SELLBLOG,NORMAL,"구성도 좋고, 가격도 착해서 너무 좋아요^^
아이가 너무 재미있어해서 재주문 할 것 같아요:)",2020-10-01T03:24:44.802+0000,STOREFARM,5,어린이 보석십자수 DIY 캐릭터 큐빅 비즈십자수 지니맘,지니맘 큐빅십자수  DIY: 17번 핑크유니콘(액자 불포함)
3039018911,SELLBLOG,AFTER_USE,반짝반짝  집안 분위기가 이뻐용,2020-11-03T05:39:24.577+0000,STOREFARM,4,어린이 보석십자수 DIY 캐릭터 큐빅 비즈십자수 지니맘,지니맘 큐빅십자수  DIY: 10번 안경토끼  (15cm 20cm)
3021759248,SELLBLOG,NORMAL,아이사준건데 어른도 너무 재밌어해요~,2020-10-10T01:07:02.343+0000,STOREFARM,5,어린이 보석십자수 DIY 캐릭터 큐빅 비즈십자수 지니맘,지니맘 큐빅십자수  DIY: 14번 부엉이 (액자별매)
3020161137,SELLBLOG,NORMAL,아주조아요  이뽀고 넘 조아하네요,2020-10-07T13:47:03.315+0000,STOREFARM,5,어린이 보석십자수 DIY 캐릭터 큐빅 비즈십자수 지니맘,지니맘 큐빅십자수  DIY: 16번 여우 (액자별매)
3004734148,SELLBLOG,NORMAL,"큐빅십자수와 부엉이를 샀습니다. 큐빅십자수는 하루만에 딸램이 완성했는데 부엉이는 좀 쉬었다하자했는데 오늘 잡았네요...한땀한땀 열심히 완성중입니다.
조금 힘들지만 아이랑 시간 보내기 좋은것같아요^^",2020-09-12T01:21:49.672+0000,STOREFARM,5,어린이 보석십자수 DIY 캐릭터 큐빅 비즈십자수 지니맘,지니맘 큐빅십자수  DIY: 11번 클로버 (15cm 20cm)
3038139497,SELLBLOG,AFTER_USE,아이가 집중해서 잘합니다,2020-11-01T15:03:25.443+0000,STOREFARM,5,어린이 보석십자수 DIY 캐릭터 큐빅 비즈십자수 지니맘,지니맘 큐빅십자수  DIY: 1번 유니콘  (15cm 20cm)
3038331713,SELLBLOG,NORMAL,아이가좋아해요 아이가좋아해요,2020-11-02T02:39:59.379+0000,STOREFARM,5,어린이 보석십자수 DIY 캐릭터 큐빅 비즈 지니맘 kc인증,지니맘 큐빅십자수  DIY: 12번 돌고래 (액자별매)
3024442468,SELLBLOG,NORMAL,완성하고 나니 더 이뻐요^^,2020-10-13T12:43:02.446+0000,STOREFARM,5,어린이 보석십자수 DIY 캐릭터 큐빅 비즈십자수 지니맘,지니맘 큐빅십자수  DIY: 9번 겨울사슴 (15cm 20cm)
3044618687,SELLBLOG,NORMAL,좋아요~~~~~~~,2020-11-11T07:20:56.465+0000,STOREFARM,5,어린이 보석십자수 DIY 캐릭터 큐빅 비즈 지니맘 kc인증,지니맘 큐빅십자수  DIY: 17번 아기 유니콘 (액자별매)
3021758608,SELLBLOG,NORMAL,6살아이 주말아침마다 집중해서 하네요~,2020-10-10T01:06:01.266+0000,STOREFARM,5,어린이 보석십자수 DIY 캐릭터 큐빅 비즈십자수 지니맘,지니맘 큐빅십자수  DIY: 16번 여우 (액자별매)
3018289854,SELLBLOG,NORMAL,"아이가 정말 좋아해요~! 
추석 연휴동안 2개 뚝딱 끝냈어요:)",2020-10-04T09:25:19.377+0000,STOREFARM,5,어린이 보석십자수 DIY 캐릭터 큐빅 비즈십자수 지니맘,지니맘 큐빅십자수  DIY: 20번 아기유니콘(액자 불포함)
3041121205,SELLBLOG,AFTER_USE,저렴하고 좋습ㄴ짇. 추천~,2020-11-06T02:45:00.280+0000,STOREFARM,5,어린이 보석십자수 DIY 캐릭터 큐빅 비즈십자수 지니맘,지니맘 큐빅십자수  DIY: 7번 소녀2  (15cm 20cm)
3017695405,SELLBLOG,NORMAL,아이가 너무좋아하네요 배송도빠르고 만족합니다,2020-10-02T02:33:19.441+0000,STOREFARM,5,어린이 보석십자수 DIY 캐릭터 큐빅 비즈십자수 지니맘,지니맘 큐빅십자수  DIY: 1번 유니콘  (액자 불포함)
3017695118,SELLBLOG,NORMAL,아이가 너무좋아하네요 배송도빠르고 만족합니다,2020-10-02T02:32:35.423+0000,STOREFARM,5,어린이 보석십자수 DIY 캐릭터 큐빅 비즈십자수 지니맘,지니맘 큐빅십자수  DIY: 7번 소녀2(액자 불포함)
3038212978,SELLBLOG,NORMAL,"아이들이 너무 좋아하네요,.",2020-11-01T23:40:11.537+0000,STOREFARM,5,어린이 보석십자수 DIY 캐릭터 큐빅 비즈 지니맘 kc인증,지니맘 큐빅십자수  DIY: 10번 안경토끼 (액자별매)
3013278112,SELLBLOG,NORMAL,코로나때문에 딸에게 취미삼아해보라고 샀어요~~~너무좋아하네요...다하면 또사사달라고 했어요...재구매의사있습니당,2020-09-23T23:41:58.930+0000,STOREFARM,5,어린이 보석십자수 DIY 캐릭터 큐빅 비즈십자수 지니맘,지니맘 큐빅십자수  DIY: 1번 유니콘  (15cm 20cm)
3019795470,SELLBLOG,NORMAL,반짝반짝아주예뻐요 재구매각,2020-10-07T07:02:42.440+0000,STOREFARM,5,어린이 보석십자수 DIY 캐릭터 큐빅 비즈십자수 지니맘,지니맘 큐빅십자수  DIY: 12번 돌고래 (액자별매)
3018187959,SELLBLOG,NORMAL,"아이가 너무 좋아해요.
조카도 사주기로 했어요",2020-10-04T03:13:31.908+0000,STOREFARM,5,어린이 보석십자수 DIY 캐릭터 큐빅 비즈십자수 지니맘,지니맘 큐빅십자수  DIY: 7번 소녀2  (15cm 20cm)
3037692482,SELLBLOG,NORMAL,아이들이 엄청좋아해요,2020-11-01T01:40:02.948+0000,STOREFARM,5,어린이 보석십자수 DIY 캐릭터 큐빅 비즈 지니맘 kc인증,지니맘 큐빅십자수  DIY: 1번 유니콘  (액자별매)
3030848519,SELLBLOG,NORMAL,아이가 세가지를 골랐는데 예쁘네요. 액자 만들어줘야겟어요,2020-10-22T00:47:00.323+0000,STOREFARM,5,어린이 보석십자수 DIY 캐릭터 큐빅 비즈 지니맘 kc인증,지니맘 큐빅십자수  DIY: 3번 분홍사슴 (액자별매)
3007085309,SELLBLOG,NORMAL,"어려울거라 생각했는데 아이들이 하기에도 쉽고 예쁘기까지 하네요..
아직 미완성이긴하지만 다 완성하면 다른거 사기로 약속했어요",2020-09-15T08:54:09.874+0000,STOREFARM,5,어린이 보석십자수 DIY 캐릭터 큐빅 비즈십자수 지니맘,지니맘 큐빅십자수  DIY: 19번 아이스크림 (15cm 20cm)
3010642090,SELLBLOG,NORMAL,상자없이 포장된 십자수 제품은 처음이라 당황했어요. 선물하려고 주문한거였거든요.,2020-09-20T04:22:18.752+0000,STOREFARM,4,어린이 보석십자수 DIY 캐릭터 큐빅 비즈십자수 지니맘,지니맘 큐빅십자수  DIY: 3번 분홍사슴 (15cm 20cm)
3030668174,SELLBLOG,NORMAL,"아이가 재밌어하네요~ 
하는것도어렵지않고 예뻐요~ 
많이파세요~",2020-10-21T13:50:13.428+0000,STOREFARM,5,어린이 보석십자수 DIY 캐릭터 큐빅 비즈 지니맘 kc인증,지니맘 큐빅십자수  DIY: 19번 아이스크림 (액자별매)
3022942313,SELLBLOG,NORMAL,아이들이 너무좋아해요 예뻐요,2020-10-11T12:32:29.257+0000,STOREFARM,5,어린이 보석십자수 DIY 캐릭터 큐빅 비즈십자수 지니맘,지니맘 큐빅십자수  DIY: 9번 겨울사슴 (15cm 20cm)
3021493185,SELLBLOG,NORMAL,비즈많고 캐릭터가 너무귀여워요,2020-10-09T09:16:05.460+0000,STOREFARM,5,어린이 보석십자수 DIY 캐릭터 큐빅 비즈십자수 지니맘,지니맘 큐빅십자수  DIY: 14번 부엉이(액자 불포함)
3031621488,SELLBLOG,NORMAL,아이들이 참 좋아하네요. 재미있게 하고 있습니다. ^^,2020-10-23T01:18:21.585+0000,STOREFARM,5,어린이 보석십자수 DIY 캐릭터 큐빅 비즈 지니맘 kc인증,지니맘 큐빅십자수  DIY: 9번 겨울사슴 (액자별매)
3031621430,SELLBLOG,NORMAL,아이들이 참 좋아하네요. 재미있게 하고 있습니다. ^^,2020-10-23T01:18:15.560+0000,STOREFARM,5,어린이 보석십자수 DIY 캐릭터 큐빅 비즈 지니맘 kc인증,지니맘 큐빅십자수  DIY: 10번 안경토끼 (액자별매)
3035164186,SELLBLOG,NORMAL,첨 해 봐도 간편하게 잘 할 수 있어 좋으네요~,2020-10-28T06:34:44.521+0000,STOREFARM,5,어린이 보석십자수 DIY 캐릭터 큐빅 비즈 지니맘,지니맘 큐빅십자수  DIY: 7번 사자 (액자별매)
3018099228,SELLBLOG,AFTER_USE,오래둬도 변형 없네요 아이들도 좋아했어요,2020-10-03T13:45:02.294+0000,STOREFARM,5,어린이 보석십자수 DIY 캐릭터 큐빅 비즈십자수 지니맘,지니맘 큐빅십자수  DIY: 4번 홍학 (15cm 20cm)
3037624842,SELLBLOG,NORMAL,애들이 진짜좋아해요,2020-10-31T21:23:10.092+0000,STOREFARM,5,어린이 보석십자수 DIY 캐릭터 큐빅 비즈 지니맘 kc인증,지니맘 큐빅십자수  DIY: 13번 별유니콘 (액자별매)
3039021587,SELLBLOG,AFTER_USE,반짝반짝 이뽀용~~♡,2020-11-03T05:43:14.710+0000,STOREFARM,4,어린이 보석십자수 DIY 캐릭터 큐빅 비즈십자수 지니맘,지니맘 큐빅십자수  DIY: 7번 소녀2  (15cm 20cm)
3017214911,SELLBLOG,NORMAL,일곱살 딸아이가 너무 재미있어하네요^^ 큐빅도 고급스럽고 예뻐요^^,2020-09-30T05:51:23.664+0000,STOREFARM,5,어린이 보석십자수 DIY 캐릭터 큐빅 비즈십자수 지니맘,지니맘 큐빅십자수  DIY: 13번 별유니콘 (15cm 20cm)
3015018667,SELLBLOG,NORMAL,"아이가 아주 좋아해요~~~~
붙이니 블링블링 반짝이는 큐빅이 너무 예쁘네요.
가격이 좀 더 저렴했으면 하는 바람이에요~~~",2020-09-26T05:45:02.295+0000,STOREFARM,4,어린이 보석십자수 DIY 캐릭터 큐빅 비즈십자수 지니맘,지니맘 큐빅십자수  DIY: 13번 별유니콘 (15cm 20cm)
3040244598,SELLBLOG,NORMAL,또 구매햇어요~~^^,2020-11-04T23:07:12.580+0000,STOREFARM,5,어린이 보석십자수 DIY 캐릭터 큐빅 비즈 지니맘 kc인증,지니맘 큐빅십자수  DIY: 14번 부엉이 (액자별매)
3018322928,SELLBLOG,NORMAL,아주 대만족합니다.. 너무 이쁩니다.,2020-10-04T11:27:10.792+0000,STOREFARM,5,어린이 보석십자수 DIY 캐릭터 큐빅 비즈십자수 지니맘,지니맘 큐빅십자수  DIY: 1번 유니콘  (액자 불포함)
3019547291,SELLBLOG,AFTER_USE,아이가 너무 재밌어했어요 또 사달라고 하네요,2020-10-07T00:44:14.290+0000,STOREFARM,5,어린이 보석십자수 DIY 캐릭터 큐빅 비즈십자수 지니맘,지니맘 큐빅십자수  DIY: 8번 꽃사슴 (15cm 20cm)
3022829400,SELLBLOG,AFTER_USE,초2딸이 엄청 좋아합니다~,2020-10-11T09:21:08.393+0000,STOREFARM,5,어린이 보석십자수 DIY 캐릭터 큐빅 비즈십자수 지니맘,지니맘 큐빅십자수  DIY: 20번 아기사슴 (15cm 20cm)
3022829157,SELLBLOG,AFTER_USE,초2딸이 엄청 좋아합니다~,2020-10-11T09:20:41.892+0000,STOREFARM,5,어린이 보석십자수 DIY 캐릭터 큐빅 비즈십자수 지니맘,지니맘 큐빅십자수  DIY: 9번 겨울사슴 (15cm 20cm)
3024876444,SELLBLOG,NORMAL,조아요 조아요 조아요 조아요,2020-10-14T04:55:38.282+0000,STOREFARM,4,어린이 보석십자수 DIY 캐릭터 큐빅 비즈십자수 지니맘,지니맘 큐빅십자수  DIY: 4번 홍학(액자 불포함)
3024876194,SELLBLOG,NORMAL,조아요 조아요 조아요 조아요,2020-10-14T04:55:16.649+0000,STOREFARM,4,어린이 보석십자수 DIY 캐릭터 큐빅 비즈십자수 지니맘,지니맘 큐빅십자수  DIY: 17번 핑크유니콘(액자 불포함)
3031835973,SELLBLOG,AFTER_USE,코로나로 집콕하는 아이랑 시간가는줄 모르고 재미있게 했어요,2020-10-23T05:50:56.785+0000,STOREFARM,5,어린이 보석십자수 DIY 캐릭터 큐빅 비즈십자수 지니맘,지니맘 큐빅십자수  DIY: 1번 유니콘  (15cm 20cm)
3020099373,SELLBLOG,NORMAL,아이와 함께 저도 같이 하고 있어요,2020-10-07T12:44:37.281+0000,STOREFARM,5,어린이 보석십자수 DIY 캐릭터 큐빅 비즈십자수 지니맘,지니맘 큐빅십자수  DIY: 2번 보라유니콘(액자 불포함)
3022766345,SELLBLOG,NORMAL,"딸아이가 예전부터 사달라고 했던거였는데..  
받자마자 너무 좋아하더니 바로 만들더라구요ㅎㅎ
한개는 아꼈다가 나중에 한다고 못하고 있네요ㅋㅋ",2020-10-11T07:33:27.986+0000,STOREFARM,5,어린이 보석십자수 DIY 캐릭터 큐빅 비즈십자수 지니맘,지니맘 큐빅십자수  DIY: 17번 핑크유니콘(액자 불포함)
3022871222,SELLBLOG,NORMAL,아이가 너무너무 좋아해요,2020-10-11T10:40:23.623+0000,STOREFARM,5,어린이 보석십자수 DIY 캐릭터 큐빅 비즈십자수 지니맘,지니맘 큐빅십자수  DIY: 12번 돌고래 (액자별매)
3019819012,SELLBLOG,NORMAL,"하루만에 다 해버렸네요
늘 상품은 좋아요",2020-10-07T07:33:43.565+0000,STOREFARM,5,어린이 보석십자수 DIY 캐릭터 큐빅 비즈십자수 지니맘,지니맘 큐빅십자수  DIY: 3번 분홍사슴(액자 불포함)
3014088981,SELLBLOG,NORMAL,"아이들이 너무 좋아해요
요즘 이거 빨리하고 싶어서 새벽에 일어나 눈 뜨자마자 앉아서 해요",2020-09-25T01:00:02.244+0000,STOREFARM,5,어린이 보석십자수 DIY 캐릭터 큐빅 비즈십자수 지니맘,지니맘 큐빅십자수  DIY: 2번 보라유니콘  (15cm 20cm)
3017494416,SELLBLOG,NORMAL,"예뻐요
배송도 적당하고~
애들이 엄청 좋아하며 7살 10살 둘다 집중해서 이틀걸려 끝냈어요",2020-10-01T06:55:41.128+0000,STOREFARM,5,어린이 보석십자수 DIY 캐릭터 큐빅 비즈십자수 지니맘,지니맘 큐빅십자수  DIY: 13번 별유니콘 (15cm 20cm)
3016051036,SELLBLOG,NORMAL,하기도 쉽고 너무 이뻐요...  집중력 상승할듯해요~^^다 하면 또 사달라고 하네요,2020-09-28T00:44:10.220+0000,STOREFARM,5,어린이 보석십자수 DIY 캐릭터 큐빅 비즈십자수 지니맘,지니맘 큐빅십자수  DIY: 12번 돌고래 (15cm 20cm)
3019661959,SELLBLOG,NORMAL,아이들과 하기 재미있을꺼같아요,2020-10-07T03:53:11.003+0000,STOREFARM,5,어린이 보석십자수 DIY 캐릭터 큐빅 비즈십자수 지니맘,지니맘 큐빅십자수  DIY: 1번 유니콘  (액자별매)
3019661231,SELLBLOG,NORMAL,아이들과 하기 재미있을꺼같아요,2020-10-07T03:51:59.538+0000,STOREFARM,5,어린이 보석십자수 DIY 캐릭터 큐빅 비즈십자수 지니맘,지니맘 큐빅십자수  DIY: 14번 부엉이 (액자별매)
3017505931,SELLBLOG,AFTER_USE,13살 딸아이 잼나게 잘하네요 완성품 첨부합니다 ㅎㅎ,2020-10-01T07:32:56.121+0000,STOREFARM,4,어린이 보석십자수 DIY 캐릭터 큐빅 비즈십자수 지니맘,지니맘 큐빅십자수  DIY: 9번 겨울사슴 (15cm 20cm)
3016411406,SELLBLOG,NORMAL,7세 남자아이 너무 좋아해요 한번하고 또하고싶다해서 사줬는데 너무 잘하네요,2020-09-28T09:12:50.986+0000,STOREFARM,5,어린이 보석십자수 DIY 캐릭터 큐빅 비즈십자수 지니맘,지니맘 큐빅십자수  DIY: 5번  반짝이 사슴(액자 불포함)
3019728986,SELLBLOG,NORMAL,조카선물로 사줬는데 너무좋아해요~,2020-10-07T05:36:05.802+0000,STOREFARM,4,어린이 보석십자수 DIY 캐릭터 큐빅 비즈십자수 지니맘,지니맘 큐빅십자수  DIY: 12번 돌고래(액자 불포함)
3006856853,SELLBLOG,NORMAL,조카에게 선물은 완제품보다 직접 할수있는걸 주는게 의미있을거같아서 찾다가 여기가 제일 좋다하여 구입해봤습니다~~~  조카가 좋아하면 또 구매하러올게요~~  디자인이 다 예뻐서 고르는데 한참걸렸네요^^,2020-09-15T03:42:18.570+0000,STOREFARM,5,어린이 보석십자수 DIY 캐릭터 큐빅 비즈십자수 지니맘,지니맘 큐빅십자수  DIY: 13번 별유니콘 (15cm 20cm)
3035548881,SELLBLOG,AFTER_USE,예뻐요~~~^^ 아이가 좋아하네요,2020-10-28T15:08:36.209+0000,STOREFARM,4,어린이 보석십자수 DIY 캐릭터 큐빅 비즈십자수 지니맘,지니맘 큐빅십자수  DIY: 17번 핑크유니콘  (15cm 20cm)
3032441978,SELLBLOG,NORMAL,생각보다 크기가 작아서 좀 아쉬웠지만 아이가 재미있어 하네요~,2020-10-24T03:39:53.531+0000,STOREFARM,5,어린이 보석십자수 DIY 캐릭터 큐빅 비즈십자수 지니맘,지니맘 큐빅십자수  DIY: 11번 클로버 (15cm 20cm)
3032441196,SELLBLOG,NORMAL,생각보다 크기가 작아서 좀 아쉬웠지만 아이가 재미있어 하네요~,2020-10-24T03:38:39.071+0000,STOREFARM,5,어린이 보석십자수 DIY 캐릭터 큐빅 비즈십자수 지니맘,지니맘 큐빅십자수  DIY: 5번  반짝이 사슴 (15cm 20cm)
3032093152,SELLBLOG,NORMAL,이뻐요.저렴하고빠르고 다죠아요.,2020-10-23T11:05:22.128+0000,STOREFARM,5,어린이 보석십자수 DIY 캐릭터 큐빅 비즈 지니맘 kc인증,지니맘 큐빅십자수  DIY: 16번 여우 (액자별매)
3032220597,SELLBLOG,NORMAL,아이가 열심히 하고 있어요~~넘 잼나하네요~!,2020-10-23T14:38:57.725+0000,STOREFARM,5,보석십자수 DIY 캐릭터 큐빅 비즈십자수 지니맘,지니맘 큐빅십자수  DIY: 15번 사자 (액자별매)
3024408780,SELLBLOG,NORMAL,7살 딸아이가 너무너무 좋아해요~ 아들도 하고 싶대서 딸도 다른거 또 하고 싶대서 또 주문해요 ^^ 딸은 오늘 받았는데 벌써 반을 다 했어요 ㅎㅎ,2020-10-13T12:09:57.005+0000,STOREFARM,5,보석십자수 DIY 캐릭터 큐빅 비즈십자수 지니맘,지니맘 큐빅십자수  DIY: 8번 꽃사슴 (액자별매)
3021087108,SELLBLOG,NORMAL,생각보다 쉽고 이쁘네요,2020-10-08T20:28:14.241+0000,STOREFARM,3,어린이 보석십자수 DIY 캐릭터 큐빅 비즈십자수 지니맘,지니맘 큐빅십자수  DIY: 8번 꽃사슴(액자 불포함)
3013660388,SELLBLOG,NORMAL,"와우~너무 이뻐요~~~^^
초3 코로나 때문에 집콕 생활이 길어져서 이것저것 많이해보내요ㅎ 
초집중 너무 좋아하네요~블링블링 이뻐요~",2020-09-24T08:27:03.001+0000,STOREFARM,5,어린이 보석십자수 DIY 캐릭터 큐빅 비즈십자수 지니맘,지니맘 큐빅십자수  DIY: 3번 분홍사슴 (15cm 20cm)
3019551458,SELLBLOG,AFTER_USE,아이는 물론 저도 재미있었어요,2020-10-07T00:51:37.193+0000,STOREFARM,5,어린이 보석십자수 DIY 캐릭터 큐빅 비즈십자수 지니맘,지니맘 큐빅십자수  DIY: 3번 분홍사슴 (15cm 20cm)
3027172732,SELLBLOG,NORMAL,아들이 재미가 붙어서 계속 사달라해요 사놓으면 제가.더 많이.합니다만 ㅋㅋ 재미있어요,2020-10-16T23:11:46.130+0000,STOREFARM,5,어린이 보석십자수 DIY 캐릭터 큐빅 비즈십자수 지니맘,지니맘 큐빅십자수  DIY: 10번 안경토끼(액자 불포함)
3010765223,SELLBLOG,NORMAL,"품절된상품기다렸다가 했네요~~~맘에들어요~반짝반짝~~~
그런데 큐빅으로 뒷배경그림이 빼곡히 채우는게 아니고 약간의 틈이 있는건 좀 아쉽네요~~~",2020-09-20T07:58:21.284+0000,STOREFARM,5,어린이 보석십자수 DIY 캐릭터 큐빅 비즈십자수 지니맘,지니맘 큐빅십자수  DIY: 14번 부엉이 (15cm 20cm)
3020098790,SELLBLOG,NORMAL,아이다 너무 잘하고 좋아해요,2020-10-07T12:44:02.995+0000,STOREFARM,5,어린이 보석십자수 DIY 캐릭터 큐빅 비즈십자수 지니맘,지니맘 큐빅십자수  DIY: 1번 유니콘  (액자 불포함)
3030848135,SELLBLOG,NORMAL,예쁜그림이 많네요. 아이가 넘 좋아하네요,2020-10-22T00:46:26.083+0000,STOREFARM,5,어린이 보석십자수 DIY 캐릭터 큐빅 비즈 지니맘 kc인증,지니맘 큐빅십자수  DIY: 12번 돌고래 (액자별매)
3035519179,SELLBLOG,NORMAL,굿 예쁜데 액자가 없어요,2020-10-28T14:15:47.050+0000,STOREFARM,5,어린이 보석십자수 DIY 캐릭터 큐빅 비즈 지니맘,지니맘 큐빅십자수  DIY: 1번 유니콘  (액자별매)
3004900591,SELLBLOG,NORMAL,"일반 보석십자수는 반짝거림이
없어서 안이쁜데 찾다보니여기서
발견^^크기도적당하고 너무예뻐요
애가맘에들어합니다ㅋㅋㅋ",2020-09-12T04:29:08.621+0000,STOREFARM,5,어린이 보석십자수 DIY 캐릭터 큐빅 비즈십자수 지니맘,지니맘 큐빅십자수  DIY: 7번 소녀2  (15cm 20cm)
3010405758,SELLBLOG,NORMAL,7살 남자아이랑 같이했어요 집중력이 누나보다못할줄알았는데 끝까지다하자고해서 하루에 다하고 엄청 뿌듯해하네요,2020-09-19T15:55:50.324+0000,STOREFARM,5,어린이 보석십자수 DIY 캐릭터 큐빅 비즈십자수 지니맘,지니맘 큐빅십자수  DIY: 3번 분홍사슴 (15cm 20cm)
3023995160,SELLBLOG,NORMAL,"배송이 너무 늦었어요 택배회사에서 누락시켜서 ..ㅠ
선물하려고 일찍 주문했는데 생일지나서 갔네요",2020-10-13T04:10:20.137+0000,STOREFARM,3,어린이 보석십자수 DIY 캐릭터 큐빅 비즈십자수 지니맘,지니맘 큐빅십자수  DIY: 17번 핑크유니콘 (액자별매)
3019429171,SELLBLOG,NORMAL,아이들이 집중해서 잘하네요,2020-10-06T15:39:32.052+0000,STOREFARM,5,어린이 보석십자수 DIY 캐릭터 큐빅 비즈십자수 지니맘,지니맘 큐빅십자수  DIY: 16번 여우(액자 불포함)
3019428879,SELLBLOG,NORMAL,아이들이 집중해서 잘하네요,2020-10-06T15:38:47.839+0000,STOREFARM,5,어린이 보석십자수 DIY 캐릭터 큐빅 비즈십자수 지니맘,지니맘 큐빅십자수  DIY: 12번 돌고래(액자 불포함)
3025296563,SELLBLOG,AFTER_USE,아이가 좋아하네요~ 엄청 어렵지 않아서 초등학생도 혼자 잘 할수 있을 정도에요!,2020-10-14T13:05:11.525+0000,STOREFARM,5,어린이 보석십자수 DIY 캐릭터 큐빅 비즈십자수 지니맘,지니맘 큐빅십자수  DIY: 8번 꽃사슴 (15cm 20cm)
3025296382,SELLBLOG,AFTER_USE,아이가 좋아하네요~ 엄청 어렵지 않아서 초등학생도 혼자 잘 할수 있을 정도에요!,2020-10-14T13:05:00.461+0000,STOREFARM,4,어린이 보석십자수 DIY 캐릭터 큐빅 비즈십자수 지니맘,지니맘 큐빅십자수  DIY: 1번 유니콘  (15cm 20cm)
3009292218,SELLBLOG,NORMAL,"큐빅 종류마다 깨진게 있었고 변색되있는게 좀 많아서 아쉬었어요.
양 넉넉히 많아서 좋았고 사진으로 본것보다 직접 완성해서 보니 훨 예뻤습니다.",2020-09-18T05:40:58.333+0000,STOREFARM,4,어린이 보석십자수 DIY 캐릭터 큐빅 비즈십자수 지니맘,지니맘 큐빅십자수  DIY: 1번 유니콘  (15cm 20cm)
3033317028,SELLBLOG,NORMAL,아이가 좋아하네요 짱 짱,2020-10-25T11:25:09.937+0000,STOREFARM,5,어린이 보석십자수 DIY 캐릭터 큐빅 비즈십자수 지니맘,지니맘 큐빅십자수  DIY: 14번 부엉이 (15cm 20cm)
3016162253,SELLBLOG,NORMAL,너무 재밌대요 즐겁게 하고 있습니다 다 완성하고 또 구매할께요,2020-09-28T02:56:50.530+0000,STOREFARM,5,어린이 보석십자수 DIY 캐릭터 큐빅 비즈십자수 지니맘,지니맘 큐빅십자수  DIY: 9번 겨울사슴 (15cm 20cm)
3031682289,SELLBLOG,NORMAL,재구매에요 아주 예뻐요,2020-10-23T02:39:54.430+0000,STOREFARM,5,어린이 보석십자수 DIY 캐릭터 큐빅 비즈 지니맘 kc인증,지니맘 큐빅십자수  DIY: 2번 보라유니콘 (액자별매)
3015303040,SELLBLOG,NORMAL,"초등아이가 혼자할수있을만큼 쉽네요..
완성도도  가격대비  짱~~입니다",2020-09-26T13:01:48.926+0000,STOREFARM,5,어린이 보석십자수 DIY 캐릭터 큐빅 비즈십자수 지니맘,지니맘 큐빅십자수  DIY: 1번 유니콘  (액자 불포함)
3029451519,SELLBLOG,AFTER_USE,작아서애들이할만해요~~완성후너무좋아해요~~예뻐요~~,2020-10-20T05:20:52.865+0000,STOREFARM,4,어린이 보석십자수 DIY 캐릭터 큐빅 비즈십자수 지니맘,지니맘 큐빅십자수  DIY: 11번 클로버 (15cm 20cm)
3032093328,SELLBLOG,NORMAL,재구매했어요. 만족합니다.,2020-10-23T11:05:37.845+0000,STOREFARM,5,어린이 보석십자수 DIY 캐릭터 큐빅 비즈 지니맘 kc인증,지니맘 큐빅십자수  DIY: 15번 핑크 유니콘 (액자별매)
3011083425,SELLBLOG,NORMAL,"재미있네요
애가 하고 있는데 옆에서 같이 해봤는데 중독성 있네요
작아서 몇시간만에 그냥 해버려서 
아쉬웠어요 또 하고 싶네요",2020-09-21T00:23:11.720+0000,STOREFARM,4,어린이 보석십자수 DIY 캐릭터 큐빅 비즈십자수 지니맘,지니맘 큐빅십자수  DIY: 14번 부엉이 (15cm 20cm)
3001985860,SELLBLOG,NORMAL,"너무이뻐요...애들이 작은것만 하다가 작품같은거하니깐 너무좋아해요...시간 가는줄 모르고 열심히하네요..
반짝반짝 퀄리티가 다르네요...완성품올리고 싶은데 오늘 반만하고 내일마무리 한다고 그러네요..
앞으로 다른작품도 사달라할것같아요..
또 주문할께요...",2020-09-08T11:39:17.808+0000,STOREFARM,5,어린이 보석십자수 DIY 캐릭터 큐빅 비즈십자수 지니맘,지니맘 큐빅십자수  DIY: 18번 파란사슴 (15cm 20cm)
3013784799,SELLBLOG,NORMAL,잘 구분되서 포장되어 있고 그림판도 예쁘고 좋네요~ 나중에 또 재구매할께요~,2020-09-24T11:17:18.296+0000,STOREFARM,5,어린이 보석십자수 DIY 캐릭터 큐빅 비즈십자수 지니맘,지니맘 큐빅십자수  DIY: 13번 별유니콘 (15cm 20cm)
3009129047,SELLBLOG,NORMAL,"초4 누나가 하려고 주문했는데 6살 남아도 잘하네요
잠시라도 조용히 집중할수있는 시간이라 더욱 좋구요
완성되어가는 뿌듯함도 느낄수 있을수같아요",2020-09-18T02:32:31.736+0000,STOREFARM,5,어린이 보석십자수 DIY 캐릭터 큐빅 비즈십자수 지니맘,지니맘 큐빅십자수  DIY: 1번 유니콘  (15cm 20cm)
3026620897,SELLBLOG,NORMAL,"6시간동안 집중에서 완성하더라구요~^^ 
큐빅이 넘 이쁘고 완성하니 하나의 작품~!!",2020-10-16T05:15:39.008+0000,STOREFARM,4,보석십자수 DIY 캐릭터 큐빅 비즈십자수 지니맘,지니맘 큐빅십자수  DIY: 20번 아기유니콘 (액자별매)
3012924493,SELLBLOG,NORMAL,아이들이 너무 좋아하네요~,2020-09-23T09:24:33.037+0000,STOREFARM,4,어린이 보석십자수 DIY 캐릭터 큐빅 비즈십자수 지니맘,지니맘 큐빅십자수  DIY: 1번 유니콘  (15cm 20cm)
3031836584,SELLBLOG,AFTER_USE,코로나로 집콕하는 아이와 재미있게했습니다,2020-10-23T05:51:35.344+0000,STOREFARM,5,어린이 보석십자수 DIY 캐릭터 큐빅 비즈십자수 지니맘,지니맘 큐빅십자수  DIY: 2번 보라유니콘  (15cm 20cm)
3012924002,SELLBLOG,NORMAL,아이들이 너무 좋아하네요~,2020-09-23T09:23:52.018+0000,STOREFARM,4,어린이 보석십자수 DIY 캐릭터 큐빅 비즈십자수 지니맘,지니맘 큐빅십자수  DIY: 14번 부엉이 (15cm 20cm)
3032513730,SELLBLOG,AFTER_USE,"게임하는거 보다 훨씬 좋아요
멋진 작품도 만들고요 ^^",2020-10-24T05:22:49.315+0000,STOREFARM,5,어린이 보석십자수 DIY 캐릭터 큐빅 비즈십자수 지니맘,지니맘 큐빅십자수  DIY: 12번 돌고래 (15cm 20cm)
3032513447,SELLBLOG,AFTER_USE,"게임하는거 보다 훨씬 좋아요
멋진 작품도 만들고요 ^^",2020-10-24T05:22:28.867+0000,STOREFARM,5,어린이 보석십자수 DIY 캐릭터 큐빅 비즈십자수 지니맘,지니맘 큐빅십자수  DIY: 11번 클로버 (15cm 20cm)
3034032938,SELLBLOG,AFTER_USE,9세 딸아이 앉아서 꼼짝않고 하네용ㅎㅎ,2020-10-26T12:55:32.515+0000,STOREFARM,5,어린이 보석십자수 DIY 캐릭터 큐빅 비즈십자수 지니맘,지니맘 큐빅십자수  DIY: 17번 핑크유니콘  (15cm 20cm)
3030169359,SELLBLOG,NORMAL,코로나로 심심한 요즘 애들한테 사줬더니 재밌게 만드네요,2020-10-21T03:17:49.746+0000,STOREFARM,5,어린이 보석십자수 DIY 캐릭터 큐빅 비즈십자수 지니맘,지니맘 큐빅십자수  DIY: 14번 부엉이 (15cm 20cm)
3035490980,SELLBLOG,AFTER_USE,아이가 아주 좋아합니다~!,2020-10-28T13:37:04.208+0000,STOREFARM,5,어린이 보석십자수 DIY 캐릭터 큐빅 비즈십자수 지니맘,지니맘 큐빅십자수  DIY: 7번 소녀2  (15cm 20cm)
3031030984,SELLBLOG,NORMAL,큐빅 색감이 반짝반짝 너무 이뻐요... 재구매요,2020-10-22T04:58:59.480+0000,STOREFARM,5,어린이 보석십자수 DIY 캐릭터 큐빅 비즈 지니맘 kc인증,지니맘 큐빅십자수  DIY: 17번 아기 유니콘 (액자별매)
3031030892,SELLBLOG,NORMAL,큐빅 색감이 반짝반짝 너무 이뻐요... 재구매요,2020-10-22T04:58:50.609+0000,STOREFARM,5,어린이 보석십자수 DIY 캐릭터 큐빅 비즈 지니맘 kc인증,지니맘 큐빅십자수  DIY: 3번 분홍사슴 (액자별매)
3031030672,SELLBLOG,NORMAL,큐빅 색감이 반짝반짝 너무 이뻐요... 재구매요,2020-10-22T04:58:30.756+0000,STOREFARM,5,어린이 보석십자수 DIY 캐릭터 큐빅 비즈 지니맘 kc인증,지니맘 큐빅십자수  DIY: 19번 아이스크림 (액자별매)
3016838466,SELLBLOG,NORMAL,아이가 너무 좋아하네요~~ 다 완성하면 또 구입할께요~~^^,2020-09-29T05:28:49.380+0000,STOREFARM,5,어린이 보석십자수 DIY 캐릭터 큐빅 비즈십자수 지니맘,지니맘 큐빅십자수  DIY: 9번 겨울사슴 (15cm 20cm)
3011107604,SELLBLOG,NORMAL,완성해놓고 나니 더 예뻐요. 여기서만 세번째 작품이네요. 큐빅도 넉넉하게 넣어주시고 만족합니다.,2020-09-21T00:54:37.206+0000,STOREFARM,5,어린이 보석십자수 DIY 캐릭터 큐빅 비즈십자수 지니맘,지니맘 큐빅십자수  DIY: 13번 별유니콘 (15cm 20cm)
3030751870,SELLBLOG,AFTER_USE,두개사서 심심할때쯤 하나 더 꺼내주니  좋아하네요,2020-10-21T16:52:12.888+0000,STOREFARM,4,어린이 보석십자수 DIY 캐릭터 큐빅 비즈십자수 지니맘,지니맘 큐빅십자수  DIY: 8번 꽃사슴 (15cm 20cm)
3034932535,SELLBLOG,NORMAL,아이들이 재밌게하네요..,2020-10-28T00:19:06.570+0000,STOREFARM,5,보석십자수 DIY 캐릭터 큐빅 비즈십자수 지니맘,지니맘 큐빅십자수  DIY: 3번 분홍사슴 (액자별매)
3012923408,SELLBLOG,NORMAL,아이들이 너무 좋아하네요~~,2020-09-23T09:23:04.954+0000,STOREFARM,4,어린이 보석십자수 DIY 캐릭터 큐빅 비즈십자수 지니맘,지니맘 큐빅십자수  DIY: 8번 꽃사슴 (15cm 20cm)
3030156793,SELLBLOG,AFTER_USE,"아이가 집중해서 잘 만들어요.
집중력 최고~~",2020-10-21T02:56:23.602+0000,STOREFARM,5,어린이 보석십자수 DIY 캐릭터 큐빅 비즈십자수 지니맘,지니맘 큐빅십자수  DIY: 8번 꽃사슴 (15cm 20cm)
3032365388,SELLBLOG,NORMAL,예뻐요 잘만들고있어요,2020-10-24T01:43:04.023+0000,STOREFARM,5,어린이 보석십자수 DIY 캐릭터 큐빅 비즈 지니맘 kc인증,지니맘 큐빅십자수  DIY: 17번 아기 유니콘 (액자별매)
3001576011,SELLBLOG,NORMAL,"집에만 있다보니 아이들이 넘 심심해해서 구매해봤어요...만들면서 집중하고 이쁘다고 좋아하네요...완성하고 액자에 넣으니 넘 이쁩니다...
단점은 아이가 하고싶어 하던것들이 품절이 많아서 아쉬웠어요...",2020-09-08T03:23:25.738+0000,STOREFARM,5,어린이 보석십자수 DIY 캐릭터 큐빅 비즈십자수 지니맘,지니맘 큐빅십자수  DIY: 1번 유니콘  (15cm 20cm)
3050167037,SELLBLOG,NORMAL,좋아요좋아요좋아요좋아요좋아요좋아요,2020-11-19T08:10:21.109+0000,STOREFARM,5,어린이 보석십자수 DIY 캐릭터 큐빅 비즈 지니맘 kc인증,지니맘 큐빅십자수  DIY: 14번 부엉이 (액자별매)
3050166894,SELLBLOG,NORMAL,좋아요좋아요좋아요좋아요좋아요좋아요,2020-11-19T08:10:10.886+0000,STOREFARM,5,어린이 보석십자수 DIY 캐릭터 큐빅 비즈 지니맘 kc인증,지니맘 큐빅십자수  DIY: 11번 클로버 (액자별매)
3050166740,SELLBLOG,NORMAL,좋아요좋아요좋아요좋아요좋아요좋아요,2020-11-19T08:10:00.184+0000,STOREFARM,5,어린이 보석십자수 DIY 캐릭터 큐빅 비즈 지니맘 kc인증,지니맘 큐빅십자수  DIY: 8번 꽃사슴 (액자별매)
3027241060,SELLBLOG,NORMAL,잘 받았어요. 아이들이 만들기에 크기가 적당한 것 같네요.,2020-10-17T01:45:11.432+0000,STOREFARM,4,보석십자수 DIY 캐릭터 큐빅 비즈십자수 지니맘,지니맘 큐빅십자수  DIY: 17번 핑크유니콘 (액자별매)
3032512376,SELLBLOG,AFTER_USE,아이하는거 뺏어서 제가 하기도 합니다 ^^,2020-10-24T05:21:02.536+0000,STOREFARM,5,어린이 보석십자수 DIY 캐릭터 큐빅 비즈십자수 지니맘,지니맘 큐빅십자수  DIY: 9번 겨울사슴 (15cm 20cm)
3011326396,SELLBLOG,NORMAL,두개 완성후 또 주문했어요. 아침에 일어나자마자 자기가 갖고와요ㅋ 5살여아 넘좋아하네요~ 다 완성후 다시 또 주문할게요~,2020-09-21T05:13:50.177+0000,STOREFARM,5,어린이 보석십자수 DIY 캐릭터 큐빅 비즈십자수 지니맘,지니맘 큐빅십자수  DIY: 20번 아기유니콘 (15cm 20cm)
3017241000,SELLBLOG,NORMAL,보석 십자수 처음이라 입문해보려고 샀는데 예쁘고 좋네요ㅎ,2020-09-30T07:15:44.610+0000,STOREFARM,5,어린이 보석십자수 DIY 캐릭터 큐빅 비즈십자수 지니맘,지니맘 큐빅십자수  DIY: 14번 부엉이(액자 불포함)
3019565690,SELLBLOG,AFTER_USE,아이들도 어른도 재밌어했어요^^,2020-10-07T01:15:13.592+0000,STOREFARM,5,어린이 보석십자수 DIY 캐릭터 큐빅 비즈십자수 지니맘,지니맘 큐빅십자수  DIY: 7번 소녀2  (15cm 20cm)
3033599762,SELLBLOG,AFTER_USE,조카 선물해줬는데 좋아해요^^,2020-10-26T01:49:05.218+0000,STOREFARM,5,어린이 보석십자수 DIY 캐릭터 큐빅 비즈십자수 지니맘,지니맘 큐빅십자수  DIY: 13번 별유니콘 (15cm 20cm)
3032469743,SELLBLOG,AFTER_USE,아이들하고 즐거운시간 보냈습니다.,2020-10-24T04:21:12.291+0000,STOREFARM,5,어린이 보석십자수 DIY 캐릭터 큐빅 비즈십자수 지니맘,지니맘 큐빅십자수  DIY: 8번 꽃사슴 (15cm 20cm)
3032469611,SELLBLOG,AFTER_USE,아이들하고 즐거운 시간 보냈습니다.,2020-10-24T04:21:00.871+0000,STOREFARM,5,어린이 보석십자수 DIY 캐릭터 큐빅 비즈십자수 지니맘,지니맘 큐빅십자수  DIY: 19번 아이스크림 (15cm 20cm)
3015337081,SELLBLOG,NORMAL,세번째 구매하믄거예요 완성시 아이가 성취감도 들고 집중력도 생기고 좋더라구요,2020-09-26T14:00:11.411+0000,STOREFARM,4,어린이 보석십자수 DIY 캐릭터 큐빅 비즈십자수 지니맘,지니맘 큐빅십자수  DIY: 14번 부엉이(액자 불포함)
3016089073,SELLBLOG,NORMAL,"다섯살 아이가 너무너무 좋아해요.
디폼블럭도 좋아했었는데 그것보다 이게
더 재밌다고 하네요. 액자까지 같이 샀는데 빨리 해서 액자에 걸고 싶다고 하네요. 딸이 좋아할지 몰라 한개만 샀는데 더 살껄 그랬어요.
고민하지 말고 사셔도 될것 같아요.강추입니다^^",2020-09-28T01:30:15.489+0000,STOREFARM,5,어린이 보석십자수 DIY 캐릭터 큐빅 비즈십자수 지니맘,지니맘 큐빅십자수  DIY: 1번 유니콘  (액자 불포함)
3019429499,SELLBLOG,NORMAL,아직 완성하진 않았어요~~,2020-10-06T15:40:18.010+0000,STOREFARM,5,어린이 보석십자수 DIY 캐릭터 큐빅 비즈십자수 지니맘,지니맘 큐빅십자수  DIY: 20번 아기유니콘(액자 불포함)
3029400856,SELLBLOG,NORMAL,재미있어요.집중력 짱입니다,2020-10-20T04:16:42.212+0000,STOREFARM,5,어린이 보석십자수 DIY 캐릭터 큐빅 비즈 지니맘,지니맘 큐빅십자수  DIY: 3번 분홍사슴 (액자별매)
3017650117,SELLBLOG,NORMAL,이쁘고 재밌습니다 저희 딸꺼 같이 했어요,2020-10-02T00:59:31.600+0000,STOREFARM,5,어린이 보석십자수 DIY 캐릭터 큐빅 비즈십자수 지니맘,지니맘 큐빅십자수  DIY: 11번 클로버(액자 불포함)
3030311725,SELLBLOG,NORMAL,"반짝반짝 예쁘네요
딸 아이가 좋아해요",2020-10-21T06:43:39.306+0000,STOREFARM,5,보석십자수 DIY 캐릭터 큐빅 비즈십자수 지니맘,지니맘 큐빅십자수  DIY: 9번 겨울사슴 (액자별매)
3014592070,SELLBLOG,NORMAL,"아이가 넘넘 좋아하구요. 그림도,색감도 넘 맘에듭니다. 8살 아이 혼자 잘해요.^^",2020-09-25T12:09:53.587+0000,STOREFARM,5,어린이 보석십자수 DIY 캐릭터 큐빅 비즈십자수 지니맘,지니맘 큐빅십자수  DIY: 13번 별유니콘 (15cm 20cm)
3004713173,SELLBLOG,NORMAL,초3아이가 너무 좋아합니다. 반복되는 가정학습에지쳐있는 아이에게 즐거운 활동이 되었습니다.,2020-09-12T00:51:33.725+0000,STOREFARM,5,어린이 보석십자수 DIY 캐릭터 큐빅 비즈십자수 지니맘,지니맘 큐빅십자수  DIY: 2번 보라유니콘  (15cm 20cm)
3025257443,SELLBLOG,NORMAL,아이들과 시간가는줄모르고했네요 배송도빠르고 포장도 깔끔했어요.,2020-10-14T12:24:34.525+0000,STOREFARM,4,보석십자수 DIY 캐릭터 큐빅 비즈십자수 지니맘,지니맘 큐빅십자수  DIY: 16번 여우 (액자별매)
3009282733,SELLBLOG,AFTER_USE,"넘 예쁘고 인테리어 효과도 짱이예요
핸드폰 하는 시간에 새로운 취미가 생기니 제가 더 좋네요
딸 아이 방 분위기가 확 살아요 ~~^^",2020-09-18T05:31:55.387+0000,STOREFARM,5,어린이 보석십자수 DIY 캐릭터 큐빅 비즈십자수 지니맘,지니맘 큐빅십자수  DIY: 9번 겨울사슴 (15cm 20cm)
3033667399,SELLBLOG,NORMAL,너무 이뻐요 좋습니당,2020-10-26T03:14:19.788+0000,STOREFARM,5,어린이 보석십자수 DIY 캐릭터 큐빅 비즈 지니맘 kc인증,지니맘 큐빅십자수  DIY: 15번 핑크 유니콘 (액자별매)
3033667203,SELLBLOG,NORMAL,너무 이뻐요 좋습니당,2020-10-26T03:14:02.017+0000,STOREFARM,5,어린이 보석십자수 DIY 캐릭터 큐빅 비즈 지니맘 kc인증,지니맘 큐빅십자수  DIY: 14번 부엉이 (액자별매)
3013648940,SELLBLOG,NORMAL,"아이가 반짝인다고 좋아해요.
일곱살 아이도 곧잘하네요.
다하면 또살께요!",2020-09-24T08:12:35.391+0000,STOREFARM,5,어린이 보석십자수 DIY 캐릭터 큐빅 비즈십자수 지니맘,지니맘 큐빅십자수  DIY: 1번 유니콘  (15cm 20cm)
3013648592,SELLBLOG,NORMAL,"아이가 반짝인다고 좋아해요.
일곱살 아이도 곧잘하네요.
다하면 또살께요!",2020-09-24T08:12:08.378+0000,STOREFARM,5,어린이 보석십자수 DIY 캐릭터 큐빅 비즈십자수 지니맘,지니맘 큐빅십자수  DIY: 12번 돌고래 (15cm 20cm)
3013648192,SELLBLOG,NORMAL,"아이가 반짝인다고 좋아해요.
일곱살 아이도 곧잘하네요.
다하면 또살께요!",2020-09-24T08:11:39.322+0000,STOREFARM,5,어린이 보석십자수 DIY 캐릭터 큐빅 비즈십자수 지니맘,지니맘 큐빅십자수  DIY: 8번 꽃사슴 (15cm 20cm)
3002929185,SELLBLOG,NORMAL,"아이가 넘나
좋아해요~^^
다른 보석 십자수보다 가격이 좀 비싸긴하지만
큐빅 퀄리티도 반짝반짝 넘나 좋고요~~
컬러감도 너무 고급스러워요~^^
도안도 너무너무 예쁘네요~
아직 미완성이긴 하지만 사진 올려봅니다 .^^
재구매 의사 있습니다~^^",2020-09-09T14:11:30.939+0000,STOREFARM,5,어린이 보석십자수 DIY 캐릭터 큐빅 비즈십자수 지니맘,지니맘 큐빅십자수  DIY: 13번 별유니콘 (15cm 20cm)
3032090500,SELLBLOG,NORMAL,딸이 신나서 받자마자 하고있네요.,2020-10-23T11:01:20.188+0000,STOREFARM,5,어린이 보석십자수 DIY 캐릭터 큐빅 비즈 지니맘 kc인증,지니맘 큐빅십자수  DIY: 8번 꽃사슴 (액자별매)
3030847868,SELLBLOG,NORMAL,예뻐요.아이가 너무좋아해요~,2020-10-22T00:46:02.657+0000,STOREFARM,5,어린이 보석십자수 DIY 캐릭터 큐빅 비즈 지니맘 kc인증,지니맘 큐빅십자수  DIY: 14번 부엉이 (액자별매)
3013786485,SELLBLOG,NORMAL,"언니동생 사이좋게 잘 만드네요 
상품도 잘 구분해서 포장 잘 되어있어요
좋아요",2020-09-24T11:19:25.114+0000,STOREFARM,5,어린이 보석십자수 DIY 캐릭터 큐빅 비즈십자수 지니맘,지니맘 큐빅십자수  DIY: 1번 유니콘  (15cm 20cm)
3024707702,SELLBLOG,AFTER_USE,"5살 8살 딸 아이들 인데
한 자리에 앉아 1~2시간을 집중해서 잘 합니다. 제가 해도 집중하게 되고 재밌어요
그림도 보석도 예뻐요",2020-10-14T00:45:22.833+0000,STOREFARM,5,어린이 보석십자수 DIY 캐릭터 큐빅 비즈십자수 지니맘,지니맘 큐빅십자수  DIY: 13번 별유니콘 (15cm 20cm)
3024707552,SELLBLOG,AFTER_USE,"5살 8살 딸 아이들 인데
한 자리에 앉아 1~2시간을 집중해서 잘 합니다. 제가 해도 집중하게 되고 재밌어요
그림도 보석도 예뻐요",2020-10-14T00:45:10.300+0000,STOREFARM,5,어린이 보석십자수 DIY 캐릭터 큐빅 비즈십자수 지니맘,지니맘 큐빅십자수  DIY: 6번 소녀1  (15cm 20cm)
3024707450,SELLBLOG,AFTER_USE,"5살 8살 딸 아이들 인데
한 자리에 앉아 1~2시간을 집중해서 잘 합니다. 제가 해도 집중하게 되고 재밌어요
그림도 보석도 예뻐요",2020-10-14T00:45:00.262+0000,STOREFARM,5,어린이 보석십자수 DIY 캐릭터 큐빅 비즈십자수 지니맘,지니맘 큐빅십자수  DIY: 7번 소녀2  (15cm 20cm)
3024707164,SELLBLOG,AFTER_USE,"5살 8살 딸 아이들 인데
한 자리에 앉아 1~2시간을 집중해서 잘 합니다. 제가 해도 집중하게 되고 재밌어요
그림도 보석도 예뻐요",2020-10-14T00:44:37.742+0000,STOREFARM,5,어린이 보석십자수 DIY 캐릭터 큐빅 비즈십자수 지니맘,지니맘 큐빅십자수  DIY: 1번 유니콘  (15cm 20cm)
3018188432,SELLBLOG,NORMAL,응대가 빠르고 친절하세요,2020-10-04T03:15:44.800+0000,STOREFARM,5,어린이 보석십자수 DIY 캐릭터 큐빅 비즈십자수 지니맘,지니맘 큐빅십자수  DIY: 1번 유니콘  (액자 불포함)
3002929841,SELLBLOG,NORMAL,"아이가 넘나
좋아해요~^^
다른 보석 십자수보다 가격이 좀 비싸긴하지만
큐빅 퀄리티도 반짝반짝 넘나 좋고요~~
컬러감도 너무 고급스러워요~^^
도안도 너무너무 예쁘네요~
아직 미완성이긴한데 사진 올려봅니다
재구매 의사 있습니다~^^",2020-09-09T14:12:22.302+0000,STOREFARM,5,어린이 보석십자수 DIY 캐릭터 큐빅 비즈십자수 지니맘,지니맘 큐빅십자수  DIY: 7번 소녀2  (15cm 20cm)
3018483715,SELLBLOG,AFTER_USE,액자로. 활용하고있습니다.,2020-10-05T02:14:15.617+0000,STOREFARM,4,어린이 보석십자수 DIY 캐릭터 큐빅 비즈십자수 지니맘,지니맘 큐빅십자수  DIY: 18번 파란사슴 (15cm 20cm)
3025376063,SELLBLOG,AFTER_USE,1주일이면 완성한다던 딸이 아직도 소식이 없네요  아기자기하니 이뻐요^^,2020-10-14T14:37:13.721+0000,STOREFARM,5,어린이 보석십자수 DIY 캐릭터 큐빅 비즈십자수 지니맘,지니맘 큐빅십자수  DIY: 2번 보라유니콘  (15cm 20cm)
3009381990,SELLBLOG,NORMAL,7살9살아이 집중해서 반짝반짝이쁘다고좋아하네요 포장도좋구요,2020-09-18T07:11:36.366+0000,STOREFARM,5,어린이 보석십자수 DIY 캐릭터 큐빅 비즈십자수 지니맘,지니맘 큐빅십자수  DIY: 12번 돌고래 (15cm 20cm)
3017121193,SELLBLOG,AFTER_USE,아이기스스로 하기 좋아요. 이뻐요.,2020-09-29T23:23:05.878+0000,STOREFARM,5,어린이 보석십자수 DIY 캐릭터 큐빅 비즈십자수 지니맘,지니맘 큐빅십자수  DIY: 1번 유니콘  (15cm 20cm)
3010309441,SELLBLOG,NORMAL,초등학생 저학년인데도 앉아서 끝까지 완성했네요~ 반짝반짝하니 아이들이 좋아합니다,2020-09-19T12:48:32.881+0000,STOREFARM,4,어린이 보석십자수 DIY 캐릭터 큐빅 비즈십자수 지니맘,지니맘 큐빅십자수  DIY: 2번 보라유니콘  (15cm 20cm)
3027974045,SELLBLOG,NORMAL,6세에겐어렵지만 좋아해요. 크면또 사달래요,2020-10-18T02:50:46.097+0000,STOREFARM,5,어린이 보석십자수 DIY 캐릭터 큐빅 비즈십자수 지니맘,지니맘 큐빅십자수  DIY: 7번 소녀2  (15cm 20cm)
3033591632,SELLBLOG,NORMAL,7세아이 집중해서 잘해요^^,2020-10-26T01:40:19.473+0000,STOREFARM,5,보석십자수 DIY 캐릭터 큐빅 비즈십자수 지니맘,지니맘 큐빅십자수  DIY: 7번 소녀2 (액자별매)
3033591290,SELLBLOG,NORMAL,7세아이 집중해서 잘해요^^,2020-10-26T01:39:57.528+0000,STOREFARM,5,보석십자수 DIY 캐릭터 큐빅 비즈십자수 지니맘,지니맘 큐빅십자수  DIY: 10번 안경토끼 (액자별매)
3013017295,SELLBLOG,NORMAL,"딱 제가 원하던 제품이에요, 추천할만하구요  재구매 의사있어요~",2020-09-23T11:29:18.192+0000,STOREFARM,4,어린이 보석십자수 DIY 캐릭터 큐빅 비즈십자수 지니맘,지니맘 큐빅십자수  DIY: 1번 유니콘  (15cm 20cm)
3013016847,SELLBLOG,NORMAL,"딱 제가 원하던 제품이에요, 추천할만하구요  재구매 의사있어요~",2020-09-23T11:28:44.160+0000,STOREFARM,3,어린이 보석십자수 DIY 캐릭터 큐빅 비즈십자수 지니맘,지니맘 큐빅십자수  DIY: 19번 아이스크림 (15cm 20cm)
3016193492,SELLBLOG,NORMAL,아이들이 너무 좋아해요^^,2020-09-28T03:36:54.257+0000,STOREFARM,5,어린이 보석십자수 DIY 캐릭터 큐빅 비즈십자수 지니맘,지니맘 큐빅십자수  DIY: 20번 아기유니콘 (15cm 20cm)
3033005675,SELLBLOG,NORMAL,배송도 빠르고 이쁩니다.,2020-10-25T02:02:55.526+0000,STOREFARM,5,어린이 보석십자수 DIY 캐릭터 큐빅 비즈 지니맘 kc인증,지니맘 큐빅십자수  DIY: 13번 별유니콘 (액자별매)
3025248349,SELLBLOG,NORMAL,"벌써 9개째 주문이에요~
울애들 사주면서 애들친구들도 하나씩 선물해주는데 여자아이들이라 좋아하네요~~",2020-10-14T12:15:05.294+0000,STOREFARM,5,보석십자수 DIY 캐릭터 큐빅 비즈십자수 지니맘,지니맘 큐빅십자수  DIY: 16번 여우 (액자별매)
3007708268,SELLBLOG,NORMAL,배송도 꼼꼼히 포장되어왔어요. 하나하나 해나갈때마다 뿌듯해하며 좋아하네요 2개구매했는데 더 사달래요. 너무 재밌다네요,2020-09-16T05:48:11.471+0000,STOREFARM,5,어린이 보석십자수 DIY 캐릭터 큐빅 비즈십자수 지니맘,지니맘 큐빅십자수  DIY: 2번 보라유니콘  (15cm 20cm)
3015947071,SELLBLOG,NORMAL,바닥이 지저분해지긴하지만 집중하여 몇시간은 금방가네요^^,2020-09-27T15:16:51.673+0000,STOREFARM,5,어린이 보석십자수 DIY 캐릭터 큐빅 비즈십자수 지니맘,지니맘 큐빅십자수  DIY: 13번 별유니콘 (15cm 20cm)
3032215794,SELLBLOG,AFTER_USE,포장이 깔끔해서 좋았어요,2020-10-23T14:28:31.204+0000,STOREFARM,4,어린이 보석십자수 DIY 캐릭터 큐빅 비즈십자수 지니맘,지니맘 큐빅십자수  DIY: 1번 유니콘  (15cm 20cm)
3018188251,SELLBLOG,NORMAL,아이들이 좋아하네요,2020-10-04T03:14:51.749+0000,STOREFARM,5,어린이 보석십자수 DIY 캐릭터 큐빅 비즈십자수 지니맘,지니맘 큐빅십자수  DIY: 17번 핑크유니콘(액자 불포함)
2023981526,SELLBLOG,NORMAL,"제가 다른거 먼저 하다가 아이가 하고 싶어해서 주문했는데 뜯어보고 코팅된거에 접착스티커? 붙어있는거라..잉? 했는데 디쟌은 이뻐서 아이가 좋아하고 집중하고 잘 붙이고 의외로 혼자 엄청 잘하네요 ㅋ
비즈보석도 반짝거리는게 다양해서 좋아하네요~
다하고 다른것도 하고 싶다네요 ㅋ",2020-09-05T16:03:25.000+0000,STOREFARM,4,어린이 보석십자수 DIY 캐릭터 큐빅 비즈십자수 지니맘,지니맘 큐빅십자수  DIY: 14번 부엉이 (15cm 20cm)
3015946654,SELLBLOG,NORMAL,바닥이 지저분해지긴하지만 아이들 집중하기최고네요,2020-09-27T15:15:43.538+0000,STOREFARM,5,어린이 보석십자수 DIY 캐릭터 큐빅 비즈십자수 지니맘,지니맘 큐빅십자수  DIY: 1번 유니콘  (15cm 20cm)
3012550351,SELLBLOG,NORMAL,조카 선물하려고 산거라 아직 뜯어보진 못했지만.. 조카들이 고른 그림이라 맘에 들었으면 좋겠네요,2020-09-23T00:24:52.193+0000,STOREFARM,4,어린이 보석십자수 DIY 캐릭터 큐빅 비즈십자수 지니맘,지니맘 큐빅십자수  DIY: 20번 아기유니콘 (15cm 20cm)
3013661257,SELLBLOG,NORMAL,"블링블링 너무 이쁩니다^^
초3어린이 초집중해서 잘 하고 있습니다^^",2020-09-24T08:28:14.219+0000,STOREFARM,5,어린이 보석십자수 DIY 캐릭터 큐빅 비즈십자수 지니맘,지니맘 큐빅십자수  DIY: 13번 별유니콘 (15cm 20cm)
3008427256,SELLBLOG,NORMAL,"예쁘네요 4살 아이하고 같이 했어요
집중력이 짧아서 엄마가 8할이긴 한데 결과물은 예뻐요 큐빅 양도 넉넉하구요",2020-09-17T04:17:18.011+0000,STOREFARM,5,어린이 보석십자수 DIY 캐릭터 큐빅 비즈십자수 지니맘,지니맘 큐빅십자수  DIY: 17번 핑크유니콘  (15cm 20cm)
3029844851,SELLBLOG,AFTER_USE,아이가 너무 좋아했습니다 뿌듯해 합니다,2020-10-20T13:09:10.863+0000,STOREFARM,5,어린이 보석십자수 DIY 캐릭터 큐빅 비즈십자수 지니맘,지니맘 큐빅십자수  DIY: 3번 분홍사슴 (15cm 20cm)
3029844459,SELLBLOG,AFTER_USE,아이가 너무 좋아했습니다 뿌듯해 합니다,2020-10-20T13:08:46.902+0000,STOREFARM,5,어린이 보석십자수 DIY 캐릭터 큐빅 비즈십자수 지니맘,지니맘 큐빅십자수  DIY: 15번 사자 (15cm 20cm)
3004740392,SELLBLOG,NORMAL,"아이들 시간 떼우기 딱 좋네요. 8살첫째는 곧잘 하고 5살도 열심히 하려고 하고 3살은 깽판칩니다 ㅋㅋ
이거 하는 동안은 조용허네요.. 에휴 내일은 또 뭐엇을 하며 지내나 에혀..",2020-09-12T01:29:47.383+0000,STOREFARM,4,어린이 보석십자수 DIY 캐릭터 큐빅 비즈십자수 지니맘,지니맘 큐빅십자수  DIY: 1번 유니콘  (15cm 20cm)
3018262892,SELLBLOG,NORMAL,좋아요아이들이쟐하넹ᆢㄷ,2020-10-04T07:44:44.923+0000,STOREFARM,5,어린이 보석십자수 DIY 캐릭터 큐빅 비즈십자수 지니맘,지니맘 큐빅십자수  DIY: 1번 유니콘  (액자 불포함)
3032093464,SELLBLOG,NORMAL,"꼭사세요,싸고 빠르고 죠아요.",2020-10-23T11:05:51.793+0000,STOREFARM,5,어린이 보석십자수 DIY 캐릭터 큐빅 비즈 지니맘 kc인증,지니맘 큐빅십자수  DIY: 9번 겨울사슴 (액자별매)
3015898755,SELLBLOG,AFTER_USE,아이가 너무 재밌ㅇㅓ했어요!시간가는줄모르고 몰입도 굿!,2020-09-27T13:29:10.209+0000,STOREFARM,5,어린이 보석십자수 DIY 캐릭터 큐빅 비즈십자수 지니맘,지니맘 큐빅십자수  DIY: 7번 소녀2  (15cm 20cm)
3010642620,SELLBLOG,NORMAL,큐빅이 큽니다. 저학년에 알맞음,2020-09-20T04:23:08.068+0000,STOREFARM,4,어린이 보석십자수 DIY 캐릭터 큐빅 비즈십자수 지니맘,지니맘 큐빅십자수  DIY: 13번 별유니콘 (15cm 20cm)
3006099437,SELLBLOG,NORMAL,보는 이미지 그대로이구요. 색상도 이뻐요. 시간도 많이 안걸려서 완성했어요. 같이 구매한 액자도 깔끔하거 도톰한 틀이여서 너무 좋았습니다.,2020-09-14T01:18:29.370+0000,STOREFARM,5,어린이 보석십자수 DIY 캐릭터 큐빅 비즈십자수 지니맘,지니맘 큐빅십자수  DIY: 1번 유니콘  (15cm 20cm)
3019321098,SELLBLOG,NORMAL,애들 넘 좋아해용👍🏻😍,2020-10-06T13:11:25.101+0000,STOREFARM,5,어린이 보석십자수 DIY 캐릭터 큐빅 비즈십자수 지니맘,지니맘 큐빅십자수  DIY: 16번 여우 (15cm 20cm)
3031449351,SELLBLOG,AFTER_USE,포장이 깔끔해서좋았어요,2020-10-22T14:10:18.318+0000,STOREFARM,4,어린이 보석십자수 DIY 캐릭터 큐빅 비즈십자수 지니맘,지니맘 큐빅십자수  DIY: 15번 사자 (15cm 20cm)
3029450988,SELLBLOG,AFTER_USE,애들이완전좋아해요~~예뻐요~~,2020-10-20T05:20:11.328+0000,STOREFARM,3,어린이 보석십자수 DIY 캐릭터 큐빅 비즈십자수 지니맘,지니맘 큐빅십자수  DIY: 8번 꽃사슴 (15cm 20cm)
3012421066,SELLBLOG,NORMAL,"아이가 아주 좋아하면서 금방 만들었어요~~^^
다음에 또 사야겠어요~~^^",2020-09-22T14:41:19.132+0000,STOREFARM,5,어린이 보석십자수 DIY 캐릭터 큐빅 비즈십자수 지니맘,지니맘 큐빅십자수  DIY: 10번 안경토끼  (15cm 20cm)
3006854792,SELLBLOG,NORMAL,"7살4살 조카에게 줄 선물인데 요즘 집에서 놀이할거로 잼있게했음 좋을거같아 구입했어요
잘하면 또 구매하러올게요",2020-09-15T03:39:52.598+0000,STOREFARM,5,어린이 보석십자수 DIY 캐릭터 큐빅 비즈십자수 지니맘,지니맘 큐빅십자수  DIY: 20번 아기유니콘 (15cm 20cm)
3011084346,SELLBLOG,NORMAL,"금방 해버리네요
더 큰게 있으면 좋겠어요
2개 구매했는데~이쁘네요",2020-09-21T00:24:28.420+0000,STOREFARM,4,어린이 보석십자수 DIY 캐릭터 큐빅 비즈십자수 지니맘,지니맘 큐빅십자수  DIY: 13번 별유니콘 (15cm 20cm)
3033659222,SELLBLOG,NORMAL,애가 너무 좋아해요....,2020-10-26T03:02:29.502+0000,STOREFARM,5,어린이 보석십자수 DIY 캐릭터 큐빅 비즈 지니맘 kc인증,지니맘 큐빅십자수  DIY: 5번  소녀1 (액자별매)
3010684342,SELLBLOG,NORMAL,"친구생일선물하나 아이꺼하나 두개샀어요
큐빅도 넉넉하니 아이가 재밌어해요",2020-09-20T05:36:03.604+0000,STOREFARM,5,어린이 보석십자수 DIY 캐릭터 큐빅 비즈십자수 지니맘,지니맘 큐빅십자수  DIY: 1번 유니콘  (15cm 20cm)
3022767061,SELLBLOG,NORMAL,"딸아이가 너무 좋아해여~~ 
하고있으면 시간가는줄도 모르겠다네요ㅋㅋ",2020-10-11T07:34:31.850+0000,STOREFARM,5,어린이 보석십자수 DIY 캐릭터 큐빅 비즈십자수 지니맘,지니맘 큐빅십자수  DIY: 3번 분홍사슴(액자 불포함)
3031175963,SELLBLOG,NORMAL,아이들이 너무 재미있어합니다~~^^,2020-10-22T08:06:35.410+0000,STOREFARM,5,어린이 보석십자수 DIY 캐릭터 큐빅 비즈 지니맘 kc인증,지니맘 큐빅십자수  DIY: 1번 유니콘  (액자별매)
3012995755,SELLBLOG,NORMAL,초등학생아이가하기에  딱좋아요 아이가너무 좋아해요,2020-09-23T11:02:17.520+0000,STOREFARM,5,어린이 보석십자수 DIY 캐릭터 큐빅 비즈십자수 지니맘,지니맘 큐빅십자수  DIY: 1번 유니콘  (15cm 20cm)
3009842413,SELLBLOG,NORMAL,다른 보석십자수보다 더 반짝거려요 아이가 무척 재미있어 합니다,2020-09-19T01:43:13.163+0000,STOREFARM,5,어린이 보석십자수 DIY 캐릭터 큐빅 비즈십자수 지니맘,지니맘 큐빅십자수  DIY: 14번 부엉이 (15cm 20cm)
3010636309,SELLBLOG,NORMAL,"받자마자 2틀만에 다 했어요
아직 액자에 넣어보진 않았지만 
반짝반짝 예뻐요",2020-09-20T04:13:26.747+0000,STOREFARM,5,어린이 보석십자수 DIY 캐릭터 큐빅 비즈십자수 지니맘,지니맘 큐빅십자수  DIY: 3번 분홍사슴 (15cm 20cm)
3010635864,SELLBLOG,NORMAL,"받자마자 2틀만에 다 했어요
아직 액자에 넣어보진 않았지만 
반짝반짝 예뻐요",2020-09-20T04:12:49.390+0000,STOREFARM,5,어린이 보석십자수 DIY 캐릭터 큐빅 비즈십자수 지니맘,지니맘 큐빅십자수  DIY: 4번 홍학 (15cm 20cm)
3004731898,SELLBLOG,NORMAL,붙이는게 쉽진않았지만 초등학교 딸램 하루만에 완성했네요. 저도 조금 도왔는데..붙이면서 같이 이야기도 많이하고 좋은시간이았습니다,2020-09-12T01:19:01.473+0000,STOREFARM,5,어린이 보석십자수 DIY 캐릭터 큐빅 비즈십자수 지니맘,지니맘 큐빅십자수  DIY: 14번 부엉이 (15cm 20cm)
3009385717,SELLBLOG,NORMAL,아이가 너무 좋아해요~ 오랜시간 집중해서 할 수 있는 활동이에요~ 추천합니다^^,2020-09-18T07:15:52.391+0000,STOREFARM,5,어린이 보석십자수 DIY 캐릭터 큐빅 비즈십자수 지니맘,지니맘 큐빅십자수  DIY: 12번 돌고래 (15cm 20cm)
3009385271,SELLBLOG,NORMAL,아이가 너무 좋아해요~ 오랜시간 집중해서 할 수 있는 활동이에요~ 추천합니다^^,2020-09-18T07:15:19.873+0000,STOREFARM,5,어린이 보석십자수 DIY 캐릭터 큐빅 비즈십자수 지니맘,지니맘 큐빅십자수  DIY: 20번 아기유니콘 (15cm 20cm)
3025026857,SELLBLOG,NORMAL,재미있게 잘만들었어요~ 완성하니 아주이쁘네요^^,2020-10-14T08:01:25.739+0000,STOREFARM,5,어린이 보석십자수 DIY 캐릭터 큐빅 비즈십자수 지니맘,지니맘 큐빅십자수  DIY: 3번 분홍사슴 (15cm 20cm)
3010677780,SELLBLOG,NORMAL,아이가 넘넘 좋아해요~!! 친구들한테 선물하고싶대서 더 주문하려구요~,2020-09-20T05:24:38.397+0000,STOREFARM,5,어린이 보석십자수 DIY 캐릭터 큐빅 비즈십자수 지니맘,지니맘 큐빅십자수  DIY: 17번 핑크유니콘  (15cm 20cm)
3002930242,SELLBLOG,NORMAL,"아이가 넘나
좋아해요~^^
다른 보석 십자수보다 가격이 좀 비싸긴하지만
큐빅 퀄리티도 반짝반짝 넘나 좋고요~~
컬러감도 너무 고급스러워요~^^
도안도 너무너무 예쁘네요~
재구매 의사 있습니다~^^",2020-09-09T14:12:58.313+0000,STOREFARM,5,어린이 보석십자수 DIY 캐릭터 큐빅 비즈십자수 지니맘,지니맘 큐빅십자수  DIY: 1번 유니콘  (15cm 20cm)
2018787732,SELLBLOG,NORMAL,작품이 너무 이뻐요 8세는 혼자서 5세는 저랑 함께 이틀걸려 완성했어요 애들 솜씨인데 집안 인테리어 효과도 확실하네요 어른인 저도 재밌어서 여기저기 추천했어요 코로나 집콕 아이템으로 추천 굿입니바,2020-08-30T01:51:28.000+0000,STOREFARM,5,어린이 보석십자수 DIY 캐릭터 큐빅 비즈십자수 지니맘,지니맘 큐빅십자수  DIY: 1번 유니콘  (15cm 20cm)
3009208116,SELLBLOG,NORMAL,아이들이 할머니 생신 선물 드린다고 열심히 하고 있어요. 완성작이 기대됩니다,2020-09-18T04:08:40.304+0000,STOREFARM,4,어린이 보석십자수 DIY 캐릭터 큐빅 비즈십자수 지니맘,지니맘 큐빅십자수  DIY: 9번 겨울사슴 (15cm 20cm)
3031050394,SELLBLOG,NORMAL,집중력에 딱 좋아요,2020-10-22T05:25:59.492+0000,STOREFARM,5,어린이 보석십자수 DIY 캐릭터 큐빅 비즈십자수 지니맘,지니맘 큐빅십자수  DIY: 7번 소녀2  (15cm 20cm)
3009326589,SELLBLOG,NORMAL,첨에 저만큼 하더니 지금은 안하네요ㅠㅜ 많이 샀는데ㅋㅋ조금만 살걸 그랬나봐요ㅋ,2020-09-18T06:14:25.545+0000,STOREFARM,4,어린이 보석십자수 DIY 캐릭터 큐빅 비즈십자수 지니맘,지니맘 큐빅십자수  DIY: 19번 아이스크림 (15cm 20cm)
3025030375,SELLBLOG,NORMAL,배송도 괜찮았고 내용물도 좋네요! 포장도 잘 되었구요!,2020-10-14T08:05:34.639+0000,STOREFARM,5,보석십자수 DIY 캐릭터 큐빅 비즈십자수 지니맘,지니맘 큐빅십자수  DIY: 9번 겨울사슴 (액자별매)
2023356398,SELLBLOG,NORMAL,"코로나로 집에서 폰만 했던 애들인데
보석 십자수를 하면서 애들과 대화도 많아지고 같이 할 수 있어서 좋았어요",2020-09-05T02:08:44.000+0000,STOREFARM,5,어린이 보석십자수 DIY 캐릭터 큐빅 비즈십자수 지니맘,지니맘 큐빅십자수  DIY: 13번 별유니콘 (15cm 20cm)
3009398453,SELLBLOG,NORMAL,아이가 아주 좋아해요. 금방 끝냈어요,2020-09-18T07:30:25.423+0000,STOREFARM,5,어린이 보석십자수 DIY 캐릭터 큐빅 비즈십자수 지니맘,지니맘 큐빅십자수  DIY: 12번 돌고래 (15cm 20cm)
3024118844,SELLBLOG,NORMAL,학교도 못가고 집에 있다 보니 심심해해서 딸 사줬는데 너무 좋아하네요~^^,2020-10-13T06:35:12.689+0000,STOREFARM,5,어린이 보석십자수 DIY 캐릭터 큐빅 비즈십자수 지니맘,지니맘 큐빅십자수  DIY: 17번 핑크유니콘(액자 불포함)
3008616126,SELLBLOG,NORMAL,코로나 때문에 집에 있는 유치원 딸이 아주 좋아해요 2개 완성하고 재구매합니다,2020-09-17T08:20:42.625+0000,STOREFARM,5,어린이 보석십자수 DIY 캐릭터 큐빅 비즈십자수 지니맘,지니맘 큐빅십자수  DIY: 20번 아기유니콘 (15cm 20cm)
3012550920,SELLBLOG,NORMAL,조카선물이라 아직 뜯어보진 못했지만 맘에들어했으면 좋겠네요,2020-09-23T00:25:38.593+0000,STOREFARM,4,어린이 보석십자수 DIY 캐릭터 큐빅 비즈십자수 지니맘,지니맘 큐빅십자수  DIY: 19번 아이스크림 (15cm 20cm)
3010635082,SELLBLOG,NORMAL,와. 생각보다  시간 오래걸리네요. 완성하니 뿌듯합니다.,2020-09-20T04:11:37.573+0000,STOREFARM,5,어린이 보석십자수 DIY 캐릭터 큐빅 비즈십자수 지니맘,지니맘 큐빅십자수  DIY: 10번 안경토끼  (15cm 20cm)
3031176154,SELLBLOG,NORMAL,아이들이 좋아해요 ~,2020-10-22T08:06:50.587+0000,STOREFARM,5,어린이 보석십자수 DIY 캐릭터 큐빅 비즈 지니맘 kc인증,지니맘 큐빅십자수  DIY: 12번 돌고래 (액자별매)
3030168973,SELLBLOG,NORMAL,애들이 너무 재밌어해요^^,2020-10-21T03:17:10.668+0000,STOREFARM,5,어린이 보석십자수 DIY 캐릭터 큐빅 비즈십자수 지니맘,지니맘 큐빅십자수  DIY: 1번 유니콘  (15cm 20cm)
3006716968,SELLBLOG,NORMAL,"애들 하는거보고 주위추천드려  구입대신해줬어요..
애들이 좋아한다고 그러네요
다음에도 다른거 주문해달래요^^",2020-09-15T00:27:28.399+0000,STOREFARM,5,어린이 보석십자수 DIY 캐릭터 큐빅 비즈십자수 지니맘,지니맘 큐빅십자수  DIY: 2번 보라유니콘  (15cm 20cm)
3022465048,SELLBLOG,NORMAL,"부엉이 다해놓고보니블링블링하고이뻐요
액자와함께 주문했는데 하나의작품이되었어요",2020-10-11T00:16:56.819+0000,STOREFARM,5,어린이 보석십자수 DIY 캐릭터 큐빅 비즈십자수 지니맘,지니맘 큐빅십자수  DIY: 14번 부엉이 (액자별매)
3001766376,SELLBLOG,NORMAL,시간이 남아돌아 핸드폰만 하는 초딩 주려고 구매했습니다.일단 그림이 귀엽다고 맘에 들어하네요.앙증 맞은 사이즈로 질리지 않게 할수 있을거 같아요,2020-09-08T07:12:30.329+0000,STOREFARM,5,어린이 보석십자수 DIY 캐릭터 큐빅 비즈십자수 지니맘,지니맘 큐빅십자수  DIY: 17번 핑크유니콘  (15cm 20cm)
3011491563,SELLBLOG,NORMAL,"이제 유니콘 하나 남았어요~
다 하면 또 구매하러 올게요~~",2020-09-21T09:11:56.340+0000,STOREFARM,5,어린이 보석십자수 DIY 캐릭터 큐빅 비즈십자수 지니맘,지니맘 큐빅십자수  DIY: 1번 유니콘  (15cm 20cm)
3016746595,SELLBLOG,NORMAL,선물용으로 최고~ 서로 만들어서 선물하기~♡,2020-09-29T03:08:03.957+0000,STOREFARM,5,어린이 보석십자수 DIY 캐릭터 큐빅 비즈십자수 지니맘,지니맘 큐빅십자수  DIY: 14번 부엉이(액자 불포함)
3013278784,SELLBLOG,NORMAL,딸아이가 너무좋아합니다...이거한다고 핸드폰을 안햇니 좋네요^^,2020-09-23T23:43:40.624+0000,STOREFARM,5,어린이 보석십자수 DIY 캐릭터 큐빅 비즈십자수 지니맘,지니맘 큐빅십자수  DIY: 17번 핑크유니콘  (15cm 20cm)
3003580681,SELLBLOG,NORMAL,딸이  요즘 보석십자수에 푹 빠져서 구입했어요~완성해놓으니 넘 이쁘네요~,2020-09-10T11:08:32.524+0000,STOREFARM,5,어린이 보석십자수 DIY 캐릭터 큐빅 비즈십자수 지니맘,지니맘 큐빅십자수  DIY: 4번 홍학 (15cm 20cm)
3007003814,SELLBLOG,NORMAL,배송이 쬐금 걸리긴 했지만 포장도 좋고 상품도 좋은것 같아요. 선물로 주문했는데 다들 좋아할 것 같아요.,2020-09-15T07:05:16.314+0000,STOREFARM,5,어린이 보석십자수 DIY 캐릭터 큐빅 비즈십자수 지니맘,지니맘 큐빅십자수  DIY: 1번 유니콘  (15cm 20cm)
3031176322,SELLBLOG,NORMAL,아이들이 좋아해요~~,2020-10-22T08:07:03.129+0000,STOREFARM,5,어린이 보석십자수 DIY 캐릭터 큐빅 비즈 지니맘 kc인증,지니맘 큐빅십자수  DIY: 3번 분홍사슴 (액자별매)
3003581662,SELLBLOG,NORMAL,보석 십자수에 푹 빠져있는 딸애가 사고 싶어해서 구매했어요~애가  넘 좋아하네요~~~,2020-09-10T11:09:46.949+0000,STOREFARM,5,어린이 보석십자수 DIY 캐릭터 큐빅 비즈십자수 지니맘,지니맘 큐빅십자수  DIY: 5번  반짝이 사슴 (15cm 20cm)
3025340527,SELLBLOG,NORMAL,"초2학년 하기 적당해요.
열심히 하고 있네요~",2020-10-14T13:53:11.362+0000,STOREFARM,5,보석십자수 DIY 캐릭터 큐빅 비즈십자수 지니맘,지니맘 큐빅십자수  DIY: 19번 아이스크림 (액자별매)
3010405216,SELLBLOG,NORMAL,10살아이 재미있ㄱㅔ잘해요 시간가는줄모르게 너무해서 집콕중에 아이들에게 최고입니다,2020-09-19T15:54:14.626+0000,STOREFARM,5,어린이 보석십자수 DIY 캐릭터 큐빅 비즈십자수 지니맘,지니맘 큐빅십자수  DIY: 1번 유니콘  (15cm 20cm)
3008014866,SELLBLOG,NORMAL,"초등학생 집중해서 열심히 하네요~
디자인이랑 사이즈도 딱 입니다~
번창하세요!!",2020-09-16T12:07:25.486+0000,STOREFARM,4,어린이 보석십자수 DIY 캐릭터 큐빅 비즈십자수 지니맘,지니맘 큐빅십자수  DIY: 1번 유니콘  (15cm 20cm)
3011395318,SELLBLOG,NORMAL,배송도 빠르고 비즈도 넉넉해서 좋아요,2020-09-21T06:38:02.486+0000,STOREFARM,5,어린이 보석십자수 DIY 캐릭터 큐빅 비즈십자수 지니맘,지니맘 큐빅십자수  DIY: 13번 별유니콘 (15cm 20cm)
3031544378,SELLBLOG,NORMAL,총알배송 잼나여 ㅎㅎ,2020-10-22T22:26:32.000+0000,STOREFARM,5,어린이 보석십자수 DIY 캐릭터 큐빅 비즈 지니맘 kc인증,지니맘 큐빅십자수  DIY: 1번 유니콘  (액자별매)
3031544277,SELLBLOG,NORMAL,총알배송 잼나여 ㅎㅎ,2020-10-22T22:26:06.415+0000,STOREFARM,5,어린이 보석십자수 DIY 캐릭터 큐빅 비즈 지니맘 kc인증,지니맘 큐빅십자수  DIY: 16번 여우 (액자별매)
2023876953,SELLBLOG,NORMAL,비즈도 깔끔히 그림도 깔금히 보내주셔서 애들이 너무 잘했어요 ㅎㅎ또 사랄라해서 구매하러가는데요 좀 큰것도 있었음 좋겠어요,2020-09-05T12:49:34.000+0000,STOREFARM,5,어린이 보석십자수 DIY 캐릭터 큐빅 비즈십자수 지니맘,지니맘 큐빅십자수  DIY: 1번 유니콘  (15cm 20cm)
3024023505,SELLBLOG,NORMAL,저번에 신청하고 또 주문했어요~예뻐요,2020-10-13T04:42:27.152+0000,STOREFARM,4,어린이 보석십자수 DIY 캐릭터 큐빅 비즈십자수 지니맘,지니맘 큐빅십자수  DIY: 7번 소녀2(액자 불포함)
3005822413,SELLBLOG,NORMAL,"7살 여자아이가 혼자서 하기는 조금 힘들었는데,
옆에서 살짝 도와주니 완성했습니다! 반짝반짝 너무 예쁘네요~~~*",2020-09-13T11:11:17.550+0000,STOREFARM,5,어린이 보석십자수 DIY 캐릭터 큐빅 비즈십자수 지니맘,지니맘 큐빅십자수  DIY: 10번 안경토끼  (15cm 20cm)
3027776638,SELLBLOG,NORMAL,잘받았습니다 아이가 좋아하네요,2020-10-17T14:22:48.566+0000,STOREFARM,5,보석십자수 DIY 캐릭터 큐빅 비즈십자수 지니맘,지니맘 큐빅십자수  DIY: 7번 소녀2 (액자별매)
3013461333,SELLBLOG,NORMAL,재밌게하네요 구성도알찬듯요,2020-09-24T03:57:42.237+0000,STOREFARM,4,어린이 보석십자수 DIY 캐릭터 큐빅 비즈십자수 지니맘,지니맘 큐빅십자수  DIY: 3번 분홍사슴 (15cm 20cm)
3029213276,SELLBLOG,AFTER_USE,아이가 너무 좋아해요,2020-10-19T22:56:17.731+0000,STOREFARM,5,어린이 보석십자수 DIY 캐릭터 큐빅 비즈십자수 지니맘,지니맘 큐빅십자수  DIY: 13번 별유니콘 (15cm 20cm)
3004741240,SELLBLOG,NORMAL,"그런데로 할만 합니다. 아이들이 좋아하네요.
코로나 때문에 주문을 하긴 했는데 새로운 것을 알게 되었습니다",2020-09-12T01:30:59.406+0000,STOREFARM,4,어린이 보석십자수 DIY 캐릭터 큐빅 비즈십자수 지니맘,지니맘 큐빅십자수  DIY: 2번 보라유니콘  (15cm 20cm)
3016105658,SELLBLOG,NORMAL,아이들이하기에딱좋아요,2020-09-28T01:49:31.572+0000,STOREFARM,5,어린이 보석십자수 DIY 캐릭터 큐빅 비즈십자수 지니맘,지니맘 큐빅십자수  DIY: 8번 꽃사슴 (15cm 20cm)
3027973028,SELLBLOG,NORMAL,6세에게는쫌 어렵지만좋아하네요,2020-10-18T02:49:20.257+0000,STOREFARM,5,어린이 보석십자수 DIY 캐릭터 큐빅 비즈십자수 지니맘,지니맘 큐빅십자수  DIY: 2번 보라유니콘  (15cm 20cm)
3005319061,SELLBLOG,NORMAL,배송빠르고애들좋아해요 추천해요 페키지가너무이뻐요.고급지고 햇던것보다너무이뻐요 다하면또사려고요,2020-09-12T14:17:22.874+0000,STOREFARM,5,어린이 보석십자수 DIY 캐릭터 큐빅 비즈십자수 지니맘,지니맘 큐빅십자수  DIY: 9번 겨울사슴 (15cm 20cm)
3025248772,SELLBLOG,NORMAL,맘에 들어요~ 9개째 주문입니다~,2020-10-14T12:15:31.388+0000,STOREFARM,5,보석십자수 DIY 캐릭터 큐빅 비즈십자수 지니맘,지니맘 큐빅십자수  DIY: 7번 소녀2 (액자별매)
3015869379,SELLBLOG,NORMAL,"아이가좋아해요~
이뿌네요^^",2020-09-27T12:33:05.409+0000,STOREFARM,5,어린이 보석십자수 DIY 캐릭터 큐빅 비즈십자수 지니맘,지니맘 큐빅십자수  DIY: 6번 소녀1  (15cm 20cm)
2023876698,SELLBLOG,NORMAL,비즈도 깔끔히 그림도 깔끔히 보내주셔서 애들이 너무 잘했어요 ㅎㅎ또 사랄라해서 구매하러가는데요 좀 큰것도 있었음 좋겠어요,2020-09-05T12:49:13.000+0000,STOREFARM,5,어린이 보석십자수 DIY 캐릭터 큐빅 비즈십자수 지니맘,지니맘 큐빅십자수  DIY: 10번 안경토끼  (15cm 20cm)
3013217550,SELLBLOG,NORMAL,"성인인데 불면증이 심해서 잠 안올 때 해보려고 구입했어요 예쁘고 집중하기도 쉽고 어린아이들도 하기 쉬울 것 같아서 좋아요 ㅎㅎ 다른 것들도 구입하려고요
한 가지 아쉬운건 같이 구입한 액자가 반투명이라 그게 좀 아쉬워요!",2020-09-23T16:47:36.749+0000,STOREFARM,5,어린이 보석십자수 DIY 캐릭터 큐빅 비즈십자수 지니맘,지니맘 큐빅십자수  DIY: 3번 분홍사슴 (15cm 20cm)
3018275333,SELLBLOG,NORMAL,아이들이 집중하며 잘하더라구요 코로나로 집콕하는아이들에게 조금이나마 시간을 보낼수있게~~~,2020-10-04T08:28:40.195+0000,STOREFARM,5,어린이 보석십자수 DIY 캐릭터 큐빅 비즈십자수 지니맘,지니맘 큐빅십자수  DIY: 14번 부엉이 (15cm 20cm)
2021413761,SELLBLOG,NORMAL,"집콕하는 아이들 심심해해서 해보라고 구매했는데 너무 재미있어하네요ㅎㅎ 반짝이는 보석들이 크기별로 색깔별로 구분되어있고 만들기도 쉬워서 아이들이 집중해서 재미있게 만들었어요^^
너무 재미있다고 또 사달라고해서.. 다른 디자인 또 찾아보는 중이랍니다^^",2020-09-02T12:14:35.000+0000,STOREFARM,5,어린이 보석십자수 DIY 캐릭터 큐빅 비즈십자수 지니맘,지니맘 큐빅십자수  DIY: 12번 돌고래 (15cm 20cm)
3023942386,SELLBLOG,NORMAL,"아이가 너무 좋아해요~~~
집중해서 너무 잘해여...",2020-10-13T03:02:36.683+0000,STOREFARM,5,어린이 보석십자수 DIY 캐릭터 큐빅 비즈십자수 지니맘,지니맘 큐빅십자수  DIY: 1번 유니콘  (15cm 20cm)
3023942258,SELLBLOG,NORMAL,"아이가 너무 좋아해요~~~
집중해서 너무 잘해여...",2020-10-13T03:02:25.071+0000,STOREFARM,5,어린이 보석십자수 DIY 캐릭터 큐빅 비즈십자수 지니맘,지니맘 큐빅십자수  DIY: 2번 보라유니콘  (15cm 20cm)
3019020830,SELLBLOG,NORMAL,"집중력 있게 아이들이 참 이쁘게 잘하네요~
깔끔한 포장에 감사드립니다.",2020-10-06T06:50:21.657+0000,STOREFARM,5,어린이 보석십자수 DIY 캐릭터 큐빅 비즈십자수 지니맘,지니맘 큐빅십자수  DIY: 9번 겨울사슴 (15cm 20cm)
3026621440,SELLBLOG,NORMAL,아이가 집중해서 완성하니 뿌듯해 하네요~^^,2020-10-16T05:16:13.598+0000,STOREFARM,4,보석십자수 DIY 캐릭터 큐빅 비즈십자수 지니맘,지니맘 큐빅십자수  DIY: 1번 유니콘  (액자별매)
3015961666,SELLBLOG,NORMAL,심심한 딸들 초집중에 최고,2020-09-27T16:07:28.490+0000,STOREFARM,5,어린이 보석십자수 DIY 캐릭터 큐빅 비즈십자수 지니맘,지니맘 큐빅십자수  DIY: 19번 아이스크림 (15cm 20cm)
3017658391,SELLBLOG,NORMAL,잘받았ㅅ븝니다. 좋아요,2020-10-02T01:18:33.049+0000,STOREFARM,5,어린이 보석십자수 DIY 캐릭터 큐빅 비즈십자수 지니맘,지니맘 큐빅십자수  DIY: 1번 유니콘  (액자 불포함)
3012261693,SELLBLOG,NORMAL,좋아요 아이랑 아내가 만족하네요,2020-09-22T11:24:47.221+0000,STOREFARM,5,어린이 보석십자수 DIY 캐릭터 큐빅 비즈십자수 지니맘,지니맘 큐빅십자수  DIY: 4번 홍학 (15cm 20cm)
3007707475,SELLBLOG,NORMAL,아이가 너무 좋아해요. 이거하느라 핸드폰도 안하고 몇시간동안 꼼짝안하네요^^,2020-09-16T05:47:07.178+0000,STOREFARM,5,어린이 보석십자수 DIY 캐릭터 큐빅 비즈십자수 지니맘,지니맘 큐빅십자수  DIY: 1번 유니콘  (15cm 20cm)
3008364493,SELLBLOG,NORMAL,"딸이 너무 좋아해서 종류별로 몇개빼고 다 샀어요~^^
완성하면 반짝반짝 너무 이뻐요~~^^",2020-09-17T02:36:25.440+0000,STOREFARM,5,어린이 보석십자수 DIY 캐릭터 큐빅 비즈십자수 지니맘,지니맘 큐빅십자수  DIY: 2번 보라유니콘  (15cm 20cm)
3008363925,SELLBLOG,NORMAL,"딸이 너무 좋아해서 종류별로 몇개빼고 다 샀어요~^^
완성하면 반짝반짝 너무 이뻐요~~^^",2020-09-17T02:35:35.010+0000,STOREFARM,5,어린이 보석십자수 DIY 캐릭터 큐빅 비즈십자수 지니맘,지니맘 큐빅십자수  DIY: 4번 홍학 (15cm 20cm)
3008363584,SELLBLOG,NORMAL,"딸이 너무 좋아해서 종류별로 몇개빼고 다 샀어요~^^
완성하면 반짝반짝 너무 이뻐요~~^^",2020-09-17T02:35:06.546+0000,STOREFARM,5,어린이 보석십자수 DIY 캐릭터 큐빅 비즈십자수 지니맘,지니맘 큐빅십자수  DIY: 6번 소녀1  (15cm 20cm)
3008363301,SELLBLOG,NORMAL,"딸이 너무 좋아해서 종류별로 몇개빼고 다 샀어요~^^
완성하면 반짝반짝 너무 이뻐요~~^^",2020-09-17T02:34:41.612+0000,STOREFARM,5,어린이 보석십자수 DIY 캐릭터 큐빅 비즈십자수 지니맘,지니맘 큐빅십자수  DIY: 7번 소녀2  (15cm 20cm)
3008362990,SELLBLOG,NORMAL,"딸이 너무 좋아해서 종류별로 몇개빼고 다 샀어요~^^
완성하면 반짝반짝 너무 이뻐요~~^^",2020-09-17T02:34:15.951+0000,STOREFARM,5,어린이 보석십자수 DIY 캐릭터 큐빅 비즈십자수 지니맘,지니맘 큐빅십자수  DIY: 8번 꽃사슴 (15cm 20cm)
3008362506,SELLBLOG,NORMAL,"딸이 너무 좋아해서 종류별로 몇개빼고 다 샀어요~^^
완성하면 반짝반짝 너무 이뻐요~~^^",2020-09-17T02:33:33.753+0000,STOREFARM,5,어린이 보석십자수 DIY 캐릭터 큐빅 비즈십자수 지니맘,지니맘 큐빅십자수  DIY: 9번 겨울사슴 (15cm 20cm)
3008362282,SELLBLOG,NORMAL,"딸이 너무 좋아해서 종류별로 몇개빼고 다 샀어요~^^
완성하면 반짝반짝 너무 이뻐요~~^^",2020-09-17T02:33:13.637+0000,STOREFARM,5,어린이 보석십자수 DIY 캐릭터 큐빅 비즈십자수 지니맘,지니맘 큐빅십자수  DIY: 10번 안경토끼  (15cm 20cm)
3008361600,SELLBLOG,NORMAL,"딸이 너무 좋아해서 종류별로 몇개빼고 다 샀어요~^^
완성하면 반짝반짝 너무 이뻐요~~^^",2020-09-17T02:32:16.211+0000,STOREFARM,5,어린이 보석십자수 DIY 캐릭터 큐빅 비즈십자수 지니맘,지니맘 큐빅십자수  DIY: 11번 클로버 (15cm 20cm)
3008361138,SELLBLOG,NORMAL,"딸이 너무 좋아해서 종류별로 몇개빼고 다 샀어요~^^
완성하면 반짝반짝 너무 이뻐요~~^^",2020-09-17T02:31:38.679+0000,STOREFARM,5,어린이 보석십자수 DIY 캐릭터 큐빅 비즈십자수 지니맘,지니맘 큐빅십자수  DIY: 12번 돌고래 (15cm 20cm)
3008360552,SELLBLOG,NORMAL,"딸이 너무 좋아해서 종류별로 몇개빼고 다 샀어요~^^
완성하면 반짝반짝 너무 이뻐요~~^^",2020-09-17T02:30:45.474+0000,STOREFARM,5,어린이 보석십자수 DIY 캐릭터 큐빅 비즈십자수 지니맘,지니맘 큐빅십자수  DIY: 13번 별유니콘 (15cm 20cm)
3008360251,SELLBLOG,NORMAL,"딸이 너무 좋아해서 종류별로 몇개빼고 다 샀어요~^^
완성하면 반짝반짝 너무 이뻐요~~^^",2020-09-17T02:30:20.601+0000,STOREFARM,5,어린이 보석십자수 DIY 캐릭터 큐빅 비즈십자수 지니맘,지니맘 큐빅십자수  DIY: 20번 아기유니콘 (15cm 20cm)
3008359981,SELLBLOG,NORMAL,"딸이 너무 좋아해서 종류별로 몇개빼고 다 샀어요~^^
완성하면 반짝반짝 너무 이뻐요~~^^",2020-09-17T02:29:54.727+0000,STOREFARM,5,어린이 보석십자수 DIY 캐릭터 큐빅 비즈십자수 지니맘,지니맘 큐빅십자수  DIY: 16번 여우 (15cm 20cm)
3008359693,SELLBLOG,NORMAL,"딸이 너무 좋아해서 종류별로 몇개빼고 다 샀어요~^^
완성하면 반짝반짝 너무 이뻐요~~^^",2020-09-17T02:29:27.476+0000,STOREFARM,5,어린이 보석십자수 DIY 캐릭터 큐빅 비즈십자수 지니맘,지니맘 큐빅십자수  DIY: 17번 핑크사슴  (15cm 20cm)
3043630340,SELLBLOG,NORMAL,애가좋아해요 좋아해요,2020-11-10T01:12:10.468+0000,STOREFARM,5,어린이 보석십자수 DIY 캐릭터 큐빅 비즈 지니맘 kc인증,지니맘 큐빅십자수  DIY: 1번 유니콘  (액자별매)
3043630099,SELLBLOG,NORMAL,애가좋아해요 좋아해요,2020-11-10T01:11:50.964+0000,STOREFARM,5,어린이 보석십자수 DIY 캐릭터 큐빅 비즈 지니맘 kc인증,지니맘 큐빅십자수  DIY: 14번 부엉이 (액자별매)
3043630033,SELLBLOG,NORMAL,애가좋아해요 좋아해요,2020-11-10T01:11:45.126+0000,STOREFARM,5,어린이 보석십자수 DIY 캐릭터 큐빅 비즈 지니맘 kc인증,지니맘 큐빅십자수  DIY: 4번 홍학 (액자별매)
3043629953,SELLBLOG,NORMAL,애가좋아해요 좋아해요,2020-11-10T01:11:39.084+0000,STOREFARM,5,어린이 보석십자수 DIY 캐릭터 큐빅 비즈 지니맘 kc인증,지니맘 큐빅십자수  DIY: 6번 소녀2 (액자별매)
3012672236,SELLBLOG,NORMAL,이뻐요 아이들도 너무 좋아해요,2020-09-23T03:34:01.264+0000,STOREFARM,5,어린이 보석십자수 DIY 캐릭터 큐빅 비즈십자수 지니맘,지니맘 큐빅십자수  DIY: 1번 유니콘  (15cm 20cm)
2022132775,SELLBLOG,NORMAL,주문상품이 잘못 왔어요~ 빨리 해보고 싶어하는 첫째가 그냥 하겠다고 해서 교환신청 안하고 그냥 해요~애들이 재미있어해요~~5세아이는 도움 주어야하지만 크기가 큰것은 곧잘 하네요~다하고 또 주문하러 올께요~^^,2020-09-03T10:27:24.000+0000,STOREFARM,5,어린이 보석십자수 DIY 캐릭터 큐빅 비즈십자수 지니맘,지니맘 큐빅십자수  DIY: 17번 핑크사슴  (15cm 20cm)
2017321168,SELLBLOG,NORMAL,"코로나때문에 방콕하는 아이들이 집에서 TV보는 것 말고 신나게 놀 수 있는 방법이 없을까 생각하던 차에 진짜 재미있는 걸 발견했네요. 초2.4아이들이 딘짜 하루 종일 잡고 뚝딱 끝났습니다. 여자아이들은 반짝 거리는 비즈라 너무 좋아하고, 아들도 만들기 좋아해서 정말 신나게 만드네요~ 많이 파세요. 후회없습니다^^",2020-08-28T02:49:23.000+0000,STOREFARM,5,어린이 보석십자수 DIY 캐릭터 큐빅 비즈십자수 지니맘,지니맘 큐빅십자수  DIY: 13번 별유니콘 (15cm 20cm)
3017905803,SELLBLOG,NORMAL,"큐빅이 너무 이뻐요
이번 연휴에 할 수 있어서 정말 좋았구요
배송이 빨라서 더 좋았네요
또 구매하고 싶어요~",2020-10-02T18:45:40.046+0000,STOREFARM,5,어린이 보석십자수 DIY 캐릭터 큐빅 비즈십자수 지니맘,지니맘 큐빅십자수  DIY: 12번 돌고래(액자 불포함)
3015525224,SELLBLOG,NORMAL,"보석도 알차고 도안도 예뻐요
애들도 재밌어 하네요 ㅎㅎㅎ",2020-09-27T02:25:44.592+0000,STOREFARM,5,어린이 보석십자수 DIY 캐릭터 큐빅 비즈십자수 지니맘,지니맘 큐빅십자수  DIY: 7번 소녀2  (15cm 20cm)
3017227528,SELLBLOG,NORMAL,"반짝반짝넘이뻐요
초등3학년취향저격이네요
시간가는줄도모를정도
코로나로집에있는시간이많은만큼여가즐기기짱입니다",2020-09-30T06:33:19.370+0000,STOREFARM,5,어린이 보석십자수 DIY 캐릭터 큐빅 비즈십자수 지니맘,지니맘 큐빅십자수  DIY: 3번 분홍사슴 (15cm 20cm)
3010273619,SELLBLOG,NORMAL,완성하니 정말 이뻐요 아이가 좋아합니다,2020-09-19T11:51:17.152+0000,STOREFARM,5,어린이 보석십자수 DIY 캐릭터 큐빅 비즈십자수 지니맘,지니맘 큐빅십자수  DIY: 13번 별유니콘 (15cm 20cm)
3009081010,SELLBLOG,NORMAL,조카들 선물로 보내줬는데 정말 좋아하고 재미있어 한다고 해서 선물한 저도 기분이 좋아요.,2020-09-18T01:38:16.240+0000,STOREFARM,5,어린이 보석십자수 DIY 캐릭터 큐빅 비즈십자수 지니맘,지니맘 큐빅십자수  DIY: 20번 아기유니콘 (15cm 20cm)
3009528797,SELLBLOG,NORMAL,"아이가 재밓어 했어요
집중력 필요
작품 완성하면 예뻐요",2020-09-18T10:30:13.623+0000,STOREFARM,5,어린이 보석십자수 DIY 캐릭터 큐빅 비즈십자수 지니맘,지니맘 큐빅십자수  DIY: 1번 유니콘  (15cm 20cm)
3006853676,SELLBLOG,NORMAL,아직사용전이에요~~  조카 선물로 구입했는데 맘에들어했으면 좋겠네요,2020-09-15T03:38:35.456+0000,STOREFARM,5,어린이 보석십자수 DIY 캐릭터 큐빅 비즈십자수 지니맘,지니맘 큐빅십자수  DIY: 1번 유니콘  (15cm 20cm)
3006717710,SELLBLOG,NORMAL,"애들이 너무좋아해서 다른아이들꺼도 샀어요
추석엔 조카들 선물줘도 좋겠어요",2020-09-15T00:28:43.540+0000,STOREFARM,5,어린이 보석십자수 DIY 캐릭터 큐빅 비즈십자수 지니맘,지니맘 큐빅십자수  DIY: 1번 유니콘  (15cm 20cm)
3010401609,SELLBLOG,NORMAL,"다행히 토요일받았어요.
3개 열심히 해야할시간ㅋ",2020-09-19T15:43:26.249+0000,STOREFARM,4,어린이 보석십자수 DIY 캐릭터 큐빅 비즈십자수 지니맘,지니맘 큐빅십자수  DIY: 3번 분홍사슴 (15cm 20cm)
3023494715,SELLBLOG,AFTER_USE,너무너무좋아요. 빠른배송 감사합니다,2020-10-12T08:39:15.758+0000,STOREFARM,5,어린이 보석십자수 DIY 캐릭터 큐빅 비즈십자수 지니맘,지니맘 큐빅십자수  DIY: 6번 소녀1  (15cm 20cm)
3023494543,SELLBLOG,AFTER_USE,너무너무좋아요. 빠른배송 감사합니다,2020-10-12T08:39:00.086+0000,STOREFARM,5,어린이 보석십자수 DIY 캐릭터 큐빅 비즈십자수 지니맘,지니맘 큐빅십자수  DIY: 20번 아기사슴 (15cm 20cm)
3023494158,SELLBLOG,AFTER_USE,너무너무좋아요. 빠른배송 감사합니다,2020-10-12T08:38:23.512+0000,STOREFARM,5,어린이 보석십자수 DIY 캐릭터 큐빅 비즈십자수 지니맘,지니맘 큐빅십자수  DIY: 16번 여우 (15cm 20cm)
3023493545,SELLBLOG,AFTER_USE,너무너무좋아요. 빠른배송 감사합니다,2020-10-12T08:37:31.633+0000,STOREFARM,5,어린이 보석십자수 DIY 캐릭터 큐빅 비즈십자수 지니맘,지니맘 큐빅십자수  DIY: 7번 소녀2  (15cm 20cm)
2021413466,SELLBLOG,NORMAL,"집콕하는 아이들 심심해해서 해보라고 구매했는데 너무 재미있어하네요ㅎㅎ 반짝이는 보석들이 크기별로 색깔별로 구분되어있고 만들기도 쉬워서 아이들이 집중해서 재미있게 만들었어요^^
너무 재미있다고 또 사달라고해서.. 다른 디자인 또 찾아보는 중이랍니다^^",2020-09-02T12:14:17.000+0000,STOREFARM,5,어린이 보석십자수 DIY 캐릭터 큐빅 비즈십자수 지니맘,지니맘 큐빅십자수  DIY: 10번 안경토끼  (15cm 20cm)
2021413121,SELLBLOG,NORMAL,"집콕하는 아이들 심심해해서 해보라고 구매했는데 너무 재미있어하네요ㅎㅎ 반짝이는 보석들이 크기별로 색깔별로 구분되어있고 만들기도 쉬워서 아이들이 집중해서 재미있게 만들었어요^^
너무 재미있다고 또 사달라고해서.. 다른 디자인 또 찾아보는 중이랍니다^^",2020-09-02T12:13:57.000+0000,STOREFARM,5,어린이 보석십자수 DIY 캐릭터 큐빅 비즈십자수 지니맘,지니맘 큐빅십자수  DIY: 1번 유니콘  (15cm 20cm)
3014871877,SELLBLOG,NORMAL,배송 빠르고 좋아요  감사합니다,2020-09-26T02:32:54.898+0000,STOREFARM,5,어린이 보석십자수 DIY 캐릭터 큐빅 비즈십자수 지니맘,지니맘 큐빅십자수  DIY: 8번 꽃사슴(액자 불포함)
3003055577,SELLBLOG,NORMAL,코로나 때문에 집콕생활이 늘어나 딸아이랑 하려고 주문 ..재미있어요~딸아이도 완전 만족~오자마자 하더니 하루만에 끝~더주문 할것을...,2020-09-09T23:33:24.582+0000,STOREFARM,5,어린이 보석십자수 DIY 캐릭터 큐빅 비즈십자수 지니맘,지니맘 큐빅십자수  DIY: 1번 유니콘  (15cm 20cm)
3009592921,SELLBLOG,NORMAL,아이가 너무 좋아하네요. 성취감에 도움이 될것 같아요.,2020-09-18T12:07:03.722+0000,STOREFARM,5,어린이 보석십자수 DIY 캐릭터 큐빅 비즈십자수 지니맘,지니맘 큐빅십자수  DIY: 1번 유니콘  (15cm 20cm)
3011491288,SELLBLOG,NORMAL,반짝반짝 예뻐요~아이들이 좋아하니 더 좋아요~,2020-09-21T09:11:19.162+0000,STOREFARM,5,어린이 보석십자수 DIY 캐릭터 큐빅 비즈십자수 지니맘,지니맘 큐빅십자수  DIY: 3번 분홍사슴 (15cm 20cm)
3013667032,SELLBLOG,NORMAL,좋아요.아이가 넘 좋아해요,2020-09-24T08:35:48.371+0000,STOREFARM,5,어린이 보석십자수 DIY 캐릭터 큐빅 비즈십자수 지니맘,지니맘 큐빅십자수  DIY: 16번 여우 (15cm 20cm)
3012672602,SELLBLOG,NORMAL,"이뻐요
아이들사줬다가 제가 푹빠져서 한거같아요",2020-09-23T03:34:39.664+0000,STOREFARM,5,어린이 보석십자수 DIY 캐릭터 큐빅 비즈십자수 지니맘,지니맘 큐빅십자수  DIY: 6번 소녀1  (15cm 20cm)
3006264502,SELLBLOG,NORMAL,"애들이 사달라고 해서 샀는데 큰놈만 잘가지고 노네요
작은놈은 어려서",2020-09-14T04:24:03.129+0000,STOREFARM,5,어린이 보석십자수 DIY 캐릭터 큐빅 비즈십자수 지니맘,
2020052598,SELLBLOG,NORMAL,초등4 딸아이 집콕놀이로 구매했는데 매우 만족하네요~^^완성해서 액자에 넣어 장식해놨더니 아이가 뿌듯해해요. 다음에 더 난이도 있는걸로 구매하려해요.,2020-09-01T00:59:25.000+0000,STOREFARM,5,어린이 보석십자수 DIY 캐릭터 큐빅 비즈십자수 지니맘,지니맘 큐빅십자수  DIY: 9번 겨울사슴 (15cm 20cm)
3009131052,SELLBLOG,NORMAL,"또 구매해 달라고 하는 아이들 
언능 완성해서 보기좋게 액자에 끼워놓고 싶네요",2020-09-18T02:34:58.145+0000,STOREFARM,5,어린이 보석십자수 DIY 캐릭터 큐빅 비즈십자수 지니맘,지니맘 큐빅십자수  DIY: 3번 분홍사슴 (15cm 20cm)
3004901894,SELLBLOG,NORMAL,"너무예뻐요 또하고싶어져요ㅋ
더구매할걸그랬네여^^",2020-09-12T04:30:36.440+0000,STOREFARM,5,어린이 보석십자수 DIY 캐릭터 큐빅 비즈십자수 지니맘,지니맘 큐빅십자수  DIY: 1번 유니콘  (15cm 20cm)
3015505154,SELLBLOG,NORMAL,시간가는줄모르고했네요ㅎ,2020-09-27T01:55:58.963+0000,STOREFARM,5,어린이 보석십자수 DIY 캐릭터 큐빅 비즈십자수 지니맘,지니맘 큐빅십자수  DIY: 16번 여우 (15cm 20cm)
3014871379,SELLBLOG,NORMAL,잘받았습니다  배송  빠르네요,2020-09-26T02:32:16.251+0000,STOREFARM,5,어린이 보석십자수 DIY 캐릭터 큐빅 비즈십자수 지니맘,지니맘 큐빅십자수  DIY: 3번 분홍사슴(액자 불포함)
3010879469,SELLBLOG,NORMAL,아이가 너무 좋아하네요 고생한만큼 결과물이 좋으니 뿌듯한가봐요 ㅋ,2020-09-20T11:56:34.815+0000,STOREFARM,5,어린이 보석십자수 DIY 캐릭터 큐빅 비즈십자수 지니맘,지니맘 큐빅십자수  DIY: 1번 유니콘  (15cm 20cm)
3023464491,SELLBLOG,NORMAL,딸아이의 기뻐하는 모습에 절로 기분이 좋아집니다,2020-10-12T07:53:04.957+0000,STOREFARM,5,보석십자수 DIY 캐릭터 큐빅 비즈십자수 지니맘,지니맘 큐빅십자수  DIY: 19번 아이스크림 (액자별매)
3028111587,SELLBLOG,NORMAL,애들이 무지좋아해요.,2020-10-18T06:13:10.207+0000,STOREFARM,5,어린이 보석십자수 DIY 캐릭터 큐빅 비즈십자수 지니맘,지니맘 큐빅십자수  DIY: 1번 유니콘  (액자별매)
3000547935,SELLBLOG,NORMAL,"친구 추천으로 구입해봤어요.
외출도 힘든 시기에 아이들과 좋은 시간을 보낼수있었죠.
액자 추가구매해서 넣었더니 
꽤 근사한 작품이 되었네요.",2020-09-06T13:04:06.458+0000,STOREFARM,5,어린이 보석십자수 DIY 캐릭터 큐빅 비즈십자수 지니맘,지니맘 큐빅십자수  DIY: 4번 홍학 (15cm 20cm)
3011511097,SELLBLOG,NORMAL,"코로나 시대에 아이들이 재밌게
즐길수 있는 취미예요",2020-09-21T09:50:52.127+0000,STOREFARM,5,어린이 보석십자수 DIY 캐릭터 큐빅 비즈십자수 지니맘,지니맘 큐빅십자수  DIY: 16번 여우 (15cm 20cm)
3000137867,SELLBLOG,NORMAL,"배송이 느려서 속상했어요ㅠㅠ 
비즈는 너무 마음에 듭니다~ 도안이 마음에든 건 품절 된게 많아 일단 2개 주문했어요! 비즈 크기가 다른 걸 붙여야 해서 생각보다 어렵네요 ㅎㅎ 좋아요",2020-09-06T02:37:44.744+0000,STOREFARM,5,어린이 보석십자수 DIY 캐릭터 큐빅 비즈십자수 지니맘,지니맘 큐빅십자수  DIY: 1번 유니콘  (15cm 20cm)
3009197143,SELLBLOG,NORMAL,반 하는데 2시간 정도 걸렸어요. 아이들이 엄청 좋아해요.,2020-09-18T03:55:28.806+0000,STOREFARM,5,어린이 보석십자수 DIY 캐릭터 큐빅 비즈십자수 지니맘,지니맘 큐빅십자수  DIY: 11번 클로버 (15cm 20cm)
3014827397,SELLBLOG,NORMAL,아이와 시간보내기 좋아요,2020-09-26T01:29:14.264+0000,STOREFARM,5,어린이 보석십자수 DIY 캐릭터 큐빅 비즈십자수 지니맘,지니맘 큐빅십자수  DIY: 14번 부엉이 (15cm 20cm)
3023031829,SELLBLOG,NORMAL,너무 귀엽고 예뻐요 시간 때우기도 좋고 굳이 애기용 아니여도 예뻐요,2020-10-11T15:05:55.206+0000,STOREFARM,5,어린이 보석십자수 DIY 캐릭터 큐빅 비즈십자수 지니맘,지니맘 큐빅십자수  DIY: 13번 별유니콘 (액자별매)
3005320078,SELLBLOG,NORMAL,나무너무이쁘고 재료도넉넉히들어잇어서좋고 그림이랑디자인너무너무너무 이쁘네요 배송도빠르고좋아요,2020-09-12T14:19:09.118+0000,STOREFARM,5,어린이 보석십자수 DIY 캐릭터 큐빅 비즈십자수 지니맘,지니맘 큐빅십자수  DIY: 10번 안경토끼  (15cm 20cm)
3013666633,SELLBLOG,NORMAL,배송빠르고 포장도 잘되어있어요,2020-09-24T08:35:11.825+0000,STOREFARM,5,어린이 보석십자수 DIY 캐릭터 큐빅 비즈십자수 지니맘,지니맘 큐빅십자수  DIY: 9번 겨울사슴 (15cm 20cm)
3015525582,SELLBLOG,NORMAL,"보석도 알차고
애들도 좋아해요",2020-09-27T02:26:15.640+0000,STOREFARM,5,어린이 보석십자수 DIY 캐릭터 큐빅 비즈십자수 지니맘,지니맘 큐빅십자수  DIY: 14번 부엉이 (15cm 20cm)
3029031335,SELLBLOG,NORMAL,아이가 좋아하네요~~,2020-10-19T11:26:29.938+0000,STOREFARM,4,어린이 보석십자수 DIY 캐릭터 큐빅 비즈십자수 지니맘,지니맘 큐빅십자수  DIY: 7번 소녀2 (액자별매)
3029030916,SELLBLOG,NORMAL,아이가 좋아하네요~~,2020-10-19T11:25:54.167+0000,STOREFARM,4,어린이 보석십자수 DIY 캐릭터 큐빅 비즈십자수 지니맘,지니맘 큐빅십자수  DIY: 17번 핑크유니콘 (액자별매)
3023649797,SELLBLOG,AFTER_USE,초등 저학년이 혼자서 재미있게 할 수 있습니다,2020-10-12T12:45:10.717+0000,STOREFARM,5,어린이 보석십자수 DIY 캐릭터 큐빅 비즈십자수 지니맘,지니맘 큐빅십자수  DIY: 1번 유니콘  (15cm 20cm)
2017028628,SELLBLOG,NORMAL,"디자인 만족  딸아이가 좋아해요
시간 가는줄 모르고 했네요.",2020-08-27T13:27:08.000+0000,STOREFARM,5,어린이 보석십자수 DIY 캐릭터 큐빅 비즈십자수 지니맘,지니맘 큐빅십자수  DIY: 9번 겨울사슴 (15cm 20cm)
3013665989,SELLBLOG,NORMAL,배송빠르고 포장도 잘해주셨어요,2020-09-24T08:34:18.582+0000,STOREFARM,5,어린이 보석십자수 DIY 캐릭터 큐빅 비즈십자수 지니맘,지니맘 큐빅십자수  DIY: 10번 안경토끼  (15cm 20cm)
3015961813,SELLBLOG,NORMAL,게임대신 보석십자수!,2020-09-27T16:08:06.803+0000,STOREFARM,5,어린이 보석십자수 DIY 캐릭터 큐빅 비즈십자수 지니맘,지니맘 큐빅십자수  DIY: 3번 분홍사슴 (15cm 20cm)
3014826982,SELLBLOG,NORMAL,아이와 함께하기 좋아요,2020-09-26T01:28:35.554+0000,STOREFARM,5,어린이 보석십자수 DIY 캐릭터 큐빅 비즈십자수 지니맘,지니맘 큐빅십자수  DIY: 19번 아이스크림 (15cm 20cm)
3010879879,SELLBLOG,NORMAL,아이들이 너무 좋아합니다 추가구매해야할거 같아요,2020-09-20T11:57:18.179+0000,STOREFARM,5,어린이 보석십자수 DIY 캐릭터 큐빅 비즈십자수 지니맘,지니맘 큐빅십자수  DIY: 15번 사자 (15cm 20cm)
3009633185,SELLBLOG,NORMAL,애기가너무좋아해요 받고바로 이만큼햇어요ㅋ,2020-09-18T13:08:50.078+0000,STOREFARM,5,어린이 보석십자수 DIY 캐릭터 큐빅 비즈십자수 지니맘,지니맘 큐빅십자수  DIY: 2번 보라유니콘  (15cm 20cm)
3007620869,SELLBLOG,NORMAL,"귀엽고 예뻐요...
아이가 좋아하네요
완성하면 다른그림도 해야겠어요",2020-09-16T03:37:16.215+0000,STOREFARM,4,어린이 보석십자수 DIY 캐릭터 큐빅 비즈십자수 지니맘,지니맘 큐빅십자수  DIY: 1번 유니콘  (15cm 20cm)
3029400292,SELLBLOG,NORMAL,딸아이가 좋아해요.....,2020-10-20T04:16:00.500+0000,STOREFARM,5,어린이 보석십자수 DIY 캐릭터 큐빅 비즈 지니맘,지니맘 큐빅십자수  DIY: 6번 소녀2 (액자별매)
3015505893,SELLBLOG,NORMAL,조카랑하려고샀어요~,2020-09-27T01:57:13.416+0000,STOREFARM,5,어린이 보석십자수 DIY 캐릭터 큐빅 비즈십자수 지니맘,지니맘 큐빅십자수  DIY: 1번 유니콘  (15cm 20cm)
3027005781,SELLBLOG,AFTER_USE,아이와 재밌게 했어요,2020-10-16T12:43:22.180+0000,STOREFARM,5,어린이 보석십자수 DIY 캐릭터 큐빅 비즈십자수 지니맘,지니맘 큐빅십자수  DIY: 3번 분홍사슴 (15cm 20cm)
3026147695,SELLBLOG,NORMAL,7살 딸아이도 초딩 오빠도 즐겁게 하네요 ^^,2020-10-15T12:51:24.287+0000,STOREFARM,5,어린이 보석십자수 DIY 캐릭터 큐빅 비즈 지니맘,지니맘 큐빅십자수  DIY: 9번 겨울사슴 (액자별매)
3004324955,SELLBLOG,NORMAL,"너무예쁘고 좋은데 배송이 느리네요
두개 주문했는데 아이들이 좋아했고
배송만 신경써주세요",2020-09-11T08:14:37.444+0000,STOREFARM,3,어린이 보석십자수 DIY 캐릭터 큐빅 비즈십자수 지니맘,지니맘 큐빅십자수  DIY: 17번 핑크유니콘  (15cm 20cm)
3001360068,SELLBLOG,NORMAL,큐빅이 반짝반짝 오픈할때부터 기분좋아지네요..완성하니 더더더 예쁘네요..,2020-09-07T15:35:32.102+0000,STOREFARM,5,어린이 보석십자수 DIY 캐릭터 큐빅 비즈십자수 지니맘,지니맘 큐빅십자수  DIY: 2번 보라유니콘  (15cm 20cm)
3010976750,SELLBLOG,AFTER_USE,아이들이좋아해요~~~예쁘게 만들었네요~,2020-09-20T14:49:25.580+0000,STOREFARM,5,어린이 보석십자수 DIY 캐릭터 큐빅 비즈십자수 지니맘,지니맘 큐빅십자수  DIY: 9번 겨울사슴 (15cm 20cm)
3025340804,SELLBLOG,NORMAL,초등2학년 아이가 하기 적당하네요.,2020-10-14T13:53:30.791+0000,STOREFARM,5,보석십자수 DIY 캐릭터 큐빅 비즈십자수 지니맘,지니맘 큐빅십자수  DIY: 11번 클로버 (액자별매)
3027281486,SELLBLOG,NORMAL,빠른배송감사합니다.,2020-10-17T02:42:08.570+0000,STOREFARM,3,보석십자수 DIY 캐릭터 큐빅 비즈십자수 지니맘,지니맘 큐빅십자수  DIY: 17번 핑크유니콘 (액자별매)
3014827856,SELLBLOG,NORMAL,좋아서 재구매합니다,2020-09-26T01:29:55.642+0000,STOREFARM,5,어린이 보석십자수 DIY 캐릭터 큐빅 비즈십자수 지니맘,지니맘 큐빅십자수  DIY: 10번 안경토끼  (15cm 20cm)
3007738314,SELLBLOG,NORMAL,집콕템으로 너무 좋네요 딸아이가 집중해서 잘해요,2020-09-16T06:26:33.157+0000,STOREFARM,5,어린이 보석십자수 DIY 캐릭터 큐빅 비즈십자수 지니맘,지니맘 큐빅십자수  DIY: 13번 별유니콘 (15cm 20cm)
3013461691,SELLBLOG,NORMAL,구성알차고 아이가좋아해요,2020-09-24T03:58:15.045+0000,STOREFARM,4,어린이 보석십자수 DIY 캐릭터 큐빅 비즈십자수 지니맘,지니맘 큐빅십자수  DIY: 4번 홍학 (15cm 20cm)
3015442246,SELLBLOG,NORMAL,재미있게 했어요 굿!,2020-09-26T23:42:46.492+0000,STOREFARM,5,어린이 보석십자수 DIY 캐릭터 큐빅 비즈십자수 지니맘,지니맘 큐빅십자수  DIY: 8번 꽃사슴 (15cm 20cm)
3008412415,SELLBLOG,NORMAL,아이가하그싶어 구매했습니다.잼있어요,2020-09-17T03:53:46.991+0000,STOREFARM,3,어린이 보석십자수 DIY 캐릭터 큐빅 비즈십자수 지니맘,지니맘 큐빅십자수  DIY: 8번 꽃사슴 (15cm 20cm)
3026148003,SELLBLOG,NORMAL,반짝반짝 이쁘고 시간 가는 줄 몰라요 ㅎㅎ,2020-10-15T12:51:43.093+0000,STOREFARM,5,어린이 보석십자수 DIY 캐릭터 큐빅 비즈 지니맘,지니맘 큐빅십자수  DIY: 1번 유니콘  (액자별매)
3009400377,SELLBLOG,NORMAL,아이가 아주 좋아라 합니다.,2020-09-18T07:32:38.586+0000,STOREFARM,5,어린이 보석십자수 DIY 캐릭터 큐빅 비즈십자수 지니맘,지니맘 큐빅십자수  DIY: 1번 유니콘  (15cm 20cm)
3026345155,SELLBLOG,AFTER_USE,"가성비 좋습니다.
번창하세요.",2020-10-15T23:20:54.869+0000,STOREFARM,4,어린이 보석십자수 DIY 캐릭터 큐빅 비즈십자수 지니맘,지니맘 큐빅십자수  DIY: 6번 소녀1  (15cm 20cm)
3042781710,SELLBLOG,AFTER_USE,이뻐요 이뻐요 이뻐요,2020-11-08T12:32:28.194+0000,STOREFARM,4,어린이 보석십자수 DIY 캐릭터 큐빅 비즈십자수 지니맘,지니맘 큐빅십자수  DIY: 13번 별유니콘 (15cm 20cm)
3020210522,SELLBLOG,NORMAL,두번째구매에요 아이들 넘 좋아해요,2020-10-07T14:47:06.257+0000,STOREFARM,5,어린이 보석십자수 DIY 캐릭터 큐빅 비즈십자수 지니맘,지니맘 큐빅십자수  DIY: 4번 홍학 (15cm 20cm)
3014449958,SELLBLOG,NORMAL,배송도빠르고 이뻐요,2020-09-25T08:29:18.306+0000,STOREFARM,5,어린이 보석십자수 DIY 캐릭터 큐빅 비즈십자수 지니맘,지니맘 큐빅십자수  DIY: 14번 부엉이 (15cm 20cm)
3009529306,SELLBLOG,NORMAL,"아이가 좋아해요
완성된 작품이 예뻐요",2020-09-18T10:31:06.034+0000,STOREFARM,5,어린이 보석십자수 DIY 캐릭터 큐빅 비즈십자수 지니맘,지니맘 큐빅십자수  DIY: 2번 보라유니콘  (15cm 20cm)
3014883225,SELLBLOG,NORMAL,아이들이 좋아합니다.,2020-09-26T02:47:40.502+0000,STOREFARM,5,어린이 보석십자수 DIY 캐릭터 큐빅 비즈십자수 지니맘,지니맘 큐빅십자수  DIY: 3번 분홍사슴 (15cm 20cm)
3020782616,SELLBLOG,NORMAL,"완전이뻐요~~
딸램 집중~~좀더 큰걸루 도전",2020-10-08T09:52:00.913+0000,STOREFARM,5,어린이 보석십자수 DIY 캐릭터 큐빅 비즈십자수 지니맘,지니맘 큐빅십자수  DIY: 13번 별유니콘 (액자별매)
3007654082,SELLBLOG,AFTER_USE,애들 완성작입니다. 성취감과  집중력 좋습니다.,2020-09-16T04:30:16.864+0000,STOREFARM,5,어린이 보석십자수 DIY 캐릭터 큐빅 비즈십자수 지니맘,지니맘 큐빅십자수  DIY: 14번 부엉이 (15cm 20cm)
3002742867,SELLBLOG,NORMAL,좋아하네요 액자도같이구매할수있어서좋아요,2020-09-09T10:33:13.852+0000,STOREFARM,5,어린이 보석십자수 DIY 캐릭터 큐빅 비즈십자수 지니맘,지니맘 큐빅십자수  DIY: 2번 보라유니콘  (15cm 20cm)
3011511935,SELLBLOG,NORMAL,"아이들이 좋아해서
추가로 더 구매했어요",2020-09-21T09:52:33.251+0000,STOREFARM,5,어린이 보석십자수 DIY 캐릭터 큐빅 비즈십자수 지니맘,지니맘 큐빅십자수  DIY: 3번 분홍사슴 (15cm 20cm)
3001342793,SELLBLOG,NORMAL,6살 아들과 3일동안 만들었어요. 평소에 십자수가 해보고 싶다고 했는데 아이들 하기엔 딱이네요. 사실 제가 더 재밌었어요.,2020-09-07T14:46:14.505+0000,STOREFARM,4,어린이 보석십자수 DIY 캐릭터 큐빅 비즈십자수 지니맘,지니맘 큐빅십자수  DIY: 1번 유니콘  (15cm 20cm)
3024724393,SELLBLOG,NORMAL,잘 받았습니다 아이가 좋아해요 ~,2020-10-14T01:09:10.850+0000,STOREFARM,5,어린이 보석십자수 DIY 캐릭터 큐빅 비즈십자수 지니맘,지니맘 큐빅십자수  DIY: 20번 아기유니콘(액자 불포함)
3000122979,SELLBLOG,NORMAL,배송 받자마자 뜯어서 구성품 찍어봤어요~ 현재 딸아이가 집중해서 하나하나 붙히고 있습니다. 완성되면 또 구매해달라고 하네요^^,2020-09-06T02:20:30.530+0000,STOREFARM,5,어린이 보석십자수 DIY 캐릭터 큐빅 비즈십자수 지니맘,지니맘 큐빅십자수  DIY: 9번 겨울사슴 (15cm 20cm)
3024157435,SELLBLOG,AFTER_USE,작품도 예프고매우만족합니다,2020-10-13T07:23:37.342+0000,STOREFARM,5,어린이 보석십자수 DIY 캐릭터 큐빅 비즈십자수 지니맘,지니맘 큐빅십자수  DIY: 10번 안경토끼  (15cm 20cm)
3024157311,SELLBLOG,AFTER_USE,작품도 예프고매우만족합니다,2020-10-13T07:23:29.395+0000,STOREFARM,5,어린이 보석십자수 DIY 캐릭터 큐빅 비즈십자수 지니맘,지니맘 큐빅십자수  DIY: 3번 분홍사슴 (15cm 20cm)
3023313752,SELLBLOG,NORMAL,아이들이 하기 쉽고 디자이도 예쁘네요.,2020-10-12T04:10:07.386+0000,STOREFARM,5,어린이 보석십자수 DIY 캐릭터 큐빅 비즈십자수 지니맘,지니맘 큐빅십자수  DIY: 12번 돌고래 (액자별매)
3022525478,SELLBLOG,NORMAL,예쁘네요~맘에 듭니다,2020-10-11T02:04:51.705+0000,STOREFARM,5,어린이 보석십자수 DIY 캐릭터 큐빅 비즈십자수 지니맘,지니맘 큐빅십자수  DIY: 7번 소녀2(액자 불포함)
3012977671,SELLBLOG,NORMAL,"조카가 갖고 싶다그래서 찾아보다가 딴건 어려워 할것 같아서 여기서 구매했는데, 오늘 받았는데 오늘 다 할것 같다네요. 집중력 없는거 같은데 재미있나보네요. 또 하고 싶다고..",2020-09-23T10:38:53.690+0000,STOREFARM,5,어린이 보석십자수 DIY 캐릭터 큐빅 비즈십자수 지니맘,지니맘 큐빅십자수  DIY: 14번 부엉이 (15cm 20cm)
3009590124,SELLBLOG,AFTER_USE,"이틀만에완성했어요~~
애들이좋아하네요~~",2020-09-18T12:02:45.103+0000,STOREFARM,5,어린이 보석십자수 DIY 캐릭터 큐빅 비즈십자수 지니맘,지니맘 큐빅십자수  DIY: 14번 부엉이 (15cm 20cm)
3004742009,SELLBLOG,NORMAL,"아이들이 시간보내기 좋네요
완벽허게 하긴 어렵지만 나르 좋아햤답니다.
다음번엔 다른걸로도 한번 해봐야겠어요",2020-09-12T01:32:03.304+0000,STOREFARM,5,어린이 보석십자수 DIY 캐릭터 큐빅 비즈십자수 지니맘,지니맘 큐빅십자수  DIY: 19번 아이스크림 (15cm 20cm)
3014826347,SELLBLOG,NORMAL,너무너무 좋아 재구매해요,2020-09-26T01:27:38.530+0000,STOREFARM,5,어린이 보석십자수 DIY 캐릭터 큐빅 비즈십자수 지니맘,지니맘 큐빅십자수  DIY: 3번 분홍사슴 (15cm 20cm)
3022465299,SELLBLOG,NORMAL,"유니콘 정말이뻐요
아이가다해놓고정말좋아합니다",2020-10-11T00:17:42.371+0000,STOREFARM,5,어린이 보석십자수 DIY 캐릭터 큐빅 비즈십자수 지니맘,지니맘 큐빅십자수  DIY: 13번 별유니콘 (액자별매)
2020135508,SELLBLOG,NORMAL,"아이들이 넘 좋아해요
코로나때문에 집에 델꼬있는데
어제는 레고로 시간보내고 오늘은 보석십자수네요
하루종일 할게 생겨서 넘 만족입니다
아이들이 반짝반짝 이쁘다고해요
지금 열심히 하고있네요ㅎㅎ",2020-09-01T02:55:57.000+0000,STOREFARM,5,어린이 보석십자수 DIY 캐릭터 큐빅 비즈십자수 지니맘,지니맘 큐빅십자수  DIY: 1번 유니콘  (15cm 20cm)
2020134974,SELLBLOG,NORMAL,"아이들이 넘 좋아해요
코로나때문에 집에 델꼬있는데
어제는 레고로 시간보내고 오늘은 보석십자수네요
하루종일 할게 생겨서 넘 만족입니다
아이들이 반짝반짝 이쁘다고해요
지금 열심히 하고있네요ㅎㅎ",2020-09-01T02:55:15.000+0000,STOREFARM,5,어린이 보석십자수 DIY 캐릭터 큐빅 비즈십자수 지니맘,지니맘 큐빅십자수  DIY: 1번 유니콘  (15cm 20cm)
2021716828,SELLBLOG,NORMAL,토요일 주문했는데 수요일에 받았어요. 배송은 빠른편은 아니었어요. 아이가 너무 좋아하네요.. 코로나로 집콕생활하는데 집중해서 재미있게 하는 모습보니 좋네요.,2020-09-03T01:41:34.000+0000,STOREFARM,4,어린이 보석십자수 DIY 캐릭터 큐빅 비즈십자수 지니맘,
3006103242,SELLBLOG,NORMAL,7살딸아이 하려고 주문했어요!시간도 잘가고 재밌다고 하네요,2020-09-14T01:22:56.705+0000,STOREFARM,4,어린이 보석십자수 DIY 캐릭터 큐빅 비즈십자수 지니맘,지니맘 큐빅십자수  DIY: 1번 유니콘  (15cm 20cm)
3023360810,SELLBLOG,NORMAL,아이가 해보고싶다고해서 주문해봤어용,2020-10-12T05:19:59.437+0000,STOREFARM,5,보석십자수 DIY 캐릭터 큐빅 비즈십자수 지니맘,지니맘 큐빅십자수  DIY: 7번 소녀2 (액자별매)
3021321395,SELLBLOG,NORMAL,"아직 써보지는않았지만  하자만없으면 ..
잘만들어볼께요",2020-10-09T04:18:21.387+0000,STOREFARM,5,어린이 보석십자수 DIY 캐릭터 큐빅 비즈십자수 지니맘,지니맘 큐빅십자수  DIY: 19번 아이스크림(액자 불포함)
3027150974,SELLBLOG,NORMAL,애들이 좋아합니다 ~~,2020-10-16T20:27:02.831+0000,STOREFARM,5,어린이 보석십자수 DIY 캐릭터 큐빅 비즈십자수 지니맘,지니맘 큐빅십자수  DIY: 14번 부엉이 (액자별매)
3020887720,SELLBLOG,NORMAL,7세 아이 좋아하네요^^ 재구매합니다,2020-10-08T12:01:20.203+0000,STOREFARM,5,어린이 보석십자수 DIY 캐릭터 큐빅 비즈십자수 지니맘,지니맘 큐빅십자수  DIY: 1번 유니콘  (액자별매)
2020078726,SELLBLOG,NORMAL,아이들 시간떼우기로 완전최고에요 큐빅도 빤짝거려서 너무 예쁘구요 3일만에 완성했어요~큐빅들도 지퍼팩에 깔끔히 담아져있어서 보관하기도좋아요 조만간 또구매할께요 번창하셍노,2020-09-01T01:37:40.000+0000,STOREFARM,5,어린이 보석십자수 DIY 캐릭터 큐빅 비즈십자수 지니맘,지니맘 큐빅십자수  DIY: 7번 소녀2  (15cm 20cm)
3013106304,SELLBLOG,AFTER_USE,애가 정말 좋아라하네요,2020-09-23T13:15:16.614+0000,STOREFARM,5,어린이 보석십자수 DIY 캐릭터 큐빅 비즈십자수 지니맘,지니맘 큐빅십자수  DIY: 12번 돌고래 (15cm 20cm)
3013106051,SELLBLOG,AFTER_USE,애가 정말 좋아라하네요,2020-09-23T13:14:58.045+0000,STOREFARM,5,어린이 보석십자수 DIY 캐릭터 큐빅 비즈십자수 지니맘,지니맘 큐빅십자수  DIY: 1번 유니콘  (15cm 20cm)
3013105785,SELLBLOG,AFTER_USE,애가 정말 좋아라하네요,2020-09-23T13:14:37.383+0000,STOREFARM,5,어린이 보석십자수 DIY 캐릭터 큐빅 비즈십자수 지니맘,지니맘 큐빅십자수  DIY: 10번 안경토끼  (15cm 20cm)
3013105306,SELLBLOG,AFTER_USE,애가 정말 좋아라하네요,2020-09-23T13:14:01.562+0000,STOREFARM,5,어린이 보석십자수 DIY 캐릭터 큐빅 비즈십자수 지니맘,지니맘 큐빅십자수  DIY: 11번 클로버 (15cm 20cm)
3024145053,SELLBLOG,NORMAL,배송도 빠르고 색감도 너무 이쁘네요,2020-10-13T07:07:45.874+0000,STOREFARM,5,보석십자수 DIY 캐릭터 큐빅 비즈십자수 지니맘,지니맘 큐빅십자수  DIY: 17번 핑크유니콘 (액자별매)
3003056135,SELLBLOG,NORMAL,재미있어요~~예전에 스티커보석비즈 해보고 코로나 덕에 보석비즈 다시 주문~딸아이랑 시간보내기 좋아요~~~,2020-09-09T23:34:47.042+0000,STOREFARM,5,어린이 보석십자수 DIY 캐릭터 큐빅 비즈십자수 지니맘,지니맘 큐빅십자수  DIY: 7번 소녀2  (15cm 20cm)
3015325666,SELLBLOG,NORMAL,잘받았어요~ 조카들 추석선물로 추가 주문했는데 날짜 다르게 주문했는데 같은날 배송됐어요ㅋㅋ 9살 첫째는 좋아하고 6살 동생은 어려워하네요~,2020-09-26T13:40:27.939+0000,STOREFARM,5,어린이 보석십자수 DIY 캐릭터 큐빅 비즈십자수 지니맘,지니맘 큐빅십자수  DIY: 1번 유니콘  (액자 불포함)
3015325600,SELLBLOG,NORMAL,잘받았어요~ 조카들 추석선물로 추가 주문했는데 날짜 다르게 주문했는데 같은날 배송됐어요ㅋㅋ 9살 첫째는 좋아하고 6살 동생은 어려워하네요~,2020-09-26T13:40:21.957+0000,STOREFARM,5,어린이 보석십자수 DIY 캐릭터 큐빅 비즈십자수 지니맘,지니맘 큐빅십자수  DIY: 14번 부엉이(액자 불포함)
3015325525,SELLBLOG,NORMAL,잘받았어요~ 조카들 추석선물로 추가 주문했는데 날짜 다르게 주문했는데 같은날 배송됐어요ㅋㅋ 9살 첫째는 좋아하고 6살 동생은 어려워하네요~,2020-09-26T13:40:15.547+0000,STOREFARM,5,어린이 보석십자수 DIY 캐릭터 큐빅 비즈십자수 지니맘,지니맘 큐빅십자수  DIY: 12번 돌고래(액자 불포함)
3015325455,SELLBLOG,NORMAL,잘받았어요~ 조카들 추석선물로 추가 주문했는데 날짜 다르게 주문했는데 같은날 배송됐어요ㅋㅋ 9살 첫째는 좋아하고 6살 동생은 어려워하네요~,2020-09-26T13:40:09.613+0000,STOREFARM,5,어린이 보석십자수 DIY 캐릭터 큐빅 비즈십자수 지니맘,지니맘 큐빅십자수  DIY: 20번 아기유니콘(액자 불포함)
3015325196,SELLBLOG,NORMAL,잘받았어요~ 조카들 추석선물로 추가 주문했는데 날짜 다르게 주문했는데 같은날 배송됐어요ㅋㅋ 9살 첫째는 좋아하고 6살 동생은 어려워하네요~,2020-09-26T13:39:42.379+0000,STOREFARM,5,어린이 보석십자수 DIY 캐릭터 큐빅 비즈십자수 지니맘,지니맘 큐빅십자수  DIY: 16번 여우(액자 불포함)
3015325115,SELLBLOG,NORMAL,잘받았어요~ 조카들 추석선물로 추가 주문했는데 날짜 다르게 주문했는데 같은날 배송됐어요ㅋㅋ 9살 첫째는 좋아하고 6살 동생은 어려워하네요~,2020-09-26T13:39:34.931+0000,STOREFARM,5,어린이 보석십자수 DIY 캐릭터 큐빅 비즈십자수 지니맘,지니맘 큐빅십자수  DIY: 19번 아이스크림(액자 불포함)
3015325024,SELLBLOG,NORMAL,잘받았어요~ 조카들 추석선물로 추가 주문했는데 날짜 다르게 주문했는데 같은날 배송됐어요ㅋㅋ 9살 첫째는 좋아하고 6살 동생은 어려워하네요~,2020-09-26T13:39:26.553+0000,STOREFARM,5,어린이 보석십자수 DIY 캐릭터 큐빅 비즈십자수 지니맘,지니맘 큐빅십자수  DIY: 8번 꽃사슴(액자 불포함)
2021716567,SELLBLOG,NORMAL,"배송은 토요일 주문해서 수요일 받아보았고요.
코로나로 아이가 강제적으로 집콕생활중인데 심심할 틈 없이 집중해서 재미있게 하는 모습보니 좋네요.",2020-09-03T01:41:16.000+0000,STOREFARM,3,어린이 보석십자수 DIY 캐릭터 큐빅 비즈십자수 지니맘,
3022696838,SELLBLOG,NORMAL,재밌는데 6세 아이 조금하다 지루해해요,2020-10-11T06:01:41.258+0000,STOREFARM,4,어린이 보석십자수 DIY 캐릭터 큐빅 비즈십자수 지니맘,지니맘 큐빅십자수  DIY: 16번 여우 (15cm 20cm)
3025398898,SELLBLOG,NORMAL,좋아요 좀더 저렴햇으면 해요,2020-10-14T15:14:28.796+0000,STOREFARM,4,어린이 보석십자수 DIY 캐릭터 큐빅 비즈십자수 지니맘,지니맘 큐빅십자수  DIY: 10번 안경토끼 (액자별매)
3011170192,SELLBLOG,NORMAL,조카들 선물해줬는데 너무 좋아하네요!!,2020-09-21T02:04:17.041+0000,STOREFARM,5,어린이 보석십자수 DIY 캐릭터 큐빅 비즈십자수 지니맘,지니맘 큐빅십자수  DIY: 7번 소녀2  (15cm 20cm)
3020887930,SELLBLOG,NORMAL,7세아이 좋아해오^^ 재구매합니다,2020-10-08T12:01:34.563+0000,STOREFARM,5,어린이 보석십자수 DIY 캐릭터 큐빅 비즈십자수 지니맘,지니맘 큐빅십자수  DIY: 19번 아이스크림 (액자별매)
3024144903,SELLBLOG,NORMAL,"배송도 빠르고, 색감도 너무 이쁘네요",2020-10-13T07:07:34.700+0000,STOREFARM,5,보석십자수 DIY 캐릭터 큐빅 비즈십자수 지니맘,지니맘 큐빅십자수  DIY: 9번 겨울사슴 (액자별매)
3001989125,SELLBLOG,NORMAL,"애들이 너무좋아하네요...
한꺼번에 하긴힘든지 반만하고 내일 마무리하고싶어하네요 또 주문할께요..",2020-09-08T11:42:51.293+0000,STOREFARM,5,어린이 보석십자수 DIY 캐릭터 큐빅 비즈십자수 지니맘,지니맘 큐빅십자수  DIY: 1번 유니콘  (15cm 20cm)
3023916675,SELLBLOG,AFTER_USE,완성하고 보면 너무 예쁘요,2020-10-13T02:30:01.044+0000,STOREFARM,5,어린이 보석십자수 DIY 캐릭터 큐빅 비즈십자수 지니맘,지니맘 큐빅십자수  DIY: 8번 꽃사슴 (15cm 20cm)
3019692323,SELLBLOG,AFTER_USE,시간 때우기 너무 좋아요~ 완성본은 너무 예쁘네요,2020-10-07T04:41:34.877+0000,STOREFARM,5,어린이 보석십자수 DIY 캐릭터 큐빅 비즈십자수 지니맘,지니맘 큐빅십자수  DIY: 7번 소녀2  (15cm 20cm)
3001503498,SELLBLOG,NORMAL,"아이 혼자서 재밌어하며 하네요
하나는 완성했는데 완성된 작품이 너무 예뻐요
다른것도 사줘야겠어요",2020-09-08T01:56:37.884+0000,STOREFARM,5,어린이 보석십자수 DIY 캐릭터 큐빅 비즈십자수 지니맘,지니맘 큐빅십자수  DIY: 8번 꽃사슴 (15cm 20cm)
3012924521,SELLBLOG,AFTER_USE,시간가는줄 모르고 했네요 ㅋㅋ,2020-09-23T09:24:35.938+0000,STOREFARM,5,어린이 보석십자수 DIY 캐릭터 큐빅 비즈십자수 지니맘,지니맘 큐빅십자수  DIY: 7번 소녀2  (15cm 20cm)
3018552249,SELLBLOG,NORMAL,아이가재밌다고해요배송도만족이요,2020-10-05T05:19:46.678+0000,STOREFARM,5,어린이 보석십자수 DIY 캐릭터 큐빅 비즈십자수 지니맘,지니맘 큐빅십자수  DIY: 1번 유니콘  (15cm 20cm)
3012421594,SELLBLOG,NORMAL,아이가 아주  좋아 하네요,2020-09-22T14:42:12.620+0000,STOREFARM,5,어린이 보석십자수 DIY 캐릭터 큐빅 비즈십자수 지니맘,지니맘 큐빅십자수  DIY: 13번 별유니콘 (15cm 20cm)
3002398568,SELLBLOG,NORMAL,한번하면 계속하고싶어서 이틀만에 아이들이 끝냈어요.시간도잘가고 이뻐요,2020-09-09T03:14:26.934+0000,STOREFARM,4,어린이 보석십자수 DIY 캐릭터 큐빅 비즈십자수 지니맘,지니맘 큐빅십자수  DIY: 12번 돌고래 (15cm 20cm)
3003648813,SELLBLOG,NORMAL,초등 1학년 여아 집중해서 열심히 하고 큐빅이 아름답네요...재미있다고 좋아해요,2020-09-10T12:33:47.305+0000,STOREFARM,5,어린이 보석십자수 DIY 캐릭터 큐빅 비즈십자수 지니맘,지니맘 큐빅십자수  DIY: 17번 핑크유니콘  (15cm 20cm)
3023588052,SELLBLOG,NORMAL,꼼꼼하게 잘 챙겨주셨네요,2020-10-12T11:14:20.210+0000,STOREFARM,5,보석십자수 DIY 캐릭터 큐빅 비즈십자수 지니맘,지니맘 큐빅십자수  DIY: 4번 홍학 (액자별매)
2023536340,SELLBLOG,NORMAL,너무예뻐요.세장 사줬는데 한장은 초1 아이가 하다가 포기해서 아직미완성이에요ㅎ다 하면 액자해주려고요,2020-09-05T05:23:52.000+0000,STOREFARM,4,어린이 보석십자수 DIY 캐릭터 큐빅 비즈십자수 지니맘,지니맘 큐빅십자수  DIY: 3번 분홍사슴 (15cm 20cm)
3019157669,SELLBLOG,NORMAL,아이가 너무 좋아하네요 또 주문할께요,2020-10-06T10:10:10.525+0000,STOREFARM,5,어린이 보석십자수 DIY 캐릭터 큐빅 비즈십자수 지니맘,지니맘 큐빅십자수  DIY: 12번 돌고래(액자 불포함)
3019157344,SELLBLOG,NORMAL,아이가 너무 좋아하네요 또 주문할께요,2020-10-06T10:09:45.191+0000,STOREFARM,5,어린이 보석십자수 DIY 캐릭터 큐빅 비즈십자수 지니맘,지니맘 큐빅십자수  DIY: 4번 홍학(액자 불포함)
3019157107,SELLBLOG,NORMAL,아이가 너무 좋아하네요 또 주문할께요,2020-10-06T10:09:25.706+0000,STOREFARM,5,어린이 보석십자수 DIY 캐릭터 큐빅 비즈십자수 지니맘,지니맘 큐빅십자수  DIY: 1번 유니콘  (액자 불포함)
3015363880,SELLBLOG,NORMAL,아주 좋아해요 ㅎㅎ,2020-09-26T14:53:41.542+0000,STOREFARM,5,어린이 보석십자수 DIY 캐릭터 큐빅 비즈십자수 지니맘,지니맘 큐빅십자수  DIY: 13번 별유니콘(액자 불포함)
3015363717,SELLBLOG,NORMAL,아주 좋아해요 ㅎㅎ,2020-09-26T14:53:21.099+0000,STOREFARM,5,어린이 보석십자수 DIY 캐릭터 큐빅 비즈십자수 지니맘,지니맘 큐빅십자수  DIY: 20번 아기유니콘(액자 불포함)
3015363488,SELLBLOG,NORMAL,아주 좋아해요 ㅎㅎ,2020-09-26T14:52:47.787+0000,STOREFARM,5,어린이 보석십자수 DIY 캐릭터 큐빅 비즈십자수 지니맘,지니맘 큐빅십자수  DIY: 3번 분홍사슴(액자 불포함)
3015363373,SELLBLOG,NORMAL,아주 좋아해요 ㅎㅎ,2020-09-26T14:52:31.463+0000,STOREFARM,5,어린이 보석십자수 DIY 캐릭터 큐빅 비즈십자수 지니맘,지니맘 큐빅십자수  DIY: 1번 유니콘  (액자 불포함)
3023269351,SELLBLOG,AFTER_USE,아이들이 재밌게 잘했어요,2020-10-12T03:01:26.373+0000,STOREFARM,5,어린이 보석십자수 DIY 캐릭터 큐빅 비즈십자수 지니맘,지니맘 큐빅십자수  DIY: 20번 아기사슴 (15cm 20cm)
3023269276,SELLBLOG,AFTER_USE,아이들이 재밌게 잘했어요,2020-10-12T03:01:19.709+0000,STOREFARM,5,어린이 보석십자수 DIY 캐릭터 큐빅 비즈십자수 지니맘,지니맘 큐빅십자수  DIY: 14번 부엉이 (15cm 20cm)
3023269201,SELLBLOG,AFTER_USE,아이들이 재밌게 잘했어요,2020-10-12T03:01:12.828+0000,STOREFARM,5,어린이 보석십자수 DIY 캐릭터 큐빅 비즈십자수 지니맘,지니맘 큐빅십자수  DIY: 17번 핑크사슴  (15cm 20cm)
3023269004,SELLBLOG,AFTER_USE,아이들이 재밌게 잘했어요,2020-10-12T03:00:54.056+0000,STOREFARM,5,어린이 보석십자수 DIY 캐릭터 큐빅 비즈십자수 지니맘,지니맘 큐빅십자수  DIY: 9번 겨울사슴 (15cm 20cm)
3000804838,SELLBLOG,NORMAL,"처음 사봤는데 아이들이 무척 좋아하네요~
시간때우기도 좋고 집중력도 높여줄것 같아 넘 잘산거 같아요~",2020-09-07T02:05:19.881+0000,STOREFARM,5,어린이 보석십자수 DIY 캐릭터 큐빅 비즈십자수 지니맘,지니맘 큐빅십자수  DIY: 10번 안경토끼  (15cm 20cm)
3000804266,SELLBLOG,NORMAL,"처음 사봤는데 아이들이 무척 좋아하네요~
시간때우기도 좋고 집중력도 높여줄것 같아 넘 잘산거 같아요~",2020-09-07T02:04:43.272+0000,STOREFARM,5,어린이 보석십자수 DIY 캐릭터 큐빅 비즈십자수 지니맘,지니맘 큐빅십자수  DIY: 8번 꽃사슴 (15cm 20cm)
2022484665,SELLBLOG,NORMAL,"큐빅도 넉넉히들어있고 좋아요
6세 같이했는데 생각보다잘하네요^^
양면테잎에붙이는거라 손이자꾸 늘어붙긴하지만요",2020-09-04T00:52:15.000+0000,STOREFARM,5,어린이 보석십자수 DIY 캐릭터 큐빅 비즈십자수 지니맘,지니맘 큐빅십자수  DIY: 7번 소녀2  (15cm 20cm)
3015865362,SELLBLOG,NORMAL,"빠른 배송 감사합다.
초등1학년 딸아이 티비 대신 놀거리로 주문했어요.
재밌어해요. 아주 만족합니다",2020-09-27T12:25:23.766+0000,STOREFARM,5,어린이 보석십자수 DIY 캐릭터 큐빅 비즈십자수 지니맘,지니맘 큐빅십자수  DIY: 1번 유니콘  (15cm 20cm)
3012923671,SELLBLOG,AFTER_USE,조카랑 재밌게했어요~,2020-09-23T09:23:25.020+0000,STOREFARM,5,어린이 보석십자수 DIY 캐릭터 큐빅 비즈십자수 지니맘,지니맘 큐빅십자수  DIY: 3번 분홍사슴 (15cm 20cm)
3023916962,SELLBLOG,AFTER_USE,아이가 무척 좋아해요,2020-10-13T02:30:24.057+0000,STOREFARM,5,어린이 보석십자수 DIY 캐릭터 큐빅 비즈십자수 지니맘,지니맘 큐빅십자수  DIY: 10번 안경토끼  (15cm 20cm)
3011170697,SELLBLOG,NORMAL,하기도 쉽고 애들이 좋아해요!,2020-09-21T02:04:47.447+0000,STOREFARM,5,어린이 보석십자수 DIY 캐릭터 큐빅 비즈십자수 지니맘,지니맘 큐빅십자수  DIY: 6번 소녀1  (15cm 20cm)
3008610800,SELLBLOG,AFTER_USE,완성하니이뿌네요. 어렵지않아요,2020-09-17T08:14:26.948+0000,STOREFARM,3,어린이 보석십자수 DIY 캐릭터 큐빅 비즈십자수 지니맘,지니맘 큐빅십자수  DIY: 1번 유니콘  (15cm 20cm)
3008329284,SELLBLOG,NORMAL,여유있는 재료와 색감도 이쁘고 너무 좋아하네요,2020-09-17T01:46:24.574+0000,STOREFARM,5,어린이 보석십자수 DIY 캐릭터 큐빅 비즈십자수 지니맘,지니맘 큐빅십자수  DIY: 7번 소녀2  (15cm 20cm)
3009301838,SELLBLOG,NORMAL,너무 예쁘고 시간 많은 아이들이 좋아해요,2020-09-18T05:50:53.025+0000,STOREFARM,5,어린이 보석십자수 DIY 캐릭터 큐빅 비즈십자수 지니맘,지니맘 큐빅십자수  DIY: 19번 아이스크림 (15cm 20cm)
2023532998,SELLBLOG,NORMAL,아이들이 좋아해요.그림도이뿌네요ㅎ작은사이즈하다가도전해본대서 구매해줬어요.액자해놔도이쁠것같아욯,2020-09-05T05:20:32.000+0000,STOREFARM,5,어린이 보석십자수 DIY 캐릭터 큐빅 비즈십자수 지니맘,지니맘 큐빅십자수  DIY: 20번 아기유니콘 (15cm 20cm)
3010499306,SELLBLOG,NORMAL,색감도 이쁘고 아이가 좋아해요,2020-09-20T01:06:37.881+0000,STOREFARM,5,어린이 보석십자수 DIY 캐릭터 큐빅 비즈십자수 지니맘,지니맘 큐빅십자수  DIY: 13번 별유니콘 (15cm 20cm)
2019648989,SELLBLOG,NORMAL,배송이 너무너무 느려~ 당황했어요 하나는 조카선물주고 하나는 저희 시켰는데 조카는 또 엄청 일찍 배송받았드라고여 우리 애 기다리다 어찌나 심통을 내는지 아무튼 이쁘게 잘 만들어 볼께요,2020-08-31T06:11:10.000+0000,STOREFARM,4,어린이 보석십자수 DIY 캐릭터 큐빅 비즈십자수 지니맘,지니맘 큐빅십자수  DIY: 13번 별유니콘 (15cm 20cm)
3011493946,SELLBLOG,AFTER_USE,인테리어 효과도 있어요~굿,2020-09-21T09:16:29.021+0000,STOREFARM,5,어린이 보석십자수 DIY 캐릭터 큐빅 비즈십자수 지니맘,지니맘 큐빅십자수  DIY: 13번 별유니콘 (15cm 20cm)
3006482495,SELLBLOG,NORMAL,지니맘꺼가 진짜 꽉찬 느낌이 들어서 늘 여기서 구매를 하게되네요~~^^,2020-09-14T09:59:52.918+0000,STOREFARM,5,어린이 보석십자수 DIY 캐릭터 큐빅 비즈십자수 지니맘,지니맘 큐빅십자수  DIY: 12번 돌고래 (15cm 20cm)
3018786631,SELLBLOG,NORMAL,재구매..역쉬 죠아여 다른도안 원해혀..,2020-10-05T14:57:13.506+0000,STOREFARM,5,어린이 보석십자수 DIY 캐릭터 큐빅 비즈십자수 지니맘,지니맘 큐빅십자수  DIY: 20번 아기유니콘 (15cm 20cm)
3006721492,SELLBLOG,NORMAL,애들이 좋인하네요 하루만에 다했어요ㅎㅎ,2020-09-15T00:35:45.163+0000,STOREFARM,4,어린이 보석십자수 DIY 캐릭터 큐빅 비즈십자수 지니맘,지니맘 큐빅십자수  DIY: 19번 아이스크림 (15cm 20cm)
3004241973,SELLBLOG,NORMAL,잼있네요. 애가 하다가 힘들다고 해서 옆에서 살짝 도와줬어요 ㅎㅎ,2020-09-11T06:43:39.518+0000,STOREFARM,5,어린이 보석십자수 DIY 캐릭터 큐빅 비즈십자수 지니맘,지니맘 큐빅십자수  DIY: 19번 아이스크림 (15cm 20cm)
3007653474,SELLBLOG,AFTER_USE,좋아요 애들 완성작품..... 좋아합니다.,2020-09-16T04:29:22.188+0000,STOREFARM,5,어린이 보석십자수 DIY 캐릭터 큐빅 비즈십자수 지니맘,지니맘 큐빅십자수  DIY: 13번 별유니콘 (15cm 20cm)
2022813984,SELLBLOG,NORMAL,8살아이 학교안가서 엄마가 쉴시간이 필요해 주문 ^^; 이틀동안 만들었구요 너무너무 좋아했어요 액자에 끼워두니 너~~무 이뻐요,2020-09-04T06:37:06.000+0000,STOREFARM,5,어린이 보석십자수 DIY 캐릭터 큐빅 비즈십자수 지니맘,지니맘 큐빅십자수  DIY: 1번 유니콘  (15cm 20cm)
3022525798,SELLBLOG,NORMAL,예쁘네요~맘에 들어요~~,2020-10-11T02:05:18.134+0000,STOREFARM,5,어린이 보석십자수 DIY 캐릭터 큐빅 비즈십자수 지니맘,지니맘 큐빅십자수  DIY: 3번 분홍사슴(액자 불포함)
3022525272,SELLBLOG,NORMAL,예쁘네요~^^맘에들어요,2020-10-11T02:04:35.264+0000,STOREFARM,5,어린이 보석십자수 DIY 캐릭터 큐빅 비즈십자수 지니맘,지니맘 큐빅십자수  DIY: 9번 겨울사슴(액자 불포함)
3020011966,SELLBLOG,NORMAL,큐빅사이스가 적당해 아이들이하기 수월해요~,2020-10-07T11:19:15.160+0000,STOREFARM,5,어린이 보석십자수 DIY 캐릭터 큐빅 비즈십자수 지니맘,지니맘 큐빅십자수  DIY: 11번 클로버(액자 불포함)
3039158967,SELLBLOG,NORMAL,아주아주만족합니다~^^,2020-11-03T08:58:19.225+0000,STOREFARM,5,어린이 보석십자수 DIY 캐릭터 큐빅 비즈 지니맘 kc인증,지니맘 큐빅십자수  DIY: 6번 소녀2 (액자별매)
3018400586,SELLBLOG,NORMAL,"얘기가 넘나죠아해요 
근데하다가 안하네요ㅎㅎ",2020-10-04T15:50:59.393+0000,STOREFARM,4,어린이 보석십자수 DIY 캐릭터 큐빅 비즈십자수 지니맘,지니맘 큐빅십자수  DIY: 9번 겨울사슴(액자 불포함)
3009382513,SELLBLOG,NORMAL,마냥신나죠 만족이높은상품입니다,2020-09-18T07:12:09.986+0000,STOREFARM,5,어린이 보석십자수 DIY 캐릭터 큐빅 비즈십자수 지니맘,지니맘 큐빅십자수  DIY: 13번 별유니콘 (15cm 20cm)
3025399100,SELLBLOG,NORMAL,좋아요 맘에 들어요,2020-10-14T15:14:49.448+0000,STOREFARM,5,어린이 보석십자수 DIY 캐릭터 큐빅 비즈십자수 지니맘,지니맘 큐빅십자수  DIY: 1번 유니콘  (액자별매)
2022100465,SELLBLOG,NORMAL,요즘같은 집콕해야하는 시기에 아이와 화내지 않고 하루를 보낼 수 있는 필수 아이템입니다. 오늘도 무사히 하루를 보냈네요.,2020-09-03T09:45:59.000+0000,STOREFARM,5,어린이 보석십자수 DIY 캐릭터 큐빅 비즈십자수 지니맘,지니맘 큐빅십자수  DIY: 16번 여우 (15cm 20cm)
3008328654,SELLBLOG,NORMAL,여유있는 재료와 생동감있는그림이 너무좋아요,2020-09-17T01:45:32.441+0000,STOREFARM,5,어린이 보석십자수 DIY 캐릭터 큐빅 비즈십자수 지니맘,지니맘 큐빅십자수  DIY: 5번  반짝이 사슴 (15cm 20cm)
3011196841,SELLBLOG,NORMAL,아이들이 흥미로워해요.,2020-09-21T02:32:34.322+0000,STOREFARM,5,어린이 보석십자수 DIY 캐릭터 큐빅 비즈십자수 지니맘,지니맘 큐빅십자수  DIY: 10번 안경토끼  (15cm 20cm)
3007732423,SELLBLOG,NORMAL,"잘받았습니다
첨해보는 거라 작은거 사봤는데 잘해볼께요~~",2020-09-16T06:19:10.410+0000,STOREFARM,5,어린이 보석십자수 DIY 캐릭터 큐빅 비즈십자수 지니맘,지니맘 큐빅십자수  DIY: 1번 유니콘  (15cm 20cm)
3007732190,SELLBLOG,NORMAL,"잘받았습니다
첨해보는 거라 작은거 사봤는데 잘해볼께요~~",2020-09-16T06:18:53.323+0000,STOREFARM,5,어린이 보석십자수 DIY 캐릭터 큐빅 비즈십자수 지니맘,지니맘 큐빅십자수  DIY: 2번 보라유니콘  (15cm 20cm)
3009593214,SELLBLOG,NORMAL,아이가 너무 좋아하고 배송도 빨라요.,2020-09-18T12:07:30.271+0000,STOREFARM,5,어린이 보석십자수 DIY 캐릭터 큐빅 비즈십자수 지니맘,지니맘 큐빅십자수  DIY: 20번 아기유니콘 (15cm 20cm)
3000402595,SELLBLOG,NORMAL,"아직 부엉이하느라 하기전이긴한데 혼자 집중하고 잘하네요 ㅋ
아~목아퍼 목아퍼하면서도 잘 하네요.",2020-09-06T08:48:09.906+0000,STOREFARM,4,어린이 보석십자수 DIY 캐릭터 큐빅 비즈십자수 지니맘,지니맘 큐빅십자수  DIY: 13번 별유니콘 (15cm 20cm)
3006482839,SELLBLOG,NORMAL,2개를 샀는데 아직 아이들이 1개두 완성을 못해서 부지런히 완성시켜야겠어요~~,2020-09-14T10:00:36.865+0000,STOREFARM,5,어린이 보석십자수 DIY 캐릭터 큐빅 비즈십자수 지니맘,지니맘 큐빅십자수  DIY: 16번 여우 (15cm 20cm)
3024119377,SELLBLOG,NORMAL,아이가 너무좋아해요~^^,2020-10-13T06:35:50.747+0000,STOREFARM,5,어린이 보석십자수 DIY 캐릭터 큐빅 비즈십자수 지니맘,지니맘 큐빅십자수  DIY: 8번 꽃사슴(액자 불포함)
3009052231,SELLBLOG,NORMAL,"와우..보석이 큼직하고 예뻐여
아기가 넘 좋아해여",2020-09-18T01:02:42.552+0000,STOREFARM,5,어린이 보석십자수 DIY 캐릭터 큐빅 비즈십자수 지니맘,지니맘 큐빅십자수  DIY: 20번 아기유니콘 (15cm 20cm)
3007617682,SELLBLOG,NORMAL,"집에만 있어 심심해하는 조카 선물용으로 구입, 조카와 함께 했는데 정말 좋아하네요. 완성본은 저두 갖고 싶을정도로 마음에 듭니다. 남은 큐빅들은 양면테이프 이용해서 조카 그림에 장식했는데, 이것도 조카가 많이 좋아하네요 ^^",2020-09-16T03:31:54.556+0000,STOREFARM,5,어린이 보석십자수 DIY 캐릭터 큐빅 비즈십자수 지니맘,지니맘 큐빅십자수  DIY: 19번 아이스크림 (15cm 20cm)
3020210942,SELLBLOG,NORMAL,두 딸 아이들 시간가는줄 모르고 하네요,2020-10-07T14:47:43.900+0000,STOREFARM,5,어린이 보석십자수 DIY 캐릭터 큐빅 비즈십자수 지니맘,지니맘 큐빅십자수  DIY: 5번  반짝이 사슴 (15cm 20cm)
3022525655,SELLBLOG,NORMAL,예쁘네요~^^맘에 드네요~~,2020-10-11T02:05:05.392+0000,STOREFARM,5,어린이 보석십자수 DIY 캐릭터 큐빅 비즈십자수 지니맘,지니맘 큐빅십자수  DIY: 4번 홍학(액자 불포함)
3002714387,SELLBLOG,NORMAL,아이가 차분히 앉아서 잘하네요~ 집중력 키우는데 최고인듯,2020-09-09T09:57:43.363+0000,STOREFARM,5,어린이 보석십자수 DIY 캐릭터 큐빅 비즈십자수 지니맘,지니맘 큐빅십자수  DIY: 15번 사자 (15cm 20cm)
2020814463,SELLBLOG,NORMAL,"포장도 꼼꼼하게 잘 받았어요
아이가 너무 좋아해서 기분이 좋더라고요~^^ 
장기간 코로나로 인해 집콕생활 소확행으로 추천합니다",2020-09-01T23:37:29.000+0000,STOREFARM,4,어린이 보석십자수 DIY 캐릭터 큐빅 비즈십자수 지니맘,지니맘 큐빅십자수  DIY: 14번 부엉이 (15cm 20cm)
2018635007,SELLBLOG,NORMAL,정갈하고 빠르게 왔네요 우선 시험삼아 제가 해보고 괜찮으면 아이하게 해주려고요 품절 된 애가 좀 많던데 다시 입고 됬으면 하네요 한달뒤 액자에 넣은 후기도 올릴께요,2020-08-29T14:28:16.000+0000,STOREFARM,5,어린이 보석십자수 DIY 캐릭터 큐빅 비즈십자수 지니맘,지니맘 큐빅십자수  DIY: 20번 아기사슴 (15cm 20cm)
3002106802,SELLBLOG,NORMAL,"시간 가는 줄 모르고 했어요
하루만에 뚝딱!! 더 큰 것도 있음 좋겠습니다~^^",2020-09-08T13:49:39.379+0000,STOREFARM,5,어린이 보석십자수 DIY 캐릭터 큐빅 비즈십자수 지니맘,지니맘 큐빅십자수  DIY: 12번 돌고래 (15cm 20cm)
3004013856,SELLBLOG,NORMAL,"큐빅상태 양호해요~
액자세트 같이 판매했으면 좋겠어요",2020-09-11T03:04:31.659+0000,STOREFARM,5,어린이 보석십자수 DIY 캐릭터 큐빅 비즈십자수 지니맘,지니맘 큐빅십자수  DIY: 8번 꽃사슴 (15cm 20cm)
3005320817,SELLBLOG,NORMAL,그림이 너무고급지고이쁘고 보석십자수사본건즁에젤임브고좋아요,2020-09-12T14:20:25.896+0000,STOREFARM,5,어린이 보석십자수 DIY 캐릭터 큐빅 비즈십자수 지니맘,지니맘 큐빅십자수  DIY: 12번 돌고래 (15cm 20cm)
3006832390,SELLBLOG,NORMAL,"딸이 좋아합니다~
네번째 구매했는데 저번보다 가격이 좀 오른듯..",2020-09-15T03:10:04.908+0000,STOREFARM,5,어린이 보석십자수 DIY 캐릭터 큐빅 비즈십자수 지니맘,지니맘 큐빅십자수  DIY: 17번 핑크유니콘  (15cm 20cm)
3005488217,SELLBLOG,NORMAL,코로나로 심심해 하는 애들을 위해 사줬더니 집중해서 잘하네요,2020-09-13T01:53:27.162+0000,STOREFARM,5,어린이 보석십자수 DIY 캐릭터 큐빅 비즈십자수 지니맘,지니맘 큐빅십자수  DIY: 2번 보라유니콘  (15cm 20cm)
3005487887,SELLBLOG,NORMAL,코로나로 심심해 하는 애들을 위해 사줬더니 집중해서 잘하네요,2020-09-13T01:52:58.075+0000,STOREFARM,5,어린이 보석십자수 DIY 캐릭터 큐빅 비즈십자수 지니맘,지니맘 큐빅십자수  DIY: 8번 꽃사슴 (15cm 20cm)
3022507531,SELLBLOG,NORMAL,아이가 잘 사용합니닼,2020-10-11T01:38:17.560+0000,STOREFARM,3,어린이 보석십자수 DIY 캐릭터 큐빅 비즈십자수 지니맘,지니맘 큐빅십자수  DIY: 1번 유니콘  (액자별매)
3010212866,SELLBLOG,NORMAL,몇시간집중해서하기조아요~,2020-09-19T10:10:12.510+0000,STOREFARM,5,어린이 보석십자수 DIY 캐릭터 큐빅 비즈십자수 지니맘,지니맘 큐빅십자수  DIY: 3번 분홍사슴 (15cm 20cm)
3019840361,SELLBLOG,NORMAL,2번째구매입니다 예쁘고 애들이 좋아해요,2020-10-07T08:01:02.432+0000,STOREFARM,5,어린이 보석십자수 DIY 캐릭터 큐빅 비즈십자수 지니맘,지니맘 큐빅십자수  DIY: 12번 돌고래(액자 불포함)
3001757150,SELLBLOG,NORMAL,"개미지옥입니다.  한번 시작하니 끝을 보구 싶어지는
벌써 다했습니다.",2020-09-08T07:01:11.826+0000,STOREFARM,5,어린이 보석십자수 DIY 캐릭터 큐빅 비즈십자수 지니맘,지니맘 큐빅십자수  DIY: 10번 안경토끼  (15cm 20cm)
3009053321,SELLBLOG,NORMAL,"너무 좋아여. 
색감도 좋고...
반짝반짝 아이들이 좋아해여",2020-09-18T01:04:08.493+0000,STOREFARM,5,어린이 보석십자수 DIY 캐릭터 큐빅 비즈십자수 지니맘,지니맘 큐빅십자수  DIY: 1번 유니콘  (15cm 20cm)
3004977490,SELLBLOG,NORMAL,"큐빅이 넉넉해서 좋네요
아이가 넘 좋아해요
집콕+무념무상아이템으로 최고네요!",2020-09-12T06:02:51.200+0000,STOREFARM,5,어린이 보석십자수 DIY 캐릭터 큐빅 비즈십자수 지니맘,지니맘 큐빅십자수  DIY: 16번 여우 (15cm 20cm)
3017252037,SELLBLOG,AFTER_USE,초등학교 저학년 아이들이 이내심을 가지고 하루만에 완성할 수 있는 적당한 사이즈예요^^,2020-09-30T07:59:15.070+0000,STOREFARM,5,어린이 보석십자수 DIY 캐릭터 큐빅 비즈십자수 지니맘,지니맘 큐빅십자수  DIY: 18번 파란사슴 (15cm 20cm)
3008600765,SELLBLOG,NORMAL,"좋아요
배송온 날 위에 반쪽 완성했어요ㅎ",2020-09-17T08:02:33.114+0000,STOREFARM,5,어린이 보석십자수 DIY 캐릭터 큐빅 비즈십자수 지니맘,지니맘 큐빅십자수  DIY: 1번 유니콘  (15cm 20cm)
3018551973,SELLBLOG,NORMAL,아이가좋아하네요재밌다고해요,2020-10-05T05:19:14.034+0000,STOREFARM,5,어린이 보석십자수 DIY 캐릭터 큐빅 비즈십자수 지니맘,지니맘 큐빅십자수  DIY: 11번 클로버 (15cm 20cm)
3022906352,SELLBLOG,NORMAL,예쁘게 만들어 볼게요~,2020-10-11T11:36:32.739+0000,STOREFARM,5,보석십자수 DIY 캐릭터 큐빅 비즈십자수 지니맘,지니맘 큐빅십자수  DIY: 17번 핑크유니콘 (액자별매)
3022906074,SELLBLOG,NORMAL,예쁘게 만들어 볼게요~,2020-10-11T11:36:05.077+0000,STOREFARM,5,보석십자수 DIY 캐릭터 큐빅 비즈십자수 지니맘,지니맘 큐빅십자수  DIY: 7번 소녀2 (액자별매)
3022525957,SELLBLOG,NORMAL,예뻐요~^^맘에 들어요~~,2020-10-11T02:05:32.340+0000,STOREFARM,5,어린이 보석십자수 DIY 캐릭터 큐빅 비즈십자수 지니맘,지니맘 큐빅십자수  DIY: 1번 유니콘  (액자 불포함)
3001504625,SELLBLOG,NORMAL,"아이 혼자서 완성했어요 
재밌어하고 뿌듯해 하네요
완성된 작품이 너무 예뻐요",2020-09-08T01:57:57.467+0000,STOREFARM,5,어린이 보석십자수 DIY 캐릭터 큐빅 비즈십자수 지니맘,지니맘 큐빅십자수  DIY: 1번 유니콘  (15cm 20cm)
3000509576,SELLBLOG,NORMAL,일단 빠른 배송이 맘에들구요 코로나로 집콕하는 아이선물인데 엄청 좋아해요.,2020-09-06T12:01:36.274+0000,STOREFARM,5,어린이 보석십자수 DIY 캐릭터 큐빅 비즈십자수 지니맘,지니맘 큐빅십자수  DIY: 6번 소녀1  (15cm 20cm)
2018570535,SELLBLOG,AFTER_USE,"첫째딸이 보석십자수하는걸 보고 6살둘째딸이 하고싶다고해서 쉬운걸 찾다가 요걸 사줬는데,
6살도 너무 재밌어하며 잘하네요~~
완성해서 현관에 전시했더니 멋진 작품이 되었어요",2020-08-29T12:37:59.000+0000,STOREFARM,5,어린이 보석십자수 DIY 캐릭터 큐빅 비즈십자수 지니맘,지니맘 큐빅십자수  DIY: 1번 유니콘  (15cm 20cm)
3019175135,SELLBLOG,NORMAL,선물로 보냈는데 맘에 든다고 전화왔어요,2020-10-06T10:32:24.674+0000,STOREFARM,5,어린이 보석십자수 DIY 캐릭터 큐빅 비즈십자수 지니맘,지니맘 큐빅십자수  DIY: 17번 핑크유니콘 (액자별매)
2022858320,SELLBLOG,NORMAL,"구성품이 꼼꼼히 나눠서 들어 있어 좋네요
아이가 하기 시작했어요. 
사용하고 한달후기 남길께요",2020-09-04T07:25:07.000+0000,STOREFARM,5,어린이 보석십자수 DIY 캐릭터 큐빅 비즈십자수 지니맘,지니맘 큐빅십자수  DIY: 1번 유니콘  (15cm 20cm)
2022858166,SELLBLOG,NORMAL,"구성품이 꼼꼼히 나눠서 들어 있어 좋네요
아이가 하기 시작했어요. 
사용하고 한달후기 남길께요",2020-09-04T07:24:56.000+0000,STOREFARM,5,어린이 보석십자수 DIY 캐릭터 큐빅 비즈십자수 지니맘,지니맘 큐빅십자수  DIY: 19번 아이스크림 (15cm 20cm)
3010499005,SELLBLOG,NORMAL,6살아이 집중하며 잘해요,2020-09-20T01:06:08.450+0000,STOREFARM,5,어린이 보석십자수 DIY 캐릭터 큐빅 비즈십자수 지니맘,지니맘 큐빅십자수  DIY: 7번 소녀2  (15cm 20cm)
3008412765,SELLBLOG,NORMAL,아이가하그싶어해서 구매했어요,2020-09-17T03:54:20.756+0000,STOREFARM,3,어린이 보석십자수 DIY 캐릭터 큐빅 비즈십자수 지니맘,지니맘 큐빅십자수  DIY: 1번 유니콘  (15cm 20cm)
3007623297,SELLBLOG,NORMAL,재밌어요 아이가 좋아해요,2020-09-16T03:41:26.506+0000,STOREFARM,4,어린이 보석십자수 DIY 캐릭터 큐빅 비즈십자수 지니맘,지니맘 큐빅십자수  DIY: 2번 보라유니콘  (15cm 20cm)
3019863110,SELLBLOG,NORMAL,딸이 사달래서 사줬는데 집중력 갑이네요,2020-10-07T08:29:09.892+0000,STOREFARM,5,어린이 보석십자수 DIY 캐릭터 큐빅 비즈십자수 지니맘,지니맘 큐빅십자수  DIY: 10번 안경토끼 (액자별매)
3017568349,SELLBLOG,NORMAL,눈이 빠지게 했지만 완성본은 엄청 만족스러웠습니다 6살은 좀 힘들어하긴 하네요^^;;,2020-10-01T12:27:05.273+0000,STOREFARM,5,어린이 보석십자수 DIY 캐릭터 큐빅 비즈십자수 지니맘,지니맘 큐빅십자수  DIY: 1번 유니콘  (15cm 20cm)
3018271673,SELLBLOG,AFTER_USE,너무이뻐요 다음에도 주문할께요,2020-10-04T08:15:06.155+0000,STOREFARM,5,어린이 보석십자수 DIY 캐릭터 큐빅 비즈십자수 지니맘,지니맘 큐빅십자수  DIY: 9번 겨울사슴 (15cm 20cm)
3006722103,SELLBLOG,NORMAL,애들이 재밌어하네요 시간가는줄 모르고 한것같아요^^,2020-09-15T00:36:57.807+0000,STOREFARM,5,어린이 보석십자수 DIY 캐릭터 큐빅 비즈십자수 지니맘,지니맘 큐빅십자수  DIY: 7번 소녀2  (15cm 20cm)
3006626950,SELLBLOG,AFTER_USE,비즈크기도 작지않아 애들이 하기에 적당해요,2020-09-14T14:47:17.483+0000,STOREFARM,5,어린이 보석십자수 DIY 캐릭터 큐빅 비즈십자수 지니맘,지니맘 큐빅십자수  DIY: 1번 유니콘  (15cm 20cm)
3004235059,SELLBLOG,NORMAL,10살 딸이 쉽게 잘 하네요. 재고없는 도안이 많아 아쉬워요,2020-09-11T06:36:54.172+0000,STOREFARM,5,어린이 보석십자수 DIY 캐릭터 큐빅 비즈십자수 지니맘,지니맘 큐빅십자수  DIY: 5번  반짝이 사슴 (15cm 20cm)
2012790076,SELLBLOG,NORMAL,아직 시작은 안햇는데 비즈도 반짝거리고 완성하면 이쁠것같아요~~,2020-08-22T01:33:49.000+0000,STOREFARM,5,어린이 보석십자수 DIY 캐릭터 큐빅 비즈십자수 지니맘,지니맘 큐빅십자수  DIY: 1번 유니콘  (15cm 20cm)
3019766157,SELLBLOG,NORMAL,"생각보다 크고, 보석양도 많아 좋았어요!",2020-10-07T06:24:48.547+0000,STOREFARM,5,어린이 보석십자수 DIY 캐릭터 큐빅 비즈십자수 지니맘,지니맘 큐빅십자수  DIY: 12번 돌고래(액자 불포함)
2022953214,SELLBLOG,NORMAL,"이틀만에 완성..아이가 무척 좋아하네요.
코로나때문에 집콕, 핸드폰하고 친구였는데..
무언가..취미가 생겨서 좋네요",2020-09-04T09:18:00.000+0000,STOREFARM,5,어린이 보석십자수 DIY 캐릭터 큐빅 비즈십자수 지니맘,지니맘 큐빅십자수  DIY: 1번 유니콘  (15cm 20cm)
2019859000,SELLBLOG,NORMAL,"아이가 너무 좋아해요.  쨔잔~~
뚝딱완성해버렸지요. 액자까지 주문하길 잘했어요.",2020-08-31T12:09:47.000+0000,STOREFARM,5,어린이 보석십자수 DIY 캐릭터 큐빅 비즈십자수 지니맘,지니맘 큐빅십자수  DIY: 13번 별유니콘 (15cm 20cm)
2022556171,SELLBLOG,NORMAL,"아이가 좋아해서 사주었네요
사고보니 액자가 없다는사실을 알았지만요 따로 구매해야겠어요 수고하세요",2020-09-04T02:12:53.000+0000,STOREFARM,4,어린이 보석십자수 DIY 캐릭터 큐빅 비즈십자수 지니맘,지니맘 큐빅십자수  DIY: 10번 안경토끼  (15cm 20cm)
3022537599,SELLBLOG,NORMAL,아이가 좋아하네요.,2020-10-11T02:22:40.095+0000,STOREFARM,5,어린이 보석십자수 DIY 캐릭터 큐빅 비즈십자수 지니맘,지니맘 큐빅십자수  DIY: 12번 돌고래 (액자별매)
3018710066,SELLBLOG,NORMAL,7살 조카랑 하려고 샀는데 그림이 넘 이쁘네요,2020-10-05T11:55:17.291+0000,STOREFARM,5,어린이 보석십자수 DIY 캐릭터 큐빅 비즈십자수 지니맘,지니맘 큐빅십자수  DIY: 7번 소녀2  (15cm 20cm)
2016709563,SELLBLOG,NORMAL,"아이가 너무나 좋아하네요
시간 보내기좋습니다ㅎ",2020-08-27T06:47:29.000+0000,STOREFARM,4,어린이 보석십자수 DIY 캐릭터 큐빅 비즈십자수 지니맘,지니맘 큐빅십자수  DIY: 1번 유니콘  (15cm 20cm)
2013086341,SELLBLOG,NORMAL,"완존 강추해요~
주문해서 오자마자 시작하더니 꼼짝안고 집중해서 하더라구요
그러더니 이렇게 이쁘게 완성!
코로나로 나가지도 못하는 요즘 상황에 아이들에게 너무 좋은거같아요
중학생인 아이도 해보더니 재밌다고 사달라고 하네요... ㅋ
자주 구매할게요~",2020-08-22T07:10:46.000+0000,STOREFARM,5,어린이 보석십자수 DIY 캐릭터 큐빅 비즈십자수 지니맘,지니맘 큐빅십자수  DIY: 14번 부엉이 (15cm 20cm)
3026215346,SELLBLOG,AFTER_USE,재미있어요.^^ ㅎㅎ,2020-10-15T14:09:23.660+0000,STOREFARM,5,어린이 보석십자수 DIY 캐릭터 큐빅 비즈십자수 지니맘,지니맘 큐빅십자수  DIY: 11번 클로버 (15cm 20cm)
2020623532,SELLBLOG,NORMAL,배송도 빠르고 큐빅 크기가 다양해서 만들고 나니 입체감도 있고 너무 예쁘네요.한번 시작하니 끝까지 다하게 되네요.,2020-09-01T12:57:56.000+0000,STOREFARM,5,어린이 보석십자수 DIY 캐릭터 큐빅 비즈십자수 지니맘,지니맘 큐빅십자수  DIY: 1번 유니콘  (15cm 20cm)
3020519038,SELLBLOG,NORMAL,아이가 좋아하는거같아요,2020-10-08T03:49:23.669+0000,STOREFARM,3,어린이 보석십자수 DIY 캐릭터 큐빅 비즈십자수 지니맘,지니맘 큐빅십자수  DIY: 1번 유니콘  (액자별매)
2020864915,SELLBLOG,NORMAL,아이가 너무심심해해서 주문했는데 넘 좋아해요 11시에받자마자 시작해서 8시까지 꼼짝도 안하고 하더라구요.잘산듯해요,2020-09-02T01:09:45.000+0000,STOREFARM,5,어린이 보석십자수 DIY 캐릭터 큐빅 비즈십자수 지니맘,지니맘 큐빅십자수  DIY: 8번 꽃사슴 (15cm 20cm)
3007859719,SELLBLOG,NORMAL,"두번째 주문이예요~~ 6,7세 딸들이 했는데 너무 좋아해요ㅎㅎ 할머니랑 삼촌 선물준다고 또 사달라해서 시켰어요^^ 코로나에 놀이도 한계가 있는데 이거 하며 노니까 시간 금방이네요~",2020-09-16T08:51:31.803+0000,STOREFARM,5,어린이 보석십자수 DIY 캐릭터 큐빅 비즈십자수 지니맘,지니맘 큐빅십자수  DIY: 3번 분홍사슴 (15cm 20cm)
3019234560,SELLBLOG,NORMAL,이뻐요 애가 좋아해요,2020-10-06T11:39:41.619+0000,STOREFARM,4,어린이 보석십자수 DIY 캐릭터 큐빅 비즈십자수 지니맘,지니맘 큐빅십자수  DIY: 1번 유니콘  (15cm 20cm)
3010607675,SELLBLOG,NORMAL,무사히 잘 받았어요.,2020-09-20T03:34:54.375+0000,STOREFARM,4,어린이 보석십자수 DIY 캐릭터 큐빅 비즈십자수 지니맘,지니맘 큐빅십자수  DIY: 13번 별유니콘 (15cm 20cm)
3010642977,SELLBLOG,NORMAL,저학년에게 알맞음.,2020-09-20T04:23:39.077+0000,STOREFARM,4,어린이 보석십자수 DIY 캐릭터 큐빅 비즈십자수 지니맘,지니맘 큐빅십자수  DIY: 9번 겨울사슴 (15cm 20cm)
2014122522,SELLBLOG,NORMAL,집중집중 ㅎㅎㅎ. 우와 신세계입니다. 산만하던 우리아이가 달라졌어요 대박사건입니다 평소 보석악세사리를 좋아하는데. 한꺼번에 우수수나오니 애가 정신을 못차리네요. 여아키우는집은 강추합니다,2020-08-24T00:55:44.000+0000,STOREFARM,5,어린이 보석십자수 DIY 캐릭터 큐빅 비즈십자수 지니맘,지니맘 큐빅십자수  DIY: 13번 별유니콘 (15cm 20cm)
3008831040,SELLBLOG,NORMAL,"아이가 좋아해여 몇일째 매일합니다
다만...도안이 끈적하게 붙이는거 되어있는데 이거 다음날할때는 그냥 둬야하는건지.ㅎㅎ 금방 끈적이가 사라질까 걱정이네요",2020-09-17T13:04:08.886+0000,STOREFARM,4,어린이 보석십자수 DIY 캐릭터 큐빅 비즈십자수 지니맘,지니맘 큐빅십자수  DIY: 16번 여우 (15cm 20cm)
2022469351,SELLBLOG,NORMAL,"문방구에서 작은거만하다가 큰거 하고있는데
너무잼있고 크네요",2020-09-04T00:31:02.000+0000,STOREFARM,5,어린이 보석십자수 DIY 캐릭터 큐빅 비즈십자수 지니맘,지니맘 큐빅십자수  DIY: 2번 보라유니콘  (15cm 20cm)
2017268589,SELLBLOG,NORMAL,비즈 크기 색깔이 다양해서 끝나면 완성도가 꽤 높을것 같아요~ 집에 있는 시간이 길어지고 아이랑 노는게 한계가있어서 구입했는데 일어나자마자 시작하네요,2020-08-28T01:50:03.000+0000,STOREFARM,5,어린이 보석십자수 DIY 캐릭터 큐빅 비즈십자수 지니맘,지니맘 큐빅십자수  DIY: 13번 별유니콘 (15cm 20cm)
3015233641,SELLBLOG,NORMAL,요즘 코로나때문에  어린이집도  못가고 티비휴대폰만  볼려고해서  아직해보지는 않았지만 기대되네요 ㅋ,2020-09-26T11:10:33.298+0000,STOREFARM,4,어린이 보석십자수 DIY 캐릭터 큐빅 비즈십자수 지니맘,지니맘 큐빅십자수  DIY: 17번 핑크유니콘  (15cm 20cm)
2022178749,SELLBLOG,NORMAL,아이가 작은건 해봤는데 큰거 하고 싶다해서 구매 했어요. 보석들이 다양해서 특이하니 이쁘네요,2020-09-03T11:24:26.000+0000,STOREFARM,5,어린이 보석십자수 DIY 캐릭터 큐빅 비즈십자수 지니맘,지니맘 큐빅십자수  DIY: 1번 유니콘  (15cm 20cm)
3011276248,SELLBLOG,NORMAL,집중되고 좋네요^^,2020-09-21T04:19:41.562+0000,STOREFARM,5,어린이 보석십자수 DIY 캐릭터 큐빅 비즈십자수 지니맘,지니맘 큐빅십자수  DIY: 1번 유니콘  (15cm 20cm)
3001402501,SELLBLOG,NORMAL,아이들이좋아해서 재구매 합니다^^포장은 꼼꼼히와요,2020-09-07T22:23:27.172+0000,STOREFARM,4,어린이 보석십자수 DIY 캐릭터 큐빅 비즈십자수 지니맘,지니맘 큐빅십자수  DIY: 9번 겨울사슴 (15cm 20cm)
3021528425,SELLBLOG,NORMAL,생각보다이뻐요.추천,2020-10-09T10:34:49.589+0000,STOREFARM,4,어린이 보석십자수 DIY 캐릭터 큐빅 비즈십자수 지니맘,지니맘 큐빅십자수  DIY: 14번 부엉이 (액자별매)
3004121413,SELLBLOG,NORMAL,집중하기 딱 좋네요  조용히.오래해서 좋아요^^,2020-09-11T04:52:20.529+0000,STOREFARM,4,어린이 보석십자수 DIY 캐릭터 큐빅 비즈십자수 지니맘,지니맘 큐빅십자수  DIY: 8번 꽃사슴 (15cm 20cm)
3000713655,SELLBLOG,NORMAL,아이들이 좋아하네요~주말 시간 보내기용으로 추천합니다.,2020-09-07T00:24:52.288+0000,STOREFARM,5,어린이 보석십자수 DIY 캐릭터 큐빅 비즈십자수 지니맘,지니맘 큐빅십자수  DIY: 17번 핑크유니콘  (15cm 20cm)
2018007806,SELLBLOG,NORMAL,배송이 이상하게 왔다갔다 하더니 역시나 너무 느리게 왔네요. 보통은 별 5개 주는데 배송때문에 안되겠습니다...그 외에는 예쁘게 포장되서 잘 오긴 왔네요,2020-08-29T01:08:27.000+0000,STOREFARM,4,어린이 보석십자수 DIY 캐릭터 큐빅 비즈십자수 지니맘,지니맘 큐빅십자수  DIY: 7번 소녀2  (15cm 20cm)
3006855511,SELLBLOG,NORMAL,포장 꼼꼼하게 잘 챙겨주셔서 감사합니다^^,2020-09-15T03:40:46.044+0000,STOREFARM,5,어린이 보석십자수 DIY 캐릭터 큐빅 비즈십자수 지니맘,지니맘 큐빅십자수  DIY: 6번 소녀1  (15cm 20cm)
3007038376,SELLBLOG,NORMAL,아이들이 시간가는줄 모르고 하네요.,2020-09-15T07:51:40.637+0000,STOREFARM,5,어린이 보석십자수 DIY 캐릭터 큐빅 비즈십자수 지니맘,지니맘 큐빅십자수  DIY: 7번 소녀2  (15cm 20cm)
3002847726,SELLBLOG,NORMAL,"집에만 있는 요즘 유용하네요.
재구매입니다.",2020-09-09T12:32:54.126+0000,STOREFARM,5,어린이 보석십자수 DIY 캐릭터 큐빅 비즈십자수 지니맘,지니맘 큐빅십자수  DIY: 19번 아이스크림 (15cm 20cm)
3005050632,SELLBLOG,NORMAL,"생각보다 좋네요.
번창하세요",2020-09-12T07:28:28.393+0000,STOREFARM,5,어린이 보석십자수 DIY 캐릭터 큐빅 비즈십자수 지니맘,지니맘 큐빅십자수  DIY: 6번 소녀1  (15cm 20cm)
3021752815,SELLBLOG,NORMAL,배송도 빠르고좋아요!!!,2020-10-10T00:55:03.684+0000,STOREFARM,4,어린이 보석십자수 DIY 캐릭터 큐빅 비즈십자수 지니맘,지니맘 큐빅십자수  DIY: 1번 유니콘  (액자별매)
2019219787,SELLBLOG,NORMAL,아이가 집에서 너무 재미있어해서 좋았어요.. 다만 재료가 많이 남는터라 도안을 좀 더 넣어주시고 가격을 조정하면 어떨까해요~,2020-08-30T13:29:25.000+0000,STOREFARM,4,어린이 보석십자수 DIY 캐릭터 큐빅 비즈십자수 지니맘,지니맘 큐빅십자수  DIY: 3번 분홍사슴 (15cm 20cm)
3020632337,SELLBLOG,AFTER_USE,아이들이 너무 좋아합니다~~,2020-10-08T06:30:13.226+0000,STOREFARM,5,어린이 보석십자수 DIY 캐릭터 큐빅 비즈십자수 지니맘,지니맘 큐빅십자수  DIY: 1번 유니콘  (15cm 20cm)
3001995768,SELLBLOG,NORMAL,"너무 예뻐요
아이가 좋아해요
코로나 시대에 똭~ 이예요",2020-09-08T11:50:07.131+0000,STOREFARM,5,어린이 보석십자수 DIY 캐릭터 큐빅 비즈십자수 지니맘,지니맘 큐빅십자수  DIY: 6번 소녀1  (15cm 20cm)
3020394574,SELLBLOG,NORMAL,아이들이 너무 좋아하네요^^,2020-10-08T01:11:22.798+0000,STOREFARM,5,어린이 보석십자수 DIY 캐릭터 큐빅 비즈십자수 지니맘,지니맘 큐빅십자수  DIY: 14번 부엉이 (액자별매)
2022139348,SELLBLOG,NORMAL,애들 완전 집중모드로 몇시간은 꼼짝도 않고 잘하네요. 재주문 바로 들어갑니다.,2020-09-03T10:35:51.000+0000,STOREFARM,5,어린이 보석십자수 DIY 캐릭터 큐빅 비즈십자수 지니맘,지니맘 큐빅십자수  DIY: 5번  반짝이 사슴 (15cm 20cm)
2017811370,SELLBLOG,NORMAL,아이가 넘 좋아해요.. 하루 종일 앉아서 이것만 하네요.. 공부할때도 이런 집중력을 발휘해주면 정말 좋을듯한데..ㅎㅎ  다 완성해놓으니 진짜 예쁘네요!!,2020-08-28T12:49:12.000+0000,STOREFARM,5,어린이 보석십자수 DIY 캐릭터 큐빅 비즈십자수 지니맘,지니맘 큐빅십자수  DIY: 13번 별유니콘 (15cm 20cm)
3014515357,SELLBLOG,NORMAL,"받자마자 2시간째 하고있어요ㅎ
아이도 정말 좋아하지만ㅎ
엄마가 너무너무 행복하네요♡ ㅋㅋ",2020-09-25T10:11:29.848+0000,STOREFARM,5,어린이 보석십자수 DIY 캐릭터 큐빅 비즈십자수 지니맘,지니맘 큐빅십자수  DIY: 6번 소녀1(액자 불포함)
3000838926,SELLBLOG,NORMAL,"아이가 하기 쉽고~  좋으네요.
다하고 나서 뿌듯해하니 더 좋아요",2020-09-07T02:39:19.161+0000,STOREFARM,5,어린이 보석십자수 DIY 캐릭터 큐빅 비즈십자수 지니맘,지니맘 큐빅십자수  DIY: 13번 별유니콘 (15cm 20cm)
3001023882,SELLBLOG,NORMAL,"눈이 아프고 목도 뻐근한데
애들이 쉴새없ㅇㅣ 하려고하네요 
아마 또 구매해샤할것같아요!!!ㅋㅋㅋ",2020-09-07T05:48:21.547+0000,STOREFARM,5,어린이 보석십자수 DIY 캐릭터 큐빅 비즈십자수 지니맘,지니맘 큐빅십자수  DIY: 9번 겨울사슴 (15cm 20cm)
2022485899,SELLBLOG,NORMAL,아이가 너무 좋아하내요...처음 하는거라 잘할지 걱정했는데 받자마자 후딱 해버렸어요^^,2020-09-04T00:53:36.000+0000,STOREFARM,5,어린이 보석십자수 DIY 캐릭터 큐빅 비즈십자수 지니맘,지니맘 큐빅십자수  DIY: 4번 홍학 (15cm 20cm)
3005321425,SELLBLOG,NORMAL,맘에들어요 너무너무이쁘고좋아요,2020-09-12T14:21:32.198+0000,STOREFARM,5,어린이 보석십자수 DIY 캐릭터 큐빅 비즈십자수 지니맘,지니맘 큐빅십자수  DIY: 1번 유니콘  (15cm 20cm)
3016418546,SELLBLOG,NORMAL,"아이가 너무 좋아하네요~^^
이쁘게 잘 완성시켜야될텐데ㅋ.ㅋ",2020-09-28T09:29:00.193+0000,STOREFARM,5,어린이 보석십자수 DIY 캐릭터 큐빅 비즈십자수 지니맘,지니맘 큐빅십자수  DIY: 8번 꽃사슴 (15cm 20cm)
2022261556,SELLBLOG,NORMAL,금욜 주문해서 수욜 받았어요 배송이느려 별하나 뺍니다 8세 아이는 너무 좋아해요,2020-09-03T13:03:38.000+0000,STOREFARM,4,어린이 보석십자수 DIY 캐릭터 큐빅 비즈십자수 지니맘,지니맘 큐빅십자수  DIY: 3번 분홍사슴 (15cm 20cm)
3017423497,SELLBLOG,AFTER_USE,예뻐요. 깜찍해요. 완성후 아이가 뿌듯해해요,2020-10-01T02:01:44.276+0000,STOREFARM,5,어린이 보석십자수 DIY 캐릭터 큐빅 비즈십자수 지니맘,지니맘 큐빅십자수  DIY: 14번 부엉이 (15cm 20cm)
3019556549,SELLBLOG,NORMAL,아이들이 정말좋아해요,2020-10-07T01:00:30.033+0000,STOREFARM,5,어린이 보석십자수 DIY 캐릭터 큐빅 비즈십자수 지니맘,지니맘 큐빅십자수  DIY: 1번 유니콘  (액자별매)
3006513338,SELLBLOG,AFTER_USE,이뻐요 액자 필수네요,2020-09-14T11:05:47.550+0000,STOREFARM,5,어린이 보석십자수 DIY 캐릭터 큐빅 비즈십자수 지니맘,지니맘 큐빅십자수  DIY: 14번 부엉이 (15cm 20cm)
2019514748,SELLBLOG,NORMAL,아이가 재미있어 해요 엄마가 같이 하기도 재미있고요 재구매했습니다 가격만 좀 쎄일하면 많이 살텐데 아쉽네요,2020-08-31T03:29:34.000+0000,STOREFARM,4,어린이 보석십자수 DIY 캐릭터 큐빅 비즈십자수 지니맘,지니맘 큐빅십자수  DIY: 13번 별유니콘 (15cm 20cm)
3003549819,SELLBLOG,NORMAL,"아들딸 둘이 열심히 하더라구요
재밌어요",2020-09-10T10:28:46.123+0000,STOREFARM,5,어린이 보석십자수 DIY 캐릭터 큐빅 비즈십자수 지니맘,지니맘 큐빅십자수  DIY: 17번 핑크유니콘  (15cm 20cm)
3016595713,SELLBLOG,NORMAL,"애들이 1개씩 완성해서 액자에 끼울려고 하니 코팅된 원본
사이즈가 더커요 ㅠㅠ",2020-09-28T19:04:29.724+0000,STOREFARM,5,어린이 보석십자수 DIY 캐릭터 큐빅 비즈십자수 지니맘,지니맘 큐빅십자수  DIY: 15번 사자(액자 불포함)
3020781971,SELLBLOG,NORMAL,"완전이쁘네요
생각보다 좋아요~~",2020-10-08T09:51:11.143+0000,STOREFARM,5,어린이 보석십자수 DIY 캐릭터 큐빅 비즈십자수 지니맘,지니맘 큐빅십자수  DIY: 9번 겨울사슴 (액자별매)
3004120642,SELLBLOG,NORMAL,아이가 좋아하네요  만드니 이뻐요,2020-09-11T04:51:37.334+0000,STOREFARM,4,어린이 보석십자수 DIY 캐릭터 큐빅 비즈십자수 지니맘,지니맘 큐빅십자수  DIY: 1번 유니콘  (15cm 20cm)
3006140006,SELLBLOG,NORMAL,포장이 꼼꼼하게 잘되어서 왔어요,2020-09-14T02:03:08.792+0000,STOREFARM,4,어린이 보석십자수 DIY 캐릭터 큐빅 비즈십자수 지니맘,지니맘 큐빅십자수  DIY: 20번 아기유니콘 (15cm 20cm)
2018875302,SELLBLOG,NORMAL,엄청 재미있대요 시간도 잘 가네요 유치원 안 가서 심심한데 잘 샀어요ㅎ,2020-08-30T03:51:06.000+0000,STOREFARM,5,어린이 보석십자수 DIY 캐릭터 큐빅 비즈십자수 지니맘,지니맘 큐빅십자수  DIY: 9번 겨울사슴 (15cm 20cm)
2019755920,SELLBLOG,NORMAL,"각 번호대로 잘 담겨져있고 아이가 혼자서 집중하며 시간을 보낼 수있어 좋았습니다.
하루동안 다 끝내고 싶어해서 같이 하느라 조금 힘들었어요",2020-08-31T08:45:24.000+0000,STOREFARM,5,어린이 보석십자수 DIY 캐릭터 큐빅 비즈십자수 지니맘,지니맘 큐빅십자수  DIY: 9번 겨울사슴 (15cm 20cm)
3019473561,SELLBLOG,AFTER_USE,보석이 블링블링해서 좋았어요,2020-10-06T21:01:38.513+0000,STOREFARM,5,어린이 보석십자수 DIY 캐릭터 큐빅 비즈십자수 지니맘,지니맘 큐빅십자수  DIY: 3번 분홍사슴 (15cm 20cm)
3019499283,SELLBLOG,NORMAL,아이가 너무 좋아해요,2020-10-06T23:07:12.879+0000,STOREFARM,5,어린이 보석십자수 DIY 캐릭터 큐빅 비즈십자수 지니맘,지니맘 큐빅십자수  DIY: 8번 꽃사슴 (액자별매)
3019499182,SELLBLOG,NORMAL,아이가 너무 좋아해요,2020-10-06T23:06:57.179+0000,STOREFARM,5,어린이 보석십자수 DIY 캐릭터 큐빅 비즈십자수 지니맘,지니맘 큐빅십자수  DIY: 13번 별유니콘 (액자별매)
2018019895,SELLBLOG,NORMAL,"아이가 엄청 잼있어하네요
거의 하루만에 뚝딱.
집중력 최고에요 시간보내기 짱입니다
저도 해보니 잼있드라구요
재주문 각입니다",2020-08-29T01:24:29.000+0000,STOREFARM,5,어린이 보석십자수 DIY 캐릭터 큐빅 비즈십자수 지니맘,지니맘 큐빅십자수  DIY: 1번 유니콘  (15cm 20cm)
3004942113,SELLBLOG,NORMAL,너무이뻐요~ 아껴서 하고 있어요~,2020-09-12T05:19:59.790+0000,STOREFARM,3,어린이 보석십자수 DIY 캐릭터 큐빅 비즈십자수 지니맘,지니맘 큐빅십자수  DIY: 19번 아이스크림 (15cm 20cm)
2019205055,SELLBLOG,NORMAL,"코로나로 넘 심심해 하는 울딸 시간도 잘가고 잼있다고 엄청 좋아해요~~
재구매 했어요ㅋ 완성시키니 너무 이뻐요",2020-08-30T13:04:08.000+0000,STOREFARM,5,어린이 보석십자수 DIY 캐릭터 큐빅 비즈십자수 지니맘,지니맘 큐빅십자수  DIY: 3번 분홍사슴 (15cm 20cm)
2019204885,SELLBLOG,NORMAL,"코로나로 넘 심심해 하는 울딸 시간도 잘가고 잼있다고 엄청 좋아해요~~
재구매 했어요ㅋ 완성시키니 너무 이뻐요",2020-08-30T13:03:51.000+0000,STOREFARM,5,어린이 보석십자수 DIY 캐릭터 큐빅 비즈십자수 지니맘,지니맘 큐빅십자수  DIY: 1번 유니콘  (15cm 20cm)
2019204720,SELLBLOG,NORMAL,"코로나로 넘 심심해 하는 울딸 시간도 잘가고 잼있다고 엄청 좋아해요~~
재구매 했어요ㅋ 완성시키니 너무 이뻐요",2020-08-30T13:03:33.000+0000,STOREFARM,5,어린이 보석십자수 DIY 캐릭터 큐빅 비즈십자수 지니맘,지니맘 큐빅십자수  DIY: 14번 부엉이 (15cm 20cm)
3005303133,SELLBLOG,NORMAL,넘이뻐요 집이 화사해요,2020-09-12T13:50:20.480+0000,STOREFARM,5,어린이 보석십자수 DIY 캐릭터 큐빅 비즈십자수 지니맘,지니맘 큐빅십자수  DIY: 19번 아이스크림 (15cm 20cm)
2018875809,SELLBLOG,NORMAL,유치원 안 가서 심심한데 엄청 재미있게 해요 시간도 잘가요^_^,2020-08-30T03:51:50.000+0000,STOREFARM,5,어린이 보석십자수 DIY 캐릭터 큐빅 비즈십자수 지니맘,지니맘 큐빅십자수  DIY: 2번 보라유니콘  (15cm 20cm)
3008872381,SELLBLOG,NORMAL,애들이 너무 좋아해요~~~,2020-09-17T13:59:13.471+0000,STOREFARM,5,어린이 보석십자수 DIY 캐릭터 큐빅 비즈십자수 지니맘,지니맘 큐빅십자수  DIY: 13번 별유니콘 (15cm 20cm)
3015016861,SELLBLOG,NORMAL,아이들이 넘 좋아합니다. 게임 하는시간이 줄었어요 ~ 반짝 반짝 고급져요.,2020-09-26T05:42:58.076+0000,STOREFARM,5,어린이 보석십자수 DIY 캐릭터 큐빅 비즈십자수 지니맘,지니맘 큐빅십자수  DIY: 1번 유니콘  (15cm 20cm)
3005303618,SELLBLOG,NORMAL,이뻐요 가격안아까워요,2020-09-12T13:51:09.234+0000,STOREFARM,5,어린이 보석십자수 DIY 캐릭터 큐빅 비즈십자수 지니맘,지니맘 큐빅십자수  DIY: 1번 유니콘  (15cm 20cm)
3017393694,SELLBLOG,NORMAL,배송이 늦은 것 빼고는 구성품도 알차고 좋아요,2020-10-01T00:39:42.234+0000,STOREFARM,5,어린이 보석십자수 DIY 캐릭터 큐빅 비즈십자수 지니맘,지니맘 큐빅십자수  DIY: 14번 부엉이(액자 불포함)
3013323752,SELLBLOG,NORMAL,"아이가 집중해서 몇시간이나 앉아있어요 ㅎㅎ
헨드폰 덜 보라고 구매했어요",2020-09-24T01:00:07.593+0000,STOREFARM,5,어린이 보석십자수 DIY 캐릭터 큐빅 비즈십자수 지니맘,지니맘 큐빅십자수  DIY: 12번 돌고래 (15cm 20cm)
2019428888,SELLBLOG,NORMAL,진짜 중독성 있네요~~목은 뻐근한데..자꾸 생각나는ㅋㅋㅋ아이들 처음엔 힘들어하다가 완성까지했어요~~^^,2020-08-31T01:47:37.000+0000,STOREFARM,5,어린이 보석십자수 DIY 캐릭터 큐빅 비즈십자수 지니맘,지니맘 큐빅십자수  DIY: 20번 아기유니콘 (15cm 20cm)
2018915711,SELLBLOG,NORMAL,딸아이것만 샀었는데 아들도 한번해보고싶다해서 재주문했어요. 재밌어하네요. 끝내고 또 주문할듯요~,2020-08-30T04:44:53.000+0000,STOREFARM,5,어린이 보석십자수 DIY 캐릭터 큐빅 비즈십자수 지니맘,지니맘 큐빅십자수  DIY: 9번 겨울사슴 (15cm 20cm)
2017414787,SELLBLOG,NORMAL,"포장도 꼼꼼하고 아이들이 좋아할것같아요 
구매하고 싶은거 품절되서 못샀는데 다시 구매 가능해서 언능 주문했네요 가격도 착해요",2020-08-28T04:37:28.000+0000,STOREFARM,5,어린이 보석십자수 DIY 캐릭터 큐빅 비즈십자수 지니맘,지니맘 큐빅십자수  DIY: 12번 돌고래 (15cm 20cm)
2017413563,SELLBLOG,NORMAL,"포장도 꼼꼼하고 아이들이 좋아할것같아요 
구매하고 싶은거 품절되서 못샀는데 다시 구매 가능해서 언능 주문했네요 가격도 착해요",2020-08-28T04:36:13.000+0000,STOREFARM,5,어린이 보석십자수 DIY 캐릭터 큐빅 비즈십자수 지니맘,지니맘 큐빅십자수  DIY: 3번 분홍사슴 (15cm 20cm)
2017413217,SELLBLOG,NORMAL,"포장도 꼼꼼하고 아이들이 좋아할것같아요 
구매하고 싶은거 품절되서 못샀는데 다시 구매 가능해서 언능 주문했네요 가격도 착해요",2020-08-28T04:35:49.000+0000,STOREFARM,5,어린이 보석십자수 DIY 캐릭터 큐빅 비즈십자수 지니맘,지니맘 큐빅십자수  DIY: 20번 아기유니콘 (15cm 20cm)
3009078408,SELLBLOG,NORMAL,"잘 받았어요^^
요즘 집에 있는 초등 딸들을 위해서 주문한건데 받자마자 열심히 하고 있어요.
생각보다 금방 끝낼것 같아요^^",2020-09-18T01:34:58.168+0000,STOREFARM,5,어린이 보석십자수 DIY 캐릭터 큐빅 비즈십자수 지니맘,지니맘 큐빅십자수  DIY: 12번 돌고래 (15cm 20cm)
2019386745,SELLBLOG,NORMAL,처음하는데 8살아이가 너무 좋아해요~ 다만 큐빅이 빤짝거려서 눈이아프긴 하지만 완성하고 보면 너무 이쁩니당~^^,2020-08-31T00:57:10.000+0000,STOREFARM,5,어린이 보석십자수 DIY 캐릭터 큐빅 비즈십자수 지니맘,지니맘 큐빅십자수  DIY: 13번 별유니콘 (15cm 20cm)
3016860891,SELLBLOG,NORMAL,아이가 또 사달래서 재구매합니다 시간보내기 너무 좋네요,2020-09-29T06:06:24.977+0000,STOREFARM,5,어린이 보석십자수 DIY 캐릭터 큐빅 비즈십자수 지니맘,지니맘 큐빅십자수  DIY: 6번 소녀1(액자 불포함)
3015220976,SELLBLOG,NORMAL,요즘  코로나때문에 애들이 계속티비만보고해서  이제품을 샀는데   완전 기대되네요ㅋ,2020-09-26T10:49:34.221+0000,STOREFARM,4,어린이 보석십자수 DIY 캐릭터 큐빅 비즈십자수 지니맘,지니맘 큐빅십자수  DIY: 7번 소녀2  (15cm 20cm)
3017808459,SELLBLOG,NORMAL,실물이 훨씬이뿌고 아이가 너무 좋아합니다~♡,2020-10-02T09:27:37.755+0000,STOREFARM,5,어린이 보석십자수 DIY 캐릭터 큐빅 비즈십자수 지니맘,지니맘 큐빅십자수  DIY: 1번 유니콘  (15cm 20cm)
3017823574,SELLBLOG,AFTER_USE,친구생일선물로 줬는데  너무 좋아해요,2020-10-02T10:43:58.085+0000,STOREFARM,5,어린이 보석십자수 DIY 캐릭터 큐빅 비즈십자수 지니맘,지니맘 큐빅십자수  DIY: 12번 돌고래 (15cm 20cm)
3017654374,SELLBLOG,NORMAL,명절때 애들이 모여서하니 너무조용하네요ㅋㅋ,2020-10-02T01:09:31.850+0000,STOREFARM,5,어린이 보석십자수 DIY 캐릭터 큐빅 비즈십자수 지니맘,지니맘 큐빅십자수  DIY: 17번 핑크유니콘(액자 불포함)
3010401786,SELLBLOG,NORMAL,재밋고 이뻐요~~~,2020-09-19T15:43:56.682+0000,STOREFARM,4,어린이 보석십자수 DIY 캐릭터 큐빅 비즈십자수 지니맘,지니맘 큐빅십자수  DIY: 12번 돌고래 (15cm 20cm)
3014516128,SELLBLOG,NORMAL,"아이가 열심히 하고있어요2시간째ㅋㅋ 
 엄마가 시간이 나네요ㅋㅋ
커피 타임입니닷♡",2020-09-25T10:12:48.806+0000,STOREFARM,5,어린이 보석십자수 DIY 캐릭터 큐빅 비즈십자수 지니맘,지니맘 큐빅십자수  DIY: 1번 유니콘  (액자 불포함)
3013482658,SELLBLOG,NORMAL,"코로나 시대에 집콕하며
매일 이거 하네요 세번째
주문입니다",2020-09-24T04:30:06.758+0000,STOREFARM,5,어린이 보석십자수 DIY 캐릭터 큐빅 비즈십자수 지니맘,지니맘 큐빅십자수  DIY: 14번 부엉이 (15cm 20cm)
3005948455,SELLBLOG,NORMAL,아이가 너무너무 만족하며 좋아하네여,2020-09-13T14:54:47.565+0000,STOREFARM,4,어린이 보석십자수 DIY 캐릭터 큐빅 비즈십자수 지니맘,지니맘 큐빅십자수  DIY: 6번 소녀1  (15cm 20cm)
3001861462,SELLBLOG,NORMAL,두번째 구매했어요.아이들이 좋아해요,2020-09-08T09:09:50.018+0000,STOREFARM,5,어린이 보석십자수 DIY 캐릭터 큐빅 비즈십자수 지니맘,지니맘 큐빅십자수  DIY: 9번 겨울사슴 (15cm 20cm)
2023721130,SELLBLOG,NORMAL,"5살아이도 잘합니다^^ 
기호를 그림삼아 보고 착착 붙여요~",2020-09-05T08:55:45.000+0000,STOREFARM,5,어린이 보석십자수 DIY 캐릭터 큐빅 비즈십자수 지니맘,지니맘 큐빅십자수  DIY: 1번 유니콘  (15cm 20cm)
3017905855,SELLBLOG,NORMAL,너무 이쁘고 재구매 의사도 있답니다,2020-10-02T18:46:57.195+0000,STOREFARM,5,어린이 보석십자수 DIY 캐릭터 큐빅 비즈십자수 지니맘,지니맘 큐빅십자수  DIY: 20번 아기유니콘(액자 불포함)
3017905849,SELLBLOG,NORMAL,너무 이쁘고 재구매 의사도 있답니다,2020-10-02T18:46:47.574+0000,STOREFARM,5,어린이 보석십자수 DIY 캐릭터 큐빅 비즈십자수 지니맘,지니맘 큐빅십자수  DIY: 1번 유니콘  (액자 불포함)
3017905841,SELLBLOG,NORMAL,너무 이쁘고 재구매 의사도 있답니다,2020-10-02T18:46:35.145+0000,STOREFARM,5,어린이 보석십자수 DIY 캐릭터 큐빅 비즈십자수 지니맘,지니맘 큐빅십자수  DIY: 8번 꽃사슴(액자 불포함)
3017278975,SELLBLOG,AFTER_USE,코로나로 집콕하면서 아이들이 잘가지고 노네요,2020-09-30T10:04:24.607+0000,STOREFARM,5,어린이 보석십자수 DIY 캐릭터 큐빅 비즈십자수 지니맘,지니맘 큐빅십자수  DIY: 13번 별유니콘 (15cm 20cm)
3017278919,SELLBLOG,AFTER_USE,코로나로 집콕하면서 아이들이 잘가지고 노네요,2020-09-30T10:04:04.945+0000,STOREFARM,5,어린이 보석십자수 DIY 캐릭터 큐빅 비즈십자수 지니맘,지니맘 큐빅십자수  DIY: 14번 부엉이 (15cm 20cm)
3017278875,SELLBLOG,AFTER_USE,코로나로 집콕하면서 아이들이 잘가지고 노네요,2020-09-30T10:03:52.199+0000,STOREFARM,5,어린이 보석십자수 DIY 캐릭터 큐빅 비즈십자수 지니맘,지니맘 큐빅십자수  DIY: 15번 사자 (15cm 20cm)
2016845574,SELLBLOG,AFTER_USE,"코로나로 집콕하는 요즘 
아이 하라고 사준건데
제가 다 해버렸....ㅋㅋ
재밌더라구요~
큐빅이 색상마다 여유있게 더 들어있습니다.",2020-08-27T09:33:59.000+0000,STOREFARM,5,어린이 보석십자수 DIY 캐릭터 큐빅 비즈십자수 지니맘,지니맘 큐빅십자수  DIY: 1번 유니콘  (15cm 20cm)
3013826697,SELLBLOG,AFTER_USE,"배송이 좀 늦은 것 빼고는 좋아요...
큐빅들  보관하기는 포장이 좀 불편하긴 합니다...ㅎㅎ",2020-09-24T12:08:58.505+0000,STOREFARM,4,어린이 보석십자수 DIY 캐릭터 큐빅 비즈십자수 지니맘,지니맘 큐빅십자수  DIY: 1번 유니콘  (15cm 20cm)
2020429593,SELLBLOG,NORMAL,"아이들이 매우좋아해요
저도 너무 재밌네요 보석도 반짝거리고 촘촘하고 다른것도 사고싶어요~",2020-09-01T09:05:52.000+0000,STOREFARM,5,어린이 보석십자수 DIY 캐릭터 큐빅 비즈십자수 지니맘,지니맘 큐빅십자수  DIY: 13번 별유니콘 (15cm 20cm)
3003713851,SELLBLOG,NORMAL,집콕에 딱입니다  아이와 즐겁게하고있어요,2020-09-10T13:57:38.157+0000,STOREFARM,5,어린이 보석십자수 DIY 캐릭터 큐빅 비즈십자수 지니맘,지니맘 큐빅십자수  DIY: 15번 사자 (15cm 20cm)
2019537598,SELLBLOG,NORMAL,"아이들이 하고싶다고해서 구매했어요
오자마자 하루만에 클리어~~
남은 큐빅 손톱에 붙이고 노네요 ㅎ",2020-08-31T03:56:33.000+0000,STOREFARM,5,어린이 보석십자수 DIY 캐릭터 큐빅 비즈십자수 지니맘,지니맘 큐빅십자수  DIY: 1번 유니콘  (15cm 20cm)
3015769422,SELLBLOG,NORMAL,작지만...맘에들어요  애들  집중력 항상에도  좋네요!!,2020-09-27T09:02:28.565+0000,STOREFARM,5,어린이 보석십자수 DIY 캐릭터 큐빅 비즈십자수 지니맘,지니맘 큐빅십자수  DIY: 1번 유니콘  (15cm 20cm)
3016747036,SELLBLOG,NORMAL,또 주문할게요~ 새로운 디자인 기다릴게요~,2020-09-29T03:08:44.342+0000,STOREFARM,5,어린이 보석십자수 DIY 캐릭터 큐빅 비즈십자수 지니맘,지니맘 큐빅십자수  DIY: 1번 유니콘  (액자 불포함)
3018593184,SELLBLOG,AFTER_USE,불량 큐빅이 꽤 있네요,2020-10-05T06:56:38.778+0000,STOREFARM,3,어린이 보석십자수 DIY 캐릭터 큐빅 비즈십자수 지니맘,지니맘 큐빅십자수  DIY: 1번 유니콘  (15cm 20cm)
2017428607,SELLBLOG,NORMAL,"초1아이하기에 좋습니다
붙이는곳이 넘작지않아 좋네요.
색구별잘되었고. 선명하니 만족합니다

품절상품 풀렸으면 좋겠네요",2020-08-28T04:51:44.000+0000,STOREFARM,5,어린이 보석십자수 DIY 캐릭터 큐빅 비즈십자수 지니맘,지니맘 큐빅십자수  DIY: 2번 보라유니콘  (15cm 20cm)
2018542941,SELLBLOG,NORMAL,"배송도 빠르고
아이가 좋아하네요
집중력4시간 성공ㅋ",2020-08-29T11:54:20.000+0000,STOREFARM,4,어린이 보석십자수 DIY 캐릭터 큐빅 비즈십자수 지니맘,지니맘 큐빅십자수  DIY: 13번 별유니콘 (15cm 20cm)
2001898194,SELLBLOG,NORMAL,"도안이 너무나 예쁘고 8살 딸아이가  재미있어해요.이틀만에 하나  완성해서 엄마도 생일선물을 받았네요.ㅎㅎㅎ
6살아들은 언제 완성하려나요.완성하긴할까요",2020-08-04T01:36:09.000+0000,STOREFARM,5,어린이 보석십자수 DIY 캐릭터 큐빅 비즈십자수 지니맘,지니맘 큐빅십자수  DIY: 1번 유니콘  (15cm 20cm)
2020151214,SELLBLOG,NORMAL,"반짝반짝하니 애들이 더 좋아해요
그런데 너무 금방할거같아요
가격이 좀 비싼느낌",2020-09-01T03:19:53.000+0000,STOREFARM,4,어린이 보석십자수 DIY 캐릭터 큐빅 비즈십자수 지니맘,지니맘 큐빅십자수  DIY: 7번 소녀2  (15cm 20cm)
3007495450,SELLBLOG,NORMAL,아이가 좋아라 합니다~~,2020-09-16T00:24:35.166+0000,STOREFARM,5,어린이 보석십자수 DIY 캐릭터 큐빅 비즈십자수 지니맘,지니맘 큐빅십자수  DIY: 1번 유니콘  (15cm 20cm)
3000245798,SELLBLOG,NORMAL,"아이가 너무 좋아하네요
가정보육중 굿 아이템~~^^",2020-09-06T04:44:26.966+0000,STOREFARM,3,어린이 보석십자수 DIY 캐릭터 큐빅 비즈십자수 지니맘,지니맘 큐빅십자수  DIY: 2번 보라유니콘  (15cm 20cm)
3000245492,SELLBLOG,NORMAL,"아이가 너무 좋아하네요
가정보육중 굿 아이템~~^^",2020-09-06T04:44:00.706+0000,STOREFARM,4,어린이 보석십자수 DIY 캐릭터 큐빅 비즈십자수 지니맘,지니맘 큐빅십자수  DIY: 8번 꽃사슴 (15cm 20cm)
3000173676,SELLBLOG,NORMAL,"집콕생활하기 딱 좋은아이템이예요
몇시간 후딱~가네요
담엔 더 큰그림 도전!!!",2020-09-06T03:18:28.653+0000,STOREFARM,5,어린이 보석십자수 DIY 캐릭터 큐빅 비즈십자수 지니맘,지니맘 큐빅십자수  DIY: 1번 유니콘  (15cm 20cm)
2020543102,SELLBLOG,NORMAL,8세 여자아이와 집에서 같이하기 좋아요~하면서 연신 예쁘다고 감탄합니다^^,2020-09-01T11:27:23.000+0000,STOREFARM,5,어린이 보석십자수 DIY 캐릭터 큐빅 비즈십자수 지니맘,지니맘 큐빅십자수  DIY: 13번 별유니콘 (15cm 20cm)
2020542067,SELLBLOG,NORMAL,8세 여자아이와 집에서 같이하기 좋아요~하면서 연신 예쁘다고 감탄합니다^^,2020-09-01T11:26:12.000+0000,STOREFARM,5,어린이 보석십자수 DIY 캐릭터 큐빅 비즈십자수 지니맘,지니맘 큐빅십자수  DIY: 11번 클로버 (15cm 20cm)
3003886814,SELLBLOG,NORMAL,"그림은 넘 이쁜데
액자가 없는 세트였군요ㅠ",2020-09-11T00:45:59.569+0000,STOREFARM,3,어린이 보석십자수 DIY 캐릭터 큐빅 비즈십자수 지니맘,지니맘 큐빅십자수  DIY: 1번 유니콘  (15cm 20cm)
2018914959,SELLBLOG,NORMAL,"딸아이가 엄청 좋아하네요
액자에 금이 간것도 재주문때 다시 보내주시고 감사합니다.",2020-08-30T04:43:48.000+0000,STOREFARM,5,어린이 보석십자수 DIY 캐릭터 큐빅 비즈십자수 지니맘,지니맘 큐빅십자수  DIY: 1번 유니콘  (15cm 20cm)
2018620541,SELLBLOG,NORMAL,"생각보다 훨씬 좋네요..
다만..   이 끈끈한게 오래 갈지가 모르겠네요..
어린 아이들은 하루에 다 못할듯 싶어요..",2020-08-29T14:01:03.000+0000,STOREFARM,4,어린이 보석십자수 DIY 캐릭터 큐빅 비즈십자수 지니맘,지니맘 큐빅십자수  DIY: 19번 아이스크림 (15cm 20cm)
3017222418,SELLBLOG,NORMAL,빠른배송 으로 애들이 기다림없이 좋았네요,2020-09-30T06:16:28.826+0000,STOREFARM,5,어린이 보석십자수 DIY 캐릭터 큐빅 비즈십자수 지니맘,지니맘 큐빅십자수  DIY: 20번 아기유니콘 (15cm 20cm)
3000334495,SELLBLOG,NORMAL,아이가 너무 좋아해요. 큐빅이 너무 반짝거리고 이쁘네요.,2020-09-06T06:57:25.126+0000,STOREFARM,5,어린이 보석십자수 DIY 캐릭터 큐빅 비즈십자수 지니맘,지니맘 큐빅십자수  DIY: 12번 돌고래 (15cm 20cm)
3000334239,SELLBLOG,NORMAL,아이가 너무 좋아해요. 큐빅이 너무 반짝거리고 이쁘네요.,2020-09-06T06:57:03.130+0000,STOREFARM,5,어린이 보석십자수 DIY 캐릭터 큐빅 비즈십자수 지니맘,지니맘 큐빅십자수  DIY: 8번 꽃사슴 (15cm 20cm)
2017996728,SELLBLOG,NORMAL,"코로나 때문에 집에 있는 시간이 많아져 주말에 하려고  미리 구매해뒀다 이제 열어봤네요.
아이들이 좋아하면 좋겠어요.",2020-08-29T00:51:10.000+0000,STOREFARM,4,어린이 보석십자수 DIY 캐릭터 큐빅 비즈십자수 지니맘,지니맘 큐빅십자수  DIY: 1번 유니콘  (15cm 20cm)
2019429829,SELLBLOG,NORMAL,"오~~너무 예뻐요~^^
아이들도 너무 좋아하네요~~힘들어하긴했지만 반짝반짝 액자에 껴놓으니 뿌듯한가봐요~~",2020-08-31T01:48:48.000+0000,STOREFARM,5,어린이 보석십자수 DIY 캐릭터 큐빅 비즈십자수 지니맘,지니맘 큐빅십자수  DIY: 19번 아이스크림 (15cm 20cm)
3017393916,SELLBLOG,NORMAL,도안도 귀엽고 직접 해보니 재미있어요,2020-10-01T00:40:25.994+0000,STOREFARM,5,어린이 보석십자수 DIY 캐릭터 큐빅 비즈십자수 지니맘,지니맘 큐빅십자수  DIY: 9번 겨울사슴(액자 불포함)
3021529131,SELLBLOG,NORMAL,생각보디ㅡ 이뻐요.,2020-10-09T10:36:16.477+0000,STOREFARM,4,어린이 보석십자수 DIY 캐릭터 큐빅 비즈십자수 지니맘,지니맘 큐빅십자수  DIY: 13번 별유니콘 (액자별매)
2023839058,SELLBLOG,NORMAL,아이들이 좋아하네요~~ 액자까지 끼우니 너무 예뻐요,2020-09-05T11:53:43.000+0000,STOREFARM,5,어린이 보석십자수 DIY 캐릭터 큐빅 비즈십자수 지니맘,지니맘 큐빅십자수  DIY: 1번 유니콘  (15cm 20cm)
3009836276,SELLBLOG,NORMAL,"택배회사 파업으로 배송이 느렸어요 ㅠ ㅠ 
아직 해보진 않았지만 집에서 하기 좋을꺼같아 구매했어요",2020-09-19T01:34:06.416+0000,STOREFARM,5,어린이 보석십자수 DIY 캐릭터 큐빅 비즈십자수 지니맘,지니맘 큐빅십자수  DIY: 10번 안경토끼  (15cm 20cm)
3009836190,SELLBLOG,NORMAL,"택배회사 파업으로 배송이 느렸어요 ㅠ ㅠ 
아직 해보진 않았지만 집에서 하기 좋을꺼같아 구매했어요",2020-09-19T01:33:58.835+0000,STOREFARM,5,어린이 보석십자수 DIY 캐릭터 큐빅 비즈십자수 지니맘,지니맘 큐빅십자수  DIY: 16번 여우 (15cm 20cm)
3009836102,SELLBLOG,NORMAL,"택배회사 파업으로 배송이 느렸어요 ㅠ ㅠ 
아직 해보진 않았지만 집에서 하기 좋을꺼같아 구매했어요",2020-09-19T01:33:52.165+0000,STOREFARM,5,어린이 보석십자수 DIY 캐릭터 큐빅 비즈십자수 지니맘,지니맘 큐빅십자수  DIY: 17번 핑크유니콘  (15cm 20cm)
3009836015,SELLBLOG,NORMAL,"택배회사 파업으로 배송이 느렸어요 ㅠ ㅠ 
아직 해보진 않았지만 집에서 하기 좋을꺼같아 구매했어요",2020-09-19T01:33:46.218+0000,STOREFARM,5,어린이 보석십자수 DIY 캐릭터 큐빅 비즈십자수 지니맘,지니맘 큐빅십자수  DIY: 18번 파란사슴 (15cm 20cm)
3009835924,SELLBLOG,NORMAL,"택배회사 파업으로 배송이 느렸어요 ㅠ ㅠ 
아직 해보진 않았지만 집에서 하기 좋을꺼같아 구매했어요",2020-09-19T01:33:38.426+0000,STOREFARM,5,어린이 보석십자수 DIY 캐릭터 큐빅 비즈십자수 지니맘,지니맘 큐빅십자수  DIY: 20번 아기유니콘 (15cm 20cm)
3009835848,SELLBLOG,NORMAL,"택배회사 파업으로 배송이 느렸어요 ㅠ ㅠ 
아직 해보진 않았지만 집에서 하기 좋을꺼같아 구매했어요",2020-09-19T01:33:32.393+0000,STOREFARM,5,어린이 보석십자수 DIY 캐릭터 큐빅 비즈십자수 지니맘,지니맘 큐빅십자수  DIY: 8번 꽃사슴 (15cm 20cm)
3009835753,SELLBLOG,NORMAL,"택배회사 파업으로 배송이 느렸어요 ㅠ ㅠ 
아직 해보진 않았지만 집에서 하기 좋을꺼같아 구매했어요",2020-09-19T01:33:25.299+0000,STOREFARM,5,어린이 보석십자수 DIY 캐릭터 큐빅 비즈십자수 지니맘,지니맘 큐빅십자수  DIY: 12번 돌고래 (15cm 20cm)
3009835685,SELLBLOG,NORMAL,"택배회사 파업으로 배송이 느렸어요 ㅠ ㅠ 
아직 해보진 않았지만 집에서 하기 좋을꺼같아 구매했어요",2020-09-19T01:33:18.829+0000,STOREFARM,5,어린이 보석십자수 DIY 캐릭터 큐빅 비즈십자수 지니맘,지니맘 큐빅십자수  DIY: 13번 별유니콘 (15cm 20cm)
3009835597,SELLBLOG,NORMAL,"택배회사 파업으로 배송이 느렸어요 ㅠ ㅠ 
아직 해보진 않았지만 집에서 하기 좋을꺼같아 구매했어요",2020-09-19T01:33:12.280+0000,STOREFARM,5,어린이 보석십자수 DIY 캐릭터 큐빅 비즈십자수 지니맘,지니맘 큐빅십자수  DIY: 14번 부엉이 (15cm 20cm)
3009835490,SELLBLOG,NORMAL,"택배회사 파업으로 배송이 느렸어요 ㅠ ㅠ 
아직 해보진 않았지만 집에서 하기 좋을꺼같아 구매했어요",2020-09-19T01:33:02.858+0000,STOREFARM,5,어린이 보석십자수 DIY 캐릭터 큐빅 비즈십자수 지니맘,지니맘 큐빅십자수  DIY: 15번 사자 (15cm 20cm)
3009835423,SELLBLOG,NORMAL,"택배회사 파업으로 배송이 느렸어요 ㅠ ㅠ 
아직 해보진 않았지만 집에서 하기 좋을꺼같아 구매했어요",2020-09-19T01:32:55.740+0000,STOREFARM,5,어린이 보석십자수 DIY 캐릭터 큐빅 비즈십자수 지니맘,지니맘 큐빅십자수  DIY: 11번 클로버 (15cm 20cm)
2018497508,SELLBLOG,NORMAL,"배송은 조금 늦었지만 아이가너무 좋아해요
한번시작하면 끝날때까지 시간 모르고 집중하네요",2020-08-29T10:44:53.000+0000,STOREFARM,5,어린이 보석십자수 DIY 캐릭터 큐빅 비즈십자수 지니맘,지니맘 큐빅십자수  DIY: 16번 여우 (15cm 20cm)
3017688805,SELLBLOG,NORMAL,애들이 다 좋아해서 또 사달래요,2020-10-02T02:18:06.839+0000,STOREFARM,5,어린이 보석십자수 DIY 캐릭터 큐빅 비즈십자수 지니맘,지니맘 큐빅십자수  DIY: 3번 분홍사슴(액자 불포함)
2020636739,SELLBLOG,NORMAL,"밖에 나가지를 못해서 주문해 줬는데 집중해서 잘해요~
시간 떼우기엔 짱이네요^^",2020-09-01T13:12:54.000+0000,STOREFARM,5,어린이 보석십자수 DIY 캐릭터 큐빅 비즈십자수 지니맘,지니맘 큐빅십자수  DIY: 1번 유니콘  (15cm 20cm)
3000712689,SELLBLOG,NORMAL,아이들이 좋아해요~시간 보내기에 좋아요.,2020-09-07T00:23:43.091+0000,STOREFARM,5,어린이 보석십자수 DIY 캐릭터 큐빅 비즈십자수 지니맘,지니맘 큐빅십자수  DIY: 8번 꽃사슴 (15cm 20cm)
2011573253,SELLBLOG,NORMAL,"아이들이 너무 좋아해요~~
학교도 안가고 집에만 있어서 심심할까 구매했는데 너무 좋아하네요~~
다만 가격이 좀 ㅠㅠ 많이 사주고 싶은데 생각보다 비싸서 몇개 못 샀어요 ㅋㅋ
가격에 비해 아이들이 금방 하는 단점이 있어요 ㅋ",2020-08-20T09:14:48.000+0000,STOREFARM,5,어린이 보석십자수 DIY 캐릭터 큐빅 비즈십자수 지니맘,지니맘 큐빅십자수  DIY: 13번 별유니콘 (15cm 20cm)
3017654705,SELLBLOG,NORMAL,친척애들모여서하니 너무조용해요ㅋㅋ,2020-10-02T01:10:18.247+0000,STOREFARM,5,어린이 보석십자수 DIY 캐릭터 큐빅 비즈십자수 지니맘,지니맘 큐빅십자수  DIY: 1번 유니콘  (액자 불포함)
3017654662,SELLBLOG,NORMAL,친척애들모여서하니 너무조용해요ㅋㅋ,2020-10-02T01:10:12.156+0000,STOREFARM,5,어린이 보석십자수 DIY 캐릭터 큐빅 비즈십자수 지니맘,지니맘 큐빅십자수  DIY: 13번 별유니콘(액자 불포함)
3017654579,SELLBLOG,NORMAL,친척애들모여서하니 너무조용해요ㅋㅋ,2020-10-02T01:09:59.395+0000,STOREFARM,5,어린이 보석십자수 DIY 캐릭터 큐빅 비즈십자수 지니맘,지니맘 큐빅십자수  DIY: 20번 아기유니콘(액자 불포함)
2014637428,SELLBLOG,NORMAL,처음이라 작은거 했는데 쉽지는 않네요ㅎㅎ완성때쯤 익숙해 지더라구요.그래도 이거하는 동안 집중해서 좋았구요.다음에 더 어려운거 해봐야겠어요.,2020-08-24T13:01:25.000+0000,STOREFARM,5,어린이 보석십자수 DIY 캐릭터 큐빅 비즈십자수 지니맘,지니맘 큐빅십자수  DIY: 9번 겨울사슴 (15cm 20cm)
3012255240,SELLBLOG,NORMAL,"아이들 힐링활동으로 좋아해요 그림이 쨍하고 예뻐요
재구매합니다",2020-09-22T11:17:19.284+0000,STOREFARM,5,어린이 보석십자수 DIY 캐릭터 큐빅 비즈십자수 지니맘,지니맘 큐빅십자수  DIY: 12번 돌고래 (15cm 20cm)
2017005842,SELLBLOG,NORMAL,"딸아이가 너무 좋아하네요
시간가는줄 모르고 열심히 하네요",2020-08-27T12:57:16.000+0000,STOREFARM,5,어린이 보석십자수 DIY 캐릭터 큐빅 비즈십자수 지니맘,지니맘 큐빅십자수  DIY: 11번 클로버 (15cm 20cm)
2022160521,SELLBLOG,NORMAL,"아이들이 혼자서도 잘 할 수 있어요
생각보다 더 좋아하네요^^",2020-09-03T11:02:20.000+0000,STOREFARM,5,어린이 보석십자수 DIY 캐릭터 큐빅 비즈십자수 지니맘,지니맘 큐빅십자수  DIY: 8번 꽃사슴 (15cm 20cm)
2017998035,SELLBLOG,NORMAL,"포장도 꼼꼼하게 잘왔구요.
아이들이 집중해서 잼나게 했음 좋겠네요.
제가 해도 재미있을것 같아요.",2020-08-29T00:52:58.000+0000,STOREFARM,4,어린이 보석십자수 DIY 캐릭터 큐빅 비즈십자수 지니맘,지니맘 큐빅십자수  DIY: 20번 아기사슴 (15cm 20cm)
3017624290,SELLBLOG,NORMAL,"아이들이 하기에 좋아요
너무 깜찍하네요",2020-10-01T21:42:53.432+0000,STOREFARM,5,어린이 보석십자수 DIY 캐릭터 큐빅 비즈십자수 지니맘,지니맘 큐빅십자수  DIY: 10번 안경토끼  (15cm 20cm)
3001861906,SELLBLOG,NORMAL,맘에 들어요.두번째 구매했어요,2020-09-08T09:10:26.707+0000,STOREFARM,5,어린이 보석십자수 DIY 캐릭터 큐빅 비즈십자수 지니맘,지니맘 큐빅십자수  DIY: 1번 유니콘  (15cm 20cm)
3000858246,SELLBLOG,NORMAL,꼼꼼한 포장으로 보석십자수와 액자가 안전하게 왔어요,2020-09-07T02:59:14.033+0000,STOREFARM,4,어린이 보석십자수 DIY 캐릭터 큐빅 비즈십자수 지니맘,지니맘 큐빅십자수  DIY: 1번 유니콘  (15cm 20cm)
2022289597,SELLBLOG,NORMAL,"외부활동 못 하고,, 심심해 하는 아이를 위해 구매했어요. 중간 중간 저도 몇 개씩 붙여봤는데~~ 시간도둑입니다. 너무 쉽고 재밌어요.
비즈가 몇 개 불량이 있었지만 워낙 수량을 넉넉하게 보내주셔서 문제 없었어요.
다른 것도 하고 싶다고 해서 다른 디자인으로 재구매하고 배송 기다리는 중입니다.",2020-09-03T13:39:09.000+0000,STOREFARM,5,어린이 보석십자수 DIY 캐릭터 큐빅 비즈십자수 지니맘,지니맘 큐빅십자수  DIY: 1번 유니콘  (15cm 20cm)
3004514113,SELLBLOG,NORMAL,"보석들이 빠진거랑 뒤집어진것들이 여러개 발견되네요~ 그래도 양을 넉넉히 주셔서 이틀만에 부족함 없이 완성했네요
보석 골라네는거로 별하나 빼고 배송이 늦어 하나뺐습니다~",2020-09-11T12:36:01.496+0000,STOREFARM,3,어린이 보석십자수 DIY 캐릭터 큐빅 비즈십자수 지니맘,지니맘 큐빅십자수  DIY: 19번 아이스크림 (15cm 20cm)
2023467122,SELLBLOG,NORMAL,"집콕 생활 지겨워하는 딸래미 시간 보내기 좋아요ᆢ
집중력,  인내력이 쑥쑥 자라는것 같네요ᆢ",2020-09-05T04:12:20.000+0000,STOREFARM,5,어린이 보석십자수 DIY 캐릭터 큐빅 비즈십자수 지니맘,지니맘 큐빅십자수  DIY: 6번 소녀1  (15cm 20cm)
2023052894,SELLBLOG,NORMAL,"아이들이 너무 좋아해요ㅎㅎ
보석이 예뻐요~~^^
빠른 배송감사합니다",2020-09-04T11:38:48.000+0000,STOREFARM,5,어린이 보석십자수 DIY 캐릭터 큐빅 비즈십자수 지니맘,지니맘 큐빅십자수  DIY: 1번 유니콘  (15cm 20cm)
2023466025,SELLBLOG,NORMAL,"7세 아이 혼자 놀기 참 좋으네요ᆞ
여러가지 도안있었으면 좋겠어요ᆞ
재구매 의사 있습니다~",2020-09-05T04:11:06.000+0000,STOREFARM,5,어린이 보석십자수 DIY 캐릭터 큐빅 비즈십자수 지니맘,지니맘 큐빅십자수  DIY: 2번 보라유니콘  (15cm 20cm)
3002784331,SELLBLOG,NORMAL,조카들 선물용으로 보냈는데 좋아하네요,2020-09-09T11:22:33.216+0000,STOREFARM,5,어린이 보석십자수 DIY 캐릭터 큐빅 비즈십자수 지니맘,지니맘 큐빅십자수  DIY: 16번 여우 (15cm 20cm)
3000431638,SELLBLOG,NORMAL,예뻐요. 배경까지 보석이면 좋을 것 같아요.,2020-09-06T09:43:30.539+0000,STOREFARM,4,어린이 보석십자수 DIY 캐릭터 큐빅 비즈십자수 지니맘,지니맘 큐빅십자수  DIY: 1번 유니콘  (15cm 20cm)
2020173820,SELLBLOG,NORMAL,은근히 중독되네요. 7세 아이는 처음에 좀 시큰둥하다 어는새 재밌게하네요.,2020-09-01T03:52:13.000+0000,STOREFARM,5,어린이 보석십자수 DIY 캐릭터 큐빅 비즈십자수 지니맘,지니맘 큐빅십자수  DIY: 13번 별유니콘 (15cm 20cm)
3017688679,SELLBLOG,NORMAL,금방하네요.너무 예뻐요~~,2020-10-02T02:17:49.152+0000,STOREFARM,5,어린이 보석십자수 DIY 캐릭터 큐빅 비즈십자수 지니맘,지니맘 큐빅십자수  DIY: 20번 아기유니콘(액자 불포함)
2019665587,SELLBLOG,NORMAL,집중력 최고! 애들 주려고 삿다가 빠져들어 같이 신나게 큐빅붙이기 했네요~^^,2020-08-31T06:32:56.000+0000,STOREFARM,5,어린이 보석십자수 DIY 캐릭터 큐빅 비즈십자수 지니맘,지니맘 큐빅십자수  DIY: 20번 아기유니콘 (15cm 20cm)
2023052130,SELLBLOG,NORMAL,"집콕 중인 아이들에게 꼼지락거리며 놀라고 사줬어요
둘째도 집중해서 잘 하더라구요~~^^",2020-09-04T11:37:40.000+0000,STOREFARM,5,어린이 보석십자수 DIY 캐릭터 큐빅 비즈십자수 지니맘,지니맘 큐빅십자수  DIY: 3번 분홍사슴 (15cm 20cm)
2023719373,SELLBLOG,NORMAL,"반짝반짝 이쁨^^
더 큰것도 있으면 구매하고 싶어요~",2020-09-05T08:53:16.000+0000,STOREFARM,5,어린이 보석십자수 DIY 캐릭터 큐빅 비즈십자수 지니맘,지니맘 큐빅십자수  DIY: 6번 소녀1  (15cm 20cm)
3001621105,SELLBLOG,NORMAL,배송이 오래걸린것을 제외하고는 만족합니다,2020-09-08T04:14:30.887+0000,STOREFARM,4,어린이 보석십자수 DIY 캐릭터 큐빅 비즈십자수 지니맘,지니맘 큐빅십자수  DIY: 12번 돌고래 (15cm 20cm)
3001620731,SELLBLOG,NORMAL,배송이 오래걸린것을 제외하고는 만족합니다,2020-09-08T04:14:04.636+0000,STOREFARM,4,어린이 보석십자수 DIY 캐릭터 큐빅 비즈십자수 지니맘,지니맘 큐빅십자수  DIY: 19번 아이스크림 (15cm 20cm)
2018284405,SELLBLOG,NORMAL,"배송이 늦어요
같이 주문한건 하루만에 갔는데 지방으로 시킨건 ㅠㅠ 목빠지게 기다렸어요 아이가",2020-08-29T06:14:23.000+0000,STOREFARM,4,어린이 보석십자수 DIY 캐릭터 큐빅 비즈십자수 지니맘,지니맘 큐빅십자수  DIY: 6번 소녀1  (15cm 20cm)
3002848212,SELLBLOG,NORMAL,애들이 잘 가지고 놀아서 재구매했습니다.,2020-09-09T12:33:27.208+0000,STOREFARM,5,어린이 보석십자수 DIY 캐릭터 큐빅 비즈십자수 지니맘,지니맘 큐빅십자수  DIY: 17번 핑크유니콘  (15cm 20cm)
2022363678,SELLBLOG,NORMAL,예쁘고 쉽게 만들수있어 너무좋네요~~~아이들이너무좋아해요,2020-09-03T15:42:20.000+0000,STOREFARM,5,어린이 보석십자수 DIY 캐릭터 큐빅 비즈십자수 지니맘,지니맘 큐빅십자수  DIY: 13번 별유니콘 (15cm 20cm)
2022363579,SELLBLOG,NORMAL,예쁘고 쉽게 만들수있어 너무좋네요~~~아이들이너무좋아해요,2020-09-03T15:42:01.000+0000,STOREFARM,5,어린이 보석십자수 DIY 캐릭터 큐빅 비즈십자수 지니맘,지니맘 큐빅십자수  DIY: 3번 분홍사슴 (15cm 20cm)
2022363463,SELLBLOG,NORMAL,예쁘고 쉽게 만들수있어 너무좋네요~~~아이들이너무좋아해요,2020-09-03T15:41:42.000+0000,STOREFARM,5,어린이 보석십자수 DIY 캐릭터 큐빅 비즈십자수 지니맘,지니맘 큐빅십자수  DIY: 14번 부엉이 (15cm 20cm)
2019856510,SELLBLOG,NORMAL,"킬링타임으로 좋네요 아이들 소근육에 좋을거 같아요
배송도 빨랐어요",2020-08-31T12:05:19.000+0000,STOREFARM,4,어린이 보석십자수 DIY 캐릭터 큐빅 비즈십자수 지니맘,지니맘 큐빅십자수  DIY: 3번 분홍사슴 (15cm 20cm)
3009079277,SELLBLOG,NORMAL,"잘 받았습니다.
요즘 집에만 있어야 하는 초등 딸들의 시간때우기용으로 구매했어요.
예쁘고 좋아요^^",2020-09-18T01:36:04.341+0000,STOREFARM,5,어린이 보석십자수 DIY 캐릭터 큐빅 비즈십자수 지니맘,지니맘 큐빅십자수  DIY: 13번 별유니콘 (15cm 20cm)
2016241205,SELLBLOG,NORMAL,"아이들이랑 하려고시켰는데 온지 하루만에 하나 완성했어요
작은거라 금방하네요ㅋ 큰작품도 해보고싶네요",2020-08-26T13:39:24.000+0000,STOREFARM,5,어린이 보석십자수 DIY 캐릭터 큐빅 비즈십자수 지니맘,지니맘 큐빅십자수  DIY: 1번 유니콘  (15cm 20cm)
2021264898,SELLBLOG,NORMAL,"집콕하는아이랑 같이하려구 주문했어여.
재밌어했음 좋겠어여",2020-09-02T09:34:41.000+0000,STOREFARM,5,어린이 보석십자수 DIY 캐릭터 큐빅 비즈십자수 지니맘,지니맘 큐빅십자수  DIY: 14번 부엉이 (15cm 20cm)
2022545779,SELLBLOG,NORMAL,액자가 같이 오는 줄 알았는데 아니였네요 그래도 딸이 2일 동안 할 일이 생겨서 마음에 들어요,2020-09-04T02:02:41.000+0000,STOREFARM,4,어린이 보석십자수 DIY 캐릭터 큐빅 비즈십자수 지니맘,지니맘 큐빅십자수  DIY: 1번 유니콘  (15cm 20cm)
3015512095,SELLBLOG,NORMAL,"우리 딸이 너무 좋아해요.
재밌게하네요",2020-09-27T02:06:40.127+0000,STOREFARM,5,어린이 보석십자수 DIY 캐릭터 큐빅 비즈십자수 지니맘,지니맘 큐빅십자수  DIY: 17번 핑크유니콘  (15cm 20cm)
3002606500,SELLBLOG,NORMAL,조카가 좋아해서 다른 거 또 주문합니다,2020-09-09T07:47:30.927+0000,STOREFARM,5,어린이 보석십자수 DIY 캐릭터 큐빅 비즈십자수 지니맘,지니맘 큐빅십자수  DIY: 6번 소녀1  (15cm 20cm)
3002437065,SELLBLOG,NORMAL,아이들이 하고 싶다고 해서 주문했어요,2020-09-09T04:14:42.954+0000,STOREFARM,4,어린이 보석십자수 DIY 캐릭터 큐빅 비즈십자수 지니맘,지니맘 큐빅십자수  DIY: 1번 유니콘  (15cm 20cm)
3001581491,SELLBLOG,NORMAL,그림도 이쁘고 아이들이 하기에 딱 좋았어요,2020-09-08T03:30:02.085+0000,STOREFARM,5,어린이 보석십자수 DIY 캐릭터 큐빅 비즈십자수 지니맘,지니맘 큐빅십자수  DIY: 1번 유니콘  (15cm 20cm)
3012384915,SELLBLOG,NORMAL,"아이가 좋아 해요
빨리 완성 하고 다른 작품도 도전  한다네요",2020-09-22T13:49:03.336+0000,STOREFARM,5,어린이 보석십자수 DIY 캐릭터 큐빅 비즈십자수 지니맘,지니맘 큐빅십자수  DIY: 4번 홍학 (15cm 20cm)
3000044676,SELLBLOG,NORMAL,7살 조카가 너무 좋아해요~!! 재미나게 잘했어요,2020-09-06T00:29:34.715+0000,STOREFARM,5,어린이 보석십자수 DIY 캐릭터 큐빅 비즈십자수 지니맘,지니맘 큐빅십자수  DIY: 8번 꽃사슴 (15cm 20cm)
2016240027,SELLBLOG,NORMAL,"오늘받았는데 애들이랑 금방 하나 완성했어요
하기도쉽고 이쁘네요~~요고 다하면 큰작품도 해보고싶네요",2020-08-26T13:37:52.000+0000,STOREFARM,5,어린이 보석십자수 DIY 캐릭터 큐빅 비즈십자수 지니맘,지니맘 큐빅십자수  DIY: 13번 별유니콘 (15cm 20cm)
3017514775,SELLBLOG,NORMAL,ㅠㅠ액자가 없었음 잘못보고 삿나봐요,2020-10-01T08:06:56.741+0000,STOREFARM,4,어린이 보석십자수 DIY 캐릭터 큐빅 비즈십자수 지니맘,지니맘 큐빅십자수  DIY: 1번 유니콘  (15cm 20cm)
2023534570,SELLBLOG,NORMAL,아이들이좋아해요.초 4학년이 하니까 3일정도했어요ㅎ,2020-09-05T05:22:04.000+0000,STOREFARM,4,어린이 보석십자수 DIY 캐릭터 큐빅 비즈십자수 지니맘,지니맘 큐빅십자수  DIY: 19번 아이스크림 (15cm 20cm)
3001416164,SELLBLOG,NORMAL,큐빅종류나 색깔등 예뻐서 아이가 좋아합니다,2020-09-07T23:28:42.294+0000,STOREFARM,5,어린이 보석십자수 DIY 캐릭터 큐빅 비즈십자수 지니맘,지니맘 큐빅십자수  DIY: 8번 꽃사슴 (15cm 20cm)
2008018754,SELLBLOG,NORMAL,"이거 너무재밌어요ㅋ
첨이라 작은걸로시작했는데 받자마자시작해서 시간가는줄모르고 했네요~ 
그리고 액자 꼭 같이구매하세요.
그림이 더 살아요~
또 구매해야겠어요...중독될듯^^",2020-08-13T16:08:09.000+0000,STOREFARM,5,어린이 보석십자수 DIY 캐릭터 큐빅 비즈십자수 지니맘,지니맘 큐빅십자수  DIY: 14번 부엉이 (15cm 20cm)
3009038836,SELLBLOG,NORMAL,"여자아이 생일선물용으로 구매했는데 종이백부터 엽서까지 한번에 구입해서 좋았어요
집콕하고 있는 우리 아이들에게 최고의 놀이 선물같아용^^",2020-09-18T00:46:27.815+0000,STOREFARM,5,어린이 보석십자수 DIY 캐릭터 큐빅 비즈십자수 지니맘,지니맘 큐빅십자수  DIY: 8번 꽃사슴 (15cm 20cm)
3004805299,SELLBLOG,NORMAL,간단히시작하기에조아요~,2020-09-12T02:45:24.262+0000,STOREFARM,5,어린이 보석십자수 DIY 캐릭터 큐빅 비즈십자수 지니맘,지니맘 큐빅십자수  DIY: 5번  반짝이 사슴 (15cm 20cm)
3015005006,SELLBLOG,NORMAL,"아이가엄청조아해요
대박에쇼",2020-09-26T05:28:11.004+0000,STOREFARM,5,어린이 보석십자수 DIY 캐릭터 큐빅 비즈십자수 지니맘,지니맘 큐빅십자수  DIY: 9번 겨울사슴 (15cm 20cm)
3033667715,SELLBLOG,NORMAL,좋아요좋아요좋아요좋아요좋아요좋아요,2020-10-26T03:14:49.527+0000,STOREFARM,5,어린이 보석십자수 DIY 캐릭터 큐빅 비즈 지니맘 kc인증,지니맘 큐빅십자수  DIY: 12번 돌고래 (액자별매)
3033667576,SELLBLOG,NORMAL,좋아요좋아요좋아요좋아요좋아요좋아요,2020-10-26T03:14:36.205+0000,STOREFARM,5,어린이 보석십자수 DIY 캐릭터 큐빅 비즈 지니맘 kc인증,지니맘 큐빅십자수  DIY: 17번 아기 유니콘 (액자별매)
2019746424,SELLBLOG,NORMAL,아이들이 너무 좋아해요~~ 이전에도 여러번 주문했어서 만족합니다.,2020-08-31T08:29:06.000+0000,STOREFARM,5,어린이 보석십자수 DIY 캐릭터 큐빅 비즈십자수 지니맘,지니맘 큐빅십자수  DIY: 10번 안경토끼  (15cm 20cm)
2019857851,SELLBLOG,NORMAL,완성하고도  이만큼이나 남네요. 도안만 따로 더 살수있었음 좋겠어요,2020-08-31T12:07:38.000+0000,STOREFARM,5,어린이 보석십자수 DIY 캐릭터 큐빅 비즈십자수 지니맘,지니맘 큐빅십자수  DIY: 8번 꽃사슴 (15cm 20cm)
2015744559,SELLBLOG,NORMAL,코로나로 종일 집에 있는 아이들 티비를 많이 봐서 샀어요. 생각보다 잘 앉아서 끈기있게 해내내요.  아이들이 좋아합니다.,2020-08-26T03:25:28.000+0000,STOREFARM,4,어린이 보석십자수 DIY 캐릭터 큐빅 비즈십자수 지니맘,지니맘 큐빅십자수  DIY: 13번 별유니콘 (15cm 20cm)
2018356917,SELLBLOG,NORMAL,"아이가너무좋아해요
받자마자신나게 했어요^^
완성도뚝딱하니성취도짱ㅎ
또주문하려합니다~",2020-08-29T07:33:18.000+0000,STOREFARM,4,어린이 보석십자수 DIY 캐릭터 큐빅 비즈십자수 지니맘,지니맘 큐빅십자수  DIY: 10번 안경토끼  (15cm 20cm)
2020509663,SELLBLOG,NORMAL,배송 빠르고 포장 깔끔해요. 5세 아이도 쉽게 잘 하고 재미있어해요.,2020-09-01T10:48:15.000+0000,STOREFARM,5,어린이 보석십자수 DIY 캐릭터 큐빅 비즈십자수 지니맘,지니맘 큐빅십자수  DIY: 18번 파란사슴 (15cm 20cm)
3002784843,SELLBLOG,NORMAL,조카들 주려고 주문했는데 좋아하네요 !,2020-09-09T11:23:05.563+0000,STOREFARM,5,어린이 보석십자수 DIY 캐릭터 큐빅 비즈십자수 지니맘,지니맘 큐빅십자수  DIY: 12번 돌고래 (15cm 20cm)
3017393992,SELLBLOG,NORMAL,조카들이 좋아해서 만족해요,2020-10-01T00:40:43.030+0000,STOREFARM,5,어린이 보석십자수 DIY 캐릭터 큐빅 비즈십자수 지니맘,지니맘 큐빅십자수  DIY: 17번 핑크유니콘(액자 불포함)
3017227695,SELLBLOG,NORMAL,"대만족이에요
밍한성조차이쁘다는",2020-09-30T06:33:48.910+0000,STOREFARM,5,어린이 보석십자수 DIY 캐릭터 큐빅 비즈십자수 지니맘,지니맘 큐빅십자수  DIY: 11번 클로버 (15cm 20cm)
2021568134,SELLBLOG,NORMAL,딸램이랑 하려고 주문했어요  우리딸 너무 잘하넹ᆢㄷ,2020-09-02T16:00:58.000+0000,STOREFARM,5,어린이 보석십자수 DIY 캐릭터 큐빅 비즈십자수 지니맘,지니맘 큐빅십자수  DIY: 6번 소녀1  (15cm 20cm)
2023836004,SELLBLOG,NORMAL,재밌네요 보석이 반짝반짝해서 좋아요,2020-09-05T11:49:16.000+0000,STOREFARM,5,어린이 보석십자수 DIY 캐릭터 큐빅 비즈십자수 지니맘,지니맘 큐빅십자수  DIY: 20번 아기유니콘 (15cm 20cm)
2019865296,SELLBLOG,NORMAL,또 주문해야겠네요^^,2020-08-31T12:21:01.000+0000,STOREFARM,4,어린이 보석십자수 DIY 캐릭터 큐빅 비즈십자수 지니맘,지니맘 큐빅십자수  DIY: 15번 사자 (15cm 20cm)
2021264074,SELLBLOG,NORMAL,"집콕하는 7세딸이랑 하려구 주문했어여
아직 뜯어보진않았는데 재밌어했음 좋겠네여",2020-09-02T09:33:42.000+0000,STOREFARM,5,어린이 보석십자수 DIY 캐릭터 큐빅 비즈십자수 지니맘,지니맘 큐빅십자수  DIY: 1번 유니콘  (15cm 20cm)
3014887274,SELLBLOG,NORMAL,집에서 하기 좋은 힐링 아이템이에요 초등생 수준에 딱이에요,2020-09-26T02:53:30.926+0000,STOREFARM,5,어린이 보석십자수 DIY 캐릭터 큐빅 비즈십자수 지니맘,지니맘 큐빅십자수  DIY: 19번 아이스크림 (15cm 20cm)
3001361054,SELLBLOG,NORMAL,아이가 좋아해서 추가로 구매하러왔어요,2020-09-07T15:38:51.261+0000,STOREFARM,5,어린이 보석십자수 DIY 캐릭터 큐빅 비즈십자수 지니맘,지니맘 큐빅십자수  DIY: 19번 아이스크림 (15cm 20cm)
2018643620,SELLBLOG,NORMAL,이거하면서 마음이차분해져요.8살아들도 좋아하고 차분해져서 재구매하려구요,2020-08-29T14:45:55.000+0000,STOREFARM,5,어린이 보석십자수 DIY 캐릭터 큐빅 비즈십자수 지니맘,지니맘 큐빅십자수  DIY: 2번 보라유니콘  (15cm 20cm)
2019246786,SELLBLOG,NORMAL,집콕놀이하기 좋아요~  초등학생 딸들과 함께 이야기하며 합니다..,2020-08-30T14:21:15.000+0000,STOREFARM,5,어린이 보석십자수 DIY 캐릭터 큐빅 비즈십자수 지니맘,지니맘 큐빅십자수  DIY: 8번 꽃사슴 (15cm 20cm)
3004167611,SELLBLOG,NORMAL,느므좋아해요 어린이들ㅇㄱ,2020-09-11T05:33:59.585+0000,STOREFARM,5,어린이 보석십자수 DIY 캐릭터 큐빅 비즈십자수 지니맘,지니맘 큐빅십자수  DIY: 3번 분홍사슴 (15cm 20cm)
3009070850,SELLBLOG,NORMAL,"일단 너무예뻐요
아이도 좋아하고
사이즈가 큰데도 금방 하더라구요
다음에 또 구매할께요",2020-09-18T01:25:55.065+0000,STOREFARM,5,어린이 보석십자수 DIY 캐릭터 큐빅 비즈십자수 지니맘,지니맘 큐빅십자수  DIY: 1번 유니콘  (15cm 20cm)
2017008587,SELLBLOG,NORMAL,"오전에 주문했더니 다음 날 바로 배송됐어요.
4세6세 아이들이 할꺼라 블링블링하니 더 좋아하네요.",2020-08-27T13:00:50.000+0000,STOREFARM,4,어린이 보석십자수 DIY 캐릭터 큐빅 비즈십자수 지니맘,지니맘 큐빅십자수  DIY: 1번 유니콘  (15cm 20cm)
2020511587,SELLBLOG,NORMAL,배송 빠르고 포장 깔끔해요. 아이가 좋아하고 재미있어해요.,2020-09-01T10:50:27.000+0000,STOREFARM,5,어린이 보석십자수 DIY 캐릭터 큐빅 비즈십자수 지니맘,지니맘 큐빅십자수  DIY: 1번 유니콘  (15cm 20cm)
2020742363,SELLBLOG,NORMAL,코로나로 긴시간 손으로 하는걸 좋아해서 구매했더니 집중력 향상되고 너무 좋네요~^^,2020-09-01T15:56:26.000+0000,STOREFARM,4,어린이 보석십자수 DIY 캐릭터 큐빅 비즈십자수 지니맘,지니맘 큐빅십자수  DIY: 13번 별유니콘 (15cm 20cm)
3017393799,SELLBLOG,NORMAL,구성품도 좋고 만족해요,2020-10-01T00:40:03.498+0000,STOREFARM,5,어린이 보석십자수 DIY 캐릭터 큐빅 비즈십자수 지니맘,지니맘 큐빅십자수  DIY: 13번 별유니콘(액자 불포함)
3009357563,SELLBLOG,NORMAL,8살이 하기에 재밌나봐요.오래걸려서 만든 작품이라 그런지 뿌듯해 했습니다.,2020-09-18T06:45:23.222+0000,STOREFARM,5,어린이 보석십자수 DIY 캐릭터 큐빅 비즈십자수 지니맘,지니맘 큐빅십자수  DIY: 8번 꽃사슴 (15cm 20cm)
3009357491,SELLBLOG,NORMAL,8살이 하기에 재밌나봐요.오래걸려서 만든 작품이라 그런지 뿌듯해 했습니다.,2020-09-18T06:45:18.734+0000,STOREFARM,5,어린이 보석십자수 DIY 캐릭터 큐빅 비즈십자수 지니맘,지니맘 큐빅십자수  DIY: 14번 부엉이 (15cm 20cm)
3009357409,SELLBLOG,NORMAL,8살이 하기에 재밌나봐요.오래걸려서 만든 작품이라 그런지 뿌듯해 했습니다.,2020-09-18T06:45:14.063+0000,STOREFARM,5,어린이 보석십자수 DIY 캐릭터 큐빅 비즈십자수 지니맘,지니맘 큐빅십자수  DIY: 1번 유니콘  (15cm 20cm)
2016242140,SELLBLOG,NORMAL,"보석십자수라 하기 힘들줄 알았는데 쉽게 잘되네요ㅋㅋ
담엔 큰작품 해보고싶어요~~감사합니다.",2020-08-26T13:40:39.000+0000,STOREFARM,5,어린이 보석십자수 DIY 캐릭터 큐빅 비즈십자수 지니맘,지니맘 큐빅십자수  DIY: 15번 사자 (15cm 20cm)
3011045333,SELLBLOG,NORMAL,"방콕인 요즘 최고의 놀잇감이 되었습니다~
집중력과 인내력의 최고봉인거 같습니다~
아이도 넘 만족스러워하네요~~~^^",2020-09-20T22:53:32.378+0000,STOREFARM,5,어린이 보석십자수 DIY 캐릭터 큐빅 비즈십자수 지니맘,지니맘 큐빅십자수  DIY: 2번 보라유니콘  (15cm 20cm)
3003887252,SELLBLOG,NORMAL,액자가 없는 셋트였어요ㅠ,2020-09-11T00:46:31.956+0000,STOREFARM,3,어린이 보석십자수 DIY 캐릭터 큐빅 비즈십자수 지니맘,지니맘 큐빅십자수  DIY: 2번 보라유니콘  (15cm 20cm)
2019867131,SELLBLOG,NORMAL,"아이가 너무 재미있어해요~
재구매각입니다!
많이 파세요~~",2020-08-31T12:24:26.000+0000,STOREFARM,5,어린이 보석십자수 DIY 캐릭터 큐빅 비즈십자수 지니맘,지니맘 큐빅십자수  DIY: 7번 소녀2  (15cm 20cm)
2018782202,SELLBLOG,NORMAL,"아이가 집중력도 생기고 참 좋아해요 
다른디자인으로  재구매 하려구요..",2020-08-30T01:43:57.000+0000,STOREFARM,5,어린이 보석십자수 DIY 캐릭터 큐빅 비즈십자수 지니맘,지니맘 큐빅십자수  DIY: 13번 별유니콘 (15cm 20cm)
2018598440,SELLBLOG,NORMAL,아이가 너무 좋아해요 !!,2020-08-29T13:23:02.000+0000,STOREFARM,4,어린이 보석십자수 DIY 캐릭터 큐빅 비즈십자수 지니맘,지니맘 큐빅십자수  DIY: 4번 홍학 (15cm 20cm)
3000138196,SELLBLOG,NORMAL,좋아요! 아이가 너무 신나해요,2020-09-06T02:38:06.141+0000,STOREFARM,5,어린이 보석십자수 DIY 캐릭터 큐빅 비즈십자수 지니맘,지니맘 큐빅십자수  DIY: 6번 소녀1  (15cm 20cm)
3012919316,SELLBLOG,NORMAL,예뻐요 큐빅도 고급스럽고 도안도 화려해서 이뻐요,2020-09-23T09:17:24.594+0000,STOREFARM,5,어린이 보석십자수 DIY 캐릭터 큐빅 비즈십자수 지니맘,지니맘 큐빅십자수  DIY: 2번 보라유니콘  (15cm 20cm)
2023697662,SELLBLOG,NORMAL,이뻐요^^ 재구매 의사 있습니다,2020-09-05T08:24:30.000+0000,STOREFARM,5,어린이 보석십자수 DIY 캐릭터 큐빅 비즈십자수 지니맘,지니맘 큐빅십자수  DIY: 7번 소녀2  (15cm 20cm)
2022887986,SELLBLOG,NORMAL,귀엽구 예쁘구 아이가 좋아합니다 받자마자 하는중이네요,2020-09-04T07:58:45.000+0000,STOREFARM,4,어린이 보석십자수 DIY 캐릭터 큐빅 비즈십자수 지니맘,지니맘 큐빅십자수  DIY: 13번 별유니콘 (15cm 20cm)
2019666114,SELLBLOG,NORMAL,애들이랑 너무 재미있게 놀이 했어요 큐빅도 반짝 반짝 넘 이쁘네요~^^,2020-08-31T06:33:40.000+0000,STOREFARM,5,어린이 보석십자수 DIY 캐릭터 큐빅 비즈십자수 지니맘,지니맘 큐빅십자수  DIY: 1번 유니콘  (15cm 20cm)
3001795738,SELLBLOG,NORMAL,딸아이가 좋아해서 재구매했어요,2020-09-08T07:49:34.430+0000,STOREFARM,5,어린이 보석십자수 DIY 캐릭터 큐빅 비즈십자수 지니맘,지니맘 큐빅십자수  DIY: 12번 돌고래 (15cm 20cm)
3001766903,SELLBLOG,NORMAL,초등학생 여자아이가 좋아합니다,2020-09-08T07:13:13.261+0000,STOREFARM,5,어린이 보석십자수 DIY 캐릭터 큐빅 비즈십자수 지니맘,지니맘 큐빅십자수  DIY: 9번 겨울사슴 (15cm 20cm)
3012320837,SELLBLOG,AFTER_USE,이쁘네요~시간도 잘가고 새로운취미가 생겼네요,2020-09-22T12:32:26.506+0000,STOREFARM,5,어린이 보석십자수 DIY 캐릭터 큐빅 비즈십자수 지니맘,지니맘 큐빅십자수  DIY: 14번 부엉이 (15cm 20cm)
3000175036,SELLBLOG,NORMAL,"너무재밌어요~
애들이 너무좋아하네요",2020-09-06T03:19:56.027+0000,STOREFARM,5,어린이 보석십자수 DIY 캐릭터 큐빅 비즈십자수 지니맘,지니맘 큐빅십자수  DIY: 13번 별유니콘 (15cm 20cm)
3000056887,SELLBLOG,NORMAL,아이가 좋아해요ㅎ 완성하면 예쁘거 같아요ㅗ,2020-09-06T00:52:08.970+0000,STOREFARM,5,어린이 보석십자수 DIY 캐릭터 큐빅 비즈십자수 지니맘,지니맘 큐빅십자수  DIY: 1번 유니콘  (15cm 20cm)
3001960737,SELLBLOG,NORMAL,"초등3.5학년 진짜 집중력있게
좋아하네요",2020-09-08T11:12:16.399+0000,STOREFARM,5,어린이 보석십자수 DIY 캐릭터 큐빅 비즈십자수 지니맘,지니맘 큐빅십자수  DIY: 1번 유니콘  (15cm 20cm)
3002437547,SELLBLOG,NORMAL,3명이서 했더니 금방 뚝딱했어요,2020-09-09T04:15:25.913+0000,STOREFARM,4,어린이 보석십자수 DIY 캐릭터 큐빅 비즈십자수 지니맘,지니맘 큐빅십자수  DIY: 2번 보라유니콘  (15cm 20cm)
3015223258,SELLBLOG,NORMAL,"구성너무만족합니다
아이들하기너무좋을거같아요~",2020-09-26T10:53:27.876+0000,STOREFARM,5,어린이 보석십자수 DIY 캐릭터 큐빅 비즈십자수 지니맘,지니맘 큐빅십자수  DIY: 2번 보라유니콘(액자 불포함)
2019423398,SELLBLOG,NORMAL,아이가 좋아하네용 집중하고 열심히 하더라규요 다하면 뿌듯해하니 더 살 예정입니다,2020-08-31T01:41:03.000+0000,STOREFARM,4,어린이 보석십자수 DIY 캐릭터 큐빅 비즈십자수 지니맘,지니맘 큐빅십자수  DIY: 8번 꽃사슴 (15cm 20cm)
2022481044,SELLBLOG,NORMAL,아이들이집중해서잘하네요  반짝반짝이뻥ᆢㄷ,2020-09-04T00:47:53.000+0000,STOREFARM,5,어린이 보석십자수 DIY 캐릭터 큐빅 비즈십자수 지니맘,지니맘 큐빅십자수  DIY: 3번 분홍사슴 (15cm 20cm)
2022140340,SELLBLOG,NORMAL,집에만 있는 요즘 저학년 친구들 하기 너무 괜찮은 상품이에요.,2020-09-03T10:37:04.000+0000,STOREFARM,5,어린이 보석십자수 DIY 캐릭터 큐빅 비즈십자수 지니맘,지니맘 큐빅십자수  DIY: 8번 꽃사슴 (15cm 20cm)
2018281429,SELLBLOG,NORMAL,"아이가 집에만 있으니 심심할때 시간 보내라고 사주었는데
혼자 집중해서 완성하는모습이 예쁘네요",2020-08-29T06:11:11.000+0000,STOREFARM,5,어린이 보석십자수 DIY 캐릭터 큐빅 비즈십자수 지니맘,지니맘 큐빅십자수  DIY: 6번 소녀1  (15cm 20cm)
3003274542,SELLBLOG,NORMAL,애가 좋아해욥 다람쥐,2020-09-10T04:42:24.105+0000,STOREFARM,5,어린이 보석십자수 DIY 캐릭터 큐빅 비즈십자수 지니맘,지니맘 큐빅십자수  DIY: 13번 별유니콘 (15cm 20cm)
3014124791,SELLBLOG,NORMAL,배송이 엄청 빠르고 아이가 너무너무 좋아하네용 잘해볼께요~~,2020-09-25T01:45:53.647+0000,STOREFARM,5,어린이 보석십자수 DIY 캐릭터 큐빅 비즈십자수 지니맘,지니맘 큐빅십자수  DIY: 13번 별유니콘 (15cm 20cm)
3001402417,SELLBLOG,NORMAL,아이가 좋아해서 재구매했어요,2020-09-07T22:22:52.196+0000,STOREFARM,4,어린이 보석십자수 DIY 캐릭터 큐빅 비즈십자수 지니맘,지니맘 큐빅십자수  DIY: 2번 보라유니콘  (15cm 20cm)
3016122371,SELLBLOG,NORMAL,아이가 재밌어해요 선물하기도 좋아요,2020-09-28T02:08:34.862+0000,STOREFARM,5,어린이 보석십자수 DIY 캐릭터 큐빅 비즈십자수 지니맘,지니맘 큐빅십자수  DIY: 20번 아기유니콘 (15cm 20cm)
3003933019,SELLBLOG,NORMAL,아이가  원해서 사주긴했는데  받고 더좋아하는모습보니 좋네요..  핸드폰도  덜보고  이거하는재미에   빠졌다네요..  또   사주고싶은  맘이 생기네요^^,2020-09-11T01:39:28.077+0000,STOREFARM,5,어린이 보석십자수 DIY 캐릭터 큐빅 비즈십자수 지니맘,지니맘 큐빅십자수  DIY: 1번 유니콘  (15cm 20cm)
2021066161,SELLBLOG,NORMAL,"7세 아이도 뚝딱이에요
넘 재밌고 예쁩니다^^",2020-09-02T05:57:13.000+0000,STOREFARM,5,어린이 보석십자수 DIY 캐릭터 큐빅 비즈십자수 지니맘,지니맘 큐빅십자수  DIY: 9번 겨울사슴 (15cm 20cm)
2022805737,SELLBLOG,NORMAL,빠른배송 부엉이 품절풀어줘서 빠르게 구매했어용,2020-09-04T06:28:34.000+0000,STOREFARM,5,어린이 보석십자수 DIY 캐릭터 큐빅 비즈십자수 지니맘,지니맘 큐빅십자수  DIY: 14번 부엉이 (15cm 20cm)
3000174400,SELLBLOG,NORMAL,굿굿!! 시간보내기 아주좋아요,2020-09-06T03:19:15.948+0000,STOREFARM,5,어린이 보석십자수 DIY 캐릭터 큐빅 비즈십자수 지니맘,지니맘 큐빅십자수  DIY: 2번 보라유니콘  (15cm 20cm)
2017517735,SELLBLOG,NORMAL,4살5살도 재밌게 잘해요~ 생각보다 커서 나눠서 해야 완성가능하지만 이쁘네요!,2020-08-28T06:31:30.000+0000,STOREFARM,5,어린이 보석십자수 DIY 캐릭터 큐빅 비즈십자수 지니맘,지니맘 큐빅십자수  DIY: 13번 별유니콘 (15cm 20cm)
3001939380,SELLBLOG,NORMAL,"B5정도 사이즈네요..
아이가 3일하더니 재미없데요..
고체풀, 보호필름지 제거에 대한 간단한 설명이라도 있음좋았을듯요..아이가 유튜브에서 봤던거 생각해서 방법을 찾았네요",2020-09-08T10:47:42.162+0000,STOREFARM,3,어린이 보석십자수 DIY 캐릭터 큐빅 비즈십자수 지니맘,지니맘 큐빅십자수  DIY: 10번 안경토끼  (15cm 20cm)
2018302760,SELLBLOG,NORMAL,"아이들과 시간 보내기 너무 좋아요~
집중하다보면 시간이 훌쩍~
반짝반짝 너무 이쁘네요^^",2020-08-29T06:34:00.000+0000,STOREFARM,5,어린이 보석십자수 DIY 캐릭터 큐빅 비즈십자수 지니맘,지니맘 큐빅십자수  DIY: 8번 꽃사슴 (15cm 20cm)
2013046693,SELLBLOG,NORMAL,"아이가 보석십자수 하고싶어해서 사줘봤어요^^
너무 좋아하네요~ 하루만에 다끝낼꺼같아 조만간 더 구매해야겠어요^^",2020-08-22T06:20:16.000+0000,STOREFARM,5,어린이 보석십자수 DIY 캐릭터 큐빅 비즈십자수 지니맘,지니맘 큐빅십자수  DIY: 1번 유니콘  (15cm 20cm)
2023766650,SELLBLOG,NORMAL,"색상도 마음에 들고, 시간보낼때하기 좋아요~",2020-09-05T10:03:20.000+0000,STOREFARM,5,어린이 보석십자수 DIY 캐릭터 큐빅 비즈십자수 지니맘,지니맘 큐빅십자수  DIY: 7번 소녀2  (15cm 20cm)
3017130179,SELLBLOG,NORMAL,아이가 집중하고 잘 하네요~^^,2020-09-30T00:11:40.105+0000,STOREFARM,4,어린이 보석십자수 DIY 캐릭터 큐빅 비즈십자수 지니맘,지니맘 큐빅십자수  DIY: 20번 아기유니콘 (15cm 20cm)
3013609188,SELLBLOG,NORMAL,넘넘이뻐요 집분위기 갑이에요,2020-09-24T07:23:12.122+0000,STOREFARM,5,어린이 보석십자수 DIY 캐릭터 큐빅 비즈십자수 지니맘,지니맘 큐빅십자수  DIY: 13번 별유니콘 (15cm 20cm)
3017823345,SELLBLOG,AFTER_USE,아주 재미있어요..,2020-10-02T10:43:00.669+0000,STOREFARM,5,어린이 보석십자수 DIY 캐릭터 큐빅 비즈십자수 지니맘,지니맘 큐빅십자수  DIY: 19번 아이스크림 (15cm 20cm)
3002125833,SELLBLOG,NORMAL,아이가 혼자 잘만들어요,2020-09-08T14:12:40.926+0000,STOREFARM,5,어린이 보석십자수 DIY 캐릭터 큐빅 비즈십자수 지니맘,지니맘 큐빅십자수  DIY: 1번 유니콘  (15cm 20cm)
3009042222,SELLBLOG,NORMAL,생일선물로 주문했어요 너무 좋아할것같아 빨리주고 싶어용~^^,2020-09-18T00:50:55.233+0000,STOREFARM,5,어린이 보석십자수 DIY 캐릭터 큐빅 비즈십자수 지니맘,지니맘 큐빅십자수  DIY: 1번 유니콘  (15cm 20cm)
3007047733,SELLBLOG,NORMAL,"배송도 오래걸리고.
생각했던거보다 별로예요.
심심해 하던 애들하기에는 좋아요",2020-09-15T08:03:50.244+0000,STOREFARM,3,어린이 보석십자수 DIY 캐릭터 큐빅 비즈십자수 지니맘,지니맘 큐빅십자수  DIY: 1번 유니콘  (15cm 20cm)
3006165968,SELLBLOG,NORMAL,아이가 집중해서 잘 했어요~ 액자를 그냥 선택말고 셋트로 넣어서 판매하셨음 더 좋겠어요.,2020-09-14T02:30:53.945+0000,STOREFARM,5,어린이 보석십자수 DIY 캐릭터 큐빅 비즈십자수 지니맘,지니맘 큐빅십자수  DIY: 1번 유니콘  (15cm 20cm)
2016539013,SELLBLOG,NORMAL,"6세 딸이 너무 좋아해요
저녁에 배송받고 늦은밤까지
한없이 집중해서 하네요",2020-08-27T03:02:18.000+0000,STOREFARM,5,어린이 보석십자수 DIY 캐릭터 큐빅 비즈십자수 지니맘,지니맘 큐빅십자수  DIY: 13번 별유니콘 (15cm 20cm)
2016538787,SELLBLOG,NORMAL,"6세 딸이 너무 좋아해요
저녁에 배송받고 늦은밤까지
한없이 집중해서 하네요",2020-08-27T03:02:00.000+0000,STOREFARM,5,어린이 보석십자수 DIY 캐릭터 큐빅 비즈십자수 지니맘,지니맘 큐빅십자수  DIY: 20번 아기유니콘 (15cm 20cm)
2016538554,SELLBLOG,NORMAL,"6세 딸이 너무 좋아해요
저녁에 배송받고 늦은밤까지
한없이 집중해서 하네요",2020-08-27T03:01:41.000+0000,STOREFARM,5,어린이 보석십자수 DIY 캐릭터 큐빅 비즈십자수 지니맘,지니맘 큐빅십자수  DIY: 1번 유니콘  (15cm 20cm)
3010782853,SELLBLOG,NORMAL,초등생이 만들기에 적당해요.배송도 빨라요,2020-09-20T08:35:18.434+0000,STOREFARM,5,어린이 보석십자수 DIY 캐릭터 큐빅 비즈십자수 지니맘,지니맘 큐빅십자수  DIY: 4번 홍학 (15cm 20cm)
2016724303,SELLBLOG,NORMAL,순식간에 해버렸지만 아이가 잘해서 재구입의사가 있어요 ㅋㅋ 저도 재미있더라구요,2020-08-27T07:04:49.000+0000,STOREFARM,5,어린이 보석십자수 DIY 캐릭터 큐빅 비즈십자수 지니맘,지니맘 큐빅십자수  DIY: 13번 별유니콘 (15cm 20cm)
3014076024,SELLBLOG,NORMAL,빠른배송과 사진과 똑같은 제품이라 맘에들었어요.,2020-09-25T00:40:57.919+0000,STOREFARM,5,어린이 보석십자수 DIY 캐릭터 큐빅 비즈십자수 지니맘,지니맘 큐빅십자수  DIY: 1번 유니콘  (15cm 20cm)
2013706218,SELLBLOG,NORMAL,"배송 진짜 빨라요~
아이가 너무 좋아하네요. 오자마자 쉬지않고 계속하고 있어요. 품절된거 입고 되면 좋겠어요~^^",2020-08-23T05:31:18.000+0000,STOREFARM,5,어린이 보석십자수 DIY 캐릭터 큐빅 비즈십자수 지니맘,지니맘 큐빅십자수  DIY: 1번 유니콘  (15cm 20cm)
3008609486,SELLBLOG,AFTER_USE,학교선택과제로굼ㄱㄴㄱ,2020-09-17T08:12:55.579+0000,STOREFARM,3,어린이 보석십자수 DIY 캐릭터 큐빅 비즈십자수 지니맘,지니맘 큐빅십자수  DIY: 14번 부엉이 (15cm 20cm)
3012672005,SELLBLOG,AFTER_USE,아이가 좋아해요.번창하세요,2020-09-23T03:33:37.463+0000,STOREFARM,3,어린이 보석십자수 DIY 캐릭터 큐빅 비즈십자수 지니맘,지니맘 큐빅십자수  DIY: 3번 분홍사슴 (15cm 20cm)
3014791376,SELLBLOG,NORMAL,아이가 좋아해요~ 예쁘네요,2020-09-26T00:27:51.097+0000,STOREFARM,5,어린이 보석십자수 DIY 캐릭터 큐빅 비즈십자수 지니맘,지니맘 큐빅십자수  DIY: 3번 분홍사슴 (15cm 20cm)
2012344801,SELLBLOG,NORMAL,8살 아이 재미나게 잘했어요! 맘에 드는 캐릭터를 골라서 지루해 하는 것 없이 완성했습니다. 다른 캐릭터도 구매해야겠어요.,2020-08-21T07:33:47.000+0000,STOREFARM,5,어린이 보석십자수 DIY 캐릭터 큐빅 비즈십자수 지니맘,지니맘 큐빅십자수  DIY: 20번 아기사슴 (15cm 20cm)
3001961554,SELLBLOG,NORMAL,초등학생도 좋아해요,2020-09-08T11:13:08.890+0000,STOREFARM,5,어린이 보석십자수 DIY 캐릭터 큐빅 비즈십자수 지니맘,지니맘 큐빅십자수  DIY: 10번 안경토끼  (15cm 20cm)
3000501727,SELLBLOG,NORMAL,애들 시간때우기로 넘 좋아요,2020-09-06T11:48:28.000+0000,STOREFARM,5,어린이 보석십자수 DIY 캐릭터 큐빅 비즈십자수 지니맘,지니맘 큐빅십자수  DIY: 10번 안경토끼  (15cm 20cm)
2020812153,SELLBLOG,NORMAL,빠른배송 좋았어요 아이가 좋아해요,2020-09-01T23:31:44.000+0000,STOREFARM,5,어린이 보석십자수 DIY 캐릭터 큐빅 비즈십자수 지니맘,지니맘 큐빅십자수  DIY: 4번 홍학 (15cm 20cm)
3007048399,SELLBLOG,NORMAL,"배송은 느려요~
생각했던거보다 별로예요.
심심하던 애들이 하기에는 좋아요",2020-09-15T08:04:43.510+0000,STOREFARM,3,어린이 보석십자수 DIY 캐릭터 큐빅 비즈십자수 지니맘,지니맘 큐빅십자수  DIY: 5번  반짝이 사슴 (15cm 20cm)
2011326844,SELLBLOG,NORMAL,코로나때문에 집에 있어서 구매했는데 딸이 집중해서 잘만드네요~ 만들어서 액자에 넣어놨는데 딸이 자기가 만든 작품이라고 너무 좋아하네요^^,2020-08-20T03:59:51.000+0000,STOREFARM,5,어린이 보석십자수 DIY 캐릭터 큐빅 비즈십자수 지니맘,지니맘 큐빅십자수  DIY: 20번 아기사슴 (15cm 20cm)
2018635565,SELLBLOG,NORMAL,깔끔하고 이쁘게 잘왔어요 한달 후 액자후기 할께요,2020-08-29T14:29:27.000+0000,STOREFARM,5,어린이 보석십자수 DIY 캐릭터 큐빅 비즈십자수 지니맘,지니맘 큐빅십자수  DIY: 1번 유니콘  (15cm 20cm)
3013423120,SELLBLOG,AFTER_USE,좋아하긴하는데 시간이 오래 걸릴 것 같아요,2020-09-24T02:59:41.587+0000,STOREFARM,5,어린이 보석십자수 DIY 캐릭터 큐빅 비즈십자수 지니맘,지니맘 큐빅십자수  DIY: 1번 유니콘  (15cm 20cm)
3000236567,SELLBLOG,NORMAL,우리 딸 어제 저녁부터 열심이네요ㅎㅎ,2020-09-06T04:31:31.549+0000,STOREFARM,5,어린이 보석십자수 DIY 캐릭터 큐빅 비즈십자수 지니맘,지니맘 큐빅십자수  DIY: 12번 돌고래 (15cm 20cm)
3000236312,SELLBLOG,NORMAL,우리 딸 어제 저녁부터 열심이네요ㅎㅎ,2020-09-06T04:31:10.978+0000,STOREFARM,5,어린이 보석십자수 DIY 캐릭터 큐빅 비즈십자수 지니맘,지니맘 큐빅십자수  DIY: 2번 보라유니콘  (15cm 20cm)
3013520666,SELLBLOG,NORMAL,이쁘고좋네요..아이가 좋아해요,2020-09-24T05:27:47.404+0000,STOREFARM,5,어린이 보석십자수 DIY 캐릭터 큐빅 비즈십자수 지니맘,지니맘 큐빅십자수  DIY: 1번 유니콘  (15cm 20cm)
2022806361,SELLBLOG,NORMAL,7살딸아이가 하고싶다고해서 주문했어요,2020-09-04T06:29:12.000+0000,STOREFARM,5,어린이 보석십자수 DIY 캐릭터 큐빅 비즈십자수 지니맘,지니맘 큐빅십자수  DIY: 2번 보라유니콘  (15cm 20cm)
3015512366,SELLBLOG,NORMAL,예쁘고 울 딸이 재밌게해요,2020-09-27T02:07:03.421+0000,STOREFARM,5,어린이 보석십자수 DIY 캐릭터 큐빅 비즈십자수 지니맘,지니맘 큐빅십자수  DIY: 12번 돌고래 (15cm 20cm)
2013784582,SELLBLOG,NORMAL,"딸아이가 좋아해요^^
열심히 잘해보겠다 했는데 ㅎ
액자도 함께주문
보석 비즈가 큐빅처럼 넘 이뿌네요",2020-08-23T07:54:09.000+0000,STOREFARM,4,어린이 보석십자수 DIY 캐릭터 큐빅 비즈십자수 지니맘,지니맘 큐빅십자수  DIY: 13번 별유니콘 (15cm 20cm)
3013315921,SELLBLOG,NORMAL,아이랑 잼있게 놀고 이쁜작품탄생했네요,2020-09-24T00:48:39.018+0000,STOREFARM,5,어린이 보석십자수 DIY 캐릭터 큐빅 비즈십자수 지니맘,지니맘 큐빅십자수  DIY: 1번 유니콘  (15cm 20cm)
3014160551,SELLBLOG,NORMAL,선물해줬는데 마음에 든다고합니마,2020-09-25T02:30:16.241+0000,STOREFARM,5,어린이 보석십자수 DIY 캐릭터 큐빅 비즈십자수 지니맘,지니맘 큐빅십자수  DIY: 1번 유니콘  (15cm 20cm)
3004147053,SELLBLOG,AFTER_USE,아이들이 하기엔 좀 어려운 것 같아요 중간에 포기해서 제가 했는데 너무 재밌어서 시간 가는 줄 몰랐어요!!,2020-09-11T05:15:53.334+0000,STOREFARM,5,어린이 보석십자수 DIY 캐릭터 큐빅 비즈십자수 지니맘,지니맘 큐빅십자수  DIY: 3번 분홍사슴 (15cm 20cm)
2022516346,SELLBLOG,NORMAL,좋아하긴하는데. 7살은 혼자하기 힘들어해요,2020-09-04T01:30:06.000+0000,STOREFARM,5,어린이 보석십자수 DIY 캐릭터 큐빅 비즈십자수 지니맘,지니맘 큐빅십자수  DIY: 13번 별유니콘 (15cm 20cm)
3015427343,SELLBLOG,NORMAL,우리 아이가 엄청 좋아해요,2020-09-26T22:31:22.804+0000,STOREFARM,5,어린이 보석십자수 DIY 캐릭터 큐빅 비즈십자수 지니맘,지니맘 큐빅십자수  DIY: 13번 별유니콘 (15cm 20cm)
3012504849,SELLBLOG,NORMAL,어이가 혼자서도 잘 할수 있게 준비가 잘 되어 있어서 좋아요,2020-09-22T22:34:06.506+0000,STOREFARM,5,어린이 보석십자수 DIY 캐릭터 큐빅 비즈십자수 지니맘,지니맘 큐빅십자수  DIY: 1번 유니콘  (15cm 20cm)
3030606233,SELLBLOG,AFTER_USE,좋아요좋아요좋아요좋아요,2020-10-21T12:36:33.688+0000,STOREFARM,5,어린이 보석십자수 DIY 캐릭터 큐빅 비즈십자수 지니맘,지니맘 큐빅십자수  DIY: 2번 보라유니콘  (15cm 20cm)
3030606099,SELLBLOG,AFTER_USE,좋아요좋아요좋아요좋아요,2020-10-21T12:36:24.676+0000,STOREFARM,5,어린이 보석십자수 DIY 캐릭터 큐빅 비즈십자수 지니맘,지니맘 큐빅십자수  DIY: 1번 유니콘  (15cm 20cm)
3030605992,SELLBLOG,AFTER_USE,좋아요좋아요좋아요좋아요,2020-10-21T12:36:16.795+0000,STOREFARM,5,어린이 보석십자수 DIY 캐릭터 큐빅 비즈십자수 지니맘,지니맘 큐빅십자수  DIY: 19번 아이스크림 (15cm 20cm)
3030604674,SELLBLOG,AFTER_USE,좋아요좋아요좋아요좋아요,2020-10-21T12:34:48.882+0000,STOREFARM,5,어린이 보석십자수 DIY 캐릭터 큐빅 비즈십자수 지니맘,지니맘 큐빅십자수  DIY: 17번 핑크유니콘  (15cm 20cm)
2017429877,SELLBLOG,NORMAL,"만족합니다
초등1 하기에 좋네요
성인것이 넘나작고 붙은것이 많은데.
이것은 어린아이들하기에 좋은듯합니다",2020-08-28T04:53:10.000+0000,STOREFARM,5,어린이 보석십자수 DIY 캐릭터 큐빅 비즈십자수 지니맘,지니맘 큐빅십자수  DIY: 20번 아기유니콘 (15cm 20cm)
2015069525,SELLBLOG,NORMAL,배송빠르고 예쁘네요. 집콕 아이들 놀이감으로 구매했는데 기댕상이예요.,2020-08-25T06:13:54.000+0000,STOREFARM,5,어린이 보석십자수 DIY 캐릭터 큐빅 비즈십자수 지니맘,지니맘 큐빅십자수  DIY: 9번 겨울사슴 (15cm 20cm)
2020689903,SELLBLOG,NORMAL,좋아요 잘해볼께요 아이들이 좋아해요,2020-09-01T14:17:32.000+0000,STOREFARM,5,어린이 보석십자수 DIY 캐릭터 큐빅 비즈십자수 지니맘,지니맘 큐빅십자수  DIY: 17번 핑크사슴  (15cm 20cm)
3001582940,SELLBLOG,NORMAL,비즈도 캐릭터도 다 이뻐요,2020-09-08T03:31:44.108+0000,STOREFARM,5,어린이 보석십자수 DIY 캐릭터 큐빅 비즈십자수 지니맘,지니맘 큐빅십자수  DIY: 12번 돌고래 (15cm 20cm)
2014563756,SELLBLOG,NORMAL,"아이가 초집중해서 하네요. 
가끔 불량품이 있긴한데 넉넉하게 보내주셔서
괜찮아요",2020-08-24T10:46:41.000+0000,STOREFARM,5,어린이 보석십자수 DIY 캐릭터 큐빅 비즈십자수 지니맘,지니맘 큐빅십자수  DIY: 13번 별유니콘 (15cm 20cm)
2019698553,SELLBLOG,NORMAL,너무재미있으시데요 배송도 빠르네요,2020-08-31T07:14:12.000+0000,STOREFARM,5,어린이 보석십자수 DIY 캐릭터 큐빅 비즈십자수 지니맘,지니맘 큐빅십자수  DIY: 12번 돌고래 (15cm 20cm)
2022281612,SELLBLOG,NORMAL,아이가엄청좋아하고 해놓으니이뻐요,2020-09-03T13:29:05.000+0000,STOREFARM,5,어린이 보석십자수 DIY 캐릭터 큐빅 비즈십자수 지니맘,지니맘 큐빅십자수  DIY: 3번 분홍사슴 (15cm 20cm)
2019698195,SELLBLOG,NORMAL,부모님이 심심해하셔서 주문했는데  너무 재미있으시데요,2020-08-31T07:13:43.000+0000,STOREFARM,5,어린이 보석십자수 DIY 캐릭터 큐빅 비즈십자수 지니맘,지니맘 큐빅십자수  DIY: 4번 홍학 (15cm 20cm)
2023720513,SELLBLOG,NORMAL,초2  집중해서 재미있게 하고 있어요^^,2020-09-05T08:54:50.000+0000,STOREFARM,5,어린이 보석십자수 DIY 캐릭터 큐빅 비즈십자수 지니맘,지니맘 큐빅십자수  DIY: 2번 보라유니콘  (15cm 20cm)
2005272531,SELLBLOG,NORMAL,"잘받았습니다 ~ 제품은 보이는대로 구성품다 잘왔습니다~ 
보석십자수 좋아하는데 ㅜ 가격이 조금비싸서 패키지로 두개 구성되어있고 가격이 조금싸면 더좋을거같아요 액자는 이미삿으니까 그림도안이 두개로 구성되어있음 번갈아 끼울수있어서 그런 패키지도 괜찮을듯요",2020-08-09T05:56:40.000+0000,STOREFARM,3,어린이 보석십자수 DIY 캐릭터 큐빅 비즈십자수 지니맘,지니맘 큐빅십자수  DIY: 1번 유니콘  (15cm 20cm)
2020126232,SELLBLOG,NORMAL,"아이가 재밌어해서 벌써 네번째 구매입니다.
이번엔 여우~",2020-09-01T02:43:36.000+0000,STOREFARM,4,어린이 보석십자수 DIY 캐릭터 큐빅 비즈십자수 지니맘,지니맘 큐빅십자수  DIY: 16번 여우 (15cm 20cm)
3011170115,SELLBLOG,NORMAL,아이가 좋아하네요~ 감사합니다~,2020-09-21T02:04:12.446+0000,STOREFARM,5,어린이 보석십자수 DIY 캐릭터 큐빅 비즈십자수 지니맘,지니맘 큐빅십자수  DIY: 1번 유니콘  (15cm 20cm)
3011170038,SELLBLOG,NORMAL,아이가 좋아하네요~ 감사합니다~,2020-09-21T02:04:06.365+0000,STOREFARM,5,어린이 보석십자수 DIY 캐릭터 큐빅 비즈십자수 지니맘,지니맘 큐빅십자수  DIY: 12번 돌고래 (15cm 20cm)
2021567833,SELLBLOG,NORMAL,6세 딸이랑 집콕놀이중인데 생각보다 잘하네요^^,2020-09-02T16:00:06.000+0000,STOREFARM,5,어린이 보석십자수 DIY 캐릭터 큐빅 비즈십자수 지니맘,지니맘 큐빅십자수  DIY: 7번 소녀2  (15cm 20cm)
2018049848,SELLBLOG,NORMAL,티비보지않고 하고있어요 집중력좋아질듯요,2020-08-29T02:03:03.000+0000,STOREFARM,5,어린이 보석십자수 DIY 캐릭터 큐빅 비즈십자수 지니맘,지니맘 큐빅십자수  DIY: 1번 유니콘  (15cm 20cm)
3010205258,SELLBLOG,NORMAL,아이들이 너무 좋아해요~ 조용히 앉아서 하네요~,2020-09-19T09:56:41.740+0000,STOREFARM,5,어린이 보석십자수 DIY 캐릭터 큐빅 비즈십자수 지니맘,지니맘 큐빅십자수  DIY: 2번 보라유니콘  (15cm 20cm)
2014403248,SELLBLOG,AFTER_USE,아이가 집중도 잘하고 재미있어합니다 8살이하기에는 시간이조금필요하지만 인내심기르기에도 좋은것같아요 추천합니다,2020-08-24T06:14:54.000+0000,STOREFARM,5,어린이 보석십자수 DIY 캐릭터 큐빅 비즈십자수 지니맘,지니맘 큐빅십자수  DIY: 15번 사자 (15cm 20cm)
3002936520,SELLBLOG,NORMAL,"액자가 포함된건줄 알았어요ㅜㅜ
글두 보석이 큐빅? 블링블링 넘 이뻐서
아이들이 참 좋아하네요 코로나시간들
효자템이네요",2020-09-09T14:22:17.105+0000,STOREFARM,4,어린이 보석십자수 DIY 캐릭터 큐빅 비즈십자수 지니맘,지니맘 큐빅십자수  DIY: 1번 유니콘  (15cm 20cm)
3014490931,SELLBLOG,NORMAL,세세히 포장이 잘되어잇엇어요~,2020-09-25T09:32:19.966+0000,STOREFARM,5,어린이 보석십자수 DIY 캐릭터 큐빅 비즈십자수 지니맘,지니맘 큐빅십자수  DIY: 1번 유니콘  (15cm 20cm)
3004677364,SELLBLOG,NORMAL,"딸아이가 너무좋아해요
저랑같이 이야기하면서
하니 금방완성되었네요 ㅎㅎ
추가구매하러갑니당 ~~",2020-09-11T23:17:56.671+0000,STOREFARM,5,어린이 보석십자수 DIY 캐릭터 큐빅 비즈십자수 지니맘,지니맘 큐빅십자수  DIY: 10번 안경토끼  (15cm 20cm)
2019856920,SELLBLOG,NORMAL,좋아요 아이랑 같이 합니다,2020-08-31T12:06:02.000+0000,STOREFARM,4,어린이 보석십자수 DIY 캐릭터 큐빅 비즈십자수 지니맘,지니맘 큐빅십자수  DIY: 14번 부엉이 (15cm 20cm)
2018283453,SELLBLOG,NORMAL,물건은 초등 저학년이라기에 나쁘지않아서 좋은데 배송이 많이 늦네요,2020-08-29T06:13:17.000+0000,STOREFARM,4,어린이 보석십자수 DIY 캐릭터 큐빅 비즈십자수 지니맘,지니맘 큐빅십자수  DIY: 20번 아기유니콘 (15cm 20cm)
2022282080,SELLBLOG,NORMAL,아이가좋아하고완성하니근사해요,2020-09-03T13:29:43.000+0000,STOREFARM,5,어린이 보석십자수 DIY 캐릭터 큐빅 비즈십자수 지니맘,지니맘 큐빅십자수  DIY: 8번 꽃사슴 (15cm 20cm)
2014816190,SELLBLOG,NORMAL,애들이 코로나에 집에만있는데 너무 좋네요 핸드폰도 안보고,2020-08-25T01:15:45.000+0000,STOREFARM,5,어린이 보석십자수 DIY 캐릭터 큐빅 비즈십자수 지니맘,지니맘 큐빅십자수  DIY: 18번 파란사슴 (15cm 20cm)
3000194325,SELLBLOG,NORMAL,보석이라 반짝반짝 예쁘니 7세 아이가 너무 좋아해요~ 처음에 방법 알려주니 혼자 잘 하네요ㅎㅎ 6세 동생도 옆에서 봐주니 잘 해요^^ 코로나 때문에 집에서 답답한데 좋은 놀이가 되었어요ㅎㅎ,2020-09-06T03:41:45.505+0000,STOREFARM,5,어린이 보석십자수 DIY 캐릭터 큐빅 비즈십자수 지니맘,지니맘 큐빅십자수  DIY: 13번 별유니콘 (15cm 20cm)
3014845418,SELLBLOG,NORMAL,"빠른배송좋아요
애기가좋아하네요",2020-09-26T01:55:29.160+0000,STOREFARM,5,어린이 보석십자수 DIY 캐릭터 큐빅 비즈십자수 지니맘,지니맘 큐빅십자수  DIY: 13번 별유니콘 (15cm 20cm)
3009635910,SELLBLOG,NORMAL,재구매할거에요 어른이봐도넘이뻐요ㅎ,2020-09-18T13:13:05.483+0000,STOREFARM,5,어린이 보석십자수 DIY 캐릭터 큐빅 비즈십자수 지니맘,지니맘 큐빅십자수  DIY: 13번 별유니콘 (15cm 20cm)
3010765136,SELLBLOG,NORMAL,또구매할께요좋습니다강추,2020-09-20T07:58:10.622+0000,STOREFARM,5,어린이 보석십자수 DIY 캐릭터 큐빅 비즈십자수 지니맘,지니맘 큐빅십자수  DIY: 14번 부엉이 (15cm 20cm)
2013484394,SELLBLOG,NORMAL,이쁘고 만들기도 쉬워요. 딸아이 방학동안 심심할까봐 사줬는데 너무 좋아해요,2020-08-23T00:49:09.000+0000,STOREFARM,5,어린이 보석십자수 DIY 캐릭터 큐빅 비즈십자수 지니맘,지니맘 큐빅십자수  DIY: 3번 분홍사슴 (15cm 20cm)
3009869603,SELLBLOG,NORMAL,빠른배송에 저렴한 가격 만족합니다. 감사합니다🙏,2020-09-19T02:19:56.423+0000,STOREFARM,5,어린이 보석십자수 DIY 캐릭터 큐빅 비즈십자수 지니맘,지니맘 큐빅십자수  DIY: 9번 겨울사슴 (15cm 20cm)
3009869338,SELLBLOG,NORMAL,빠른배송에 저렴한 가격 만족합니다. 감사합니다🙏,2020-09-19T02:19:34.638+0000,STOREFARM,5,어린이 보석십자수 DIY 캐릭터 큐빅 비즈십자수 지니맘,지니맘 큐빅십자수  DIY: 15번 사자 (15cm 20cm)
3009869090,SELLBLOG,NORMAL,빠른배송에 저렴한 가격 만족합니다. 감사합니다🙏,2020-09-19T02:19:16.137+0000,STOREFARM,5,어린이 보석십자수 DIY 캐릭터 큐빅 비즈십자수 지니맘,지니맘 큐빅십자수  DIY: 4번 홍학 (15cm 20cm)
2020174532,SELLBLOG,NORMAL,재밌어요. 7세아이도 잘합니다.,2020-09-01T03:53:06.000+0000,STOREFARM,5,어린이 보석십자수 DIY 캐릭터 큐빅 비즈십자수 지니맘,지니맘 큐빅십자수  DIY: 1번 유니콘  (15cm 20cm)
3015005289,SELLBLOG,NORMAL,"대박이네 
아이가좋아해요",2020-09-26T05:28:33.980+0000,STOREFARM,5,어린이 보석십자수 DIY 캐릭터 큐빅 비즈십자수 지니맘,지니맘 큐빅십자수  DIY: 1번 유니콘  (15cm 20cm)
2015349581,SELLBLOG,NORMAL,"아이가 하기에 딱 좋은 난이도에요. 그림도 귀엽고, 아이가 집중해서 하니 좋아요.",2020-08-25T11:54:29.000+0000,STOREFARM,5,어린이 보석십자수 DIY 캐릭터 큐빅 비즈십자수 지니맘,지니맘 큐빅십자수  DIY: 16번 여우 (15cm 20cm)
2018221371,SELLBLOG,NORMAL,집콕중이라 아이가 좋아하는 보석십자수구매했는데 너무 좋아하네요,2020-08-29T05:12:37.000+0000,STOREFARM,5,어린이 보석십자수 DIY 캐릭터 큐빅 비즈십자수 지니맘,지니맘 큐빅십자수  DIY: 19번 아이스크림 (15cm 20cm)
2014124681,SELLBLOG,NORMAL,스티커 떼는 부분 4장 이상이었으면 좋겠어요. 2장으로만 나눠져 있는게 좀 불편하네요.,2020-08-24T00:58:17.000+0000,STOREFARM,4,어린이 보석십자수 DIY 캐릭터 큐빅 비즈십자수 지니맘,지니맘 큐빅십자수  DIY: 13번 별유니콘 (15cm 20cm)
3009040055,SELLBLOG,NORMAL,집에서 놀고 있는 우리아이들 작품만들어서 액작에 넣어주니 너무너무 좋아합니다^^,2020-09-18T00:48:08.604+0000,STOREFARM,5,어린이 보석십자수 DIY 캐릭터 큐빅 비즈십자수 지니맘,지니맘 큐빅십자수  DIY: 1번 유니콘  (15cm 20cm)
2020691224,SELLBLOG,NORMAL,좋아요~~^^잘쓸께요 애들이좋아하넹ᆢㄷ,2020-09-01T14:19:21.000+0000,STOREFARM,5,어린이 보석십자수 DIY 캐릭터 큐빅 비즈십자수 지니맘,지니맘 큐빅십자수  DIY: 1번 유니콘  (15cm 20cm)
2018244435,SELLBLOG,NORMAL,갠찮네요ㅎ이가격에 액자까지ㅎ이뻐용,2020-08-29T05:34:22.000+0000,STOREFARM,5,어린이 보석십자수 DIY 캐릭터 큐빅 비즈십자수 지니맘,지니맘 큐빅십자수  DIY: 8번 꽃사슴 (15cm 20cm)
2022164882,SELLBLOG,NORMAL,아이들이 혼자서도 쉽게 할 수 있어요~~,2020-09-03T11:07:39.000+0000,STOREFARM,5,어린이 보석십자수 DIY 캐릭터 큐빅 비즈십자수 지니맘,지니맘 큐빅십자수  DIY: 19번 아이스크림 (15cm 20cm)
2020068195,SELLBLOG,NORMAL,넘이뻐요 몇개째인지몰라요,2020-09-01T01:22:49.000+0000,STOREFARM,5,어린이 보석십자수 DIY 캐릭터 큐빅 비즈십자수 지니맘,지니맘 큐빅십자수  DIY: 19번 아이스크림 (15cm 20cm)
2020866545,SELLBLOG,NORMAL,배송도 빠르고 아이가 너무좋아해서 저도 좋아요,2020-09-02T01:12:24.000+0000,STOREFARM,5,어린이 보석십자수 DIY 캐릭터 큐빅 비즈십자수 지니맘,지니맘 큐빅십자수  DIY: 14번 부엉이 (15cm 20cm)
3010764273,SELLBLOG,NORMAL,완전조아요집중해서완성,2020-09-20T07:56:28.730+0000,STOREFARM,5,어린이 보석십자수 DIY 캐릭터 큐빅 비즈십자수 지니맘,지니맘 큐빅십자수  DIY: 10번 안경토끼  (15cm 20cm)
2023837790,SELLBLOG,NORMAL,이쁘고 아이가 좋아해요,2020-09-05T11:51:44.000+0000,STOREFARM,5,어린이 보석십자수 DIY 캐릭터 큐빅 비즈십자수 지니맘,지니맘 큐빅십자수  DIY: 6번 소녀1  (15cm 20cm)
3009064195,SELLBLOG,NORMAL,시간보내기 좋네요 아이가 좋아합니다,2020-09-18T01:18:28.860+0000,STOREFARM,5,어린이 보석십자수 DIY 캐릭터 큐빅 비즈십자수 지니맘,지니맘 큐빅십자수  DIY: 2번 보라유니콘  (15cm 20cm)
3004701596,SELLBLOG,NORMAL,집중해서 놀이하기는 좋은거 같아요~다만 6살 아이한테 작은큐빅은 좀 힘들어하네요,2020-09-12T00:30:33.575+0000,STOREFARM,4,어린이 보석십자수 DIY 캐릭터 큐빅 비즈십자수 지니맘,지니맘 큐빅십자수  DIY: 1번 유니콘  (15cm 20cm)
2016984934,SELLBLOG,NORMAL,조카한테 선물 했는데 너무너무 좋아 하네요^^ 조카 인증샷이 에요 ㅋ,2020-08-27T12:31:08.000+0000,STOREFARM,5,어린이 보석십자수 DIY 캐릭터 큐빅 비즈십자수 지니맘,지니맘 큐빅십자수  DIY: 13번 별유니콘 (15cm 20cm)
2017740740,SELLBLOG,NORMAL,"7살 아이는 조금 힘들어해요.
반짝반짝 이쁘다고 좋아하네요",2020-08-28T11:05:21.000+0000,STOREFARM,5,어린이 보석십자수 DIY 캐릭터 큐빅 비즈십자수 지니맘,지니맘 큐빅십자수  DIY: 1번 유니콘  (15cm 20cm)
3007749982,SELLBLOG,NORMAL,너무너무 재밌는데 이쁘기까지하네요~ 6살도 혼자 척척입니다.,2020-09-16T06:40:31.640+0000,STOREFARM,5,어린이 보석십자수 DIY 캐릭터 큐빅 비즈십자수 지니맘,지니맘 큐빅십자수  DIY: 15번 사자 (15cm 20cm)
3016531387,SELLBLOG,NORMAL,아이보다 제가 더재밌네요ㅎㅎㅈ,2020-09-28T13:39:14.007+0000,STOREFARM,5,어린이 보석십자수 DIY 캐릭터 큐빅 비즈십자수 지니맘,지니맘 큐빅십자수  DIY: 12번 돌고래 (15cm 20cm)
3016531199,SELLBLOG,NORMAL,아이보다 제가 더재밌네요ㅎㅎㅈ,2020-09-28T13:38:48.559+0000,STOREFARM,5,어린이 보석십자수 DIY 캐릭터 큐빅 비즈십자수 지니맘,지니맘 큐빅십자수  DIY: 6번 소녀1  (15cm 20cm)
3000190692,SELLBLOG,NORMAL,제가 받은건 아니고 선물 했어요 받아본 사람이 너무 좋아하네요 이미지가 제가 생각한거보단 좀 다양하진않았지만 받은 사람이 좋아하니 다행입니다 감사합니다,2020-09-06T03:37:55.067+0000,STOREFARM,5,어린이 보석십자수 DIY 캐릭터 큐빅 비즈십자수 지니맘,지니맘 큐빅십자수  DIY: 1번 유니콘  (15cm 20cm)
3014845773,SELLBLOG,NORMAL,"배송이빨라요
애기가좋아해요",2020-09-26T01:55:59.658+0000,STOREFARM,5,어린이 보석십자수 DIY 캐릭터 큐빅 비즈십자수 지니맘,지니맘 큐빅십자수  DIY: 3번 분홍사슴 (15cm 20cm)
2019512362,SELLBLOG,AFTER_USE,액자에 넣어주니 항상 볼때마다 뿌듯하다고 하네요~,2020-08-31T03:26:37.000+0000,STOREFARM,5,어린이 보석십자수 DIY 캐릭터 큐빅 비즈십자수 지니맘,지니맘 큐빅십자수  DIY: 7번 소녀2  (15cm 20cm)
2015072030,SELLBLOG,NORMAL,아이들 집콕생활에 심심해해서 구매했는데..  너무 예쁘네요,2020-08-25T06:16:46.000+0000,STOREFARM,5,어린이 보석십자수 DIY 캐릭터 큐빅 비즈십자수 지니맘,지니맘 큐빅십자수  DIY: 13번 별유니콘 (15cm 20cm)
3003579903,SELLBLOG,NORMAL,잘 받았습니다~~~~~,2020-09-10T11:07:33.709+0000,STOREFARM,4,어린이 보석십자수 DIY 캐릭터 큐빅 비즈십자수 지니맘,지니맘 큐빅십자수  DIY: 6번 소녀1  (15cm 20cm)
2023754638,SELLBLOG,NORMAL,포장도 깔끔하고 좋아요~,2020-09-05T09:44:50.000+0000,STOREFARM,5,어린이 보석십자수 DIY 캐릭터 큐빅 비즈십자수 지니맘,지니맘 큐빅십자수  DIY: 1번 유니콘  (15cm 20cm)
3015405140,SELLBLOG,NORMAL,좋아요..감사해요.,2020-09-26T17:27:08.128+0000,STOREFARM,4,어린이 보석십자수 DIY 캐릭터 큐빅 비즈십자수 지니맘,지니맘 큐빅십자수  DIY: 2번 보라유니콘(액자 불포함)
3015405114,SELLBLOG,NORMAL,좋아요..감사해요.,2020-09-26T17:26:51.658+0000,STOREFARM,4,어린이 보석십자수 DIY 캐릭터 큐빅 비즈십자수 지니맘,지니맘 큐빅십자수  DIY: 6번 소녀1(액자 불포함)
3015405081,SELLBLOG,NORMAL,좋아요..감사해요.,2020-09-26T17:26:32.830+0000,STOREFARM,4,어린이 보석십자수 DIY 캐릭터 큐빅 비즈십자수 지니맘,지니맘 큐빅십자수  DIY: 8번 꽃사슴(액자 불포함)
3015405037,SELLBLOG,NORMAL,좋아요..감사해요.,2020-09-26T17:26:17.012+0000,STOREFARM,4,어린이 보석십자수 DIY 캐릭터 큐빅 비즈십자수 지니맘,지니맘 큐빅십자수  DIY: 9번 겨울사슴(액자 불포함)
3015404996,SELLBLOG,NORMAL,좋아요..감사해요.,2020-09-26T17:26:00.297+0000,STOREFARM,4,어린이 보석십자수 DIY 캐릭터 큐빅 비즈십자수 지니맘,지니맘 큐빅십자수  DIY: 13번 별유니콘(액자 불포함)
3015404933,SELLBLOG,NORMAL,좋아요..감사해요.,2020-09-26T17:25:36.630+0000,STOREFARM,4,어린이 보석십자수 DIY 캐릭터 큐빅 비즈십자수 지니맘,지니맘 큐빅십자수  DIY: 17번 핑크유니콘(액자 불포함)
3015404892,SELLBLOG,NORMAL,좋아요..감사해요.,2020-09-26T17:25:20.124+0000,STOREFARM,4,어린이 보석십자수 DIY 캐릭터 큐빅 비즈십자수 지니맘,지니맘 큐빅십자수  DIY: 20번 아기유니콘(액자 불포함)
3015404812,SELLBLOG,NORMAL,좋아요..감사해요.,2020-09-26T17:24:47.650+0000,STOREFARM,4,어린이 보석십자수 DIY 캐릭터 큐빅 비즈십자수 지니맘,지니맘 큐빅십자수  DIY: 15번 사자(액자 불포함)
3015404710,SELLBLOG,NORMAL,좋아요..감사해요.,2020-09-26T17:24:08.969+0000,STOREFARM,4,어린이 보석십자수 DIY 캐릭터 큐빅 비즈십자수 지니맘,지니맘 큐빅십자수  DIY: 1번 유니콘  (액자 불포함)
3015404665,SELLBLOG,NORMAL,좋아요..감사해요.,2020-09-26T17:23:49.326+0000,STOREFARM,4,어린이 보석십자수 DIY 캐릭터 큐빅 비즈십자수 지니맘,지니맘 큐빅십자수  DIY: 5번  반짝이 사슴(액자 불포함)
3015404628,SELLBLOG,NORMAL,좋아요..감사해요.,2020-09-26T17:23:34.605+0000,STOREFARM,4,어린이 보석십자수 DIY 캐릭터 큐빅 비즈십자수 지니맘,지니맘 큐빅십자수  DIY: 4번 홍학(액자 불포함)
3015404582,SELLBLOG,NORMAL,좋아요..감사해요.,2020-09-26T17:23:17.429+0000,STOREFARM,4,어린이 보석십자수 DIY 캐릭터 큐빅 비즈십자수 지니맘,지니맘 큐빅십자수  DIY: 3번 분홍사슴(액자 불포함)
3015404547,SELLBLOG,NORMAL,좋아요..감사해요.,2020-09-26T17:23:03.072+0000,STOREFARM,4,어린이 보석십자수 DIY 캐릭터 큐빅 비즈십자수 지니맘,지니맘 큐빅십자수  DIY: 16번 여우(액자 불포함)
3015404508,SELLBLOG,NORMAL,좋아요..감사해요.,2020-09-26T17:22:47.320+0000,STOREFARM,4,어린이 보석십자수 DIY 캐릭터 큐빅 비즈십자수 지니맘,지니맘 큐빅십자수  DIY: 14번 부엉이(액자 불포함)
2018620890,SELLBLOG,NORMAL,생각보다 더 좋아요...  아이들과 하기에..,2020-08-29T14:01:42.000+0000,STOREFARM,4,어린이 보석십자수 DIY 캐릭터 큐빅 비즈십자수 지니맘,지니맘 큐빅십자수  DIY: 20번 아기유니콘 (15cm 20cm)
3014870469,SELLBLOG,NORMAL,"배송은 보통이요
제품은 좋아요~",2020-09-26T02:31:03.144+0000,STOREFARM,5,어린이 보석십자수 DIY 캐릭터 큐빅 비즈십자수 지니맘,지니맘 큐빅십자수  DIY: 7번 소녀2  (15cm 20cm)
3014870167,SELLBLOG,NORMAL,"배송은 보통이요
제품은 좋아요 ~",2020-09-26T02:30:37.354+0000,STOREFARM,5,어린이 보석십자수 DIY 캐릭터 큐빅 비즈십자수 지니맘,지니맘 큐빅십자수  DIY: 8번 꽃사슴 (15cm 20cm)
2018278507,SELLBLOG,NORMAL,너무예뻐요~다른것도 주문해볼려구요,2020-08-29T06:08:07.000+0000,STOREFARM,5,어린이 보석십자수 DIY 캐릭터 큐빅 비즈십자수 지니맘,지니맘 큐빅십자수  DIY: 13번 별유니콘 (15cm 20cm)
3015005571,SELLBLOG,NORMAL,"조아요
배송도괜찮고",2020-09-26T05:28:58.187+0000,STOREFARM,5,어린이 보석십자수 DIY 캐릭터 큐빅 비즈십자수 지니맘,지니맘 큐빅십자수  DIY: 13번 별유니콘 (15cm 20cm)
2023117602,SELLBLOG,NORMAL,아이들이 너무좋아하네요.,2020-09-04T13:12:57.000+0000,STOREFARM,5,어린이 보석십자수 DIY 캐릭터 큐빅 비즈십자수 지니맘,지니맘 큐빅십자수  DIY: 12번 돌고래 (15cm 20cm)
3012632664,SELLBLOG,NORMAL,"미친듯이 느린 배송, 달구지타고옵니다 ㅋㅋ",2020-09-23T02:27:12.524+0000,STOREFARM,1,어린이 보석십자수 DIY 캐릭터 큐빅 비즈십자수 지니맘,지니맘 큐빅십자수  DIY: 9번 겨울사슴 (15cm 20cm)
3012632621,SELLBLOG,NORMAL,"미친듯이 느린 배송, 달구지타고옵니다 ㅋㅋ",2020-09-23T02:27:08.473+0000,STOREFARM,1,어린이 보석십자수 DIY 캐릭터 큐빅 비즈십자수 지니맘,지니맘 큐빅십자수  DIY: 12번 돌고래 (15cm 20cm)
3012632586,SELLBLOG,NORMAL,"미친듯이 느린 배송, 달구지타고옵니다 ㅋㅋ",2020-09-23T02:27:04.430+0000,STOREFARM,1,어린이 보석십자수 DIY 캐릭터 큐빅 비즈십자수 지니맘,지니맘 큐빅십자수  DIY: 7번 소녀2  (15cm 20cm)
3012632526,SELLBLOG,NORMAL,"미친듯이 느린 배송, 달구지타고옵니다 ㅋㅋ",2020-09-23T02:26:58.966+0000,STOREFARM,1,어린이 보석십자수 DIY 캐릭터 큐빅 비즈십자수 지니맘,지니맘 큐빅십자수  DIY: 13번 별유니콘 (15cm 20cm)
3012752290,SELLBLOG,NORMAL,아이가 집중해서 재미있게합니다~,2020-09-23T05:40:15.649+0000,STOREFARM,5,어린이 보석십자수 DIY 캐릭터 큐빅 비즈십자수 지니맘,지니맘 큐빅십자수  DIY: 8번 꽃사슴 (15cm 20cm)
3008942533,SELLBLOG,NORMAL,아이와 함께 하려고 주문했어요 아이가 좋아해요,2020-09-17T16:28:45.657+0000,STOREFARM,4,어린이 보석십자수 DIY 캐릭터 큐빅 비즈십자수 지니맘,지니맘 큐빅십자수  DIY: 2번 보라유니콘  (15cm 20cm)
3006070124,SELLBLOG,NORMAL,코로나로 인해 아이들이  집에 있는시간에 취미활동으로 이용하고자 구매하였는데 넘 만족합니다,2020-09-14T00:45:17.453+0000,STOREFARM,5,어린이 보석십자수 DIY 캐릭터 큐빅 비즈십자수 지니맘,지니맘 큐빅십자수  DIY: 19번 아이스크림 (15cm 20cm)
2016922408,SELLBLOG,NORMAL,딸아이가 무척 좋아하네요 힐링타임으로 좋아요~,2020-08-27T11:15:55.000+0000,STOREFARM,5,어린이 보석십자수 DIY 캐릭터 큐빅 비즈십자수 지니맘,지니맘 큐빅십자수  DIY: 1번 유니콘  (15cm 20cm)
2018621308,SELLBLOG,NORMAL,"4개 주문해서 지금 처음 하고 있는데..
존류가 더 다양했음 좋겠어요..",2020-08-29T14:02:32.000+0000,STOREFARM,4,어린이 보석십자수 DIY 캐릭터 큐빅 비즈십자수 지니맘,지니맘 큐빅십자수  DIY: 13번 별유니콘 (15cm 20cm)
2023837525,SELLBLOG,NORMAL,이쁘고 편하게 이용,2020-09-05T11:51:26.000+0000,STOREFARM,5,어린이 보석십자수 DIY 캐릭터 큐빅 비즈십자수 지니맘,지니맘 큐빅십자수  DIY: 1번 유니콘  (15cm 20cm)
2021273243,SELLBLOG,NORMAL,배송도 좋고 안전하게 잘왔어요,2020-09-02T09:43:48.000+0000,STOREFARM,4,어린이 보석십자수 DIY 캐릭터 큐빅 비즈십자수 지니맘,지니맘 큐빅십자수  DIY: 12번 돌고래 (15cm 20cm)
3007088602,SELLBLOG,NORMAL,앙증맞고 너무 이뻐요.. 초등딸이 엄청 집중해서 합니다~~~,2020-09-15T08:58:38.843+0000,STOREFARM,5,어린이 보석십자수 DIY 캐릭터 큐빅 비즈십자수 지니맘,지니맘 큐빅십자수  DIY: 1번 유니콘  (15cm 20cm)
2017513155,SELLBLOG,AFTER_USE,"7살이 처음시작하는거라
조금 어려웠지만 
시간은 너무 금방가네요",2020-08-28T06:26:50.000+0000,STOREFARM,5,어린이 보석십자수 DIY 캐릭터 큐빅 비즈십자수 지니맘,지니맘 큐빅십자수  DIY: 1번 유니콘  (15cm 20cm)
2023112619,SELLBLOG,NORMAL,아이가 재미있어 하네요~,2020-09-04T13:04:58.000+0000,STOREFARM,4,어린이 보석십자수 DIY 캐릭터 큐빅 비즈십자수 지니맘,지니맘 큐빅십자수  DIY: 14번 부엉이 (15cm 20cm)
2018781199,SELLBLOG,NORMAL,아이가 너무하고싶어했는데 배송도빠르고 그림도이뻐요,2020-08-30T01:42:33.000+0000,STOREFARM,5,어린이 보석십자수 DIY 캐릭터 큐빅 비즈십자수 지니맘,지니맘 큐빅십자수  DIY: 9번 겨울사슴 (15cm 20cm)
2019987681,SELLBLOG,AFTER_USE,너무좋아요 딸램 좋아해요,2020-08-31T19:42:15.000+0000,STOREFARM,5,어린이 보석십자수 DIY 캐릭터 큐빅 비즈십자수 지니맘,지니맘 큐빅십자수  DIY: 1번 유니콘  (15cm 20cm)
2019857145,SELLBLOG,NORMAL,"아직 미완성이지만, 초등 아이하기 딱 좋네요",2020-08-31T12:06:26.000+0000,STOREFARM,5,어린이 보석십자수 DIY 캐릭터 큐빅 비즈십자수 지니맘,지니맘 큐빅십자수  DIY: 2번 보라유니콘  (15cm 20cm)
2016563616,SELLBLOG,NORMAL,아이들이너무좋아해요 만들고나니이쁘네요,2020-08-27T03:38:06.000+0000,STOREFARM,5,어린이 보석십자수 DIY 캐릭터 큐빅 비즈십자수 지니맘,지니맘 큐빅십자수  DIY: 1번 유니콘  (15cm 20cm)
2019247644,SELLBLOG,NORMAL,밖에 못나가는데 시간 보내기 좋은 아이템이네요~,2020-08-30T14:23:05.000+0000,STOREFARM,5,어린이 보석십자수 DIY 캐릭터 큐빅 비즈십자수 지니맘,지니맘 큐빅십자수  DIY: 12번 돌고래 (15cm 20cm)
2022556744,SELLBLOG,NORMAL,아이가 매우 좋아합니다,2020-09-04T02:13:28.000+0000,STOREFARM,4,어린이 보석십자수 DIY 캐릭터 큐빅 비즈십자수 지니맘,지니맘 큐빅십자수  DIY: 16번 여우 (15cm 20cm)
3015493772,SELLBLOG,NORMAL,완전조아요완전조아요 완전조아요,2020-09-27T01:38:55.022+0000,STOREFARM,5,어린이 보석십자수 DIY 캐릭터 큐빅 비즈십자수 지니맘,지니맘 큐빅십자수  DIY: 20번 아기유니콘 (15cm 20cm)
3015493435,SELLBLOG,NORMAL,완전조아요완전조아요 완전조아요,2020-09-27T01:38:25.360+0000,STOREFARM,5,어린이 보석십자수 DIY 캐릭터 큐빅 비즈십자수 지니맘,지니맘 큐빅십자수  DIY: 19번 아이스크림 (15cm 20cm)
3012752573,SELLBLOG,NORMAL,아이가 재미있게 잘 만듭니다,2020-09-23T05:40:39.044+0000,STOREFARM,5,어린이 보석십자수 DIY 캐릭터 큐빅 비즈십자수 지니맘,지니맘 큐빅십자수  DIY: 17번 핑크유니콘  (15cm 20cm)
2018243869,SELLBLOG,NORMAL,코로나로 집에잇는 시간이 많아져서 애들시킬려구용,2020-08-29T05:33:51.000+0000,STOREFARM,5,어린이 보석십자수 DIY 캐릭터 큐빅 비즈십자수 지니맘,지니맘 큐빅십자수  DIY: 1번 유니콘  (15cm 20cm)
3013586238,SELLBLOG,NORMAL,아이가 아주좋아하네요,2020-09-24T06:54:49.179+0000,STOREFARM,5,어린이 보석십자수 DIY 캐릭터 큐빅 비즈십자수 지니맘,지니맘 큐빅십자수  DIY: 9번 겨울사슴 (15cm 20cm)
2018357994,SELLBLOG,NORMAL,배송도 빠르고 코로나로 집콕중인 아이가 너무 좋아해요~,2020-08-29T07:34:33.000+0000,STOREFARM,5,어린이 보석십자수 DIY 캐릭터 큐빅 비즈십자수 지니맘,지니맘 큐빅십자수  DIY: 1번 유니콘  (15cm 20cm)
3003580336,SELLBLOG,NORMAL,감사합니다~~~~~,2020-09-10T11:08:06.007+0000,STOREFARM,4,어린이 보석십자수 DIY 캐릭터 큐빅 비즈십자수 지니맘,지니맘 큐빅십자수  DIY: 1번 유니콘  (15cm 20cm)
3013609406,SELLBLOG,NORMAL,최고입닏이뻐요 이뻐요,2020-09-24T07:23:29.753+0000,STOREFARM,5,어린이 보석십자수 DIY 캐릭터 큐빅 비즈십자수 지니맘,지니맘 큐빅십자수  DIY: 12번 돌고래 (15cm 20cm)
2022479284,SELLBLOG,NORMAL,사진보다 더 빤짝이고 예뻐요~^^,2020-09-04T00:45:45.000+0000,STOREFARM,5,어린이 보석십자수 DIY 캐릭터 큐빅 비즈십자수 지니맘,지니맘 큐빅십자수  DIY: 1번 유니콘  (15cm 20cm)
2011591031,SELLBLOG,NORMAL,"아이들이 너무 좋아해요~
그런데 너무 빨리 끝내요 ㅋㅋㅋ
가격이 좀 저 저렴했으면 많이사서 줬음 좋았을텐데요 ㅋㅋ",2020-08-20T09:39:45.000+0000,STOREFARM,5,어린이 보석십자수 DIY 캐릭터 큐빅 비즈십자수 지니맘,지니맘 큐빅십자수  DIY: 14번 부엉이 (15cm 20cm)
3007623202,SELLBLOG,NORMAL,집에만 있어 심심해 하는 조카선물용으로 구입했는데 너무 좋아하네요,2020-09-16T03:41:16.878+0000,STOREFARM,5,어린이 보석십자수 DIY 캐릭터 큐빅 비즈십자수 지니맘,지니맘 큐빅십자수  DIY: 1번 유니콘  (15cm 20cm)
3005415233,SELLBLOG,NORMAL,보석이 너무 여유가 많아서 남은거 버리기 아까워요 반이상이 남네요,2020-09-12T23:04:45.731+0000,STOREFARM,5,어린이 보석십자수 DIY 캐릭터 큐빅 비즈십자수 지니맘,지니맘 큐빅십자수  DIY: 14번 부엉이 (15cm 20cm)
3010398475,SELLBLOG,NORMAL,가너시ㅜ아읃보사나도자,2020-09-19T15:34:30.115+0000,STOREFARM,4,어린이 보석십자수 DIY 캐릭터 큐빅 비즈십자수 지니맘,지니맘 큐빅십자수  DIY: 10번 안경토끼  (15cm 20cm)
2016726003,SELLBLOG,NORMAL,아이가 집중해서 잘했어요 또 구매할께요,2020-08-27T07:06:44.000+0000,STOREFARM,5,어린이 보석십자수 DIY 캐릭터 큐빅 비즈십자수 지니맘,지니맘 큐빅십자수  DIY: 1번 유니콘  (15cm 20cm)
2017740213,SELLBLOG,NORMAL,"아이들이 초 집중해서 만들어요
블링블링 해요~^^",2020-08-28T11:04:38.000+0000,STOREFARM,5,어린이 보석십자수 DIY 캐릭터 큐빅 비즈십자수 지니맘,지니맘 큐빅십자수  DIY: 7번 소녀2  (15cm 20cm)
2018837665,SELLBLOG,NORMAL,"집중해서 잘합니다~~
하는동안은 집이 조용~해서 좋으네요ㅎㅎㅎ",2020-08-30T03:01:12.000+0000,STOREFARM,5,어린이 보석십자수 DIY 캐릭터 큐빅 비즈십자수 지니맘,지니맘 큐빅십자수  DIY: 3번 분홍사슴 (15cm 20cm)
3013574559,SELLBLOG,AFTER_USE,아이가 너무 좋아해요,2020-09-24T06:39:51.163+0000,STOREFARM,5,어린이 보석십자수 DIY 캐릭터 큐빅 비즈십자수 지니맘,지니맘 큐빅십자수  DIY: 1번 유니콘  (15cm 20cm)
3013574371,SELLBLOG,AFTER_USE,아이가 너무 좋아해요,2020-09-24T06:39:37.064+0000,STOREFARM,5,어린이 보석십자수 DIY 캐릭터 큐빅 비즈십자수 지니맘,지니맘 큐빅십자수  DIY: 2번 보라유니콘  (15cm 20cm)
3006868038,SELLBLOG,NORMAL,"아이가 좋아해요
매일 조금씩 완성해 가는 재미가 있네요",2020-09-15T03:56:21.317+0000,STOREFARM,4,어린이 보석십자수 DIY 캐릭터 큐빅 비즈십자수 지니맘,지니맘 큐빅십자수  DIY: 1번 유니콘  (15cm 20cm)
3006867735,SELLBLOG,NORMAL,"아이가 좋아해요
매일 조금씩 완성해 가는 재미가 있네요",2020-09-15T03:56:02.400+0000,STOREFARM,4,어린이 보석십자수 DIY 캐릭터 큐빅 비즈십자수 지니맘,지니맘 큐빅십자수  DIY: 2번 보라유니콘  (15cm 20cm)
3018324981,SELLBLOG,AFTER_USE,ㄱㆍ니조아얒요~~~~,2020-10-04T11:33:30.741+0000,STOREFARM,5,어린이 보석십자수 DIY 캐릭터 큐빅 비즈십자수 지니맘,지니맘 큐빅십자수  DIY: 12번 돌고래 (15cm 20cm)
3026611150,SELLBLOG,NORMAL,반짝반짝 예쁘네요.,2020-10-16T05:05:03.510+0000,STOREFARM,4,어린이 보석십자수 DIY 캐릭터 큐빅 비즈 지니맘,지니맘 큐빅십자수  DIY: 14번 부엉이 (액자별매)
3008611507,SELLBLOG,AFTER_USE,괜찮네요.집에서아이들잘하고놀아요,2020-09-17T08:15:16.905+0000,STOREFARM,3,어린이 보석십자수 DIY 캐릭터 큐빅 비즈십자수 지니맘,지니맘 큐빅십자수  DIY: 13번 별유니콘 (15cm 20cm)
3007594273,SELLBLOG,NORMAL,세번째 구매입니다..딸아이가 좋아해요,2020-09-16T02:51:52.079+0000,STOREFARM,4,어린이 보석십자수 DIY 캐릭터 큐빅 비즈십자수 지니맘,지니맘 큐빅십자수  DIY: 20번 아기유니콘 (15cm 20cm)
2022012726,SELLBLOG,NORMAL,아이가 너무 조아해요,2020-09-03T08:00:00.000+0000,STOREFARM,5,어린이 보석십자수 DIY 캐릭터 큐빅 비즈십자수 지니맘,지니맘 큐빅십자수  DIY: 20번 아기유니콘 (15cm 20cm)
3010060615,SELLBLOG,NORMAL,코로나19로 집콕하는중 딸과 재미있게 만들었네요,2020-09-19T06:22:12.159+0000,STOREFARM,4,어린이 보석십자수 DIY 캐릭터 큐빅 비즈십자수 지니맘,지니맘 큐빅십자수  DIY: 13번 별유니콘 (15cm 20cm)
3009175561,SELLBLOG,NORMAL,아이가좋아해요또구매할께요,2020-09-18T03:29:01.760+0000,STOREFARM,5,어린이 보석십자수 DIY 캐릭터 큐빅 비즈십자수 지니맘,지니맘 큐빅십자수  DIY: 3번 분홍사슴 (15cm 20cm)
2012197302,SELLBLOG,NORMAL,집콕놀이로 아이들이 하기. 딱인거같아요~가격이 조금더 착하며 좋겠어요,2020-08-21T04:49:02.000+0000,STOREFARM,4,어린이 보석십자수 DIY 캐릭터 큐빅 비즈십자수 지니맘,지니맘 큐빅십자수  DIY: 13번 별유니콘 (15cm 20cm)
2018621627,SELLBLOG,NORMAL,이쁘고 좋네요...  만족합니다,2020-08-29T14:03:07.000+0000,STOREFARM,4,어린이 보석십자수 DIY 캐릭터 큐빅 비즈십자수 지니맘,지니맘 큐빅십자수  DIY: 17번 핑크사슴  (15cm 20cm)
3014745119,SELLBLOG,NORMAL,아주아주이쁘고 조아요,2020-09-25T20:34:47.489+0000,STOREFARM,5,어린이 보석십자수 DIY 캐릭터 큐빅 비즈십자수 지니맘,지니맘 큐빅십자수  DIY: 1번 유니콘  (15cm 20cm)
3013165824,SELLBLOG,NORMAL,빠른배송 감사합니다,2020-09-23T14:35:44.081+0000,STOREFARM,5,어린이 보석십자수 DIY 캐릭터 큐빅 비즈십자수 지니맘,지니맘 큐빅십자수  DIY: 10번 안경토끼  (15cm 20cm)
3013165715,SELLBLOG,NORMAL,빠른배송 감사합니다,2020-09-23T14:35:34.154+0000,STOREFARM,5,어린이 보석십자수 DIY 캐릭터 큐빅 비즈십자수 지니맘,지니맘 큐빅십자수  DIY: 1번 유니콘  (15cm 20cm)
2015070741,SELLBLOG,NORMAL,배송빠르고 예뻐요.  큐빅 아주 넉넉하게 보내주셨어요.,2020-08-25T06:15:16.000+0000,STOREFARM,5,어린이 보석십자수 DIY 캐릭터 큐빅 비즈십자수 지니맘,지니맘 큐빅십자수  DIY: 3번 분홍사슴 (15cm 20cm)
2022869751,SELLBLOG,NORMAL,아이가 너무너무 좋아해요,2020-09-04T07:37:54.000+0000,STOREFARM,5,어린이 보석십자수 DIY 캐릭터 큐빅 비즈십자수 지니맘,지니맘 큐빅십자수  DIY: 13번 별유니콘 (15cm 20cm)
2022869083,SELLBLOG,NORMAL,아이가 너무너무 좋아해요,2020-09-04T07:37:08.000+0000,STOREFARM,5,어린이 보석십자수 DIY 캐릭터 큐빅 비즈십자수 지니맘,지니맘 큐빅십자수  DIY: 11번 클로버 (15cm 20cm)
3008942176,SELLBLOG,NORMAL,반짝 반짝 예뻐요~ 아이들 집중 하기 좋네요,2020-09-17T16:27:20.455+0000,STOREFARM,4,어린이 보석십자수 DIY 캐릭터 큐빅 비즈십자수 지니맘,지니맘 큐빅십자수  DIY: 19번 아이스크림 (15cm 20cm)
3014869644,SELLBLOG,NORMAL,"배송은 보통
제품은 좋아요~^^",2020-09-26T02:29:56.138+0000,STOREFARM,5,어린이 보석십자수 DIY 캐릭터 큐빅 비즈십자수 지니맘,지니맘 큐빅십자수  DIY: 20번 아기유니콘 (15cm 20cm)
3012509178,SELLBLOG,NORMAL,지루한시간 금방가네요,2020-09-22T22:49:07.691+0000,STOREFARM,5,어린이 보석십자수 DIY 캐릭터 큐빅 비즈십자수 지니맘,지니맘 큐빅십자수  DIY: 20번 아기유니콘 (15cm 20cm)
2007643023,SELLBLOG,NORMAL,생각보다 간단하고 이뻐요 9살 딸아이가 하루만에 완성하고는 너무 좋아하더라구요 방학때 할만한듯해서 몇개더 추가로 주문했어요,2020-08-13T05:30:13.000+0000,STOREFARM,5,어린이 보석십자수 DIY 캐릭터 큐빅 비즈십자수 지니맘,지니맘 큐빅십자수  DIY: 1번 유니콘  (15cm 20cm)
3004368790,SELLBLOG,NORMAL,배송빠르고 물건이 너무 마음에 들어요. 초등1학년 딸이 혼자서도 잘 하네요,2020-09-11T09:09:56.763+0000,STOREFARM,5,어린이 보석십자수 DIY 캐릭터 큐빅 비즈십자수 지니맘,지니맘 큐빅십자수  DIY: 7번 소녀2  (15cm 20cm)
3010273170,SELLBLOG,NORMAL,좋아요~~  애들 좋아합니다.,2020-09-19T11:50:36.036+0000,STOREFARM,5,어린이 보석십자수 DIY 캐릭터 큐빅 비즈십자수 지니맘,지니맘 큐빅십자수  DIY: 20번 아기유니콘 (15cm 20cm)
2008123059,SELLBLOG,NORMAL,"딸이 재밌어하네요^^
하는 동안 집이 조용~~했습니다ㅎㅎㅎ
몇시간동안 엉덩이 붙여놓고 잘하더라구요~
금방해버려서 하나 더 주문해야 될거 같아요!!",2020-08-14T01:10:47.000+0000,STOREFARM,5,어린이 보석십자수 DIY 캐릭터 큐빅 비즈십자수 지니맘,지니맘 큐빅십자수  DIY: 20번 아기사슴 (15cm 20cm)
2021449280,SELLBLOG,NORMAL,아이가 엄청 좋아합니다,2020-09-02T12:54:39.000+0000,STOREFARM,5,어린이 보석십자수 DIY 캐릭터 큐빅 비즈십자수 지니맘,지니맘 큐빅십자수  DIY: 14번 부엉이 (15cm 20cm)
2015976640,SELLBLOG,NORMAL,벌써 4개째하고있어요~ 너무좋아 하네요,2020-08-26T08:21:32.000+0000,STOREFARM,5,어린이 보석십자수 DIY 캐릭터 큐빅 비즈십자수 지니맘,지니맘 큐빅십자수  DIY: 11번 클로버 (15cm 20cm)
2018052126,SELLBLOG,NORMAL,액자로 해놓으면 아이방이 더욱 예뻐지겠어요,2020-08-29T02:05:23.000+0000,STOREFARM,5,어린이 보석십자수 DIY 캐릭터 큐빅 비즈십자수 지니맘,지니맘 큐빅십자수  DIY: 15번 사자 (15cm 20cm)
2019062088,SELLBLOG,NORMAL,혼자서 뚝딱..집콕에서 시간보내기 딱이네요.,2020-08-30T08:19:50.000+0000,STOREFARM,5,어린이 보석십자수 DIY 캐릭터 큐빅 비즈십자수 지니맘,지니맘 큐빅십자수  DIY: 17번 핑크사슴  (15cm 20cm)
2019247064,SELLBLOG,NORMAL,그림도 예쁘고 잡념없이 하기 좋아요,2020-08-30T14:21:51.000+0000,STOREFARM,5,어린이 보석십자수 DIY 캐릭터 큐빅 비즈십자수 지니맘,지니맘 큐빅십자수  DIY: 1번 유니콘  (15cm 20cm)
2019420089,SELLBLOG,NORMAL,배송빠르고 아이가 너무 좋아해요,2020-08-31T01:37:27.000+0000,STOREFARM,5,어린이 보석십자수 DIY 캐릭터 큐빅 비즈십자수 지니맘,지니맘 큐빅십자수  DIY: 2번 보라유니콘  (15cm 20cm)
2016000018,SELLBLOG,NORMAL,이틀만에 완성했어요 아이가 좋아하네요~,2020-08-26T08:48:57.000+0000,STOREFARM,5,어린이 보석십자수 DIY 캐릭터 큐빅 비즈십자수 지니맘,지니맘 큐빅십자수  DIY: 15번 사자 (15cm 20cm)
3005327000,SELLBLOG,NORMAL,아이들 집중하는데 완전 좋아요..쉽게 초등학교 2학년도 잘 하네요~^^,2020-09-12T14:31:23.111+0000,STOREFARM,5,어린이 보석십자수 DIY 캐릭터 큐빅 비즈십자수 지니맘,지니맘 큐빅십자수  DIY: 13번 별유니콘 (15cm 20cm)
3012794517,SELLBLOG,NORMAL,아주 만족스럽습니다,2020-09-23T06:36:36.297+0000,STOREFARM,5,어린이 보석십자수 DIY 캐릭터 큐빅 비즈십자수 지니맘,지니맘 큐빅십자수  DIY: 1번 유니콘  (15cm 20cm)
2015758730,SELLBLOG,NORMAL,"이뻐요
큐빅이 큰거 작은거 종류별로 있어서 이뻐요",2020-08-26T03:47:49.000+0000,STOREFARM,5,어린이 보석십자수 DIY 캐릭터 큐빅 비즈십자수 지니맘,지니맘 큐빅십자수  DIY: 13번 별유니콘 (15cm 20cm)
3015178129,SELLBLOG,NORMAL,좋아요좋아요좋아요.,2020-09-26T09:31:54.579+0000,STOREFARM,5,어린이 보석십자수 DIY 캐릭터 큐빅 비즈십자수 지니맘,지니맘 큐빅십자수  DIY: 5번  반짝이 사슴 (15cm 20cm)
2017658870,SELLBLOG,AFTER_USE,애들이 하겠다고 해서 사줬는데 제가 해버렸어요 ㅎ,2020-08-28T09:08:46.000+0000,STOREFARM,5,어린이 보석십자수 DIY 캐릭터 큐빅 비즈십자수 지니맘,지니맘 큐빅십자수  DIY: 11번 클로버 (15cm 20cm)
2020868178,SELLBLOG,NORMAL,마음이 평화로워지네요,2020-09-02T01:14:59.000+0000,STOREFARM,5,어린이 보석십자수 DIY 캐릭터 큐빅 비즈십자수 지니맘,지니맘 큐빅십자수  DIY: 9번 겨울사슴 (15cm 20cm)
3009197911,SELLBLOG,NORMAL,작은 십자수 보다 다양한 크기와 색상이라 더 좋넹ᆢㄷ,2020-09-18T03:56:25.543+0000,STOREFARM,5,어린이 보석십자수 DIY 캐릭터 큐빅 비즈십자수 지니맘,지니맘 큐빅십자수  DIY: 13번 별유니콘 (15cm 20cm)
3000229854,SELLBLOG,NORMAL,코로나때문에 너무 심심해해서 시간 보내기 좋을 듯 해서 주문했답니다. 해 놓으니 반짝반짝 정말 예쁘고 시간도 잘 가네요^^,2020-09-06T04:22:40.556+0000,STOREFARM,5,어린이 보석십자수 DIY 캐릭터 큐빅 비즈십자수 지니맘,지니맘 큐빅십자수  DIY: 14번 부엉이 (15cm 20cm)
2013931549,SELLBLOG,NORMAL,이쁩니다.아이가좋아해요 하루만에완성하네요,2020-08-23T12:56:19.000+0000,STOREFARM,5,어린이 보석십자수 DIY 캐릭터 큐빅 비즈십자수 지니맘,지니맘 큐빅십자수  DIY: 1번 유니콘  (15cm 20cm)
2022478734,SELLBLOG,NORMAL,아이가 엄청 좋아해요~^^,2020-09-04T00:45:02.000+0000,STOREFARM,5,어린이 보석십자수 DIY 캐릭터 큐빅 비즈십자수 지니맘,지니맘 큐빅십자수  DIY: 19번 아이스크림 (15cm 20cm)
3005422416,SELLBLOG,NORMAL,초등학교 저학년인데 할때는 어깨도 아프고 힘들다 하는데 완성하니 뿌듯해하네요^^,2020-09-12T23:39:03.189+0000,STOREFARM,4,어린이 보석십자수 DIY 캐릭터 큐빅 비즈십자수 지니맘,지니맘 큐빅십자수  DIY: 1번 유니콘  (15cm 20cm)
2022262248,SELLBLOG,NORMAL,8세 아이가 좋아해요,2020-09-03T13:04:25.000+0000,STOREFARM,4,어린이 보석십자수 DIY 캐릭터 큐빅 비즈십자수 지니맘,지니맘 큐빅십자수  DIY: 1번 유니콘  (15cm 20cm)
3005452590,SELLBLOG,NORMAL,배송은 3일 걸렸구요  다른꾸빅보다 더 반짝 거려 이뻐요,2020-09-13T00:58:01.702+0000,STOREFARM,5,어린이 보석십자수 DIY 캐릭터 큐빅 비즈십자수 지니맘,지니맘 큐빅십자수  DIY: 1번 유니콘  (15cm 20cm)
3010739608,SELLBLOG,NORMAL,"코로나 시대에 집에서 하기
좋아요",2020-09-20T07:09:05.782+0000,STOREFARM,4,어린이 보석십자수 DIY 캐릭터 큐빅 비즈십자수 지니맘,지니맘 큐빅십자수  DIY: 11번 클로버 (15cm 20cm)
2017612258,SELLBLOG,NORMAL,매일 집에서 핸드폰만 하길래 9살 딸 하라고 샀어요~,2020-08-28T08:12:19.000+0000,STOREFARM,5,어린이 보석십자수 DIY 캐릭터 큐빅 비즈십자수 지니맘,지니맘 큐빅십자수  DIY: 3번 분홍사슴 (15cm 20cm)
3009655325,SELLBLOG,NORMAL,너무 좋아요~~ 강추입니다.,2020-09-18T13:43:50.121+0000,STOREFARM,5,어린이 보석십자수 DIY 캐릭터 큐빅 비즈십자수 지니맘,지니맘 큐빅십자수  DIY: 18번 파란사슴 (15cm 20cm)
3010593146,SELLBLOG,NORMAL,딸아이사줫는대 많이좋아하내요,2020-09-20T03:16:06.127+0000,STOREFARM,5,어린이 보석십자수 DIY 캐릭터 큐빅 비즈십자수 지니맘,지니맘 큐빅십자수  DIY: 14번 부엉이 (15cm 20cm)
2013556714,SELLBLOG,NORMAL,아이가 좋아해요 집중해서 하니 시간도 잘가네요,2020-08-23T02:25:45.000+0000,STOREFARM,5,어린이 보석십자수 DIY 캐릭터 큐빅 비즈십자수 지니맘,지니맘 큐빅십자수  DIY: 9번 겨울사슴 (15cm 20cm)
3010036107,SELLBLOG,NORMAL,선물했어요~ 잼나다 하네요,2020-09-19T05:49:57.291+0000,STOREFARM,5,어린이 보석십자수 DIY 캐릭터 큐빅 비즈십자수 지니맘,지니맘 큐빅십자수  DIY: 20번 아기유니콘 (15cm 20cm)
3008238847,SELLBLOG,NORMAL,두번째 구매요 아이들이 좋아해요^^,2020-09-16T23:30:46.389+0000,STOREFARM,5,어린이 보석십자수 DIY 캐릭터 큐빅 비즈십자수 지니맘,지니맘 큐빅십자수  DIY: 14번 부엉이 (15cm 20cm)
3008238647,SELLBLOG,NORMAL,두번째 구매요 아이들이 좋아해요^^,2020-09-16T23:30:17.861+0000,STOREFARM,5,어린이 보석십자수 DIY 캐릭터 큐빅 비즈십자수 지니맘,지니맘 큐빅십자수  DIY: 12번 돌고래 (15cm 20cm)
2015071332,SELLBLOG,NORMAL,배송빠르고 예쁩니다. 큐빅도 넉넉해요.,2020-08-25T06:15:57.000+0000,STOREFARM,5,어린이 보석십자수 DIY 캐릭터 큐빅 비즈십자수 지니맘,지니맘 큐빅십자수  DIY: 4번 홍학 (15cm 20cm)
2018282126,SELLBLOG,NORMAL,배송도 빠르고 아이가 좋아하니 좋네요,2020-08-29T06:11:55.000+0000,STOREFARM,5,어린이 보석십자수 DIY 캐릭터 큐빅 비즈십자수 지니맘,지니맘 큐빅십자수  DIY: 1번 유니콘  (15cm 20cm)
3002637450,SELLBLOG,NORMAL,"액자까진선물로 주셔서 너무감사드립니다^^
너무좋아해서 다행입니다ㅎ이뻐요",2020-09-09T08:24:04.655+0000,STOREFARM,5,어린이 보석십자수 DIY 캐릭터 큐빅 비즈십자수 지니맘,지니맘 큐빅십자수  DIY: 1번 유니콘  (15cm 20cm)
2020159830,SELLBLOG,NORMAL,아이가 재미있게 잘하네요~,2020-09-01T03:31:10.000+0000,STOREFARM,5,어린이 보석십자수 DIY 캐릭터 큐빅 비즈십자수 지니맘,지니맘 큐빅십자수  DIY: 1번 유니콘  (15cm 20cm)
2020159379,SELLBLOG,NORMAL,아이가 재미있게 잘하네요~,2020-09-01T03:30:34.000+0000,STOREFARM,5,어린이 보석십자수 DIY 캐릭터 큐빅 비즈십자수 지니맘,지니맘 큐빅십자수  DIY: 3번 분홍사슴 (15cm 20cm)
3002067739,SELLBLOG,NORMAL,아이와 킬링타임용으로 딱이네요 엉덩이가벼운아이 엉덩이붙이고 열심히하네요 또 사야겠어요,2020-09-08T13:06:05.288+0000,STOREFARM,5,어린이 보석십자수 DIY 캐릭터 큐빅 비즈십자수 지니맘,지니맘 큐빅십자수  DIY: 6번 소녀1  (15cm 20cm)
2020158809,SELLBLOG,NORMAL,아이가 재미있게 잘하네요~,2020-09-01T03:29:44.000+0000,STOREFARM,5,어린이 보석십자수 DIY 캐릭터 큐빅 비즈십자수 지니맘,지니맘 큐빅십자수  DIY: 17번 핑크사슴  (15cm 20cm)
2015680294,SELLBLOG,NORMAL,아이가 좋아해요 거뜬히 완성,2020-08-26T01:47:40.000+0000,STOREFARM,4,어린이 보석십자수 DIY 캐릭터 큐빅 비즈십자수 지니맘,지니맘 큐빅십자수  DIY: 9번 겨울사슴 (15cm 20cm)
3000251867,SELLBLOG,NORMAL,"너무 예뻐요~ 아이가 집중해서 잘하네요^^ 상품 하나룰 잘 못 받았는데, 답변도 친절히 주셔서 고맙습니다.",2020-09-06T04:53:30.464+0000,STOREFARM,4,어린이 보석십자수 DIY 캐릭터 큐빅 비즈십자수 지니맘,지니맘 큐빅십자수  DIY: 8번 꽃사슴 (15cm 20cm)
3000251765,SELLBLOG,NORMAL,"너무 예뻐요~ 아이가 집중해서 잘하네요^^ 상품 하나룰 잘 못 받았는데, 답변도 친절히 주셔서 고맙습니다.",2020-09-06T04:53:21.545+0000,STOREFARM,4,어린이 보석십자수 DIY 캐릭터 큐빅 비즈십자수 지니맘,지니맘 큐빅십자수  DIY: 1번 유니콘  (15cm 20cm)
3000251657,SELLBLOG,NORMAL,"너무 예뻐요~ 아이가 집중해서 잘하네요^^ 상품 하나룰 잘 못 받았는데, 답변도 친절히 주셔서 고맙습니다.",2020-09-06T04:53:12.388+0000,STOREFARM,4,어린이 보석십자수 DIY 캐릭터 큐빅 비즈십자수 지니맘,지니맘 큐빅십자수  DIY: 6번 소녀1  (15cm 20cm)
3004034722,SELLBLOG,NORMAL,"우리 조카 생일에 선물했어요.
꼼꼼히 포장해 주셔서 감사드려요~",2020-09-11T03:26:58.866+0000,STOREFARM,5,어린이 보석십자수 DIY 캐릭터 큐빅 비즈십자수 지니맘,지니맘 큐빅십자수  DIY: 14번 부엉이 (15cm 20cm)
3004034636,SELLBLOG,NORMAL,"우리 조카 생일에 선물했어요.
꼼꼼히 포장해 주셔서 감사드려요~",2020-09-11T03:26:52.716+0000,STOREFARM,5,어린이 보석십자수 DIY 캐릭터 큐빅 비즈십자수 지니맘,지니맘 큐빅십자수  DIY: 3번 분홍사슴 (15cm 20cm)
3004034516,SELLBLOG,NORMAL,"우리 조카 생일에 선물했어요.
꼼꼼히 포장해 주셔서 감사드려요~",2020-09-11T03:26:45.232+0000,STOREFARM,5,어린이 보석십자수 DIY 캐릭터 큐빅 비즈십자수 지니맘,지니맘 큐빅십자수  DIY: 13번 별유니콘 (15cm 20cm)
2017612826,SELLBLOG,NORMAL,집에서 핸드폰만 하길래 9살 딸 하라고 샀어요,2020-08-28T08:12:57.000+0000,STOREFARM,5,어린이 보석십자수 DIY 캐릭터 큐빅 비즈십자수 지니맘,지니맘 큐빅십자수  DIY: 17번 핑크사슴  (15cm 20cm)
3006303531,SELLBLOG,NORMAL,"6살 여자아이 인데 재미있어 합니다.
반절씩 이틀동안 해서 완성했어요",2020-09-14T05:04:57.881+0000,STOREFARM,5,어린이 보석십자수 DIY 캐릭터 큐빅 비즈십자수 지니맘,지니맘 큐빅십자수  DIY: 1번 유니콘  (15cm 20cm)
2018838394,SELLBLOG,NORMAL,몇번 하더니 이제 혼자서도 잘하네요^^,2020-08-30T03:02:16.000+0000,STOREFARM,5,어린이 보석십자수 DIY 캐릭터 큐빅 비즈십자수 지니맘,지니맘 큐빅십자수  DIY: 8번 꽃사슴 (15cm 20cm)
2022515722,SELLBLOG,NORMAL,애들이 좋아해요 ^^,2020-09-04T01:29:14.000+0000,STOREFARM,5,어린이 보석십자수 DIY 캐릭터 큐빅 비즈십자수 지니맘,지니맘 큐빅십자수  DIY: 7번 소녀2  (15cm 20cm)
2020636200,SELLBLOG,NORMAL,아이들이 집중해서 하네요~^^,2020-09-01T13:12:17.000+0000,STOREFARM,5,어린이 보석십자수 DIY 캐릭터 큐빅 비즈십자수 지니맘,지니맘 큐빅십자수  DIY: 17번 핑크사슴  (15cm 20cm)
2014815742,SELLBLOG,NORMAL,"애기들이 너무 좋아하네요
더 구매할게요",2020-08-25T01:15:09.000+0000,STOREFARM,5,어린이 보석십자수 DIY 캐릭터 큐빅 비즈십자수 지니맘,지니맘 큐빅십자수  DIY: 11번 클로버 (15cm 20cm)
2018498035,SELLBLOG,NORMAL,아이가 몇시간을 집중해서 하네요,2020-08-29T10:45:46.000+0000,STOREFARM,5,어린이 보석십자수 DIY 캐릭터 큐빅 비즈십자수 지니맘,지니맘 큐빅십자수  DIY: 1번 유니콘  (15cm 20cm)
2018486892,SELLBLOG,NORMAL,아이들이 시간가는줄 모르고 해요,2020-08-29T10:26:46.000+0000,STOREFARM,4,어린이 보석십자수 DIY 캐릭터 큐빅 비즈십자수 지니맘,지니맘 큐빅십자수  DIY: 4번 홍학 (15cm 20cm)
2018486606,SELLBLOG,NORMAL,아이들이 시간가는줄 모르고 해요,2020-08-29T10:26:18.000+0000,STOREFARM,4,어린이 보석십자수 DIY 캐릭터 큐빅 비즈십자수 지니맘,지니맘 큐빅십자수  DIY: 13번 별유니콘 (15cm 20cm)
3004816198,SELLBLOG,NORMAL,"아이가 좋아하네요
저도 하다보니 집중되고 재밌어요",2020-09-12T02:57:14.621+0000,STOREFARM,4,어린이 보석십자수 DIY 캐릭터 큐빅 비즈십자수 지니맘,지니맘 큐빅십자수  DIY: 1번 유니콘  (15cm 20cm)
3012924813,SELLBLOG,AFTER_USE,시간도 잘가고 좋아욬ㅋㅋㅋ,2020-09-23T09:25:02.283+0000,STOREFARM,5,어린이 보석십자수 DIY 캐릭터 큐빅 비즈십자수 지니맘,지니맘 큐빅십자수  DIY: 20번 아기사슴 (15cm 20cm)
2001898672,SELLBLOG,NORMAL,"도안이 너무나 예쁘고 8살 딸아이가  재미있어해요.이틀만에 하나  완성해서 엄마도 생일선물을 받았네요.ㅎㅎㅎ
6살아들은 언제 완성하려나요.완성하긴할까요",2020-08-04T01:36:58.000+0000,STOREFARM,5,어린이 보석십자수 DIY 캐릭터 큐빅 비즈십자수 지니맘,지니맘 큐빅십자수  DIY: 14번 부엉이 (15cm 20cm)
2019202489,SELLBLOG,NORMAL,좋아요 집중력에 좋아요,2020-08-30T12:59:44.000+0000,STOREFARM,5,어린이 보석십자수 DIY 캐릭터 큐빅 비즈십자수 지니맘,지니맘 큐빅십자수  DIY: 9번 겨울사슴 (15cm 20cm)
3007597631,SELLBLOG,NORMAL,하루만에 완성했네요.. 완성하니 이쁘네요,2020-09-16T02:57:16.201+0000,STOREFARM,4,어린이 보석십자수 DIY 캐릭터 큐빅 비즈십자수 지니맘,지니맘 큐빅십자수  DIY: 10번 안경토끼  (15cm 20cm)
3006685094,SELLBLOG,NORMAL,"예쁜데 생각보다 금방할꺼같아요
가격이 조금 저렴하면 좋겠어요",2020-09-14T22:41:54.970+0000,STOREFARM,4,어린이 보석십자수 DIY 캐릭터 큐빅 비즈십자수 지니맘,지니맘 큐빅십자수  DIY: 1번 유니콘  (15cm 20cm)
3010593437,SELLBLOG,NORMAL,딸아이사줫는대좋아하내요,2020-09-20T03:16:30.790+0000,STOREFARM,5,어린이 보석십자수 DIY 캐릭터 큐빅 비즈십자수 지니맘,지니맘 큐빅십자수  DIY: 13번 별유니콘 (15cm 20cm)
3013520897,SELLBLOG,NORMAL,"아이가 좋아해요, .",2020-09-24T05:28:06.060+0000,STOREFARM,5,어린이 보석십자수 DIY 캐릭터 큐빅 비즈십자수 지니맘,지니맘 큐빅십자수  DIY: 14번 부엉이 (15cm 20cm)
3010872902,SELLBLOG,NORMAL,배송도 빠르고 잘 받았습니다.,2020-09-20T11:45:11.084+0000,STOREFARM,5,어린이 보석십자수 DIY 캐릭터 큐빅 비즈십자수 지니맘,지니맘 큐빅십자수  DIY: 2번 보라유니콘  (15cm 20cm)
2019082127,SELLBLOG,NORMAL,조카선물했는데 너무 좋아하네요^^,2020-08-30T08:59:25.000+0000,STOREFARM,5,어린이 보석십자수 DIY 캐릭터 큐빅 비즈십자수 지니맘,지니맘 큐빅십자수  DIY: 20번 아기유니콘 (15cm 20cm)
3009041403,SELLBLOG,NORMAL,대박대박 핸폰안하고 요거하며 노니 너무 좋아용^^,2020-09-18T00:49:56.929+0000,STOREFARM,5,어린이 보석십자수 DIY 캐릭터 큐빅 비즈십자수 지니맘,지니맘 큐빅십자수  DIY: 8번 꽃사슴 (15cm 20cm)
2022842204,SELLBLOG,NORMAL,"딸아이가  생일선물로 받아서 해보고 좋다고 더 사달라고 해서  구매했어요~
해놓으니까 너무 예뻐요~
만족합니다~~",2020-09-04T07:07:03.000+0000,STOREFARM,5,어린이 보석십자수 DIY 캐릭터 큐빅 비즈십자수 지니맘,지니맘 큐빅십자수  DIY: 20번 아기유니콘 (15cm 20cm)
2020126872,SELLBLOG,NORMAL,70살 둘째가 너무 재밌어해요~,2020-09-01T02:44:29.000+0000,STOREFARM,4,어린이 보석십자수 DIY 캐릭터 큐빅 비즈십자수 지니맘,지니맘 큐빅십자수  DIY: 19번 아이스크림 (15cm 20cm)
2003327005,SELLBLOG,NORMAL,"딸이하고싶어해서 주문했는데 시간가는줄 모르고 집중하더라구요^^ 완성하구나니 인테리어 효과도 있겠어요^^
너무예쁘네요",2020-08-06T03:49:57.000+0000,STOREFARM,5,어린이 보석십자수 DIY 캐릭터 큐빅 비즈십자수 지니맘,지니맘 큐빅십자수  DIY: 9번 겨울사슴 (15cm 20cm)
3007782928,SELLBLOG,NORMAL,코로나시대 시간도 잘가고 완성하니 예쁘네요,2020-09-16T07:19:13.552+0000,STOREFARM,5,어린이 보석십자수 DIY 캐릭터 큐빅 비즈십자수 지니맘,지니맘 큐빅십자수  DIY: 1번 유니콘  (15cm 20cm)
3007751024,SELLBLOG,NORMAL,이쁘고 재밌고 집중력 최곱니다. 멈출 수가 없어요~,2020-09-16T06:41:40.478+0000,STOREFARM,5,어린이 보석십자수 DIY 캐릭터 큐빅 비즈십자수 지니맘,지니맘 큐빅십자수  DIY: 17번 핑크유니콘  (15cm 20cm)
3005397852,SELLBLOG,NORMAL,코로나로 외출도 못하고 심심해  하던 아이들에게 큰 선물이 되었어요.,2020-09-12T19:53:50.939+0000,STOREFARM,5,어린이 보석십자수 DIY 캐릭터 큐빅 비즈십자수 지니맘,지니맘 큐빅십자수  DIY: 1번 유니콘  (15cm 20cm)
2011327950,SELLBLOG,NORMAL,만드는 재미가 있어요 아이가 집중해서 잘만들어서 몇개 더 사야겠어요~~,2020-08-20T04:01:22.000+0000,STOREFARM,5,어린이 보석십자수 DIY 캐릭터 큐빅 비즈십자수 지니맘,지니맘 큐빅십자수  DIY: 18번 파란사슴 (15cm 20cm)
3010783433,SELLBLOG,NORMAL,"포장도 잘되어 있고
배송도 빨라요",2020-09-20T08:36:34.970+0000,STOREFARM,5,어린이 보석십자수 DIY 캐릭터 큐빅 비즈십자수 지니맘,지니맘 큐빅십자수  DIY: 20번 아기유니콘 (15cm 20cm)
3006697678,SELLBLOG,NORMAL,"초등 저학년 아이가 가볍게 하기 좋습니다.
시간순삭이에요.",2020-09-14T23:35:32.859+0000,STOREFARM,5,어린이 보석십자수 DIY 캐릭터 큐빅 비즈십자수 지니맘,지니맘 큐빅십자수  DIY: 6번 소녀1  (15cm 20cm)
2019513267,SELLBLOG,AFTER_USE,아이들이 좋다고 해요,2020-08-31T03:27:46.000+0000,STOREFARM,5,어린이 보석십자수 DIY 캐릭터 큐빅 비즈십자수 지니맘,지니맘 큐빅십자수  DIY: 16번 돌고래 (15cm 20cm)
3008563051,SELLBLOG,AFTER_USE,"너무 이뻐요
초등2학년 아이가 하기에 적당하네요",2020-09-17T07:17:57.911+0000,STOREFARM,5,어린이 보석십자수 DIY 캐릭터 큐빅 비즈십자수 지니맘,지니맘 큐빅십자수  DIY: 2번 보라유니콘  (15cm 20cm)
2011683614,SELLBLOG,NORMAL,"완성하고나니 넘이쁘네요
남자아이여도 재미있게 잘하네요",2020-08-20T11:43:47.000+0000,STOREFARM,4,어린이 보석십자수 DIY 캐릭터 큐빅 비즈십자수 지니맘,지니맘 큐빅십자수  DIY: 13번 별유니콘 (15cm 20cm)
3012139673,SELLBLOG,NORMAL,좋네요 하기 힘들긴해요,2020-09-22T08:39:24.125+0000,STOREFARM,5,어린이 보석십자수 DIY 캐릭터 큐빅 비즈십자수 지니맘,지니맘 큐빅십자수  DIY: 1번 유니콘  (15cm 20cm)
2019201737,SELLBLOG,NORMAL,아이가 너무 좋아하네요,2020-08-30T12:58:19.000+0000,STOREFARM,5,어린이 보석십자수 DIY 캐릭터 큐빅 비즈십자수 지니맘,지니맘 큐빅십자수  DIY: 17번 핑크사슴  (15cm 20cm)
3008329568,SELLBLOG,NORMAL,여유있는재료와 색감이 너무 예뻐요,2020-09-17T01:46:48.138+0000,STOREFARM,5,어린이 보석십자수 DIY 캐릭터 큐빅 비즈십자수 지니맘,지니맘 큐빅십자수  DIY: 1번 유니콘  (15cm 20cm)
2018498406,SELLBLOG,NORMAL,다하면 또 재주문 해야겠어요,2020-08-29T10:46:27.000+0000,STOREFARM,5,어린이 보석십자수 DIY 캐릭터 큐빅 비즈십자수 지니맘,지니맘 큐빅십자수  DIY: 6번 소녀1  (15cm 20cm)
3010873108,SELLBLOG,NORMAL,잘 받았습니다. 감사합니다.,2020-09-20T11:45:34.807+0000,STOREFARM,5,어린이 보석십자수 DIY 캐릭터 큐빅 비즈십자수 지니맘,지니맘 큐빅십자수  DIY: 13번 별유니콘 (15cm 20cm)
3010873015,SELLBLOG,NORMAL,잘 받았습니다. 감사합니다.,2020-09-20T11:45:23.659+0000,STOREFARM,5,어린이 보석십자수 DIY 캐릭터 큐빅 비즈십자수 지니맘,지니맘 큐빅십자수  DIY: 1번 유니콘  (15cm 20cm)
3012262320,SELLBLOG,NORMAL,좋아요 정말 좋아요,2020-09-22T11:25:31.123+0000,STOREFARM,5,어린이 보석십자수 DIY 캐릭터 큐빅 비즈십자수 지니맘,지니맘 큐빅십자수  DIY: 13번 별유니콘 (15cm 20cm)
3000099701,SELLBLOG,NORMAL,"코로나로인해  애들 집에서잘가지고 노네요

어른인 제가해도 재미있습니다",2020-09-06T01:52:13.739+0000,STOREFARM,5,어린이 보석십자수 DIY 캐릭터 큐빅 비즈십자수 지니맘,지니맘 큐빅십자수  DIY: 2번 보라유니콘  (15cm 20cm)
3004641216,SELLBLOG,NORMAL,완전좋아하고 그림도이쁘곻ㅎㅎ 이틀걸렷대여,2020-09-11T17:28:24.510+0000,STOREFARM,5,어린이 보석십자수 DIY 캐릭터 큐빅 비즈십자수 지니맘,지니맘 큐빅십자수  DIY: 1번 유니콘  (15cm 20cm)
2003735846,SELLBLOG,NORMAL,3개 서로 다른걸로 주문했는데 하나가 부엉이 말고 같은 상품으로 왔어요! 반품 귀찮아서 그냥 쓰긴 하겠는데 3개 서로 다른 걸로해서 벽에 걸려고 액자까지 구매했는데.. 물품보내실때 꼼꼼하게 확인해서 보내주세요,2020-08-06T14:25:31.000+0000,STOREFARM,2,어린이 보석십자수 DIY 캐릭터 큐빅 비즈십자수 지니맘,지니맘 큐빅십자수  DIY: 13번 별유니콘 (15cm 20cm)
3007135865,SELLBLOG,NORMAL,재미있어요 아이가 좋아해요,2020-09-15T10:04:41.841+0000,STOREFARM,5,어린이 보석십자수 DIY 캐릭터 큐빅 비즈십자수 지니맘,지니맘 큐빅십자수  DIY: 17번 핑크유니콘  (15cm 20cm)
3005378044,SELLBLOG,NORMAL,아이들이 아주 좋아해요. 감사합니다.,2020-09-12T16:50:21.950+0000,STOREFARM,5,어린이 보석십자수 DIY 캐릭터 큐빅 비즈십자수 지니맘,지니맘 큐빅십자수  DIY: 1번 유니콘  (15cm 20cm)
3008290454,SELLBLOG,NORMAL,"아이들이 재밌어하네요 
시간가는줄 몰라요",2020-09-17T00:57:57.136+0000,STOREFARM,5,어린이 보석십자수 DIY 캐릭터 큐빅 비즈십자수 지니맘,지니맘 큐빅십자수  DIY: 1번 유니콘  (15cm 20cm)
2017663738,SELLBLOG,NORMAL,배송이7일이나 걸린게 너무 아쉬움,2020-08-28T09:15:08.000+0000,STOREFARM,4,어린이 보석십자수 DIY 캐릭터 큐빅 비즈십자수 지니맘,지니맘 큐빅십자수  DIY: 16번 여우 (15cm 20cm)
2020690284,SELLBLOG,NORMAL,아이들이 좋아하네요~~^^,2020-09-01T14:18:00.000+0000,STOREFARM,5,어린이 보석십자수 DIY 캐릭터 큐빅 비즈십자수 지니맘,지니맘 큐빅십자수  DIY: 10번 안경토끼  (15cm 20cm)
3003907303,SELLBLOG,NORMAL,"역시 보석큐빅이라 넘이쁘고 화려해여~
액자 주문을잘못해서  한개만와서 아쉬워여^^",2020-09-11T01:11:03.487+0000,STOREFARM,5,어린이 보석십자수 DIY 캐릭터 큐빅 비즈십자수 지니맘,지니맘 큐빅십자수  DIY: 2번 보라유니콘  (15cm 20cm)
2019513424,SELLBLOG,NORMAL,7살딸이너무좋아해요,2020-08-31T03:27:57.000+0000,STOREFARM,4,어린이 보석십자수 DIY 캐릭터 큐빅 비즈십자수 지니맘,지니맘 큐빅십자수  DIY: 8번 꽃사슴 (15cm 20cm)
2019276219,SELLBLOG,NORMAL,"어른들하는 보석 십자수 보다 훨~~씬 예뻐요
정말 보석 같아요
사이즈 큰것두 있었음 좋겠네요
아쉬운점은 액자에 끼울때 사이즈가 안맞아 가위로 오려야 한다는점...",2020-08-30T15:36:29.000+0000,STOREFARM,4,어린이 보석십자수 DIY 캐릭터 큐빅 비즈십자수 지니맘,지니맘 큐빅십자수  DIY: 14번 부엉이 (15cm 20cm)
3009633473,SELLBLOG,NORMAL,반짝거려더욱좋아해요 더사야겠어요,2020-09-18T13:09:16.338+0000,STOREFARM,5,어린이 보석십자수 DIY 캐릭터 큐빅 비즈십자수 지니맘,지니맘 큐빅십자수  DIY: 18번 파란사슴 (15cm 20cm)
3009127799,SELLBLOG,NORMAL,큐빅이 블랑블링 너무 이뻐요,2020-09-18T02:31:04.760+0000,STOREFARM,5,어린이 보석십자수 DIY 캐릭터 큐빅 비즈십자수 지니맘,지니맘 큐빅십자수  DIY: 3번 분홍사슴 (15cm 20cm)
3001619812,SELLBLOG,NORMAL,"너무 재밌어요ㅋㅋ 8 살 아들도 곧잘하네요
다만 배송이.....  만5일 걸렸다는게 아쉽네요ㅠ",2020-09-08T04:13:03.922+0000,STOREFARM,4,어린이 보석십자수 DIY 캐릭터 큐빅 비즈십자수 지니맘,지니맘 큐빅십자수  DIY: 4번 홍학 (15cm 20cm)
2007678728,SELLBLOG,NORMAL,완전 만족합니다 배송도 빨라요 적극 추천드립니다 애들이 너무 좋아해서 재구매 의사있습니다,2020-08-13T06:23:23.000+0000,STOREFARM,5,어린이 보석십자수 DIY 캐릭터 큐빅 비즈십자수 지니맘,지니맘 큐빅십자수  DIY: 9번 겨울사슴 (15cm 20cm)
3010409890,SELLBLOG,NORMAL,좋아용 딸아이와 같이 하려구용,2020-09-19T16:09:40.742+0000,STOREFARM,5,어린이 보석십자수 DIY 캐릭터 큐빅 비즈십자수 지니맘,지니맘 큐빅십자수  DIY: 14번 부엉이 (15cm 20cm)
2003237713,SELLBLOG,NORMAL,"비가 와서 상품이 젖을까 걱정했는데
잘 포장되어 왔어요. 7살 딸아이가 고른 도안인데 시간이 좀 걸리더라도 스스로 완성하게 하려고요. 함께 주문한 액자도 맘에 들어요. 
주문하고 다음날 바로 받았어요.",2020-08-06T01:18:05.000+0000,STOREFARM,5,어린이 보석십자수 DIY 캐릭터 큐빅 비즈십자수 지니맘,지니맘 큐빅십자수  DIY: 7번 소녀2  (15cm 20cm)
2003236567,SELLBLOG,NORMAL,"비가 와서 상품이 젖을까 걱정했는데
잘 포장되어 왔어요. 7살 딸아이가 고른 도안인데 시간이 좀 걸리더라도 스스로 완성하게 하려고요. 함께 주문한 액자도 맘에 들어요. 
주문하고 다음날 바로 받았어요.",2020-08-06T01:16:34.000+0000,STOREFARM,5,어린이 보석십자수 DIY 캐릭터 큐빅 비즈십자수 지니맘,지니맘 큐빅십자수  DIY: 18번 파란사슴 (15cm 20cm)
3007289421,SELLBLOG,NORMAL,야기가좋아해요잘썻어요,2020-09-15T13:07:32.824+0000,STOREFARM,5,어린이 보석십자수 DIY 캐릭터 큐빅 비즈십자수 지니맘,지니맘 큐빅십자수  DIY: 13번 별유니콘 (15cm 20cm)
2002088667,SELLBLOG,NORMAL,"유니콘을 하나 더샀네요^^;;이론..  
덕분에 조카가 와서 같이 하고있네요ㅋ
아이들이 이뿌고 하기 편하다고 너무 좋아해요~  전에 비즈보다 하기쉽고 이뻐요!^^",2020-08-04T06:41:26.000+0000,STOREFARM,5,어린이 보석십자수 DIY 캐릭터 큐빅 비즈십자수 지니맘,지니맘 큐빅십자수  DIY: 13번 별유니콘 (15cm 20cm)
3004698907,SELLBLOG,NORMAL,"이뻐요 나름 가성비도 좋아요
아이들 하기 쉬어요",2020-09-12T00:25:07.283+0000,STOREFARM,5,어린이 보석십자수 DIY 캐릭터 큐빅 비즈십자수 지니맘,지니맘 큐빅십자수  DIY: 11번 클로버 (15cm 20cm)
2020146267,SELLBLOG,NORMAL,배송 오자마자 시작했는데 몇 시간동안 아무것도 안 하고 이것만 했어요. 너무 재밌게 했고 다른 그림도 구매해 볼 의향 있어요,2020-09-01T03:13:01.000+0000,STOREFARM,5,어린이 보석십자수 DIY 캐릭터 큐빅 비즈십자수 지니맘,지니맘 큐빅십자수  DIY: 17번 핑크사슴  (15cm 20cm)
3007844587,SELLBLOG,NORMAL,좋아요 예쁘네요 집중잘돼요,2020-09-16T08:32:27.904+0000,STOREFARM,5,어린이 보석십자수 DIY 캐릭터 큐빅 비즈십자수 지니맘,지니맘 큐빅십자수  DIY: 8번 꽃사슴 (15cm 20cm)
3010273760,SELLBLOG,NORMAL,완성하니 정말 이뻐요,2020-09-19T11:51:30.874+0000,STOREFARM,5,어린이 보석십자수 DIY 캐릭터 큐빅 비즈십자수 지니맘,지니맘 큐빅십자수  DIY: 14번 부엉이 (15cm 20cm)
3010490550,SELLBLOG,NORMAL,배송빠르고 아주좋아요~~,2020-09-20T00:52:17.136+0000,STOREFARM,5,어린이 보석십자수 DIY 캐릭터 큐빅 비즈십자수 지니맘,지니맘 큐빅십자수  DIY: 6번 소녀1  (15cm 20cm)
3002068735,SELLBLOG,NORMAL,"반짝거려서 아이가 관심있게 열심히 하네요
대만족입니다ㅎㅎ",2020-09-08T13:07:11.636+0000,STOREFARM,5,어린이 보석십자수 DIY 캐릭터 큐빅 비즈십자수 지니맘,지니맘 큐빅십자수  DIY: 1번 유니콘  (15cm 20cm)
2013676235,SELLBLOG,NORMAL,"포장도 너무 깔끔하게 오고
뜯으면서도
아이가 즐거워 합니다
너무 이뻐요",2020-08-23T04:44:47.000+0000,STOREFARM,5,어린이 보석십자수 DIY 캐릭터 큐빅 비즈십자수 지니맘,지니맘 큐빅십자수  DIY: 17번 핑크사슴  (15cm 20cm)
2019402540,SELLBLOG,NORMAL,"조카가 하고 싶어해서 선물해줬더니 하루만에 다하고 좋아하더라구요
집중도 잘하고 하고나서 액자에 보관도 되니 더 좋아하더라부요",2020-08-31T01:16:01.000+0000,STOREFARM,5,어린이 보석십자수 DIY 캐릭터 큐빅 비즈십자수 지니맘,지니맘 큐빅십자수  DIY: 20번 아기사슴 (15cm 20cm)
2014067323,SELLBLOG,NORMAL,"아이가 좋아해요~
완성하니 반짝 반짝 빛나네요~",2020-08-23T23:13:39.000+0000,STOREFARM,5,어린이 보석십자수 DIY 캐릭터 큐빅 비즈십자수 지니맘,지니맘 큐빅십자수  DIY: 13번 별유니콘 (15cm 20cm)
2022843389,SELLBLOG,NORMAL,"딸아이가 생일 선물로 받아서 해보고 좋다고 더 사달라고 해서 구매했어요~
만족합니다~",2020-09-04T07:08:25.000+0000,STOREFARM,5,어린이 보석십자수 DIY 캐릭터 큐빅 비즈십자수 지니맘,지니맘 큐빅십자수  DIY: 12번 돌고래 (15cm 20cm)
2021273675,SELLBLOG,NORMAL,배송빠르고 좋급ㄴ다,2020-09-02T09:44:17.000+0000,STOREFARM,4,어린이 보석십자수 DIY 캐릭터 큐빅 비즈십자수 지니맘,지니맘 큐빅십자수  DIY: 1번 유니콘  (15cm 20cm)
3000050637,SELLBLOG,NORMAL,"8살여아 너무좋아합니다~
1시간동안집중하고해요
더하자는거ㅋ  제가힘들어서못했어요",2020-09-06T00:41:29.278+0000,STOREFARM,5,어린이 보석십자수 DIY 캐릭터 큐빅 비즈십자수 지니맘,지니맘 큐빅십자수  DIY: 2번 보라유니콘  (15cm 20cm)
3000050553,SELLBLOG,NORMAL,"8살여아 너무좋아합니다~
1시간동안집중하고해요
더하자는거ㅋ  제가힘들어서못했어요",2020-09-06T00:41:21.522+0000,STOREFARM,5,어린이 보석십자수 DIY 캐릭터 큐빅 비즈십자수 지니맘,지니맘 큐빅십자수  DIY: 20번 아기유니콘 (15cm 20cm)
3000050492,SELLBLOG,NORMAL,"8살여아 너무좋아합니다~
1시간동안집중하고해요
더하자는거ㅋ  제가힘들어서못했어요",2020-09-06T00:41:14.627+0000,STOREFARM,5,어린이 보석십자수 DIY 캐릭터 큐빅 비즈십자수 지니맘,지니맘 큐빅십자수  DIY: 1번 유니콘  (15cm 20cm)
2016199049,SELLBLOG,NORMAL,아이랑 집에서 집중해서 놀기 좋아요,2020-08-26T12:47:19.000+0000,STOREFARM,5,어린이 보석십자수 DIY 캐릭터 큐빅 비즈십자수 지니맘,지니맘 큐빅십자수  DIY: 14번 부엉이 (15cm 20cm)
2011946308,SELLBLOG,NORMAL,좋아요. 7살아이가 5시간을 이틀에 걸쳐 완성했어요.,2020-08-21T00:19:47.000+0000,STOREFARM,5,어린이 보석십자수 DIY 캐릭터 큐빅 비즈십자수 지니맘,지니맘 큐빅십자수  DIY: 3번 분홍사슴 (15cm 20cm)
2019202050,SELLBLOG,NORMAL,재구매 고르고있어요!,2020-08-30T12:58:54.000+0000,STOREFARM,5,어린이 보석십자수 DIY 캐릭터 큐빅 비즈십자수 지니맘,지니맘 큐빅십자수  DIY: 13번 별유니콘 (15cm 20cm)
3004519456,SELLBLOG,NORMAL,아이가좋아해요 해보구 더큰거 살게요,2020-09-11T12:44:01.697+0000,STOREFARM,5,어린이 보석십자수 DIY 캐릭터 큐빅 비즈십자수 지니맘,지니맘 큐빅십자수  DIY: 2번 보라유니콘  (15cm 20cm)
2007678355,SELLBLOG,NORMAL,완전 만족합니다 배송도 빨라요 적극 추천드립니다 애들이 너무 좋아해서 재구매 의사있습니다,2020-08-13T06:22:51.000+0000,STOREFARM,5,어린이 보석십자수 DIY 캐릭터 큐빅 비즈십자수 지니맘,지니맘 큐빅십자수  DIY: 12번 돌고래 (15cm 20cm)
2011687121,SELLBLOG,NORMAL,"아이랑 방학때 잼나게 했어요 
파스도 여유있구요",2020-08-20T11:48:08.000+0000,STOREFARM,5,어린이 보석십자수 DIY 캐릭터 큐빅 비즈십자수 지니맘,지니맘 큐빅십자수  DIY: 13번 별유니콘 (15cm 20cm)
900316536,SELLBLOG,NORMAL,아이가 보석십자수 작은 거 하더니 재밌다고 해서 이번엔 좀 큰사이즈로 주문했어요 큐빅이 좀 더 커서 아이가 금방 금방 하겠어요 재미있어하면 다하고 몇 개 더 사야겠어요 어른이 해도 재밌더라구요 안 하고 방치하면 제가 완성해야겠어요 ㅋㅋㅋ,2020-07-21T07:51:41.000+0000,STOREFARM,5,어린이 보석십자수 DIY 캐릭터 큐빅 비즈십자수 지니맘,지니맘 큐빅십자수  DIY: 8번 꽃사슴 (15cm 20cm)
900316317,SELLBLOG,NORMAL,아이가 보석십자수 작은 거 하더니 재밌다고 해서 이번엔 좀 큰사이즈로 주문했어요 큐빅이 좀 더 커서 아이가 금방 금방 하겠어요 재미있어하면 다하고 몇 개 더 사야겠어요 어른이 해도 재밌더라구요 안 하고 방치하면 제가 완성해야겠어요 ㅋㅋㅋ,2020-07-21T07:51:23.000+0000,STOREFARM,5,어린이 보석십자수 DIY 캐릭터 큐빅 비즈십자수 지니맘,지니맘 큐빅십자수  DIY: 1번 유니콘  (15cm 20cm)
2017007376,SELLBLOG,NORMAL,엄청 열심히 하네요 감사합니다,2020-08-27T12:59:17.000+0000,STOREFARM,5,어린이 보석십자수 DIY 캐릭터 큐빅 비즈십자수 지니맘,지니맘 큐빅십자수  DIY: 7번 소녀2  (15cm 20cm)
2011941109,SELLBLOG,NORMAL,"배송빠르고 아이가 좋아해요.
받자마자 열심히하네요.",2020-08-21T00:11:29.000+0000,STOREFARM,4,어린이 보석십자수 DIY 캐릭터 큐빅 비즈십자수 지니맘,지니맘 큐빅십자수  DIY: 13번 별유니콘 (15cm 20cm)
3004795347,SELLBLOG,NORMAL,아이들이 엄청 좋아하네요? 대만족!,2020-09-12T02:34:22.085+0000,STOREFARM,5,어린이 보석십자수 DIY 캐릭터 큐빅 비즈십자수 지니맘,지니맘 큐빅십자수  DIY: 19번 아이스크림 (15cm 20cm)
2005378150,SELLBLOG,NORMAL,"기대이상으로 넘 이쁘네요.
코로나에 비소식으로 외출을 잘 못하는데
아이들 방학동안 알차고 보낼 수있고
 예쁘게 완성되어가니 흐뭇합니다",2020-08-09T09:56:54.000+0000,STOREFARM,5,어린이 보석십자수 DIY 캐릭터 큐빅 비즈십자수 지니맘,지니맘 큐빅십자수  DIY: 14번 부엉이 (15cm 20cm)
3004956336,SELLBLOG,AFTER_USE,꼼꼼히 후딱 끝냈어요.많이하면 목아파요.,2020-09-12T05:37:45.956+0000,STOREFARM,5,어린이 보석십자수 DIY 캐릭터 큐빅 비즈십자수 지니맘,지니맘 큐빅십자수  DIY: 13번 별유니콘 (15cm 20cm)
3000157323,SELLBLOG,NORMAL,아이들이 앉아서 집중하며 잘해요~완성해가면서 이쁘다고 너무 좋아하네요!,2020-09-06T02:59:58.584+0000,STOREFARM,5,어린이 보석십자수 DIY 캐릭터 큐빅 비즈십자수 지니맘,지니맘 큐빅십자수  DIY: 1번 유니콘  (15cm 20cm)
2008248666,SELLBLOG,AFTER_USE,아이가 마음에 들어하고 완성된 후 액자로 만들어놓으니 예뻐요~^^  덕분에 아이 집중하는 시간도 늘었네요!,2020-08-14T03:56:32.000+0000,STOREFARM,5,어린이 보석십자수 DIY 캐릭터 큐빅 비즈십자수 지니맘,지니맘 큐빅십자수  DIY: 1번 유니콘  (15cm 20cm)
3008536696,SELLBLOG,NORMAL,재입고까지 한참 기다렸어요,2020-09-17T06:46:15.069+0000,STOREFARM,5,어린이 보석십자수 DIY 캐릭터 큐빅 비즈십자수 지니맘,지니맘 큐빅십자수  DIY: 13번 별유니콘 (15cm 20cm)
2014067771,SELLBLOG,NORMAL,"아이가 좋아해요
반짝 반짝 빛나서 예뻐요",2020-08-23T23:15:01.000+0000,STOREFARM,5,어린이 보석십자수 DIY 캐릭터 큐빅 비즈십자수 지니맘,지니맘 큐빅십자수  DIY: 13번 별유니콘 (15cm 20cm)
2018285347,SELLBLOG,NORMAL,아이가 잘해주네요 잘샀네요,2020-08-29T06:15:28.000+0000,STOREFARM,4,어린이 보석십자수 DIY 캐릭터 큐빅 비즈십자수 지니맘,지니맘 큐빅십자수  DIY: 1번 유니콘  (15cm 20cm)
2023948441,SELLBLOG,NORMAL,ㄱㅅ합니다. 잘쓸께요,2020-09-05T14:43:58.000+0000,STOREFARM,5,어린이 보석십자수 DIY 캐릭터 큐빅 비즈십자수 지니맘,지니맘 큐빅십자수  DIY: 1번 유니콘  (15cm 20cm)
3000812452,SELLBLOG,NORMAL,"아이들이 집콕이라 구입했어요
좋아요
벌써 다했다고 또사달라고하네요",2020-09-07T02:13:24.909+0000,STOREFARM,4,어린이 보석십자수 DIY 캐릭터 큐빅 비즈십자수 지니맘,지니맘 큐빅십자수  DIY: 1번 유니콘  (15cm 20cm)
2016564057,SELLBLOG,NORMAL,애들이좋아해서 애들친구들한테 선물해줬어요,2020-08-27T03:38:46.000+0000,STOREFARM,5,어린이 보석십자수 DIY 캐릭터 큐빅 비즈십자수 지니맘,지니맘 큐빅십자수  DIY: 10번 안경토끼  (15cm 20cm)
2019145395,SELLBLOG,NORMAL,아이가 너무좋아해요^^,2020-08-30T11:15:51.000+0000,STOREFARM,5,어린이 보석십자수 DIY 캐릭터 큐빅 비즈십자수 지니맘,지니맘 큐빅십자수  DIY: 2번 보라유니콘  (15cm 20cm)
3003098668,SELLBLOG,NORMAL,취미로 해보려고 구입했어요ㅎ시간가는줄모르게 해요,2020-09-10T00:45:54.625+0000,STOREFARM,5,어린이 보석십자수 DIY 캐릭터 큐빅 비즈십자수 지니맘,지니맘 큐빅십자수  DIY: 2번 보라유니콘  (15cm 20cm)
3003098574,SELLBLOG,NORMAL,취미로 해보려고 구입했어요ㅎ시간가는줄모르게 해요,2020-09-10T00:45:47.637+0000,STOREFARM,5,어린이 보석십자수 DIY 캐릭터 큐빅 비즈십자수 지니맘,지니맘 큐빅십자수  DIY: 1번 유니콘  (15cm 20cm)
2018222029,SELLBLOG,NORMAL,아이가 너문 좋아해요,2020-08-29T05:13:13.000+0000,STOREFARM,5,어린이 보석십자수 DIY 캐릭터 큐빅 비즈십자수 지니맘,지니맘 큐빅십자수  DIY: 12번 돌고래 (15cm 20cm)
2017839618,SELLBLOG,NORMAL,집중할수있어서좋아요,2020-08-28T13:33:51.000+0000,STOREFARM,4,어린이 보석십자수 DIY 캐릭터 큐빅 비즈십자수 지니맘,지니맘 큐빅십자수  DIY: 1번 유니콘  (15cm 20cm)
2019235773,SELLBLOG,NORMAL,아주 블링블링 예쁘네요. 아이가 엄청 좋아해요~ 여자애들은 반짝이는걸 좋아해서^^ 보석 크기두 다양하게 있고 지루하지 않은것 같아요^^,2020-08-30T13:58:58.000+0000,STOREFARM,5,어린이 보석십자수 DIY 캐릭터 큐빅 비즈십자수 지니맘,지니맘 큐빅십자수  DIY: 13번 별유니콘 (15cm 20cm)
3008377165,SELLBLOG,AFTER_USE,귀여워요!! 맘에들어요,2020-09-17T02:55:39.097+0000,STOREFARM,5,어린이 보석십자수 DIY 캐릭터 큐빅 비즈십자수 지니맘,지니맘 큐빅십자수  DIY: 2번 보라유니콘  (15cm 20cm)
3010036365,SELLBLOG,NORMAL,조카선물해주었네요~,2020-09-19T05:50:17.563+0000,STOREFARM,5,어린이 보석십자수 DIY 캐릭터 큐빅 비즈십자수 지니맘,지니맘 큐빅십자수  DIY: 16번 여우 (15cm 20cm)
2018170250,SELLBLOG,NORMAL,"집콕으로 샀어요
초등학생은 하루만에 뚝딱
7살아이는 천천히 2일째해요
아이들이 재미있다고하네요 해놓으니 이뻐요
가격만 조금 더 착하믄 좋겠어요ㅠㅠ",2020-08-29T04:19:25.000+0000,STOREFARM,4,어린이 보석십자수 DIY 캐릭터 큐빅 비즈십자수 지니맘,지니맘 큐빅십자수  DIY: 13번 별유니콘 (15cm 20cm)
3007781463,SELLBLOG,NORMAL,아이가 집중하며 즐겁게 잘 합니다.,2020-09-16T07:17:31.703+0000,STOREFARM,5,어린이 보석십자수 DIY 캐릭터 큐빅 비즈십자수 지니맘,지니맘 큐빅십자수  DIY: 17번 핑크유니콘  (15cm 20cm)
3011276561,SELLBLOG,NORMAL,아이가 좋아해요^^,2020-09-21T04:20:00.162+0000,STOREFARM,5,어린이 보석십자수 DIY 캐릭터 큐빅 비즈십자수 지니맘,지니맘 큐빅십자수  DIY: 12번 돌고래 (15cm 20cm)
3005776006,SELLBLOG,NORMAL,좋아요 아이들이 넘 조아해요,2020-09-13T09:35:45.547+0000,STOREFARM,5,어린이 보석십자수 DIY 캐릭터 큐빅 비즈십자수 지니맘,지니맘 큐빅십자수  DIY: 1번 유니콘  (15cm 20cm)
2000647161,SELLBLOG,NORMAL,"동생이 큐빅십자수 해보고 싶다고  하도 졸라서
구매를 했는데 가격도  저렴하고 배송도 빠르네요.
신이나서 열심히 하는데 저에게 뭘 물어보는데 저도
잘 몰라 답을 못해줘서요.
 자꾸 질문을 하게 되네요.
친절하게 답변해주셔서 감사합니다.
적극 추천합니다.",2020-08-01T09:47:50.000+0000,STOREFARM,5,어린이 보석십자수 DIY 캐릭터 큐빅 비즈십자수 지니맘,지니맘 큐빅십자수  DIY: 14번 부엉이 (15cm 20cm)
2003853020,SELLBLOG,NORMAL,"비즈가 반짝반짝 예뻐요~아쉬운점은 도안 접착부분이 양면테잎인가봐요.. 비즈 위치를 잘 못 붙이면 옆으로 안밀려요 ㅜㅜ
그래도 6딸아이가 받자마자 신나서 매일매일하고있어요",2020-08-07T00:16:48.000+0000,STOREFARM,4,어린이 보석십자수 DIY 캐릭터 큐빅 비즈십자수 지니맘,지니맘 큐빅십자수  DIY: 13번 별유니콘 (15cm 20cm)
3003847721,SELLBLOG,NORMAL,너무 예쁩니다. 아이들이 재밌어해요.,2020-09-10T23:34:03.111+0000,STOREFARM,5,어린이 보석십자수 DIY 캐릭터 큐빅 비즈십자수 지니맘,지니맘 큐빅십자수  DIY: 1번 유니콘  (15cm 20cm)
2016685079,SELLBLOG,NORMAL,보석이 정말 예쁘게 반짝이네요~,2020-08-27T06:18:26.000+0000,STOREFARM,5,어린이 보석십자수 DIY 캐릭터 큐빅 비즈십자수 지니맘,지니맘 큐빅십자수  DIY: 13번 별유니콘 (15cm 20cm)
3004701554,SELLBLOG,AFTER_USE,집중력 좋네요 애가 너무 좋아해요,2020-09-12T00:30:27.044+0000,STOREFARM,5,어린이 보석십자수 DIY 캐릭터 큐빅 비즈십자수 지니맘,지니맘 큐빅십자수  DIY: 13번 별유니콘 (15cm 20cm)
3004701383,SELLBLOG,AFTER_USE,집중력 좋네요 애가 너무 좋아해요,2020-09-12T00:30:03.961+0000,STOREFARM,4,어린이 보석십자수 DIY 캐릭터 큐빅 비즈십자수 지니맘,지니맘 큐빅십자수  DIY: 14번 부엉이 (15cm 20cm)
2013226264,SELLBLOG,NORMAL,배송빠르고 좋아요 아이가 좋아해요,2020-08-22T10:36:17.000+0000,STOREFARM,5,어린이 보석십자수 DIY 캐릭터 큐빅 비즈십자수 지니맘,지니맘 큐빅십자수  DIY: 9번 겨울사슴 (15cm 20cm)
3003000057,SELLBLOG,NORMAL,"좋아요 아이들이 좋아해요
풍절된 디자인  아쉽네요",2020-09-09T16:53:15.909+0000,STOREFARM,5,어린이 보석십자수 DIY 캐릭터 큐빅 비즈십자수 지니맘,지니맘 큐빅십자수  DIY: 1번 유니콘  (15cm 20cm)
3003191364,SELLBLOG,NORMAL,아이들이 너무 좋아해요. 이틀만에 다 해놨네요^^,2020-09-10T02:38:53.380+0000,STOREFARM,5,어린이 보석십자수 DIY 캐릭터 큐빅 비즈십자수 지니맘,지니맘 큐빅십자수  DIY: 1번 유니콘  (15cm 20cm)
3008758290,SELLBLOG,NORMAL,초등저학년 하기 좋아요,2020-09-17T11:30:51.342+0000,STOREFARM,4,어린이 보석십자수 DIY 캐릭터 큐빅 비즈십자수 지니맘,지니맘 큐빅십자수  DIY: 2번 보라유니콘  (15cm 20cm)
2018222723,SELLBLOG,NORMAL,아이가 너무 좋아해요.,2020-08-29T05:13:48.000+0000,STOREFARM,5,어린이 보석십자수 DIY 캐릭터 큐빅 비즈십자수 지니맘,지니맘 큐빅십자수  DIY: 1번 유니콘  (15cm 20cm)
3005451631,SELLBLOG,NORMAL,설명에있듯이 보석이 반짝반짝 완성하니 너무 예뻐요,2020-09-13T00:56:16.002+0000,STOREFARM,5,어린이 보석십자수 DIY 캐릭터 큐빅 비즈십자수 지니맘,지니맘 큐빅십자수  DIY: 14번 부엉이 (15cm 20cm)
2010791705,SELLBLOG,NORMAL,꼼꼼하게 배송되어 왔네요.완성 해서 후기 올려 볼께요~,2020-08-19T09:55:48.000+0000,STOREFARM,4,어린이 보석십자수 DIY 캐릭터 큐빅 비즈십자수 지니맘,지니맘 큐빅십자수  DIY: 14번 부엉이 (15cm 20cm)
3005422756,SELLBLOG,NORMAL,할때는 힘들다하더니 완성하니 뿌듯해하네요,2020-09-12T23:40:30.738+0000,STOREFARM,4,어린이 보석십자수 DIY 캐릭터 큐빅 비즈십자수 지니맘,지니맘 큐빅십자수  DIY: 9번 겨울사슴 (15cm 20cm)
2019144967,SELLBLOG,NORMAL,아이가 너무 좋아해요~~^^,2020-08-30T11:15:00.000+0000,STOREFARM,5,어린이 보석십자수 DIY 캐릭터 큐빅 비즈십자수 지니맘,지니맘 큐빅십자수  DIY: 16번 여우 (15cm 20cm)
2017933271,SELLBLOG,NORMAL,"완전 깜찍하네요
완전 강추합니다",2020-08-28T18:10:07.000+0000,STOREFARM,5,어린이 보석십자수 DIY 캐릭터 큐빅 비즈십자수 지니맘,지니맘 큐빅십자수  DIY: 18번 파란사슴 (15cm 20cm)
2019387965,SELLBLOG,NORMAL,요즘같은 시기 방콕제품 최고입니다~ 아이 혼자 하기 좋아하고 완성하고 나면 뿌듯하면서 좋아합니다~^^  너무이뻐욤~,2020-08-31T00:58:42.000+0000,STOREFARM,5,어린이 보석십자수 DIY 캐릭터 큐빅 비즈십자수 지니맘,지니맘 큐빅십자수  DIY: 3번 분홍사슴 (15cm 20cm)
2023082407,SELLBLOG,AFTER_USE,핸드폰만보는 아이들  때문에 구입했는데 잘하고 좋아해요 어렵지않아해요,2020-09-04T12:21:12.000+0000,STOREFARM,5,어린이 보석십자수 DIY 캐릭터 큐빅 비즈십자수 지니맘,지니맘 큐빅십자수  DIY: 5번  반짝이 사슴 (15cm 20cm)
3003847864,SELLBLOG,NORMAL,너무 예쁩니다. 아이들이 좋아해요.,2020-09-10T23:34:21.951+0000,STOREFARM,5,어린이 보석십자수 DIY 캐릭터 큐빅 비즈십자수 지니맘,지니맘 큐빅십자수  DIY: 10번 안경토끼  (15cm 20cm)
2008526230,SELLBLOG,NORMAL,큐빅도 예쁘고 반짝반짝하네요 작품이 만들어질 것 같습니다 아이도 엄마도 만족입니다,2020-08-14T13:39:55.000+0000,STOREFARM,5,어린이 보석십자수 DIY 캐릭터 큐빅 비즈십자수 지니맘,지니맘 큐빅십자수  DIY: 8번 꽃사슴 (15cm 20cm)
3008376823,SELLBLOG,AFTER_USE,딸아이가 너무 좋아해용,2020-09-17T02:55:08.842+0000,STOREFARM,5,어린이 보석십자수 DIY 캐릭터 큐빅 비즈십자수 지니맘,
2014915685,SELLBLOG,NORMAL,너무 너무 좋아요^^ 애들이 좋아해요 ㅋㅋ,2020-08-25T03:15:58.000+0000,STOREFARM,5,어린이 보석십자수 DIY 캐릭터 큐빅 비즈십자수 지니맘,지니맘 큐빅십자수  DIY: 4번 홍학 (15cm 20cm)
2013677173,SELLBLOG,NORMAL,"크기도 적당해서
금방완성하고 좋아요
만족합니다",2020-08-23T04:46:07.000+0000,STOREFARM,5,어린이 보석십자수 DIY 캐릭터 큐빅 비즈십자수 지니맘,지니맘 큐빅십자수  DIY: 3번 분홍사슴 (15cm 20cm)
3004816446,SELLBLOG,NORMAL,아이가 좋아하네요~저도 재밌어요,2020-09-12T02:57:31.255+0000,STOREFARM,4,어린이 보석십자수 DIY 캐릭터 큐빅 비즈십자수 지니맘,지니맘 큐빅십자수  DIY: 6번 소녀1  (15cm 20cm)
2013485220,SELLBLOG,NORMAL,예쁘고 쉬워요  아이가 좋아해요,2020-08-23T00:50:28.000+0000,STOREFARM,5,어린이 보석십자수 DIY 캐릭터 큐빅 비즈십자수 지니맘,지니맘 큐빅십자수  DIY: 14번 부엉이 (15cm 20cm)
2013484759,SELLBLOG,NORMAL,이쁘고 쉬워요  아이가 좋아해요,2020-08-23T00:49:45.000+0000,STOREFARM,5,어린이 보석십자수 DIY 캐릭터 큐빅 비즈십자수 지니맘,지니맘 큐빅십자수  DIY: 11번 클로버 (15cm 20cm)
3006577779,SELLBLOG,NORMAL,아이가 집중력있게 잘 가지고 놀아요 ~,2020-09-14T13:07:49.523+0000,STOREFARM,5,어린이 보석십자수 DIY 캐릭터 큐빅 비즈십자수 지니맘,지니맘 큐빅십자수  DIY: 1번 유니콘  (15cm 20cm)
3004171130,SELLBLOG,NORMAL,아이들이 넘 재미있어하네요..좋아요,2020-09-11T05:37:02.567+0000,STOREFARM,5,어린이 보석십자수 DIY 캐릭터 큐빅 비즈십자수 지니맘,지니맘 큐빅십자수  DIY: 13번 별유니콘 (15cm 20cm)
2005663519,SELLBLOG,NORMAL,아이가 엄청 좋아하네요 저도 잠깐 해봤는데 재미있어요 완성작품이 기대되요 액자도 같이 주문할 수 있어서 좋아요,2020-08-10T01:44:27.000+0000,STOREFARM,5,어린이 보석십자수 DIY 캐릭터 큐빅 비즈십자수 지니맘,지니맘 큐빅십자수  DIY: 3번 분홍사슴 (15cm 20cm)
2012395803,SELLBLOG,NORMAL,수고하세요~ 재밌게 하고 있습니다.,2020-08-21T08:36:27.000+0000,STOREFARM,4,어린이 보석십자수 DIY 캐릭터 큐빅 비즈십자수 지니맘,지니맘 큐빅십자수  DIY: 13번 별유니콘 (15cm 20cm)
2007605901,SELLBLOG,NORMAL,예쁜데  일반적인 보석십자수 같지 안은..복사한 종이에 코팅한..받고 좀 당황했어요..예쁘긴해요.,2020-08-13T04:29:47.000+0000,STOREFARM,4,어린이 보석십자수 DIY 캐릭터 큐빅 비즈십자수 지니맘,지니맘 큐빅십자수  DIY: 2번 보라유니콘  (15cm 20cm)
2018044293,SELLBLOG,NORMAL,완성하니 넘 예뻐여~,2020-08-29T01:56:28.000+0000,STOREFARM,5,어린이 보석십자수 DIY 캐릭터 큐빅 비즈십자수 지니맘,지니맘 큐빅십자수  DIY: 2번 보라유니콘  (15cm 20cm)
3003567641,SELLBLOG,NORMAL,딸아이 집콕하며 하라고 사줬는데 눈이 빠져라 열심히 붙이네요^^,2020-09-10T10:51:59.902+0000,STOREFARM,5,어린이 보석십자수 DIY 캐릭터 큐빅 비즈십자수 지니맘,지니맘 큐빅십자수  DIY: 12번 돌고래 (15cm 20cm)
2014916167,SELLBLOG,NORMAL,좋아요 애들이 좋아해요^^,2020-08-25T03:16:37.000+0000,STOREFARM,5,어린이 보석십자수 DIY 캐릭터 큐빅 비즈십자수 지니맘,지니맘 큐빅십자수  DIY: 11번 클로버 (15cm 20cm)
3003515765,SELLBLOG,NORMAL,"불량이 몇개 나오기는하나 여유분이 있는지라~~
아이가 너무 좋아해요",2020-09-10T09:41:58.831+0000,STOREFARM,4,어린이 보석십자수 DIY 캐릭터 큐빅 비즈십자수 지니맘,지니맘 큐빅십자수  DIY: 1번 유니콘  (15cm 20cm)
2005159003,SELLBLOG,NORMAL,아이가 넘조아라합니다. 액자까지 사서 작품같이 진열해놓고 보석비즈에 빠졌네요~ 큰사이즈도 있음 구입하고퐈요^^,2020-08-09T02:38:42.000+0000,STOREFARM,5,어린이 보석십자수 DIY 캐릭터 큐빅 비즈십자수 지니맘,지니맘 큐빅십자수  DIY: 1번 유니콘  (15cm 20cm)
3004166684,SELLBLOG,NORMAL,너무 예뻐요 맛족도 최고에요^^,2020-09-11T05:33:10.140+0000,STOREFARM,5,어린이 보석십자수 DIY 캐릭터 큐빅 비즈십자수 지니맘,지니맘 큐빅십자수  DIY: 4번 홍학 (15cm 20cm)
2021418803,SELLBLOG,NORMAL,"아이가 흥미를가지고 취미로 할수있어서 좋았어요
하나하나 성공할때마다 으쓱해하네요",2020-09-02T12:20:03.000+0000,STOREFARM,5,어린이 보석십자수 DIY 캐릭터 큐빅 비즈십자수 지니맘,지니맘 큐빅십자수  DIY: 12번 돌고래 (15cm 20cm)
2012791507,SELLBLOG,NORMAL,아직 안해봐서 모르겟지만 완성하면 이쁠것같아요~,2020-08-22T01:35:44.000+0000,STOREFARM,5,어린이 보석십자수 DIY 캐릭터 큐빅 비즈십자수 지니맘,지니맘 큐빅십자수  DIY: 20번 아기사슴 (15cm 20cm)
2020715296,SELLBLOG,NORMAL,아이가 완전 좋아하네요.원하던게  품절이어서 다른거 중순했지만 바로 집중모드요.아이가 땡큐 모드요. 하하,2020-09-01T14:57:43.000+0000,STOREFARM,5,어린이 보석십자수 DIY 캐릭터 큐빅 비즈십자수 지니맘,지니맘 큐빅십자수  DIY: 17번 핑크사슴  (15cm 20cm)
3006867760,SELLBLOG,NORMAL,태교로 시작했는데 재밋네요,2020-09-15T03:56:04.344+0000,STOREFARM,4,어린이 보석십자수 DIY 캐릭터 큐빅 비즈십자수 지니맘,지니맘 큐빅십자수  DIY: 1번 유니콘  (15cm 20cm)
3002999797,SELLBLOG,NORMAL,"아이들이  매우 즐겁게  놀이 합니다
디자인이 품절된게  많아 아쉽네요",2020-09-09T16:51:56.333+0000,STOREFARM,5,어린이 보석십자수 DIY 캐릭터 큐빅 비즈십자수 지니맘,지니맘 큐빅십자수  DIY: 19번 아이스크림 (15cm 20cm)
2019081747,SELLBLOG,NORMAL,아이가 넘 좋아해요^^!!!,2020-08-30T08:58:35.000+0000,STOREFARM,5,어린이 보석십자수 DIY 캐릭터 큐빅 비즈십자수 지니맘,지니맘 큐빅십자수  DIY: 1번 유니콘  (15cm 20cm)
3003697863,SELLBLOG,NORMAL,"아이들이 집중력있게 너무 잘 함
다 만들고 나니 너무 이쁩니다",2020-09-10T13:36:25.576+0000,STOREFARM,5,어린이 보석십자수 DIY 캐릭터 큐빅 비즈십자수 지니맘,지니맘 큐빅십자수  DIY: 6번 소녀1  (15cm 20cm)
3007015927,SELLBLOG,NORMAL,항상사용하는제품.만족해요,2020-09-15T07:21:49.062+0000,STOREFARM,5,어린이 보석십자수 DIY 캐릭터 큐빅 비즈십자수 지니맘,지니맘 큐빅십자수  DIY: 12번 돌고래 (15cm 20cm)
3007015710,SELLBLOG,NORMAL,항상사용하는제품.만족해요,2020-09-15T07:21:33.396+0000,STOREFARM,5,어린이 보석십자수 DIY 캐릭터 큐빅 비즈십자수 지니맘,지니맘 큐빅십자수  DIY: 8번 꽃사슴 (15cm 20cm)
3007015465,SELLBLOG,NORMAL,항상사용하는제품.만족해요,2020-09-15T07:21:16.613+0000,STOREFARM,5,어린이 보석십자수 DIY 캐릭터 큐빅 비즈십자수 지니맘,지니맘 큐빅십자수  DIY: 1번 유니콘  (15cm 20cm)
2016204653,SELLBLOG,NORMAL,심심해해서 주문했어요,2020-08-26T12:53:57.000+0000,STOREFARM,5,어린이 보석십자수 DIY 캐릭터 큐빅 비즈십자수 지니맘,지니맘 큐빅십자수  DIY: 13번 별유니콘 (15cm 20cm)
3010947945,SELLBLOG,NORMAL,아주 만족해요.^^,2020-09-20T13:52:25.277+0000,STOREFARM,5,어린이 보석십자수 DIY 캐릭터 큐빅 비즈십자수 지니맘,지니맘 큐빅십자수  DIY: 11번 클로버 (15cm 20cm)
900272803,SELLBLOG,NORMAL,"배송 엄청 빨랐어요..
집에만 있는 반백수 초등생을 위해 두 개 구입했는데 어쩌다 보니 하나는 제가 했네요.. 시간 잘 가네요^^;;
완성하고 나니 뭔지 모를 뿌듯함도 있고 좋네요.",2020-07-21T06:47:25.000+0000,STOREFARM,5,어린이 보석십자수 DIY 캐릭터 큐빅 비즈십자수 지니맘,지니맘 큐빅십자수  DIY: 14번 부엉이 (15cm 20cm)
3000500329,SELLBLOG,NORMAL,배송도 빠르고 애들이 재미있게 잘할수있네요. 좋아요.,2020-09-06T11:46:09.395+0000,STOREFARM,5,어린이 보석십자수 DIY 캐릭터 큐빅 비즈십자수 지니맘,지니맘 큐빅십자수  DIY: 1번 유니콘  (15cm 20cm)
2014856723,SELLBLOG,NORMAL,아이가 너무 재미있어  하네요,2020-08-25T02:06:17.000+0000,STOREFARM,5,어린이 보석십자수 DIY 캐릭터 큐빅 비즈십자수 지니맘,지니맘 큐빅십자수  DIY: 7번 소녀2  (15cm 20cm)
3004809653,SELLBLOG,AFTER_USE,"아이가 좋아해서
다음에도 구매 의사 있어여",2020-09-12T02:50:10.651+0000,STOREFARM,5,어린이 보석십자수 DIY 캐릭터 큐빅 비즈십자수 지니맘,지니맘 큐빅십자수  DIY: 2번 보라유니콘  (15cm 20cm)
3008536187,SELLBLOG,NORMAL,6세 아이 혼자 잘해요,2020-09-17T06:45:38.833+0000,STOREFARM,5,어린이 보석십자수 DIY 캐릭터 큐빅 비즈십자수 지니맘,지니맘 큐빅십자수  DIY: 12번 돌고래 (15cm 20cm)
2021810071,SELLBLOG,AFTER_USE,"8살 아이도 집중해서 잘 하더라고요^^
완성되고 자기방에 놓고 좋아합니다",2020-09-03T03:50:41.000+0000,STOREFARM,5,어린이 보석십자수 DIY 캐릭터 큐빅 비즈십자수 지니맘,지니맘 큐빅십자수  DIY: 16번 별  (15cm 20cm)
2014183841,SELLBLOG,NORMAL,초 6 딸이.. 생각 보다 간단하게 완성을 했네요~^^,2020-08-24T02:05:49.000+0000,STOREFARM,5,어린이 보석십자수 DIY 캐릭터 큐빅 비즈십자수 지니맘,지니맘 큐빅십자수  DIY: 3번 분홍사슴 (15cm 20cm)
2007606235,SELLBLOG,NORMAL,예쁜데  일반적인 보석십자수 같지 안은..복사한 종이에 코팅한..받고 좀 당황했어요..,2020-08-13T04:30:18.000+0000,STOREFARM,4,어린이 보석십자수 DIY 캐릭터 큐빅 비즈십자수 지니맘,지니맘 큐빅십자수  DIY: 13번 별유니콘 (15cm 20cm)
3001033820,SELLBLOG,AFTER_USE,너무 이뻐요 큐빅도 반짝반짝해서 걸어두면 넘 이뻐요,2020-09-07T06:00:38.514+0000,STOREFARM,5,어린이 보석십자수 DIY 캐릭터 큐빅 비즈십자수 지니맘,지니맘 큐빅십자수  DIY: 18번 망치 (15cm 20cm)
3004903584,SELLBLOG,NORMAL,"아이가 너무좋아해요
너무 이뻐요",2020-09-12T04:32:32.860+0000,STOREFARM,5,어린이 보석십자수 DIY 캐릭터 큐빅 비즈십자수 지니맘,지니맘 큐빅십자수  DIY: 13번 별유니콘 (15cm 20cm)
2016205091,SELLBLOG,NORMAL,좋아했으면 좋겠어요,2020-08-26T12:54:28.000+0000,STOREFARM,5,어린이 보석십자수 DIY 캐릭터 큐빅 비즈십자수 지니맘,지니맘 큐빅십자수  DIY: 2번 보라유니콘  (15cm 20cm)
3000157938,SELLBLOG,NORMAL,아이가 좋아해서 또 구매했어요 지금 시기 딱 좋아요,2020-09-06T03:00:39.508+0000,STOREFARM,4,어린이 보석십자수 DIY 캐릭터 큐빅 비즈십자수 지니맘,지니맘 큐빅십자수  DIY: 14번 부엉이 (15cm 20cm)
3001034362,SELLBLOG,AFTER_USE,너무 좋아요 건틀렛 디자인도 나왔으면 좋겠어요,2020-09-07T06:01:22.167+0000,STOREFARM,5,어린이 보석십자수 DIY 캐릭터 큐빅 비즈십자수 지니맘,지니맘 큐빅십자수  DIY: 16번 별  (15cm 20cm)
2023084023,SELLBLOG,AFTER_USE,아이들이 집중할수 있어서 좋아요 중간중간 자기들도만족스러워해요 ㅎ,2020-09-04T12:23:30.000+0000,STOREFARM,5,어린이 보석십자수 DIY 캐릭터 큐빅 비즈십자수 지니맘,지니맘 큐빅십자수  DIY: 10번 안경토끼  (15cm 20cm)
3001857360,SELLBLOG,NORMAL,"그림도 이쁘고 딸이 엄청 
좋아하네요  원하는 그림이 품절이여서 아쉬웠는데 
잘 쓸께요",2020-09-08T09:04:34.953+0000,STOREFARM,5,어린이 보석십자수 DIY 캐릭터 큐빅 비즈십자수 지니맘,지니맘 큐빅십자수  DIY: 19번 아이스크림 (15cm 20cm)
2011945836,SELLBLOG,NORMAL,아직 하기 전이지만 시간가는줄 모를 듯 싶네요,2020-08-21T00:19:07.000+0000,STOREFARM,3,어린이 보석십자수 DIY 캐릭터 큐빅 비즈십자수 지니맘,지니맘 큐빅십자수  DIY: 9번 겨울사슴 (15cm 20cm)
2015263190,SELLBLOG,NORMAL,아이가 너무 좋아하네요,2020-08-25T10:11:40.000+0000,STOREFARM,5,어린이 보석십자수 DIY 캐릭터 큐빅 비즈십자수 지니맘,지니맘 큐빅십자수  DIY: 13번 별유니콘 (15cm 20cm)
2015262338,SELLBLOG,NORMAL,아이가 너무 좋아하네요,2020-08-25T10:10:37.000+0000,STOREFARM,5,어린이 보석십자수 DIY 캐릭터 큐빅 비즈십자수 지니맘,지니맘 큐빅십자수  DIY: 1번 유니콘  (15cm 20cm)
3000012916,SELLBLOG,AFTER_USE,아이가 보석 십자수에 빠졌습니다. 정말 좋네요,2020-09-05T22:15:14.727+0000,STOREFARM,5,어린이 보석십자수 DIY 캐릭터 큐빅 비즈십자수 지니맘,지니맘 큐빅십자수  DIY: 13번 별유니콘 (15cm 20cm)
2013311783,SELLBLOG,AFTER_USE,코로나19로 밖에 못나갈때 집에서 놀기 좋아요~^^,2020-08-22T12:50:19.000+0000,STOREFARM,5,어린이 보석십자수 DIY 캐릭터 큐빅 비즈십자수 지니맘,지니맘 큐빅십자수  DIY: 8번 꽃사슴 (15cm 20cm)
3008169440,SELLBLOG,NORMAL,아이가 좋아하네요~,2020-09-16T15:51:41.375+0000,STOREFARM,3,어린이 보석십자수 DIY 캐릭터 큐빅 비즈십자수 지니맘,지니맘 큐빅십자수  DIY: 1번 유니콘  (15cm 20cm)
2011682886,SELLBLOG,NORMAL,"완성하고나니 넘넘이뻐요
아이가 몇일을 열심히해서 완성했어요",2020-08-20T11:42:53.000+0000,STOREFARM,4,어린이 보석십자수 DIY 캐릭터 큐빅 비즈십자수 지니맘,지니맘 큐빅십자수  DIY: 1번 유니콘  (15cm 20cm)
3006071016,SELLBLOG,NORMAL,넘 만족합니다 집중력최고,2020-09-14T00:46:18.122+0000,STOREFARM,5,어린이 보석십자수 DIY 캐릭터 큐빅 비즈십자수 지니맘,지니맘 큐빅십자수  DIY: 7번 소녀2  (15cm 20cm)
3004956917,SELLBLOG,NORMAL,"집중하기좋네요
5세동생은힘들어해요",2020-09-12T05:38:29.249+0000,STOREFARM,4,어린이 보석십자수 DIY 캐릭터 큐빅 비즈십자수 지니맘,지니맘 큐빅십자수  DIY: 19번 아이스크림 (15cm 20cm)
3004956632,SELLBLOG,NORMAL,"집중하기좋아요
5세동생은힘들어해요",2020-09-12T05:38:07.503+0000,STOREFARM,4,어린이 보석십자수 DIY 캐릭터 큐빅 비즈십자수 지니맘,지니맘 큐빅십자수  DIY: 12번 돌고래 (15cm 20cm)
3000864909,SELLBLOG,NORMAL,아이 친구 선물로 주문 했어요. 괜찮은거 같아요.,2020-09-07T03:06:28.106+0000,STOREFARM,5,어린이 보석십자수 DIY 캐릭터 큐빅 비즈십자수 지니맘,지니맘 큐빅십자수  DIY: 14번 부엉이 (15cm 20cm)
2017050592,SELLBLOG,NORMAL,"집밖을 나가지 못하는 우리딸들 심신하지 말라고 사주었는데 너무 좋아하네요.
집중력도 생기고 시간보내기 좋은거같애요^^",2020-08-27T13:57:09.000+0000,STOREFARM,5,어린이 보석십자수 DIY 캐릭터 큐빅 비즈십자수 지니맘,지니맘 큐빅십자수  DIY: 7번 소녀2  (15cm 20cm)
2022133461,SELLBLOG,NORMAL,"8세,5세아이 모두 좋아해요~ 벌써부터 다음에 할거 주문해달라며 난리네요~^^",2020-09-03T10:28:20.000+0000,STOREFARM,5,어린이 보석십자수 DIY 캐릭터 큐빅 비즈십자수 지니맘,지니맘 큐빅십자수  DIY: 2번 보라유니콘  (15cm 20cm)
2023883568,SELLBLOG,NORMAL,7살아이 집에서 심심할때 하려규 샀어요  앉아서 잘 하네요 ㅎㅎ,2020-09-05T12:58:45.000+0000,STOREFARM,5,어린이 보석십자수 DIY 캐릭터 큐빅 비즈십자수 지니맘,지니맘 큐빅십자수  DIY: 12번 돌고래 (15cm 20cm)
2012955981,SELLBLOG,NORMAL,"배송도 빠르고 좋아요 
폰  하는 시간이 줄었어요",2020-08-22T04:36:57.000+0000,STOREFARM,5,어린이 보석십자수 DIY 캐릭터 큐빅 비즈십자수 지니맘,지니맘 큐빅십자수  DIY: 7번 소녀2  (15cm 20cm)
2008662248,SELLBLOG,NORMAL,"초2,초4 애들이 재밌어하네요ㅎㅎ
작아서 그런지 금방해요
또구입할께요",2020-08-15T02:07:52.000+0000,STOREFARM,5,어린이 보석십자수 DIY 캐릭터 큐빅 비즈십자수 지니맘,지니맘 큐빅십자수  DIY: 9번 겨울사슴 (15cm 20cm)
3000012878,SELLBLOG,AFTER_USE,아이가 보석 십자수에 빠졌습니다. 정말 좋네요~!,2020-09-05T22:14:56.437+0000,STOREFARM,5,어린이 보석십자수 DIY 캐릭터 큐빅 비즈십자수 지니맘,지니맘 큐빅십자수  DIY: 6번 소녀1  (15cm 20cm)
2015252716,SELLBLOG,NORMAL,빠른 배송 감사합니다,2020-08-25T09:58:43.000+0000,STOREFARM,5,어린이 보석십자수 DIY 캐릭터 큐빅 비즈십자수 지니맘,지니맘 큐빅십자수  DIY: 20번 아기사슴 (15cm 20cm)
2015252547,SELLBLOG,NORMAL,빠른 배송 감사합니다,2020-08-25T09:58:29.000+0000,STOREFARM,5,어린이 보석십자수 DIY 캐릭터 큐빅 비즈십자수 지니맘,지니맘 큐빅십자수  DIY: 7번 소녀2  (15cm 20cm)
2010496076,SELLBLOG,NORMAL,"아이가 넘 좋아하네요~~  순서대로 다살각입니다~
ㅎㄷㅌ",2020-08-19T02:46:21.000+0000,STOREFARM,5,어린이 보석십자수 DIY 캐릭터 큐빅 비즈십자수 지니맘,지니맘 큐빅십자수  DIY: 20번 아기사슴 (15cm 20cm)
3000245896,SELLBLOG,NORMAL,"아이가 너무 좋아하네요
가정보육중 굿 아이템~~^^",2020-09-06T04:44:36.043+0000,STOREFARM,4,어린이 보석십자수 DIY 캐릭터 큐빅 비즈십자수 지니맘,지니맘 큐빅십자수  DIY: 17번 핑크사슴  (15cm 20cm)
2005661695,SELLBLOG,NORMAL,"배송도 빠르고 상품도 잘 도착했어요
저도 해봤는데 은근히 재미있네요 완성되면 너무 예쁠것같아요",2020-08-10T01:42:03.000+0000,STOREFARM,5,어린이 보석십자수 DIY 캐릭터 큐빅 비즈십자수 지니맘,지니맘 큐빅십자수  DIY: 8번 꽃사슴 (15cm 20cm)
2022515413,SELLBLOG,NORMAL,꼼꼼해요! 근데보석 부어놓는.작은그릇이가벼워서불편해요ㅠㅠ,2020-09-04T01:28:51.000+0000,STOREFARM,5,어린이 보석십자수 DIY 캐릭터 큐빅 비즈십자수 지니맘,지니맘 큐빅십자수  DIY: 1번 유니콘  (15cm 20cm)
2008121817,SELLBLOG,NORMAL,"애도 너무 좋아하고 완성품 퀄리티가 괜찮습니다.
코로나로 집에만 있는 아이들에게 완전 좋아요~",2020-08-14T01:09:11.000+0000,STOREFARM,4,어린이 보석십자수 DIY 캐릭터 큐빅 비즈십자수 지니맘,지니맘 큐빅십자수  DIY: 14번 부엉이 (15cm 20cm)
2010252287,SELLBLOG,NORMAL,"딸래 주려고 샀는데 제가 빠져들어요~

이뻐요~",2020-08-18T13:19:12.000+0000,STOREFARM,4,어린이 보석십자수 DIY 캐릭터 큐빅 비즈십자수 지니맘,지니맘 큐빅십자수  DIY: 17번 핑크사슴  (15cm 20cm)
2014766171,SELLBLOG,NORMAL,아이가 넘 좋아하네요,2020-08-24T23:39:43.000+0000,STOREFARM,5,어린이 보석십자수 DIY 캐릭터 큐빅 비즈십자수 지니맘,지니맘 큐빅십자수  DIY: 14번 부엉이 (15cm 20cm)
2014766051,SELLBLOG,NORMAL,아이가 넘 좋아하네요,2020-08-24T23:39:21.000+0000,STOREFARM,5,어린이 보석십자수 DIY 캐릭터 큐빅 비즈십자수 지니맘,지니맘 큐빅십자수  DIY: 16번 여우 (15cm 20cm)
2014765920,SELLBLOG,NORMAL,아이가 넘 좋아하네요,2020-08-24T23:38:56.000+0000,STOREFARM,5,어린이 보석십자수 DIY 캐릭터 큐빅 비즈십자수 지니맘,지니맘 큐빅십자수  DIY: 6번 소녀1  (15cm 20cm)
2014765768,SELLBLOG,NORMAL,아이가 넘 좋아하네요,2020-08-24T23:38:26.000+0000,STOREFARM,5,어린이 보석십자수 DIY 캐릭터 큐빅 비즈십자수 지니맘,지니맘 큐빅십자수  DIY: 7번 소녀2  (15cm 20cm)
2014765616,SELLBLOG,NORMAL,아이가 넘 좋아하네요,2020-08-24T23:37:57.000+0000,STOREFARM,5,어린이 보석십자수 DIY 캐릭터 큐빅 비즈십자수 지니맘,지니맘 큐빅십자수  DIY: 10번 안경토끼  (15cm 20cm)
2014765448,SELLBLOG,NORMAL,아이가 넘 좋아하네요,2020-08-24T23:37:20.000+0000,STOREFARM,5,어린이 보석십자수 DIY 캐릭터 큐빅 비즈십자수 지니맘,지니맘 큐빅십자수  DIY: 13번 별유니콘 (15cm 20cm)
2005670605,SELLBLOG,NORMAL,아이가 너무 좋아해도 외출도 힘든 요즘 집에서 재밌게 할 수 있는 놀이가 생겼네요 맘에 들어요^^,2020-08-10T01:53:40.000+0000,STOREFARM,5,어린이 보석십자수 DIY 캐릭터 큐빅 비즈십자수 지니맘,지니맘 큐빅십자수  DIY: 12번 돌고래 (15cm 20cm)
3002251625,SELLBLOG,NORMAL,"아이들이 정말 즐겁게 해요..
예쁘다네요..",2020-09-08T23:11:50.108+0000,STOREFARM,5,어린이 보석십자수 DIY 캐릭터 큐빅 비즈십자수 지니맘,지니맘 큐빅십자수  DIY: 1번 유니콘  (15cm 20cm)
3001797608,SELLBLOG,NORMAL,좋아요 이쁘고 만족합니다,2020-09-08T07:51:52.111+0000,STOREFARM,5,어린이 보석십자수 DIY 캐릭터 큐빅 비즈십자수 지니맘,지니맘 큐빅십자수  DIY: 8번 꽃사슴 (15cm 20cm)
2012953291,SELLBLOG,NORMAL,비즈도 넉넉하고 아이가 좋아해요,2020-08-22T04:34:22.000+0000,STOREFARM,5,어린이 보석십자수 DIY 캐릭터 큐빅 비즈십자수 지니맘,지니맘 큐빅십자수  DIY: 13번 별유니콘 (15cm 20cm)
902822543,SELLBLOG,NORMAL,배송 빠르게 왔어요. 아이가 재미있어해요. 친구와 재미있게 했다네요.,2020-07-25T00:59:00.000+0000,STOREFARM,5,어린이 보석십자수 DIY 캐릭터 큐빅 비즈십자수 지니맘,지니맘 큐빅십자수  DIY: 1번 유니콘  (15cm 20cm)
3006095346,SELLBLOG,NORMAL,아이들이 좋아하네요,2020-09-14T01:14:09.210+0000,STOREFARM,5,어린이 보석십자수 DIY 캐릭터 큐빅 비즈십자수 지니맘,지니맘 큐빅십자수  DIY: 5번  반짝이 사슴 (15cm 20cm)
2017664507,SELLBLOG,NORMAL,21일주문 28일배송완료;;;,2020-08-28T09:16:08.000+0000,STOREFARM,4,어린이 보석십자수 DIY 캐릭터 큐빅 비즈십자수 지니맘,지니맘 큐빅십자수  DIY: 1번 유니콘  (15cm 20cm)
3006095593,SELLBLOG,NORMAL,아이들이  좋아합니다,2020-09-14T01:14:22.351+0000,STOREFARM,5,어린이 보석십자수 DIY 캐릭터 큐빅 비즈십자수 지니맘,지니맘 큐빅십자수  DIY: 1번 유니콘  (15cm 20cm)
2019605368,SELLBLOG,NORMAL,아이가 너무 좋아해요~ 집중력 기르는데 좋을듯 해요~ 담엔 별유니콘으로 고고,2020-08-31T05:17:12.000+0000,STOREFARM,5,어린이 보석십자수 DIY 캐릭터 큐빅 비즈십자수 지니맘,지니맘 큐빅십자수  DIY: 1번 유니콘  (15cm 20cm)
2013930130,SELLBLOG,NORMAL,이쁩니다 하루만에완성했어요~^^,2020-08-23T12:53:38.000+0000,STOREFARM,5,어린이 보석십자수 DIY 캐릭터 큐빅 비즈십자수 지니맘,지니맘 큐빅십자수  DIY: 13번 별유니콘 (15cm 20cm)
3000920432,SELLBLOG,NORMAL,예뻐요 보석도 넉넉해서 많이 남았어요,2020-09-07T04:02:18.765+0000,STOREFARM,5,어린이 보석십자수 DIY 캐릭터 큐빅 비즈십자수 지니맘,지니맘 큐빅십자수  DIY: 12번 돌고래 (15cm 20cm)
2008320940,SELLBLOG,NORMAL,재미있게했어요. 시간 보내기 좋아요. 비즈가 엄청 많이 남았네요.,2020-08-14T05:28:40.000+0000,STOREFARM,5,어린이 보석십자수 DIY 캐릭터 큐빅 비즈십자수 지니맘,지니맘 큐빅십자수  DIY: 13번 별유니콘 (15cm 20cm)
2012927812,SELLBLOG,NORMAL,딸이 넘 좋아하며 만들고 있어요,2020-08-22T04:08:35.000+0000,STOREFARM,5,어린이 보석십자수 DIY 캐릭터 큐빅 비즈십자수 지니맘,지니맘 큐빅십자수  DIY: 9번 겨울사슴 (15cm 20cm)
2023347406,SELLBLOG,NORMAL,"2번째 구매에요. 
아이가 집중해서 좋아해요
또 구매할께요",2020-09-05T01:58:11.000+0000,STOREFARM,5,어린이 보석십자수 DIY 캐릭터 큐빅 비즈십자수 지니맘,지니맘 큐빅십자수  DIY: 14번 부엉이 (15cm 20cm)
3004807447,SELLBLOG,AFTER_USE,샤이니 해서 아이가 좋아해요,2020-09-12T02:47:45.986+0000,STOREFARM,5,어린이 보석십자수 DIY 캐릭터 큐빅 비즈십자수 지니맘,지니맘 큐빅십자수  DIY: 13번 별유니콘 (15cm 20cm)
2004774266,SELLBLOG,NORMAL,"아이가 너무 좋아합니다^^
쉽고 금방해서 또 사달라고 그러네요
액자에 넣고 장식해두니 이쁩니다",2020-08-08T06:36:01.000+0000,STOREFARM,5,어린이 보석십자수 DIY 캐릭터 큐빅 비즈십자수 지니맘,지니맘 큐빅십자수  DIY: 13번 별유니콘 (15cm 20cm)
2021257776,SELLBLOG,NORMAL,"7살 아이가 엄청 좋아하네요. 
코로나시대에 어울리는 취미에요 ㅋ",2020-09-02T09:26:56.000+0000,STOREFARM,5,어린이 보석십자수 DIY 캐릭터 큐빅 비즈십자수 지니맘,지니맘 큐빅십자수  DIY: 20번 아기사슴 (15cm 20cm)
3003910749,SELLBLOG,NORMAL,상품도 좋고 아이가 너무 좋아하네요~~,2020-09-11T01:14:36.126+0000,STOREFARM,5,어린이 보석십자수 DIY 캐릭터 큐빅 비즈십자수 지니맘,지니맘 큐빅십자수  DIY: 7번 소녀2  (15cm 20cm)
2011089255,SELLBLOG,AFTER_USE,재미있어하고  색감이랑 보석들 이쁘네요,2020-08-19T21:47:25.000+0000,STOREFARM,5,어린이 보석십자수 DIY 캐릭터 큐빅 비즈십자수 지니맘,지니맘 큐빅십자수  DIY: 1번 유니콘  (15cm 20cm)
3004748435,SELLBLOG,NORMAL,아이와 함께하는데 재미있네요^^,2020-09-12T01:40:10.014+0000,STOREFARM,5,어린이 보석십자수 DIY 캐릭터 큐빅 비즈십자수 지니맘,지니맘 큐빅십자수  DIY: 17번 핑크유니콘  (15cm 20cm)
2015070075,SELLBLOG,NORMAL,배송빠르고 예뻐요.,2020-08-25T06:14:31.000+0000,STOREFARM,5,어린이 보석십자수 DIY 캐릭터 큐빅 비즈십자수 지니맘,지니맘 큐빅십자수  DIY: 10번 안경토끼  (15cm 20cm)
3003045989,SELLBLOG,NORMAL,아이가 잼 있다며 또 사달라고 하네요,2020-09-09T23:06:43.793+0000,STOREFARM,4,어린이 보석십자수 DIY 캐릭터 큐빅 비즈십자수 지니맘,지니맘 큐빅십자수  DIY: 1번 유니콘  (15cm 20cm)
3003045951,SELLBLOG,NORMAL,아이가 잼 있다며 또 사달라고 하네요,2020-09-09T23:06:38.149+0000,STOREFARM,4,어린이 보석십자수 DIY 캐릭터 큐빅 비즈십자수 지니맘,지니맘 큐빅십자수  DIY: 12번 돌고래 (15cm 20cm)
3004701920,SELLBLOG,NORMAL,완성하면 엄청 이쁠거 같아요.,2020-09-12T00:31:15.787+0000,STOREFARM,4,어린이 보석십자수 DIY 캐릭터 큐빅 비즈십자수 지니맘,지니맘 큐빅십자수  DIY: 2번 보라유니콘  (15cm 20cm)
2003327971,SELLBLOG,NORMAL,"딸이 하두 하구싶어해서   주문했어요
다 완성하구나니   너무예쁘네요^^",2020-08-06T03:51:42.000+0000,STOREFARM,5,어린이 보석십자수 DIY 캐릭터 큐빅 비즈십자수 지니맘,지니맘 큐빅십자수  DIY: 14번 부엉이 (15cm 20cm)
2023829151,SELLBLOG,AFTER_USE,예쁘게 완성했네요 다음에 또 주문할게요,2020-09-05T11:39:20.000+0000,STOREFARM,5,어린이 보석십자수 DIY 캐릭터 큐빅 비즈십자수 지니맘,지니맘 큐빅십자수  DIY: 1번 유니콘  (15cm 20cm)
2022708908,SELLBLOG,NORMAL,"아이들이 좋아하네요
이거 해보고 또 주문할게요",2020-09-04T04:55:17.000+0000,STOREFARM,4,어린이 보석십자수 DIY 캐릭터 큐빅 비즈십자수 지니맘,지니맘 큐빅십자수  DIY: 11번 클로버 (15cm 20cm)
2019201906,SELLBLOG,NORMAL,"아이들과 앉아서 취미활동하기 넘 좋아요~~~
더위에 시원한 에어컨바람 쐬며 하기 딱이네요.",2020-08-30T12:58:39.000+0000,STOREFARM,5,어린이 보석십자수 DIY 캐릭터 큐빅 비즈십자수 지니맘,지니맘 큐빅십자수  DIY: 5번  반짝이 사슴 (15cm 20cm)
3001317377,SELLBLOG,NORMAL,빠른배송에 이쁨요..재구매 할려구요,2020-09-07T13:51:53.980+0000,STOREFARM,5,어린이 보석십자수 DIY 캐릭터 큐빅 비즈십자수 지니맘,지니맘 큐빅십자수  DIY: 12번 돌고래 (15cm 20cm)
2014483771,SELLBLOG,NORMAL,아이들이 좋아해요 예뻐요,2020-08-24T08:13:48.000+0000,STOREFARM,5,어린이 보석십자수 DIY 캐릭터 큐빅 비즈십자수 지니맘,지니맘 큐빅십자수  DIY: 1번 유니콘  (15cm 20cm)
3010274852,SELLBLOG,NORMAL,좋아요~~  좋아요~~,2020-09-19T11:53:16.926+0000,STOREFARM,5,어린이 보석십자수 DIY 캐릭터 큐빅 비즈십자수 지니맘,지니맘 큐빅십자수  DIY: 6번 소녀1  (15cm 20cm)
2018834497,SELLBLOG,NORMAL,"아이들이 넘좋아해요
집중력에짱
이틀만에 다해버렸네요 ㅜㅜ
더큰사이즈로 주문하려구요",2020-08-30T02:56:38.000+0000,STOREFARM,5,어린이 보석십자수 DIY 캐릭터 큐빅 비즈십자수 지니맘,지니맘 큐빅십자수  DIY: 20번 아기유니콘 (15cm 20cm)
3001416229,SELLBLOG,NORMAL,큐빅종류나 색깔등 예뻐서 아이가 좋아합니다,2020-09-07T23:28:56.164+0000,STOREFARM,5,어린이 보석십자수 DIY 캐릭터 큐빅 비즈십자수 지니맘,지니맘 큐빅십자수  DIY: 1번 유니콘  (15cm 20cm)
2021161781,SELLBLOG,NORMAL,아이가 금새 만드네요~ 재미있어해서 좀더 주문할까해요,2020-09-02T07:44:11.000+0000,STOREFARM,5,어린이 보석십자수 DIY 캐릭터 큐빅 비즈십자수 지니맘,지니맘 큐빅십자수  DIY: 14번 부엉이 (15cm 20cm)
2013678202,SELLBLOG,NORMAL,아이가 너무좋아해요,2020-08-23T04:47:37.000+0000,STOREFARM,5,어린이 보석십자수 DIY 캐릭터 큐빅 비즈십자수 지니맘,지니맘 큐빅십자수  DIY: 9번 겨울사슴 (15cm 20cm)
3005769841,SELLBLOG,NORMAL,예쁘고만들기쉽네요~,2020-09-13T09:22:13.231+0000,STOREFARM,5,어린이 보석십자수 DIY 캐릭터 큐빅 비즈십자수 지니맘,지니맘 큐빅십자수  DIY: 1번 유니콘  (15cm 20cm)
2022465033,SELLBLOG,NORMAL,"아이들이 집중해서 잘 만들고
예뻐요 완성작이",2020-09-04T00:25:21.000+0000,STOREFARM,4,어린이 보석십자수 DIY 캐릭터 큐빅 비즈십자수 지니맘,지니맘 큐빅십자수  DIY: 10번 안경토끼  (15cm 20cm)
2022550361,SELLBLOG,NORMAL,배송도빠르고 가격도 괜찮은데 아직 아이들 선물줄거라 해보지는 못했어요ㅎ,2020-09-04T02:07:17.000+0000,STOREFARM,5,어린이 보석십자수 DIY 캐릭터 큐빅 비즈십자수 지니맘,지니맘 큐빅십자수  DIY: 4번 홍학 (15cm 20cm)
2005261137,SELLBLOG,NORMAL,두번째 구매에요..아이들이 하기에 아주 좋은 사이즈에요. 배송은 다음날 받았어요.,2020-08-09T05:33:12.000+0000,STOREFARM,5,어린이 보석십자수 DIY 캐릭터 큐빅 비즈십자수 지니맘,지니맘 큐빅십자수  DIY: 8번 꽃사슴 (15cm 20cm)
900273658,SELLBLOG,NORMAL,배송 엄~청 빨랐어요.. 집에만 있는 아이를 위해 두 개 구입했는데 하나는 제가 했네요.. 하다보니 시간도 잘 가고 완성품도 맘에 들어요.,2020-07-21T06:48:47.000+0000,STOREFARM,5,어린이 보석십자수 DIY 캐릭터 큐빅 비즈십자수 지니맘,지니맘 큐빅십자수  DIY: 13번 별유니콘 (15cm 20cm)
2022735181,SELLBLOG,NORMAL,아이가 집중잘하면서 해요!두번째 구매,2020-09-04T05:21:06.000+0000,STOREFARM,5,어린이 보석십자수 DIY 캐릭터 큐빅 비즈십자수 지니맘,지니맘 큐빅십자수  DIY: 20번 아기사슴 (15cm 20cm)
2012326663,SELLBLOG,NORMAL,"아이가 너무 좋아 합니다.
반짝반짝 너무 이쁘네요",2020-08-21T07:12:27.000+0000,STOREFARM,4,어린이 보석십자수 DIY 캐릭터 큐빅 비즈십자수 지니맘,지니맘 큐빅십자수  DIY: 13번 별유니콘 (15cm 20cm)
2020330614,SELLBLOG,NORMAL,아이가 넘 좋아하네요 비즈도 넉넉하게 들어있구요 또 구매할께요,2020-09-01T07:02:57.000+0000,STOREFARM,5,어린이 보석십자수 DIY 캐릭터 큐빅 비즈십자수 지니맘,지니맘 큐빅십자수  DIY: 5번  반짝이 사슴 (15cm 20cm)
2002090294,SELLBLOG,NORMAL,아이들이 시간가는줄모르고 해요 이쁘고 하기쉽고 굿이에요!^^,2020-08-04T06:44:00.000+0000,STOREFARM,5,어린이 보석십자수 DIY 캐릭터 큐빅 비즈십자수 지니맘,지니맘 큐빅십자수  DIY: 13번 별유니콘 (15cm 20cm)
2002089988,SELLBLOG,NORMAL,아이들이 시간가는줄모르고 해요 이쁘고 하기쉽고 굿이에요!^^,2020-08-04T06:43:32.000+0000,STOREFARM,5,어린이 보석십자수 DIY 캐릭터 큐빅 비즈십자수 지니맘,지니맘 큐빅십자수  DIY: 3번 분홍사슴 (15cm 20cm)
3000090222,SELLBLOG,NORMAL,너무너무 이쁘고 좋아해요!재구매합니다ㅎ,2020-09-06T01:40:05.561+0000,STOREFARM,5,어린이 보석십자수 DIY 캐릭터 큐빅 비즈십자수 지니맘,지니맘 큐빅십자수  DIY: 20번 아기유니콘 (15cm 20cm)
2022485237,SELLBLOG,NORMAL,아이가 좋아해요 완성하면 너무 이쁠거 같아요^^,2020-09-04T00:52:53.000+0000,STOREFARM,5,어린이 보석십자수 DIY 캐릭터 큐빅 비즈십자수 지니맘,지니맘 큐빅십자수  DIY: 1번 유니콘  (15cm 20cm)
3000012722,SELLBLOG,NORMAL,"너무 예뻐요~~반짝반짝
6세아이 참잘하네용",2020-09-05T22:13:25.331+0000,STOREFARM,5,어린이 보석십자수 DIY 캐릭터 큐빅 비즈십자수 지니맘,지니맘 큐빅십자수  DIY: 8번 꽃사슴 (15cm 20cm)
2022231438,SELLBLOG,AFTER_USE,아이가 좋아해요 몇개 불량 있지만 아이가 좋아한다면 괜찮아요ㅋㅋ,2020-09-03T12:27:31.000+0000,STOREFARM,5,어린이 보석십자수 DIY 캐릭터 큐빅 비즈십자수 지니맘,지니맘 큐빅십자수  DIY: 10번 안경토끼  (15cm 20cm)
2008270979,SELLBLOG,NORMAL,아이가 너무 좋아합니다. 색이 정말 예뻐요.,2020-08-14T04:24:31.000+0000,STOREFARM,5,어린이 보석십자수 DIY 캐릭터 큐빅 비즈십자수 지니맘,지니맘 큐빅십자수  DIY: 3번 분홍사슴 (15cm 20cm)
2023961918,SELLBLOG,NORMAL,초등생아이들과 집에서 조용히 집중해서 하기에 좋아요~~,2020-09-05T15:12:30.000+0000,STOREFARM,5,어린이 보석십자수 DIY 캐릭터 큐빅 비즈십자수 지니맘,지니맘 큐빅십자수  DIY: 1번 유니콘  (15cm 20cm)
2022709598,SELLBLOG,NORMAL,"아이들이 좋아해요
해보고 또 주문할게요",2020-09-04T04:56:01.000+0000,STOREFARM,4,어린이 보석십자수 DIY 캐릭터 큐빅 비즈십자수 지니맘,지니맘 큐빅십자수  DIY: 17번 핑크사슴  (15cm 20cm)
3001316918,SELLBLOG,NORMAL,빠른배송죠으다요..완죤이쁨요,2020-09-07T13:50:59.796+0000,STOREFARM,5,어린이 보석십자수 DIY 캐릭터 큐빅 비즈십자수 지니맘,지니맘 큐빅십자수  DIY: 3번 분홍사슴 (15cm 20cm)
2022245749,SELLBLOG,NORMAL,아직 시작은 안했는데 코로나로 심심한 아이와 재밌게 만들고 싶어요,2020-09-03T12:44:26.000+0000,STOREFARM,5,어린이 보석십자수 DIY 캐릭터 큐빅 비즈십자수 지니맘,지니맘 큐빅십자수  DIY: 2번 보라유니콘  (15cm 20cm)
2009189008,SELLBLOG,AFTER_USE,꼼꼼하게 보내주셔서 잘  찾아 만들수 있어서 좋았어요,2020-08-16T08:15:16.000+0000,STOREFARM,5,어린이 보석십자수 DIY 캐릭터 큐빅 비즈십자수 지니맘,지니맘 큐빅십자수  DIY: 22번 부엉이 (15cm 20cm)
2011543592,SELLBLOG,AFTER_USE,아이들이 너무 신나서 했어요,2020-08-20T08:34:38.000+0000,STOREFARM,5,어린이 보석십자수 DIY 캐릭터 큐빅 비즈십자수 지니맘,지니맘 큐빅십자수  DIY: 8번 꽃사슴 (15cm 20cm)
2012956516,SELLBLOG,NORMAL,배송도 빠르고 좋아요,2020-08-22T04:37:30.000+0000,STOREFARM,5,어린이 보석십자수 DIY 캐릭터 큐빅 비즈십자수 지니맘,지니맘 큐빅십자수  DIY: 1번 유니콘  (15cm 20cm)
3003053379,SELLBLOG,NORMAL,만족합니다 배송도 빨랐어요,2020-09-09T23:27:47.950+0000,STOREFARM,5,어린이 보석십자수 DIY 캐릭터 큐빅 비즈십자수 지니맘,지니맘 큐빅십자수  DIY: 6번 소녀1  (15cm 20cm)
3001745604,SELLBLOG,NORMAL,집콕에 심심해하는 아이들 선물로 딱,2020-09-08T06:46:50.957+0000,STOREFARM,5,어린이 보석십자수 DIY 캐릭터 큐빅 비즈십자수 지니맘,지니맘 큐빅십자수  DIY: 14번 부엉이 (15cm 20cm)
3003809576,SELLBLOG,NORMAL,아이들이 너무 좋아해요,2020-09-10T19:26:07.829+0000,STOREFARM,5,어린이 보석십자수 DIY 캐릭터 큐빅 비즈십자수 지니맘,지니맘 큐빅십자수  DIY: 5번  반짝이 사슴 (15cm 20cm)
3000865637,SELLBLOG,NORMAL,"아이친구 선물로 준비했는데, 괜찮은거 같아요.",2020-09-07T03:07:13.466+0000,STOREFARM,5,어린이 보석십자수 DIY 캐릭터 큐빅 비즈십자수 지니맘,지니맘 큐빅십자수  DIY: 13번 별유니콘 (15cm 20cm)
3004325867,SELLBLOG,NORMAL,배송이 너무 느리네요,2020-09-11T08:15:40.953+0000,STOREFARM,3,어린이 보석십자수 DIY 캐릭터 큐빅 비즈십자수 지니맘,지니맘 큐빅십자수  DIY: 3번 분홍사슴 (15cm 20cm)
3002251759,SELLBLOG,NORMAL,"좋아요..
아이들이좋아해요.",2020-09-08T23:12:12.181+0000,STOREFARM,5,어린이 보석십자수 DIY 캐릭터 큐빅 비즈십자수 지니맘,지니맘 큐빅십자수  DIY: 2번 보라유니콘  (15cm 20cm)
2009489757,SELLBLOG,NORMAL,이뻐요 아이방에 해줫어요,2020-08-17T06:38:01.000+0000,STOREFARM,4,어린이 보석십자수 DIY 캐릭터 큐빅 비즈십자수 지니맘,지니맘 큐빅십자수  DIY: 11번 클로버 (15cm 20cm)
3000169917,SELLBLOG,NORMAL,큐빅이 넉넉하고 아이가 너무 예쁘다고 좋아해요,2020-09-06T03:14:25.921+0000,STOREFARM,5,어린이 보석십자수 DIY 캐릭터 큐빅 비즈십자수 지니맘,지니맘 큐빅십자수  DIY: 12번 돌고래 (15cm 20cm)
2007826542,SELLBLOG,NORMAL,"완성하고나면 또 구매하려구요~
아이가 좋아해요",2020-08-13T10:11:24.000+0000,STOREFARM,4,어린이 보석십자수 DIY 캐릭터 큐빅 비즈십자수 지니맘,지니맘 큐빅십자수  DIY: 16번 여우 (15cm 20cm)
2021089587,SELLBLOG,NORMAL,아이가너무좋아해요 저두태교로하고있어요,2020-09-02T06:24:41.000+0000,STOREFARM,5,어린이 보석십자수 DIY 캐릭터 큐빅 비즈십자수 지니맘,지니맘 큐빅십자수  DIY: 15번 사자 (15cm 20cm)
3001746130,SELLBLOG,NORMAL,아이들 집중력키우기에 딱이네요,2020-09-08T06:47:28.825+0000,STOREFARM,5,어린이 보석십자수 DIY 캐릭터 큐빅 비즈십자수 지니맘,지니맘 큐빅십자수  DIY: 17번 핑크사슴  (15cm 20cm)
3000177880,SELLBLOG,AFTER_USE,아이가 너무 만족해서 다 끝나고 또 사줄거예요!,2020-09-06T03:23:01.540+0000,STOREFARM,5,어린이 보석십자수 DIY 캐릭터 큐빅 비즈십자수 지니맘,지니맘 큐빅십자수  DIY: 3번 분홍사슴 (15cm 20cm)
902214664,SELLBLOG,NORMAL,"아이와 열심히 작업하다보니 각잡고 하면 2시간이면 완성 하는 것 같아요
집중력향상에 아주 좋은 것 같습니다
부족한 액자와 재주문 했습니다~~",2020-07-24T02:40:07.000+0000,STOREFARM,5,어린이 보석십자수 DIY 캐릭터 큐빅 비즈십자수 지니맘,지니맘 큐빅십자수  DIY: 14번 부엉이 (15cm 20cm)
2020566029,SELLBLOG,NORMAL,"시간가는 줄 모르고 하네요
딸아이가 엄청좋아하네요",2020-09-01T11:53:46.000+0000,STOREFARM,5,어린이 보석십자수 DIY 캐릭터 큐빅 비즈십자수 지니맘,지니맘 큐빅십자수  DIY: 7번 소녀2  (15cm 20cm)
2008484089,SELLBLOG,NORMAL,어렵지는 않은데 완성하고 나면 이쁘니 아이가 더 좋아합니다,2020-08-14T11:32:55.000+0000,STOREFARM,5,어린이 보석십자수 DIY 캐릭터 큐빅 비즈십자수 지니맘,지니맘 큐빅십자수  DIY: 14번 부엉이 (15cm 20cm)
2021089325,SELLBLOG,NORMAL,"아이가너무 좋아해요 
저두태교로하고있어요",2020-09-02T06:24:23.000+0000,STOREFARM,5,어린이 보석십자수 DIY 캐릭터 큐빅 비즈십자수 지니맘,지니맘 큐빅십자수  DIY: 13번 별유니콘 (15cm 20cm)
3001796689,SELLBLOG,NORMAL,딸아이가 좋아해서 재구매했어요,2020-09-08T07:50:44.226+0000,STOREFARM,5,어린이 보석십자수 DIY 캐릭터 큐빅 비즈십자수 지니맘,지니맘 큐빅십자수  DIY: 6번 소녀1  (15cm 20cm)
3001796174,SELLBLOG,NORMAL,딸아이가 좋아해서 재구매했어요,2020-09-08T07:50:03.571+0000,STOREFARM,5,어린이 보석십자수 DIY 캐릭터 큐빅 비즈십자수 지니맘,지니맘 큐빅십자수  DIY: 19번 아이스크림 (15cm 20cm)
3000551995,SELLBLOG,NORMAL,반짝반짝 이뻐요. 아이들이 좋아해요.,2020-09-06T13:10:29.373+0000,STOREFARM,5,어린이 보석십자수 DIY 캐릭터 큐빅 비즈십자수 지니맘,지니맘 큐빅십자수  DIY: 6번 소녀1  (15cm 20cm)
2007727903,SELLBLOG,NORMAL,"아이가  좋아해요  
무료함 달래기에 최고인듯요^^",2020-08-13T07:35:21.000+0000,STOREFARM,5,어린이 보석십자수 DIY 캐릭터 큐빅 비즈십자수 지니맘,지니맘 큐빅십자수  DIY: 9번 겨울사슴 (15cm 20cm)
2013386795,SELLBLOG,NORMAL,너무너무 아이가 좋아합니다,2020-08-22T15:09:56.000+0000,STOREFARM,5,어린이 보석십자수 DIY 캐릭터 큐빅 비즈십자수 지니맘,지니맘 큐빅십자수  DIY: 15번 사자 (15cm 20cm)
2013386478,SELLBLOG,NORMAL,너무너무 아이가 좋아합니다,2020-08-22T15:09:09.000+0000,STOREFARM,5,어린이 보석십자수 DIY 캐릭터 큐빅 비즈십자수 지니맘,지니맘 큐빅십자수  DIY: 3번 분홍사슴 (15cm 20cm)
2022097568,SELLBLOG,AFTER_USE,코로나로 밖에 못나가서 아이들과 큐빅십자수로 재밌게 놀았어요 좋아요,2020-09-03T09:42:12.000+0000,STOREFARM,5,어린이 보석십자수 DIY 캐릭터 큐빅 비즈십자수 지니맘,지니맘 큐빅십자수  DIY: 16번 돌고래 (15cm 20cm)
2021793408,SELLBLOG,NORMAL,"어렵지 않고 아이가 좋아해요 ~^^
혼자서 잘 하네요",2020-09-03T03:25:49.000+0000,STOREFARM,5,어린이 보석십자수 DIY 캐릭터 큐빅 비즈십자수 지니맘,지니맘 큐빅십자수  DIY: 16번 여우 (15cm 20cm)
2002083669,SELLBLOG,NORMAL,"아이가너무좋아합니다.
방학에 코로나로 나가서 놀기도따분해서 시켜줬더니 좋아하네요.
배송도빠릅니다",2020-08-04T06:33:17.000+0000,STOREFARM,5,어린이 보석십자수 DIY 캐릭터 큐빅 비즈십자수 지니맘,지니맘 큐빅십자수  DIY: 1번 유니콘  (15cm 20cm)
2007255849,SELLBLOG,NORMAL,너무좋아요 딸아이가 아주 집중합니다,2020-08-12T13:23:46.000+0000,STOREFARM,5,어린이 보석십자수 DIY 캐릭터 큐빅 비즈십자수 지니맘,지니맘 큐빅십자수  DIY: 8번 꽃사슴 (15cm 20cm)
2009302367,SELLBLOG,NORMAL,아이와 함께 하기 좋아서 추가 구매하려구요,2020-08-16T15:09:53.000+0000,STOREFARM,5,어린이 보석십자수 DIY 캐릭터 큐빅 비즈십자수 지니맘,지니맘 큐빅십자수  DIY: 3번 분홍사슴 (15cm 20cm)
2020019662,SELLBLOG,NORMAL,코로나로 인해 지루한 아이에게 재밌고 집중력도 기를수있는 좋은 교구네요,2020-08-31T23:48:20.000+0000,STOREFARM,4,어린이 보석십자수 DIY 캐릭터 큐빅 비즈십자수 지니맘,지니맘 큐빅십자수  DIY: 1번 유니콘  (15cm 20cm)
2011726843,SELLBLOG,NORMAL,배송도  빠르고 좋습니다,2020-08-20T12:36:59.000+0000,STOREFARM,5,어린이 보석십자수 DIY 캐릭터 큐빅 비즈십자수 지니맘,지니맘 큐빅십자수  DIY: 13번 별유니콘 (15cm 20cm)
2021091977,SELLBLOG,NORMAL,아이가 좋아해요 저두태교로 하고 있어요,2020-09-02T06:27:20.000+0000,STOREFARM,5,어린이 보석십자수 DIY 캐릭터 큐빅 비즈십자수 지니맘,지니맘 큐빅십자수  DIY: 10번 안경토끼  (15cm 20cm)
3000166756,SELLBLOG,NORMAL,포장도 잘되어있고 아이들이 좋아합니다,2020-09-06T03:10:45.030+0000,STOREFARM,5,어린이 보석십자수 DIY 캐릭터 큐빅 비즈십자수 지니맘,지니맘 큐빅십자수  DIY: 6번 소녀1  (15cm 20cm)
3000495040,SELLBLOG,AFTER_USE,"좋아하네요
이뿌기도하구요",2020-09-06T11:37:45.889+0000,STOREFARM,5,어린이 보석십자수 DIY 캐릭터 큐빅 비즈십자수 지니맘,지니맘 큐빅십자수  DIY: 9번 겨울사슴 (15cm 20cm)
3002637807,SELLBLOG,NORMAL,너무 이쁘고 맘에들어하네요ㅎㅎ,2020-09-09T08:24:29.932+0000,STOREFARM,5,어린이 보석십자수 DIY 캐릭터 큐빅 비즈십자수 지니맘,지니맘 큐빅십자수  DIY: 19번 아이스크림 (15cm 20cm)
2009113173,SELLBLOG,NORMAL,배송도 엄청 빠르고 만들고 보니 더 이쁘네요,2020-08-16T04:32:41.000+0000,STOREFARM,5,어린이 보석십자수 DIY 캐릭터 큐빅 비즈십자수 지니맘,지니맘 큐빅십자수  DIY: 3번 분홍사슴 (15cm 20cm)
2021595569,SELLBLOG,NORMAL,아이들이 좋아하네요~잘받았습니다.,2020-09-02T18:49:16.000+0000,STOREFARM,4,어린이 보석십자수 DIY 캐릭터 큐빅 비즈십자수 지니맘,지니맘 큐빅십자수  DIY: 1번 유니콘  (15cm 20cm)
2022066314,SELLBLOG,AFTER_USE,아이가좋아해요 굿굿입니다,2020-09-03T09:03:12.000+0000,STOREFARM,5,어린이 보석십자수 DIY 캐릭터 큐빅 비즈십자수 지니맘,지니맘 큐빅십자수  DIY: 18번 망치 (15cm 20cm)
2022487559,SELLBLOG,NORMAL,반짝반짝 너무예뻐요.완성중이예요,2020-09-04T00:55:31.000+0000,STOREFARM,5,어린이 보석십자수 DIY 캐릭터 큐빅 비즈십자수 지니맘,지니맘 큐빅십자수  DIY: 8번 꽃사슴 (15cm 20cm)
2019605014,SELLBLOG,NORMAL,아이가 너무 좋아해요 다음에 또 사달라네여,2020-08-31T05:16:45.000+0000,STOREFARM,5,어린이 보석십자수 DIY 캐릭터 큐빅 비즈십자수 지니맘,지니맘 큐빅십자수  DIY: 11번 클로버 (15cm 20cm)
2015167417,SELLBLOG,NORMAL,초등학생 1학년 조카선물할려고 주문했습니다 받고나서 너무 좋아하네요^^ 완성되면 또 주문하겠습니다~,2020-08-25T08:09:20.000+0000,STOREFARM,5,어린이 보석십자수 DIY 캐릭터 큐빅 비즈십자수 지니맘,지니맘 큐빅십자수  DIY: 13번 별유니콘 (15cm 20cm)
3003903922,SELLBLOG,NORMAL,아이가 넘 좋아하네요 ㅎㅎ,2020-09-11T01:07:21.173+0000,STOREFARM,4,어린이 보석십자수 DIY 캐릭터 큐빅 비즈십자수 지니맘,지니맘 큐빅십자수  DIY: 2번 보라유니콘  (15cm 20cm)
3000167368,SELLBLOG,NORMAL,집콕하며 할일없는데 집중하기 좋아요,2020-09-06T03:11:30.615+0000,STOREFARM,5,어린이 보석십자수 DIY 캐릭터 큐빅 비즈십자수 지니맘,지니맘 큐빅십자수  DIY: 1번 유니콘  (15cm 20cm)
2021089043,SELLBLOG,NORMAL,아이가너무좋아해요 또주문해야겠어요,2020-09-02T06:24:03.000+0000,STOREFARM,5,어린이 보석십자수 DIY 캐릭터 큐빅 비즈십자수 지니맘,지니맘 큐빅십자수  DIY: 1번 유니콘  (15cm 20cm)
3002344358,SELLBLOG,NORMAL,시간보내기 좋은것같아요~,2020-09-09T01:51:27.544+0000,STOREFARM,5,어린이 보석십자수 DIY 캐릭터 큐빅 비즈십자수 지니맘,지니맘 큐빅십자수  DIY: 2번 보라유니콘  (15cm 20cm)
3001755412,SELLBLOG,NORMAL,아주좋아요 상당히 좋아요,2020-09-08T06:58:59.441+0000,STOREFARM,5,어린이 보석십자수 DIY 캐릭터 큐빅 비즈십자수 지니맘,지니맘 큐빅십자수  DIY: 1번 유니콘  (15cm 20cm)
3001755258,SELLBLOG,NORMAL,아주좋아요 상당히 좋아요,2020-09-08T06:58:48.740+0000,STOREFARM,5,어린이 보석십자수 DIY 캐릭터 큐빅 비즈십자수 지니맘,지니맘 큐빅십자수  DIY: 3번 분홍사슴 (15cm 20cm)
2019756479,SELLBLOG,NORMAL,아이들이 집에서 심심할 때 시간 보내기 좋습니다 비즈공장 가동된다는 단점이 있어요~~^^,2020-08-31T08:46:25.000+0000,STOREFARM,5,어린이 보석십자수 DIY 캐릭터 큐빅 비즈십자수 지니맘,지니맘 큐빅십자수  DIY: 9번 겨울사슴 (15cm 20cm)
2008748315,SELLBLOG,NORMAL,배송 빨라요! 조카가 좋아하네요,2020-08-15T04:40:06.000+0000,STOREFARM,5,어린이 보석십자수 DIY 캐릭터 큐빅 비즈십자수 지니맘,지니맘 큐빅십자수  DIY: 7번 소녀2  (15cm 20cm)
2011596172,SELLBLOG,NORMAL,아이가 엄청 기다렸어요 ^^,2020-08-20T09:47:25.000+0000,STOREFARM,5,어린이 보석십자수 DIY 캐릭터 큐빅 비즈십자수 지니맘,지니맘 큐빅십자수  DIY: 10번 안경토끼  (15cm 20cm)
2016021600,SELLBLOG,NORMAL,주변엄마가 추천해서 샀는데 아이가집중하고 너무좋아해요두종류만 샀는데 조만간다살듯요^^;;,2020-08-26T09:15:33.000+0000,STOREFARM,5,어린이 보석십자수 DIY 캐릭터 큐빅 비즈십자수 지니맘,지니맘 큐빅십자수  DIY: 2번 보라유니콘  (15cm 20cm)
3003274812,SELLBLOG,NORMAL,장돌이 어묵이 맛이좋네요,2020-09-10T04:42:46.667+0000,STOREFARM,5,어린이 보석십자수 DIY 캐릭터 큐빅 비즈십자수 지니맘,지니맘 큐빅십자수  DIY: 6번 소녀1  (15cm 20cm)
3003904366,SELLBLOG,NORMAL,아이가 넘 좋아해요ㅎㅎ,2020-09-11T01:07:49.596+0000,STOREFARM,4,어린이 보석십자수 DIY 캐릭터 큐빅 비즈십자수 지니맘,지니맘 큐빅십자수  DIY: 1번 유니콘  (15cm 20cm)
2009113379,SELLBLOG,NORMAL,배송도 빠르고 만들고 보니 더 이쁘네요,2020-08-16T04:33:08.000+0000,STOREFARM,5,어린이 보석십자수 DIY 캐릭터 큐빅 비즈십자수 지니맘,지니맘 큐빅십자수  DIY: 13번 별유니콘 (15cm 20cm)
2019128917,SELLBLOG,NORMAL,배송도 빠르고 큐빅 비즈십자수를 집중해서 완성하니 뿌듯해하고 매우 좋아합니다.,2020-08-30T10:42:26.000+0000,STOREFARM,5,어린이 보석십자수 DIY 캐릭터 큐빅 비즈십자수 지니맘,지니맘 큐빅십자수  DIY: 3번 분홍사슴 (15cm 20cm)
3000158054,SELLBLOG,NORMAL,아이가 쉽게 할수있고 재밌어해요,2020-09-06T03:00:47.020+0000,STOREFARM,5,어린이 보석십자수 DIY 캐릭터 큐빅 비즈십자수 지니맘,지니맘 큐빅십자수  DIY: 14번 부엉이 (15cm 20cm)
2006664584,SELLBLOG,NORMAL,"아이가 너무 집중해서 잘하네요
반짝거려 너무 이뻐요",2020-08-11T13:13:48.000+0000,STOREFARM,5,어린이 보석십자수 DIY 캐릭터 큐빅 비즈십자수 지니맘,지니맘 큐빅십자수  DIY: 13번 별유니콘 (15cm 20cm)
2005435898,SELLBLOG,NORMAL,"딸 놀이감 사줬는데 너무 좋아 하네요
엄마까지 푹빠져서 하네요^^",2020-08-09T12:11:11.000+0000,STOREFARM,5,어린이 보석십자수 DIY 캐릭터 큐빅 비즈십자수 지니맘,지니맘 큐빅십자수  DIY: 10번 안경토끼  (15cm 20cm)
2018130580,SELLBLOG,NORMAL,넘이쁘고 비즈도 여유있어요 아이들이 집중해서 하네요,2020-08-29T03:36:06.000+0000,STOREFARM,5,어린이 보석십자수 DIY 캐릭터 큐빅 비즈십자수 지니맘,지니맘 큐빅십자수  DIY: 1번 유니콘  (15cm 20cm)
3003331151,SELLBLOG,NORMAL,아이가 좋아합니다.,2020-09-10T05:55:59.321+0000,STOREFARM,5,어린이 보석십자수 DIY 캐릭터 큐빅 비즈십자수 지니맘,지니맘 큐빅십자수  DIY: 1번 유니콘  (15cm 20cm)
2008271509,SELLBLOG,NORMAL,부엉이 좋아하는 딸아이가 너무 마음에 들어합니다.,2020-08-14T04:25:07.000+0000,STOREFARM,5,어린이 보석십자수 DIY 캐릭터 큐빅 비즈십자수 지니맘,지니맘 큐빅십자수  DIY: 14번 부엉이 (15cm 20cm)
2020914428,SELLBLOG,NORMAL,아이들이 엄청 좋아합니다. 캔버스로 되어 있어서 너무 좋아요.,2020-09-02T02:24:18.000+0000,STOREFARM,5,어린이 보석십자수 DIY 캐릭터 큐빅 비즈십자수 지니맘,지니맘 큐빅십자수  DIY: 9번 겨울사슴 (15cm 20cm)
2020914348,SELLBLOG,NORMAL,아이들이 엄청 좋아합니다. 캔버스로 되어 있어서 너무 좋아요.,2020-09-02T02:24:11.000+0000,STOREFARM,5,어린이 보석십자수 DIY 캐릭터 큐빅 비즈십자수 지니맘,지니맘 큐빅십자수  DIY: 10번 안경토끼  (15cm 20cm)
2020914173,SELLBLOG,NORMAL,아이들이 엄청 좋아합니다. 캔버스로 되어 있어서 너무 좋아요.,2020-09-02T02:23:56.000+0000,STOREFARM,5,어린이 보석십자수 DIY 캐릭터 큐빅 비즈십자수 지니맘,지니맘 큐빅십자수  DIY: 13번 별유니콘 (15cm 20cm)
2020913883,SELLBLOG,NORMAL,아이들이 엄청 좋아합니다. 캔버스로 되어 있어서 너무 좋아요.,2020-09-02T02:23:31.000+0000,STOREFARM,5,어린이 보석십자수 DIY 캐릭터 큐빅 비즈십자수 지니맘,지니맘 큐빅십자수  DIY: 8번 꽃사슴 (15cm 20cm)
2023038289,SELLBLOG,NORMAL,유니콘 저번에못사서 추가구입하러왔어요.,2020-09-04T11:17:40.000+0000,STOREFARM,5,어린이 보석십자수 DIY 캐릭터 큐빅 비즈십자수 지니맘,지니맘 큐빅십자수  DIY: 1번 유니콘  (15cm 20cm)
2018249310,SELLBLOG,NORMAL,"아이가 사달라고 몇일을 졸라서 사줬는데, 진득하니 앉아서 하는거 보니, 진작에 사줄꼴 그랬다 싶네요.",2020-08-29T05:38:50.000+0000,STOREFARM,5,어린이 보석십자수 DIY 캐릭터 큐빅 비즈십자수 지니맘,지니맘 큐빅십자수  DIY: 2번 보라유니콘  (15cm 20cm)
2021091426,SELLBLOG,NORMAL,아이가너무좋아해요 재구매했어요,2020-09-02T06:26:44.000+0000,STOREFARM,5,어린이 보석십자수 DIY 캐릭터 큐빅 비즈십자수 지니맘,지니맘 큐빅십자수  DIY: 14번 부엉이 (15cm 20cm)
2005260735,SELLBLOG,NORMAL,2번째 구매에요 아이들이 하기에 사이즈가 좋아요.,2020-08-09T05:32:20.000+0000,STOREFARM,5,어린이 보석십자수 DIY 캐릭터 큐빅 비즈십자수 지니맘,지니맘 큐빅십자수  DIY: 2번 보라유니콘  (15cm 20cm)
2019220942,SELLBLOG,NORMAL,6살도 잘해요 코로나때 집에서 시간떼우기 좋아요,2020-08-30T13:31:31.000+0000,STOREFARM,5,어린이 보석십자수 DIY 캐릭터 큐빅 비즈십자수 지니맘,지니맘 큐빅십자수  DIY: 20번 아기유니콘 (15cm 20cm)
2005420239,SELLBLOG,NORMAL,"아이가좋아해요
완성도 있는상품 만족합니다",2020-08-09T11:38:31.000+0000,STOREFARM,4,어린이 보석십자수 DIY 캐릭터 큐빅 비즈십자수 지니맘,지니맘 큐빅십자수  DIY: 8번 꽃사슴 (15cm 20cm)
2013084031,SELLBLOG,NORMAL,"배송은 보통이고, 그림도 색감도 이쁘네요~
저흰 4,6살 .4살짤은 집중력 짧으네요~ㅎㅎ 아직은 저말 열시미. . ㅠㅠ 그래도 6살 아들을 드믄드믄 해요.",2020-08-22T07:07:46.000+0000,STOREFARM,4,어린이 보석십자수 DIY 캐릭터 큐빅 비즈십자수 지니맘,지니맘 큐빅십자수  DIY: 14번 부엉이 (15cm 20cm)
2013083865,SELLBLOG,NORMAL,"배송은 보통이고, 그림도 색감도 이쁘네요~
저흰 4,6살 .4살짤은 집중력 짧으네요~ㅎㅎ 아직은 저말 열시미. . ㅠㅠ 그래도 6살 아들을 드믄드믄 해요.",2020-08-22T07:07:33.000+0000,STOREFARM,4,어린이 보석십자수 DIY 캐릭터 큐빅 비즈십자수 지니맘,지니맘 큐빅십자수  DIY: 13번 별유니콘 (15cm 20cm)
2013081956,SELLBLOG,NORMAL,"배송은 보통이고, 그림도 색감도 이쁘네요~
저흰 4,6살 .4살짤은 집중력 짧으네요~ㅎㅎ 아직은 저말 열시미. . ㅠㅠ 그래도 6살 아들을 드믄드믄 해요.",2020-08-22T07:04:54.000+0000,STOREFARM,4,어린이 보석십자수 DIY 캐릭터 큐빅 비즈십자수 지니맘,지니맘 큐빅십자수  DIY: 15번 사자 (15cm 20cm)
2014166498,SELLBLOG,NORMAL,아이가 좋아해요~~~~~~~^^,2020-08-24T01:46:07.000+0000,STOREFARM,5,어린이 보석십자수 DIY 캐릭터 큐빅 비즈십자수 지니맘,지니맘 큐빅십자수  DIY: 1번 유니콘  (15cm 20cm)
2000273293,SELLBLOG,NORMAL,배송이 정말 빠르네요^^ 코로나때문에 외출이 많이 줄어들어서 딸아이 방학때 하게하려고 샀네요 재밌게 잘 하길 바래봅니다~,2020-07-31T22:11:36.000+0000,STOREFARM,5,어린이 보석십자수 DIY 캐릭터 큐빅 비즈십자수 지니맘,지니맘 큐빅십자수  DIY: 7번 소녀2  (15cm 20cm)
2000273262,SELLBLOG,NORMAL,배송이 정말 빠르네요^^ 코로나때문에 외출이 많이 줄어들어서 딸아이 방학때 하게하려고 샀네요 재밌게 잘 하길 바래봅니다~,2020-07-31T22:11:19.000+0000,STOREFARM,5,어린이 보석십자수 DIY 캐릭터 큐빅 비즈십자수 지니맘,지니맘 큐빅십자수  DIY: 1번 유니콘  (15cm 20cm)
3000158512,SELLBLOG,NORMAL,아이가 좋아해서 또 구매했어요,2020-09-06T03:01:16.723+0000,STOREFARM,4,어린이 보석십자수 DIY 캐릭터 큐빅 비즈십자수 지니맘,지니맘 큐빅십자수  DIY: 12번 돌고래 (15cm 20cm)
3000045083,SELLBLOG,NORMAL,"딸이 너무 좋아해요
만들기도 쉽고",2020-09-06T00:30:30.521+0000,STOREFARM,5,어린이 보석십자수 DIY 캐릭터 큐빅 비즈십자수 지니맘,지니맘 큐빅십자수  DIY: 2번 보라유니콘  (15cm 20cm)
2009189300,SELLBLOG,AFTER_USE,꼼꼼하게 챙겨줘서 하기 좋았어요,2020-08-16T08:16:12.000+0000,STOREFARM,5,어린이 보석십자수 DIY 캐릭터 큐빅 비즈십자수 지니맘,지니맘 큐빅십자수  DIY: 7번 소녀2  (15cm 20cm)
2016800261,SELLBLOG,NORMAL,"친구 초등딸 선물로 구입했는데 좋아하네요~ 
초등여아에게 딱 좋습니다.",2020-08-27T08:35:36.000+0000,STOREFARM,5,어린이 보석십자수 DIY 캐릭터 큐빅 비즈십자수 지니맘,지니맘 큐빅십자수  DIY: 6번 소녀1  (15cm 20cm)
2023037833,SELLBLOG,NORMAL,아이도좋아하고 예뻐서 또구입했어요,2020-09-04T11:16:58.000+0000,STOREFARM,5,어린이 보석십자수 DIY 캐릭터 큐빅 비즈십자수 지니맘,지니맘 큐빅십자수  DIY: 2번 보라유니콘  (15cm 20cm)
3001096177,SELLBLOG,NORMAL,편리하게 붙이고 예뻐요,2020-09-07T07:24:44.403+0000,STOREFARM,5,어린이 보석십자수 DIY 캐릭터 큐빅 비즈십자수 지니맘,지니맘 큐빅십자수  DIY: 1번 유니콘  (15cm 20cm)
2008527019,SELLBLOG,NORMAL,아이가 엄마랑 같이 시간보내기 좋아요,2020-08-14T13:42:13.000+0000,STOREFARM,5,어린이 보석십자수 DIY 캐릭터 큐빅 비즈십자수 지니맘,지니맘 큐빅십자수  DIY: 20번 아기사슴 (15cm 20cm)
2005378607,SELLBLOG,NORMAL,"대만족이요
방학에 외출도 휴가도 못가고 있는시간
알차게 멋진 작품 만들었네요",2020-08-09T09:57:57.000+0000,STOREFARM,5,어린이 보석십자수 DIY 캐릭터 큐빅 비즈십자수 지니맘,지니맘 큐빅십자수  DIY: 9번 겨울사슴 (15cm 20cm)
2013710130,SELLBLOG,NORMAL,반짝이는 비즈라 더 예쁘다고 좋아하네요. 집콕 중인 아이를 위해 주문했는데 시간 보내기 좋아요.,2020-08-23T05:37:49.000+0000,STOREFARM,5,어린이 보석십자수 DIY 캐릭터 큐빅 비즈십자수 지니맘,지니맘 큐빅십자수  DIY: 13번 별유니콘 (15cm 20cm)
2005043738,SELLBLOG,NORMAL,아이가 하기 편하고 너무 이뻐요. 또 살게요. 번창하세요^^,2020-08-08T19:51:25.000+0000,STOREFARM,5,어린이 보석십자수 DIY 캐릭터 큐빅 비즈십자수 지니맘,지니맘 큐빅십자수  DIY: 13번 별유니콘 (15cm 20cm)
2022117821,SELLBLOG,NORMAL,"딸이 만족해합니다
액자랑 같이 넣으니 좋네요^^",2020-09-03T10:08:23.000+0000,STOREFARM,5,어린이 보석십자수 DIY 캐릭터 큐빅 비즈십자수 지니맘,지니맘 큐빅십자수  DIY: 13번 별유니콘 (15cm 20cm)
2023038069,SELLBLOG,NORMAL,배송빠르고 액자넣으니 더예쁘네요,2020-09-04T11:17:20.000+0000,STOREFARM,5,어린이 보석십자수 DIY 캐릭터 큐빅 비즈십자수 지니맘,지니맘 큐빅십자수  DIY: 14번 부엉이 (15cm 20cm)
2017758366,SELLBLOG,NORMAL,도안이 너무 귀여워요^^ 딸이랑 집에서 즐거운 시간 보냈어요.,2020-08-28T11:30:30.000+0000,STOREFARM,5,어린이 보석십자수 DIY 캐릭터 큐빅 비즈십자수 지니맘,지니맘 큐빅십자수  DIY: 13번 별유니콘 (15cm 20cm)
2008526611,SELLBLOG,NORMAL,아이가 좋아하는 유니콘캐릭터가 많아서 좋아요,2020-08-14T13:41:03.000+0000,STOREFARM,5,어린이 보석십자수 DIY 캐릭터 큐빅 비즈십자수 지니맘,지니맘 큐빅십자수  DIY: 15번 사자 (15cm 20cm)
3000107889,SELLBLOG,NORMAL,아이랑 재밌고 쉽게 하고 있어요^^,2020-09-06T02:01:56.938+0000,STOREFARM,5,어린이 보석십자수 DIY 캐릭터 큐빅 비즈십자수 지니맘,지니맘 큐빅십자수  DIY: 11번 클로버 (15cm 20cm)
3000107498,SELLBLOG,NORMAL,아이랑 재밌고 쉽게 하고 있어요^^,2020-09-06T02:01:29.459+0000,STOREFARM,5,어린이 보석십자수 DIY 캐릭터 큐빅 비즈십자수 지니맘,지니맘 큐빅십자수  DIY: 1번 유니콘  (15cm 20cm)
2019274608,SELLBLOG,NORMAL,"아이들이 너무 좋아하네요
집중력 최고^^",2020-08-30T15:31:35.000+0000,STOREFARM,4,어린이 보석십자수 DIY 캐릭터 큐빅 비즈십자수 지니맘,지니맘 큐빅십자수  DIY: 6번 소녀1  (15cm 20cm)
3001204706,SELLBLOG,NORMAL,꼬맹이가 좋아합니다,2020-09-07T10:33:03.085+0000,STOREFARM,5,어린이 보석십자수 DIY 캐릭터 큐빅 비즈십자수 지니맘,지니맘 큐빅십자수  DIY: 2번 보라유니콘  (15cm 20cm)
2018085629,SELLBLOG,NORMAL,빠른 배송 감사합니다. 아이가 너무 좋아하네요!,2020-08-29T02:44:08.000+0000,STOREFARM,5,어린이 보석십자수 DIY 캐릭터 큐빅 비즈십자수 지니맘,지니맘 큐빅십자수  DIY: 13번 별유니콘 (15cm 20cm)
2010496295,SELLBLOG,NORMAL,아이가 넘 좋아합니다~~,2020-08-19T02:46:46.000+0000,STOREFARM,5,어린이 보석십자수 DIY 캐릭터 큐빅 비즈십자수 지니맘,지니맘 큐빅십자수  DIY: 9번 겨울사슴 (15cm 20cm)
2020273686,SELLBLOG,NORMAL,아이들이 좋아하네요.집중모드~~,2020-09-01T05:52:11.000+0000,STOREFARM,5,어린이 보석십자수 DIY 캐릭터 큐빅 비즈십자수 지니맘,지니맘 큐빅십자수  DIY: 7번 소녀2  (15cm 20cm)
2021709164,SELLBLOG,NORMAL,딸아이가 하루종일 재미있게 하고 이써요,2020-09-03T01:32:21.000+0000,STOREFARM,5,어린이 보석십자수 DIY 캐릭터 큐빅 비즈십자수 지니맘,지니맘 큐빅십자수  DIY: 8번 꽃사슴 (15cm 20cm)
3000338352,SELLBLOG,NORMAL,아이들하기에 딱 좋네요,2020-09-06T07:03:25.090+0000,STOREFARM,5,어린이 보석십자수 DIY 캐릭터 큐빅 비즈십자수 지니맘,지니맘 큐빅십자수  DIY: 1번 유니콘  (15cm 20cm)
3000738586,SELLBLOG,NORMAL,조카가 매우 만족하네요~,2020-09-07T00:54:44.640+0000,STOREFARM,5,어린이 보석십자수 DIY 캐릭터 큐빅 비즈십자수 지니맘,지니맘 큐빅십자수  DIY: 8번 꽃사슴 (15cm 20cm)
2021793657,SELLBLOG,NORMAL,이쁘고 어렵지 않고 아이 혼자 잘 만들어요,2020-09-03T03:26:10.000+0000,STOREFARM,5,어린이 보석십자수 DIY 캐릭터 큐빅 비즈십자수 지니맘,지니맘 큐빅십자수  DIY: 8번 꽃사슴 (15cm 20cm)
2023347495,SELLBLOG,NORMAL,집중력 향상에 도움 될꺼같아요~,2020-09-05T01:58:16.000+0000,STOREFARM,4,어린이 보석십자수 DIY 캐릭터 큐빅 비즈십자수 지니맘,지니맘 큐빅십자수  DIY: 4번 홍학 (15cm 20cm)
2009287228,SELLBLOG,AFTER_USE,디자인 예쁘고 색감 좋아요,2020-08-16T14:12:10.000+0000,STOREFARM,4,어린이 보석십자수 DIY 캐릭터 큐빅 비즈십자수 지니맘,지니맘 큐빅십자수  DIY: 1번 유니콘  (15cm 20cm)
2009031632,SELLBLOG,NORMAL,"초2아이 친구가 저희집에 놀러와 보더니 해보고 싶다고 해서 친구 생일 선물로 또 구입했네요~ 꾸준히 심심할때마다 하는 놀이감입니다. 좋아요~!
도안도 많구요~",2020-08-16T02:05:02.000+0000,STOREFARM,5,어린이 보석십자수 DIY 캐릭터 큐빅 비즈십자수 지니맘,지니맘 큐빅십자수  DIY: 20번 아기사슴 (15cm 20cm)
2009031595,SELLBLOG,NORMAL,"초2아이 친구가 저희집에 놀러와 보더니 해보고 싶다고 해서 친구 생일 선물로 또 구입했네요~ 꾸준히 심심할때마다 하는 놀이감입니다. 좋아요~!
도안도 많구요~",2020-08-16T02:04:58.000+0000,STOREFARM,5,어린이 보석십자수 DIY 캐릭터 큐빅 비즈십자수 지니맘,지니맘 큐빅십자수  DIY: 17번 핑크사슴  (15cm 20cm)
2009031528,SELLBLOG,NORMAL,"초2아이 친구가 저희집에 놀러와 보더니 해보고 싶다고 해서 친구 생일 선물로 또 구입했네요~ 꾸준히 심심할때마다 하는 놀이감입니다. 좋아요~!
도안도 많구요~",2020-08-16T02:04:51.000+0000,STOREFARM,5,어린이 보석십자수 DIY 캐릭터 큐빅 비즈십자수 지니맘,지니맘 큐빅십자수  DIY: 7번 소녀2  (15cm 20cm)
2007261565,SELLBLOG,NORMAL,이뻐오. 아이가 좋아해요,2020-08-12T13:31:29.000+0000,STOREFARM,5,어린이 보석십자수 DIY 캐릭터 큐빅 비즈십자수 지니맘,지니맘 큐빅십자수  DIY: 14번 부엉이 (15cm 20cm)
2020866115,SELLBLOG,NORMAL,아이가 집중 초 집중.심심하단소리 안하고 넘 좋아해요,2020-09-02T01:11:42.000+0000,STOREFARM,5,어린이 보석십자수 DIY 캐릭터 큐빅 비즈십자수 지니맘,지니맘 큐빅십자수  DIY: 1번 유니콘  (15cm 20cm)
2007255580,SELLBLOG,NORMAL,너무이쁘네요 딸아이가 너무좋아해요,2020-08-12T13:23:23.000+0000,STOREFARM,5,어린이 보석십자수 DIY 캐릭터 큐빅 비즈십자수 지니맘,지니맘 큐빅십자수  DIY: 14번 부엉이 (15cm 20cm)
2009012963,SELLBLOG,NORMAL,"작은것만 하다가 애들이 잘 해서 큰걸 찾게
되었어요. 너무 좋아하고 다 만든후 작품처럼 액자에 넣을수 있어 좋아요. 만족합니다. 배송도 엄청 빨라요!!",2020-08-16T01:29:50.000+0000,STOREFARM,5,어린이 보석십자수 DIY 캐릭터 큐빅 비즈십자수 지니맘,지니맘 큐빅십자수  DIY: 13번 별유니콘 (15cm 20cm)
3002744487,SELLBLOG,NORMAL,딸이 재밌어해요..,2020-09-09T10:35:19.610+0000,STOREFARM,5,어린이 보석십자수 DIY 캐릭터 큐빅 비즈십자수 지니맘,지니맘 큐빅십자수  DIY: 16번 여우 (15cm 20cm)
3000168953,SELLBLOG,NORMAL,아이들이 재밌어하네요,2020-09-06T03:13:21.398+0000,STOREFARM,5,어린이 보석십자수 DIY 캐릭터 큐빅 비즈십자수 지니맘,지니맘 큐빅십자수  DIY: 8번 꽃사슴 (15cm 20cm)
3000168715,SELLBLOG,NORMAL,아이들이 재밌어하네요,2020-09-06T03:13:04.027+0000,STOREFARM,5,어린이 보석십자수 DIY 캐릭터 큐빅 비즈십자수 지니맘,지니맘 큐빅십자수  DIY: 1번 유니콘  (15cm 20cm)
2005043787,SELLBLOG,NORMAL,아이가 하기도 편하고 너무너무 예뻐요. 번창하세요^^,2020-08-08T19:52:22.000+0000,STOREFARM,5,어린이 보석십자수 DIY 캐릭터 큐빅 비즈십자수 지니맘,지니맘 큐빅십자수  DIY: 1번 유니콘  (15cm 20cm)
896327035,SELLBLOG,NORMAL,"스티커를 조금씩 떼어내가며 붙입니다
10세아이인데 별다른 설명 안해줘도 본인이 잘하네요~살때 다른 디자인도 몇 장 더 살껄 그랬어요",2020-07-15T02:39:46.000+0000,STOREFARM,5,어린이 보석십자수 DIY 캐릭터 큐빅 비즈십자수 지니맘,지니맘 큐빅십자수  DIY: 13번 별유니콘 (15cm 20cm)
3000168965,SELLBLOG,NORMAL,큐빅도 넉넉하고 좋아요,2020-09-06T03:13:22.204+0000,STOREFARM,5,어린이 보석십자수 DIY 캐릭터 큐빅 비즈십자수 지니맘,지니맘 큐빅십자수  DIY: 17번 핑크유니콘  (15cm 20cm)
3000738785,SELLBLOG,NORMAL,조카가 너무 좋아해여~,2020-09-07T00:54:57.156+0000,STOREFARM,5,어린이 보석십자수 DIY 캐릭터 큐빅 비즈십자수 지니맘,지니맘 큐빅십자수  DIY: 20번 아기유니콘 (15cm 20cm)
2018489245,SELLBLOG,NORMAL,"좋습니다^^ 
아이들이 좋아하고 재밌어합니다.",2020-08-29T10:30:51.000+0000,STOREFARM,5,어린이 보석십자수 DIY 캐릭터 큐빅 비즈십자수 지니맘,지니맘 큐빅십자수  DIY: 1번 유니콘  (15cm 20cm)
3001317894,SELLBLOG,NORMAL,좋아요죠아..가격대비 짱짱요,2020-09-07T13:52:51.765+0000,STOREFARM,5,어린이 보석십자수 DIY 캐릭터 큐빅 비즈십자수 지니맘,지니맘 큐빅십자수  DIY: 13번 별유니콘 (15cm 20cm)
2023698241,SELLBLOG,NORMAL,맘에 듭니다 초1아이 도와주면서 같ㅇㅣ했는데 좋아합니다,2020-09-05T08:25:11.000+0000,STOREFARM,5,어린이 보석십자수 DIY 캐릭터 큐빅 비즈십자수 지니맘,지니맘 큐빅십자수  DIY: 13번 별유니콘 (15cm 20cm)
3000168539,SELLBLOG,NORMAL,아이가 너무 좋아해요,2020-09-06T03:12:52.289+0000,STOREFARM,5,어린이 보석십자수 DIY 캐릭터 큐빅 비즈십자수 지니맘,지니맘 큐빅십자수  DIY: 19번 아이스크림 (15cm 20cm)
2020525321,SELLBLOG,AFTER_USE,"6살여아 잘해요
조금 지루하긴 해요",2020-09-01T11:06:35.000+0000,STOREFARM,4,어린이 보석십자수 DIY 캐릭터 큐빅 비즈십자수 지니맘,지니맘 큐빅십자수  DIY: 13번 별유니콘 (15cm 20cm)
2005800011,SELLBLOG,NORMAL,정말 좋습니다. 아이가 좋아합니다.,2020-08-10T04:41:50.000+0000,STOREFARM,5,어린이 보석십자수 DIY 캐릭터 큐빅 비즈십자수 지니맘,지니맘 큐빅십자수  DIY: 17번 핑크사슴  (15cm 20cm)
2022102472,SELLBLOG,NORMAL,배송도빠르고 저렴하게잘샀어요,2020-09-03T09:48:34.000+0000,STOREFARM,5,어린이 보석십자수 DIY 캐릭터 큐빅 비즈십자수 지니맘,지니맘 큐빅십자수  DIY: 15번 사자 (15cm 20cm)
2022102261,SELLBLOG,NORMAL,배송도빠르고 저렴하게잘샀어요,2020-09-03T09:48:19.000+0000,STOREFARM,5,어린이 보석십자수 DIY 캐릭터 큐빅 비즈십자수 지니맘,지니맘 큐빅십자수  DIY: 20번 아기사슴 (15cm 20cm)
2015859937,SELLBLOG,NORMAL,"두번째 구입이구요, 아이가 핸드폰안보고 집중하는게 좋네요~~",2020-08-26T06:07:36.000+0000,STOREFARM,5,어린이 보석십자수 DIY 캐릭터 큐빅 비즈십자수 지니맘,지니맘 큐빅십자수  DIY: 4번 홍학 (15cm 20cm)
2023774151,SELLBLOG,NORMAL,아이가 너무 좋아하네요,2020-09-05T10:14:48.000+0000,STOREFARM,5,어린이 보석십자수 DIY 캐릭터 큐빅 비즈십자수 지니맘,지니맘 큐빅십자수  DIY: 1번 유니콘  (15cm 20cm)
3000871110,SELLBLOG,NORMAL,배송도 빠르고 제품도 좋은,2020-09-07T03:12:22.076+0000,STOREFARM,5,어린이 보석십자수 DIY 캐릭터 큐빅 비즈십자수 지니맘,지니맘 큐빅십자수  DIY: 5번  반짝이 사슴 (15cm 20cm)
3000870995,SELLBLOG,NORMAL,배송도 빠르고 제품도 좋은,2020-09-07T03:12:15.765+0000,STOREFARM,5,어린이 보석십자수 DIY 캐릭터 큐빅 비즈십자수 지니맘,지니맘 큐빅십자수  DIY: 4번 홍학 (15cm 20cm)
3000870899,SELLBLOG,NORMAL,배송도 빠르고 제품도 좋은,2020-09-07T03:12:09.949+0000,STOREFARM,5,어린이 보석십자수 DIY 캐릭터 큐빅 비즈십자수 지니맘,지니맘 큐빅십자수  DIY: 9번 겨울사슴 (15cm 20cm)
3000870590,SELLBLOG,NORMAL,배송도 빠르고 제품도 좋은,2020-09-07T03:11:53.824+0000,STOREFARM,5,어린이 보석십자수 DIY 캐릭터 큐빅 비즈십자수 지니맘,지니맘 큐빅십자수  DIY: 19번 아이스크림 (15cm 20cm)
3000870459,SELLBLOG,NORMAL,배송도 빠르고 제품도 좋은,2020-09-07T03:11:46.035+0000,STOREFARM,5,어린이 보석십자수 DIY 캐릭터 큐빅 비즈십자수 지니맘,지니맘 큐빅십자수  DIY: 1번 유니콘  (15cm 20cm)
2018058496,SELLBLOG,AFTER_USE,딸이 너무좋아해요 제가바도 이쁘네요,2020-08-29T02:12:36.000+0000,STOREFARM,5,어린이 보석십자수 DIY 캐릭터 큐빅 비즈십자수 지니맘,지니맘 큐빅십자수  DIY: 21번 별유니콘 (15cm 20cm)
2022515607,SELLBLOG,NORMAL,꼼꼼하고 아이가 너무좋아해요.,2020-09-04T01:29:06.000+0000,STOREFARM,5,어린이 보석십자수 DIY 캐릭터 큐빅 비즈십자수 지니맘,지니맘 큐빅십자수  DIY: 14번 부엉이 (15cm 20cm)
3001438008,SELLBLOG,NORMAL,좋아요좋아요 예뻐요,2020-09-08T00:27:14.152+0000,STOREFARM,4,어린이 보석십자수 DIY 캐릭터 큐빅 비즈십자수 지니맘,지니맘 큐빅십자수  DIY: 1번 유니콘  (15cm 20cm)
2020331203,SELLBLOG,NORMAL,배송도빨랐고 비즈양도 넉넉해서 좋으네요,2020-09-01T07:03:40.000+0000,STOREFARM,5,어린이 보석십자수 DIY 캐릭터 큐빅 비즈십자수 지니맘,지니맘 큐빅십자수  DIY: 9번 겨울사슴 (15cm 20cm)
2015081772,SELLBLOG,NORMAL,조카가 하는걸 보고 아이들이 사 달라고 해서 주문했는데...아이들이 너무 좋아해요...^^,2020-08-25T06:28:36.000+0000,STOREFARM,5,어린이 보석십자수 DIY 캐릭터 큐빅 비즈십자수 지니맘,지니맘 큐빅십자수  DIY: 16번 여우 (15cm 20cm)
3001438603,SELLBLOG,NORMAL,좋아요좋아요좋아요예뻐요,2020-09-08T00:28:10.886+0000,STOREFARM,5,어린이 보석십자수 DIY 캐릭터 큐빅 비즈십자수 지니맘,지니맘 큐빅십자수  DIY: 2번 보라유니콘  (15cm 20cm)
2008560662,SELLBLOG,NORMAL,이쁩니다...완성하는 재미가 있어요,2020-08-14T15:40:02.000+0000,STOREFARM,5,어린이 보석십자수 DIY 캐릭터 큐빅 비즈십자수 지니맘,지니맘 큐빅십자수  DIY: 13번 별유니콘 (15cm 20cm)
2008526412,SELLBLOG,NORMAL,집중력기르면서 예쁘기까지,2020-08-14T13:40:30.000+0000,STOREFARM,5,어린이 보석십자수 DIY 캐릭터 큐빅 비즈십자수 지니맘,지니맘 큐빅십자수  DIY: 13번 별유니콘 (15cm 20cm)
2018990561,SELLBLOG,NORMAL,아이가 너무 좋아해요.그림도 이뻐요,2020-08-30T06:25:42.000+0000,STOREFARM,5,어린이 보석십자수 DIY 캐릭터 큐빅 비즈십자수 지니맘,지니맘 큐빅십자수  DIY: 1번 유니콘  (15cm 20cm)
2022550720,SELLBLOG,NORMAL,배송빠르고 가성비좋습니다,2020-09-04T02:07:39.000+0000,STOREFARM,5,어린이 보석십자수 DIY 캐릭터 큐빅 비즈십자수 지니맘,지니맘 큐빅십자수  DIY: 10번 안경토끼  (15cm 20cm)
2019402662,SELLBLOG,NORMAL,아이가 하기에 무리없게 크기도 적당하고좋아요,2020-08-31T01:16:10.000+0000,STOREFARM,5,어린이 보석십자수 DIY 캐릭터 큐빅 비즈십자수 지니맘,지니맘 큐빅십자수  DIY: 20번 아기유니콘 (15cm 20cm)
2003211848,SELLBLOG,NORMAL,"배송 빠르구요.
초등 저학년 어린이가 하기에 좋은것 같아요.",2020-08-06T00:39:41.000+0000,STOREFARM,5,어린이 보석십자수 DIY 캐릭터 큐빅 비즈십자수 지니맘,지니맘 큐빅십자수  DIY: 1번 유니콘  (15cm 20cm)
3000555430,SELLBLOG,NORMAL,애들이 재밌게해요~,2020-09-06T13:16:01.452+0000,STOREFARM,4,어린이 보석십자수 DIY 캐릭터 큐빅 비즈십자수 지니맘,지니맘 큐빅십자수  DIY: 5번  반짝이 사슴 (15cm 20cm)
3000790381,SELLBLOG,NORMAL,배송이 빨라 좋았어요~^^,2020-09-07T01:51:14.720+0000,STOREFARM,5,어린이 보석십자수 DIY 캐릭터 큐빅 비즈십자수 지니맘,지니맘 큐빅십자수  DIY: 13번 별유니콘 (15cm 20cm)
2018673478,SELLBLOG,NORMAL,시간가는줄 모르고 하고있네요~예뻐요,2020-08-29T16:02:02.000+0000,STOREFARM,5,어린이 보석십자수 DIY 캐릭터 큐빅 비즈십자수 지니맘,지니맘 큐빅십자수  DIY: 1번 유니콘  (15cm 20cm)
2020325403,SELLBLOG,NORMAL,너무너무 예뻐요 코로나로 집콕인데 딸둘 신나서 하네요,2020-09-01T06:56:17.000+0000,STOREFARM,5,어린이 보석십자수 DIY 캐릭터 큐빅 비즈십자수 지니맘,지니맘 큐빅십자수  DIY: 8번 꽃사슴 (15cm 20cm)
2021811514,SELLBLOG,AFTER_USE,아이가 만들어 놓고 좋아하네요,2020-09-03T03:52:44.000+0000,STOREFARM,5,어린이 보석십자수 DIY 캐릭터 큐빅 비즈십자수 지니맘,지니맘 큐빅십자수  DIY: 24번 돌고래 (15cm 20cm)
2008526749,SELLBLOG,NORMAL,선물로 주려고 많이 샀어요,2020-08-14T13:41:26.000+0000,STOREFARM,5,어린이 보석십자수 DIY 캐릭터 큐빅 비즈십자수 지니맘,지니맘 큐빅십자수  DIY: 18번 파란사슴 (15cm 20cm)
2003235494,SELLBLOG,NORMAL,시간 후딱 가네요 아이랑 함께하기 정말좋습니다^^,2020-08-06T01:15:14.000+0000,STOREFARM,5,어린이 보석십자수 DIY 캐릭터 큐빅 비즈십자수 지니맘,지니맘 큐빅십자수  DIY: 3번 분홍사슴 (15cm 20cm)
2003235242,SELLBLOG,NORMAL,시간 후딱 가네요 아이랑 함께하기 정말좋습니다^^,2020-08-06T01:14:54.000+0000,STOREFARM,5,어린이 보석십자수 DIY 캐릭터 큐빅 비즈십자수 지니맘,지니맘 큐빅십자수  DIY: 13번 별유니콘 (15cm 20cm)
2008621499,SELLBLOG,NORMAL,아이가 너무 좋아하네요,2020-08-15T00:53:41.000+0000,STOREFARM,5,어린이 보석십자수 DIY 캐릭터 큐빅 비즈십자수 지니맘,지니맘 큐빅십자수  DIY: 2번 보라유니콘  (15cm 20cm)
2022378834,SELLBLOG,NORMAL,초등 아이들 재미있게 잘했어요^^,2020-09-03T16:27:58.000+0000,STOREFARM,5,어린이 보석십자수 DIY 캐릭터 큐빅 비즈십자수 지니맘,지니맘 큐빅십자수  DIY: 1번 유니콘  (15cm 20cm)
904959578,SELLBLOG,NORMAL,첫째가 유투브 보고 자기도 이게 너무 해보고 싶다고해서 주문하면서 둘째도있어 두개 주문했는데 너무 좋아해요 집중도 잘하고 계속하내요^^,2020-07-28T11:23:27.000+0000,STOREFARM,4,어린이 보석십자수 DIY 캐릭터 큐빅 비즈십자수 지니맘,지니맘 큐빅십자수  DIY: 3번 분홍사슴 (15cm 20cm)
2021595601,SELLBLOG,NORMAL,비즈여분이 충분히 있어 좋으네요~,2020-09-02T18:49:39.000+0000,STOREFARM,4,어린이 보석십자수 DIY 캐릭터 큐빅 비즈십자수 지니맘,지니맘 큐빅십자수  DIY: 6번 소녀1  (15cm 20cm)
2022469726,SELLBLOG,NORMAL,너무좋아요 크고 좋아요,2020-09-04T00:31:33.000+0000,STOREFARM,5,어린이 보석십자수 DIY 캐릭터 큐빅 비즈십자수 지니맘,지니맘 큐빅십자수  DIY: 7번 소녀2  (15cm 20cm)
2010241005,SELLBLOG,NORMAL,"역시 요즘 뜨는  아이템인ㄷㅔ
빠르게 배송도해주시고   아이들이 너무좋아해요 
잘완성해서  액자에넣어두면 진짜 이쁠것같아용",2020-08-18T13:03:32.000+0000,STOREFARM,5,어린이 보석십자수 DIY 캐릭터 큐빅 비즈십자수 지니맘,지니맘 큐빅십자수  DIY: 11번 클로버 (15cm 20cm)
2014167469,SELLBLOG,NORMAL,좋아요 ~~~~~~,2020-08-24T01:47:06.000+0000,STOREFARM,5,어린이 보석십자수 DIY 캐릭터 큐빅 비즈십자수 지니맘,지니맘 큐빅십자수  DIY: 12번 돌고래 (15cm 20cm)
2015712169,SELLBLOG,NORMAL,"집중도 너무 잘하고 아이가 좋아해요
또 구매해야겠어요",2020-08-26T02:33:34.000+0000,STOREFARM,4,어린이 보석십자수 DIY 캐릭터 큐빅 비즈십자수 지니맘,지니맘 큐빅십자수  DIY: 11번 클로버 (15cm 20cm)
2020068633,SELLBLOG,NORMAL,넘이뻐요 매우만족해요,2020-09-01T01:23:33.000+0000,STOREFARM,5,어린이 보석십자수 DIY 캐릭터 큐빅 비즈십자수 지니맘,지니맘 큐빅십자수  DIY: 16번 여우 (15cm 20cm)
2004414006,SELLBLOG,NORMAL,아이가좋아합니다~배송도 빠르네요,2020-08-07T13:47:54.000+0000,STOREFARM,5,어린이 보석십자수 DIY 캐릭터 큐빅 비즈십자수 지니맘,지니맘 큐빅십자수  DIY: 12번 돌고래 (15cm 20cm)
2022432246,SELLBLOG,NORMAL,아이들 집중하고 잘하네요~,2020-09-03T23:13:05.000+0000,STOREFARM,5,어린이 보석십자수 DIY 캐릭터 큐빅 비즈십자수 지니맘,지니맘 큐빅십자수  DIY: 6번 소녀1  (15cm 20cm)
2008748497,SELLBLOG,NORMAL,배송도빠르고 재밌어요~,2020-08-15T04:40:33.000+0000,STOREFARM,5,어린이 보석십자수 DIY 캐릭터 큐빅 비즈십자수 지니맘,지니맘 큐빅십자수  DIY: 20번 아기사슴 (15cm 20cm)
2023346914,SELLBLOG,NORMAL,딸아이가 너무 좋아해요^^,2020-09-05T01:57:37.000+0000,STOREFARM,4,어린이 보석십자수 DIY 캐릭터 큐빅 비즈십자수 지니맘,지니맘 큐빅십자수  DIY: 1번 유니콘  (15cm 20cm)
2007116900,SELLBLOG,NORMAL,배송도 빠르고 화면보다 이쁘네요,2020-08-12T10:14:17.000+0000,STOREFARM,5,어린이 보석십자수 DIY 캐릭터 큐빅 비즈십자수 지니맘,지니맘 큐빅십자수  DIY: 3번 분홍사슴 (15cm 20cm)
2021866657,SELLBLOG,NORMAL,"집에서 시간보내기좋아요
반짝반짝   예뻐요",2020-09-03T05:07:54.000+0000,STOREFARM,5,어린이 보석십자수 DIY 캐릭터 큐빅 비즈십자수 지니맘,지니맘 큐빅십자수  DIY: 11번 클로버 (15cm 20cm)
2002902378,SELLBLOG,NORMAL,아이가 만족해하네요 한 3일정도 걸려서 완성한 것 같아요,2020-08-05T09:59:01.000+0000,STOREFARM,4,어린이 보석십자수 DIY 캐릭터 큐빅 비즈십자수 지니맘,지니맘 큐빅십자수  DIY: 1번 유니콘  (15cm 20cm)
2020674567,SELLBLOG,NORMAL,7세 아이가 집중을 잘하고 넘 이쁩니다,2020-09-01T13:57:27.000+0000,STOREFARM,5,어린이 보석십자수 DIY 캐릭터 큐빅 비즈십자수 지니맘,지니맘 큐빅십자수  DIY: 8번 꽃사슴 (15cm 20cm)
2007268258,SELLBLOG,NORMAL,엄마가 더 신나게 붙이고놀았어요ㅎ,2020-08-12T13:40:40.000+0000,STOREFARM,5,어린이 보석십자수 DIY 캐릭터 큐빅 비즈십자수 지니맘,지니맘 큐빅십자수  DIY: 13번 별유니콘 (15cm 20cm)
2007267932,SELLBLOG,NORMAL,엄마가 더 신나게 붙이고놀았어요ㅎ,2020-08-12T13:40:18.000+0000,STOREFARM,5,어린이 보석십자수 DIY 캐릭터 큐빅 비즈십자수 지니맘,지니맘 큐빅십자수  DIY: 17번 핑크사슴  (15cm 20cm)
2007267477,SELLBLOG,NORMAL,엄마가 더 신나게 붙이고놀았어요ㅎ,2020-08-12T13:39:41.000+0000,STOREFARM,5,어린이 보석십자수 DIY 캐릭터 큐빅 비즈십자수 지니맘,지니맘 큐빅십자수  DIY: 2번 보라유니콘  (15cm 20cm)
2019503393,SELLBLOG,NORMAL,조카들 심심할까봐 선물했는데 재밌어 한대요 ㅎㅎ,2020-08-31T03:16:08.000+0000,STOREFARM,5,어린이 보석십자수 DIY 캐릭터 큐빅 비즈십자수 지니맘,지니맘 큐빅십자수  DIY: 12번 돌고래 (15cm 20cm)
2022681726,SELLBLOG,NORMAL,아이가 무척 좋아라해요ㅎ,2020-09-04T04:28:10.000+0000,STOREFARM,5,어린이 보석십자수 DIY 캐릭터 큐빅 비즈십자수 지니맘,지니맘 큐빅십자수  DIY: 8번 꽃사슴 (15cm 20cm)
2022681434,SELLBLOG,NORMAL,아이가 무척 좋아해요,2020-09-04T04:27:51.000+0000,STOREFARM,5,어린이 보석십자수 DIY 캐릭터 큐빅 비즈십자수 지니맘,지니맘 큐빅십자수  DIY: 2번 보라유니콘  (15cm 20cm)
2021445323,SELLBLOG,NORMAL,아이들 놀이로 아주 좋습니다,2020-09-02T12:50:01.000+0000,STOREFARM,5,어린이 보석십자수 DIY 캐릭터 큐빅 비즈십자수 지니맘,지니맘 큐빅십자수  DIY: 7번 소녀2  (15cm 20cm)
2022485752,SELLBLOG,NORMAL,배송도 빠르고 제품도 만족합니다.,2020-09-04T00:53:26.000+0000,STOREFARM,5,어린이 보석십자수 DIY 캐릭터 큐빅 비즈십자수 지니맘,지니맘 큐빅십자수  DIY: 1번 유니콘  (15cm 20cm)
2021866236,SELLBLOG,NORMAL,"블링블링 예뻐요
아이랑 함께 하기좋아요",2020-09-03T05:07:21.000+0000,STOREFARM,5,어린이 보석십자수 DIY 캐릭터 큐빅 비즈십자수 지니맘,지니맘 큐빅십자수  DIY: 6번 소녀1  (15cm 20cm)
3000502288,SELLBLOG,NORMAL,반짝반짝 이뻐요~~~~,2020-09-06T11:49:23.849+0000,STOREFARM,5,어린이 보석십자수 DIY 캐릭터 큐빅 비즈십자수 지니맘,지니맘 큐빅십자수  DIY: 12번 돌고래 (15cm 20cm)
2018244334,SELLBLOG,NORMAL,큐빅이 생각보다 커서 아이가 하기에 편한거 같아요~,2020-08-29T05:34:16.000+0000,STOREFARM,5,어린이 보석십자수 DIY 캐릭터 큐빅 비즈십자수 지니맘,지니맘 큐빅십자수  DIY: 17번 핑크사슴  (15cm 20cm)
2019899090,SELLBLOG,NORMAL,8살 딸아이가 끝나면 또 사달라고하네요,2020-08-31T13:22:35.000+0000,STOREFARM,5,어린이 보석십자수 DIY 캐릭터 큐빅 비즈십자수 지니맘,지니맘 큐빅십자수  DIY: 12번 돌고래 (15cm 20cm)
2020778944,SELLBLOG,NORMAL,아이의 최고 잇템이 되었어요,2020-09-01T20:45:15.000+0000,STOREFARM,5,어린이 보석십자수 DIY 캐릭터 큐빅 비즈십자수 지니맘,지니맘 큐빅십자수  DIY: 17번 핑크사슴  (15cm 20cm)
2020778913,SELLBLOG,NORMAL,아이의 죄고 잇템이 되었어요,2020-09-01T20:44:51.000+0000,STOREFARM,5,어린이 보석십자수 DIY 캐릭터 큐빅 비즈십자수 지니맘,지니맘 큐빅십자수  DIY: 13번 별유니콘 (15cm 20cm)
2022313350,SELLBLOG,NORMAL,맘에 들어서 또 구매합니다ㅎㅎ,2020-09-03T14:10:25.000+0000,STOREFARM,5,어린이 보석십자수 DIY 캐릭터 큐빅 비즈십자수 지니맘,지니맘 큐빅십자수  DIY: 19번 아이스크림 (15cm 20cm)
2018475771,SELLBLOG,NORMAL,상품 좋아요 아이도 좋아하고^^~,2020-08-29T10:09:19.000+0000,STOREFARM,3,어린이 보석십자수 DIY 캐릭터 큐빅 비즈십자수 지니맘,지니맘 큐빅십자수  DIY: 20번 아기사슴 (15cm 20cm)
2017323227,SELLBLOG,NORMAL,아이들이 너무너무 좋아하네요~~많이 파세요~~,2020-08-28T02:51:51.000+0000,STOREFARM,5,어린이 보석십자수 DIY 캐릭터 큐빅 비즈십자수 지니맘,지니맘 큐빅십자수  DIY: 12번 돌고래 (15cm 20cm)
2005447760,SELLBLOG,NORMAL,상품도 좋고 아이랑 같이 앉아서하기 좋아요,2020-08-09T12:36:24.000+0000,STOREFARM,4,어린이 보석십자수 DIY 캐릭터 큐빅 비즈십자수 지니맘,지니맘 큐빅십자수  DIY: 11번 클로버 (15cm 20cm)
905682503,SELLBLOG,NORMAL,"액자까지 해놓으니 멋지네요!!
너무어렵지 않아 6살 아들과 함께 완성했어요.
비즈도 넉넉히 들어있었어요",2020-07-29T12:04:17.000+0000,STOREFARM,5,어린이 보석십자수 DIY 캐릭터 큐빅 비즈십자수 지니맘,지니맘 큐빅십자수  DIY: 5번  반짝이 사슴 (15cm 20cm)
2020715722,SELLBLOG,NORMAL,아이가 무척 마음에 들어합니다.,2020-09-01T14:58:26.000+0000,STOREFARM,5,어린이 보석십자수 DIY 캐릭터 큐빅 비즈십자수 지니맘,지니맘 큐빅십자수  DIY: 19번 아이스크림 (15cm 20cm)
2019898828,SELLBLOG,NORMAL,배송도 빠르고 아이들이 좋아해요,2020-08-31T13:22:06.000+0000,STOREFARM,5,어린이 보석십자수 DIY 캐릭터 큐빅 비즈십자수 지니맘,지니맘 큐빅십자수  DIY: 1번 유니콘  (15cm 20cm)
2021513028,SELLBLOG,NORMAL,3학년남아 집중해서 잘해요,2020-09-02T14:12:02.000+0000,STOREFARM,5,어린이 보석십자수 DIY 캐릭터 큐빅 비즈십자수 지니맘,지니맘 큐빅십자수  DIY: 9번 겨울사슴 (15cm 20cm)
2021419488,SELLBLOG,NORMAL,"저렴하고 구성이 좋네요
아이가 좋아해요ㅎㅎ👍👍👍",2020-09-02T12:20:49.000+0000,STOREFARM,5,어린이 보석십자수 DIY 캐릭터 큐빅 비즈십자수 지니맘,지니맘 큐빅십자수  DIY: 1번 유니콘  (15cm 20cm)
2020451606,SELLBLOG,NORMAL,재미있고  아이들이 좋아해요,2020-09-01T09:34:54.000+0000,STOREFARM,4,어린이 보석십자수 DIY 캐릭터 큐빅 비즈십자수 지니맘,지니맘 큐빅십자수  DIY: 8번 꽃사슴 (15cm 20cm)
2015712696,SELLBLOG,NORMAL,"여자아이들은 확실이 잼있어 하는거 같아요
시간가는줄 모르고 하네요",2020-08-26T02:34:20.000+0000,STOREFARM,5,어린이 보석십자수 DIY 캐릭터 큐빅 비즈십자수 지니맘,지니맘 큐빅십자수  DIY: 13번 별유니콘 (15cm 20cm)
2021513223,SELLBLOG,NORMAL,집중해서 재밌게 합니다,2020-09-02T14:12:20.000+0000,STOREFARM,5,어린이 보석십자수 DIY 캐릭터 큐빅 비즈십자수 지니맘,지니맘 큐빅십자수  DIY: 11번 클로버 (15cm 20cm)
2021449475,SELLBLOG,NORMAL,아이가엄청 좋아합니다,2020-09-02T12:54:52.000+0000,STOREFARM,5,어린이 보석십자수 DIY 캐릭터 큐빅 비즈십자수 지니맘,지니맘 큐빅십자수  DIY: 1번 유니콘  (15cm 20cm)
2001744310,SELLBLOG,NORMAL,애들이 하기에 딱좋은 사이즈구요~~~제가 해도 재미 있어요~~,2020-08-03T13:11:42.000+0000,STOREFARM,5,어린이 보석십자수 DIY 캐릭터 큐빅 비즈십자수 지니맘,지니맘 큐빅십자수  DIY: 13번 별유니콘 (15cm 20cm)
2018788075,SELLBLOG,NORMAL,너무 재밌고 큐빅도 듬뿍~~완성작이 뿌듯해요,2020-08-30T01:51:59.000+0000,STOREFARM,5,어린이 보석십자수 DIY 캐릭터 큐빅 비즈십자수 지니맘,지니맘 큐빅십자수  DIY: 2번 보라유니콘  (15cm 20cm)
2002772744,SELLBLOG,NORMAL,"집에만 있으니 심심해해서  주문했는데  배송도
빠르고 오자마자  하네요",2020-08-05T06:53:45.000+0000,STOREFARM,5,어린이 보석십자수 DIY 캐릭터 큐빅 비즈십자수 지니맘,지니맘 큐빅십자수  DIY: 13번 별유니콘 (15cm 20cm)
901276284,SELLBLOG,NORMAL,"너무 좋아하는 애들때문에
재구매들어가요
가격이 조금만. 다운되면 ..너무 좋을 듯 해요

아이들티비나 핸드폰 보는시간대신
이걸로 시간보내며 집중하고 성취감도 있어요^^",2020-07-22T13:41:58.000+0000,STOREFARM,5,어린이 보석십자수 DIY 캐릭터 큐빅 비즈십자수 지니맘,지니맘 큐빅십자수  DIY: 13번 별유니콘 (15cm 20cm)
2020273941,SELLBLOG,NORMAL,소소하게 할수잇어 조으네요,2020-09-01T05:52:32.000+0000,STOREFARM,5,어린이 보석십자수 DIY 캐릭터 큐빅 비즈십자수 지니맘,지니맘 큐빅십자수  DIY: 12번 돌고래 (15cm 20cm)
2017900213,SELLBLOG,NORMAL,어렵지 않아서 아이들과 재미있게 할수 있어요,2020-08-28T15:32:56.000+0000,STOREFARM,5,어린이 보석십자수 DIY 캐릭터 큐빅 비즈십자수 지니맘,지니맘 큐빅십자수  DIY: 2번 보라유니콘  (15cm 20cm)
2004352305,SELLBLOG,NORMAL,"아이가 너무 좋아하네요
해놓고보니ㅈ넘 이뻐요",2020-08-07T11:53:50.000+0000,STOREFARM,5,어린이 보석십자수 DIY 캐릭터 큐빅 비즈십자수 지니맘,지니맘 큐빅십자수  DIY: 13번 별유니콘 (15cm 20cm)
2007895747,SELLBLOG,NORMAL,배송도 빠르고 넘 넘 괜찮네요,2020-08-13T12:10:45.000+0000,STOREFARM,5,어린이 보석십자수 DIY 캐릭터 큐빅 비즈십자수 지니맘,지니맘 큐빅십자수  DIY: 3번 분홍사슴 (15cm 20cm)
2005420660,SELLBLOG,NORMAL,배송도 빠르고 상품도 포장이 잘되어서 왔어요,2020-08-09T11:39:25.000+0000,STOREFARM,4,어린이 보석십자수 DIY 캐릭터 큐빅 비즈십자수 지니맘,지니맘 큐빅십자수  DIY: 14번 부엉이 (15cm 20cm)
2021449611,SELLBLOG,NORMAL,아이가 엄청 좋아해요,2020-09-02T12:55:02.000+0000,STOREFARM,5,어린이 보석십자수 DIY 캐릭터 큐빅 비즈십자수 지니맘,지니맘 큐빅십자수  DIY: 10번 안경토끼  (15cm 20cm)
906115023,SELLBLOG,AFTER_USE,작은데 예뻐요. 아이들이랑 하는데 부담없는 사이즈라서 좋아요. 식구들 모여서 다같이 했네요^^,2020-07-30T06:12:22.000+0000,STOREFARM,5,어린이 보석십자수 DIY 캐릭터 큐빅 비즈십자수 지니맘,지니맘 큐빅십자수  DIY: 16번 별  (15cm 20cm)
906114715,SELLBLOG,AFTER_USE,작은데 예뻐요. 아이들이랑 하는데 부담없는 사이즈라서 좋아요. 식구들 모여서 다같이 했네요^^,2020-07-30T06:11:53.000+0000,STOREFARM,5,어린이 보석십자수 DIY 캐릭터 큐빅 비즈십자수 지니맘,지니맘 큐빅십자수  DIY: 3번 분홍사슴 (15cm 20cm)
906114439,SELLBLOG,AFTER_USE,작은데 예뻐요. 아이들이랑 하는데 부담없는 사이즈라서 좋아요. 식구들 모여서 다같이 했네요^^,2020-07-30T06:11:26.000+0000,STOREFARM,5,어린이 보석십자수 DIY 캐릭터 큐빅 비즈십자수 지니맘,지니맘 큐빅십자수  DIY: 1번 유니콘  (15cm 20cm)
906113858,SELLBLOG,AFTER_USE,작은데 예뻐요. 아이들이랑 하는데 부담없는 사이즈라서 좋아요. 식구들 모여서 다같이 했네요^^,2020-07-30T06:10:35.000+0000,STOREFARM,5,어린이 보석십자수 DIY 캐릭터 큐빅 비즈십자수 지니맘,지니맘 큐빅십자수  DIY: 21번 별유니콘 (15cm 20cm)
2022735670,SELLBLOG,NORMAL,아이가 좋아해요 이뻐요,2020-09-04T05:21:39.000+0000,STOREFARM,5,어린이 보석십자수 DIY 캐릭터 큐빅 비즈십자수 지니맘,지니맘 큐빅십자수  DIY: 14번 부엉이 (15cm 20cm)
2013077531,SELLBLOG,NORMAL,"딸이 많이 기다렸어요..ㅎ
받자마자 하나 완성 했네요..
액자에 넣으니 더 예쁘네요~~~~",2020-08-22T06:59:07.000+0000,STOREFARM,5,어린이 보석십자수 DIY 캐릭터 큐빅 비즈십자수 지니맘,지니맘 큐빅십자수  DIY: 16번 여우 (15cm 20cm)
2017591141,SELLBLOG,NORMAL,배송은 좀 걸렸지만 아이들이 좋아해서 재주문 해요~^^,2020-08-28T07:49:53.000+0000,STOREFARM,3,어린이 보석십자수 DIY 캐릭터 큐빅 비즈십자수 지니맘,지니맘 큐빅십자수  DIY: 14번 부엉이 (15cm 20cm)
2019221152,SELLBLOG,NORMAL,반짝이라 여자아이들이 좋아해요,2020-08-30T13:31:56.000+0000,STOREFARM,5,어린이 보석십자수 DIY 캐릭터 큐빅 비즈십자수 지니맘,지니맘 큐빅십자수  DIY: 17번 핑크사슴  (15cm 20cm)
2019402792,SELLBLOG,NORMAL,"조카선물 최고!
아이들 집중력 기르기도 최고!",2020-08-31T01:16:21.000+0000,STOREFARM,5,어린이 보석십자수 DIY 캐릭터 큐빅 비즈십자수 지니맘,지니맘 큐빅십자수  DIY: 16번 여우 (15cm 20cm)
2007571391,SELLBLOG,NORMAL,아이가 넘 좋아해요,2020-08-13T03:29:08.000+0000,STOREFARM,5,어린이 보석십자수 DIY 캐릭터 큐빅 비즈십자수 지니맘,지니맘 큐빅십자수  DIY: 10번 안경토끼  (15cm 20cm)
2022470333,SELLBLOG,NORMAL,너무 이쁘고 좋아요^^,2020-09-04T00:32:24.000+0000,STOREFARM,5,어린이 보석십자수 DIY 캐릭터 큐빅 비즈십자수 지니맘,지니맘 큐빅십자수  DIY: 3번 분홍사슴 (15cm 20cm)
2014124254,SELLBLOG,NORMAL,아이들이 너무좋아해요 몇일동안 하고있네요,2020-08-24T00:57:46.000+0000,STOREFARM,4,어린이 보석십자수 DIY 캐릭터 큐빅 비즈십자수 지니맘,지니맘 큐빅십자수  DIY: 13번 별유니콘 (15cm 20cm)
2014124078,SELLBLOG,NORMAL,아이들이 너무좋아해요 몇일동안 하고있네요,2020-08-24T00:57:33.000+0000,STOREFARM,4,어린이 보석십자수 DIY 캐릭터 큐빅 비즈십자수 지니맘,지니맘 큐빅십자수  DIY: 15번 사자 (15cm 20cm)
2009406652,SELLBLOG,NORMAL,아이들 집중능력을 키울 수있어 도움됩니다 액자에 끼워두면 좋아해요재구매했습니다,2020-08-17T02:53:02.000+0000,STOREFARM,5,어린이 보석십자수 DIY 캐릭터 큐빅 비즈십자수 지니맘,지니맘 큐빅십자수  DIY: 17번 핑크사슴  (15cm 20cm)
2021066710,SELLBLOG,NORMAL,"넘 예뻐요
아이가 넘 좋아합니다",2020-09-02T05:57:52.000+0000,STOREFARM,5,어린이 보석십자수 DIY 캐릭터 큐빅 비즈십자수 지니맘,지니맘 큐빅십자수  DIY: 20번 아기유니콘 (15cm 20cm)
2007116191,SELLBLOG,NORMAL,화면보다 더 이쁘네요,2020-08-12T10:13:20.000+0000,STOREFARM,5,어린이 보석십자수 DIY 캐릭터 큐빅 비즈십자수 지니맘,지니맘 큐빅십자수  DIY: 9번 겨울사슴 (15cm 20cm)
2016893608,SELLBLOG,NORMAL,아이들이 좋아해요 6살 아이도 잘 해요,2020-08-27T10:39:23.000+0000,STOREFARM,5,어린이 보석십자수 DIY 캐릭터 큐빅 비즈십자수 지니맘,지니맘 큐빅십자수  DIY: 18번 파란사슴 (15cm 20cm)
2001742922,SELLBLOG,NORMAL,"아이가 너무 좋아해요 
심심할때 틈틈히 만들고 있어요~~",2020-08-03T13:08:32.000+0000,STOREFARM,5,어린이 보석십자수 DIY 캐릭터 큐빅 비즈십자수 지니맘,지니맘 큐빅십자수  DIY: 9번 겨울사슴 (15cm 20cm)
2008748777,SELLBLOG,NORMAL,배송빨라요 재밌어요,2020-08-15T04:41:16.000+0000,STOREFARM,5,어린이 보석십자수 DIY 캐릭터 큐빅 비즈십자수 지니맘,지니맘 큐빅십자수  DIY: 3번 분홍사슴 (15cm 20cm)
2004793768,SELLBLOG,NORMAL,아이들이랑 같이 하는데 너무 재미있어요,2020-08-08T07:06:56.000+0000,STOREFARM,5,어린이 보석십자수 DIY 캐릭터 큐빅 비즈십자수 지니맘,지니맘 큐빅십자수  DIY: 2번 보라유니콘  (15cm 20cm)
2004793395,SELLBLOG,NORMAL,아이들이랑 같이 하는데 너무 재미있어요,2020-08-08T07:06:21.000+0000,STOREFARM,5,어린이 보석십자수 DIY 캐릭터 큐빅 비즈십자수 지니맘,지니맘 큐빅십자수  DIY: 8번 꽃사슴 (15cm 20cm)
2020275547,SELLBLOG,NORMAL,집콕중 소소한 행복~좋아요,2020-09-01T05:54:32.000+0000,STOREFARM,5,어린이 보석십자수 DIY 캐릭터 큐빅 비즈십자수 지니맘,지니맘 큐빅십자수  DIY: 1번 유니콘  (15cm 20cm)
2019386910,SELLBLOG,NORMAL,아직 해 보진 않았지만 예뻐요,2020-08-31T00:57:22.000+0000,STOREFARM,4,어린이 보석십자수 DIY 캐릭터 큐빅 비즈십자수 지니맘,지니맘 큐빅십자수  DIY: 16번 여우 (15cm 20cm)
2016712457,SELLBLOG,NORMAL,감사합니다. 잘쓰겠슴니다,2020-08-27T06:50:49.000+0000,STOREFARM,5,어린이 보석십자수 DIY 캐릭터 큐빅 비즈십자수 지니맘,지니맘 큐빅십자수  DIY: 14번 부엉이 (15cm 20cm)
2016712158,SELLBLOG,NORMAL,감사합니다. 잘쓰겠습니다,2020-08-27T06:50:29.000+0000,STOREFARM,5,어린이 보석십자수 DIY 캐릭터 큐빅 비즈십자수 지니맘,지니맘 큐빅십자수  DIY: 15번 사자 (15cm 20cm)
2007446034,SELLBLOG,NORMAL,"8세 남자아이 
몇시간을 집중해서 하네요. 간단한 설명만해주니 
스티커 붙여있는 모양보고 알아서 척척하네요.
완성하면 또 사주기로~^♡",2020-08-13T00:42:38.000+0000,STOREFARM,5,어린이 보석십자수 DIY 캐릭터 큐빅 비즈십자수 지니맘,지니맘 큐빅십자수  DIY: 13번 별유니콘 (15cm 20cm)
2019075406,SELLBLOG,NORMAL,배송빠르고 아이들이좋아해요,2020-08-30T08:45:50.000+0000,STOREFARM,5,어린이 보석십자수 DIY 캐릭터 큐빅 비즈십자수 지니맘,지니맘 큐빅십자수  DIY: 15번 사자 (15cm 20cm)
2001739546,SELLBLOG,NORMAL,초4딸아이 너무나 좋아하네요..이쁘기도합니다,2020-08-03T13:00:47.000+0000,STOREFARM,5,어린이 보석십자수 DIY 캐릭터 큐빅 비즈십자수 지니맘,지니맘 큐빅십자수  DIY: 1번 유니콘  (15cm 20cm)
2007953521,SELLBLOG,NORMAL,아이가 좋아합니다.,2020-08-13T13:45:00.000+0000,STOREFARM,5,어린이 보석십자수 DIY 캐릭터 큐빅 비즈십자수 지니맘,지니맘 큐빅십자수  DIY: 1번 유니콘  (15cm 20cm)
2007953304,SELLBLOG,NORMAL,아이가 좋아합니다.,2020-08-13T13:44:37.000+0000,STOREFARM,5,어린이 보석십자수 DIY 캐릭터 큐빅 비즈십자수 지니맘,지니맘 큐빅십자수  DIY: 8번 꽃사슴 (15cm 20cm)
2006364726,SELLBLOG,NORMAL,아이가 넘 재미있어해요,2020-08-11T05:51:35.000+0000,STOREFARM,5,어린이 보석십자수 DIY 캐릭터 큐빅 비즈십자수 지니맘,지니맘 큐빅십자수  DIY: 14번 부엉이 (15cm 20cm)
2019502632,SELLBLOG,NORMAL,사이즈도 괜찮고 큐빅도 이쁘고 좋네요~,2020-08-31T03:15:15.000+0000,STOREFARM,5,어린이 보석십자수 DIY 캐릭터 큐빅 비즈십자수 지니맘,지니맘 큐빅십자수  DIY: 2번 보라유니콘  (15cm 20cm)
875457134,SELLBLOG,NORMAL,선물 받아 몇 개 해본적은 있는데 구매는 처음이라 코팅된 도안위에 양면 테이프 맞나요? 그게 붙어져와서 조금 당황하긴 했어요. 그 전에 했던것들은 본품 자체에 접착제가 묻어있고 위에 투명 비닐이 덮여져 있어서 아래 도안이 잘 보여서 하려는 영역안에 같은 디자인 비즈를 한번에 할 수 있었거든요. 그런데 지니맘에서 구입한건 양면 테이프 같이 불투명한 흰색이 덮여 있으니 저희 아이처럼 손이 느리거나 조금 어린 친구들은 그 덮여진 흰 색을 떼어내면 한 번에 다 할 수가 없어서 조금씩 잘라내서 그 영역에 있는 비즈들을 종류별로 조금씩 꺼내서 쓰고 다시 다 정리해놓고 옆에 영역 조금 또 가위로 잘라내서 같은 행동 반복하니 그건 좀 아쉽더라구요. 표면에 접착제가 발라져 있는 제품들 비해 위에 비닐을 다 떼어내서 하다가 더 하기 싫거나 힘들어서 다시 덮어뒀다 다음날 하기엔 요게 접착력이 좀.. 한 두번 하기엔 괜찮겠던데 저희 아이가 손이 느려서 며칠간 한다고 생각했을 때 생기는 단점인거라고 생각하시면 할 말이 없지만 구매자 입장에선 쬐끔 아쉬윈 점이긴 했어요. 그 점 빼고는 포장도 꼼꼼히 해주시고 도안도 너무 귀엽다고 아이가 너무 좋아해요.,2020-06-13T14:24:54.000+0000,STOREFARM,3,어린이 보석십자수 DIY 캐릭터 큐빅 비즈십자수 지니맘,지니맘 큐빅십자수  DIY: 1번 유니콘  (15cm 20cm)
2020396877,SELLBLOG,NORMAL,아이가 너무좋아해요,2020-09-01T08:24:52.000+0000,STOREFARM,5,어린이 보석십자수 DIY 캐릭터 큐빅 비즈십자수 지니맘,지니맘 큐빅십자수  DIY: 11번 클로버 (15cm 20cm)
2020396298,SELLBLOG,NORMAL,아이가 너무좋아해요,2020-09-01T08:24:10.000+0000,STOREFARM,5,어린이 보석십자수 DIY 캐릭터 큐빅 비즈십자수 지니맘,지니맘 큐빅십자수  DIY: 9번 겨울사슴 (15cm 20cm)
2020396006,SELLBLOG,NORMAL,아이가 너무좋아해요,2020-09-01T08:23:48.000+0000,STOREFARM,5,어린이 보석십자수 DIY 캐릭터 큐빅 비즈십자수 지니맘,지니맘 큐빅십자수  DIY: 4번 홍학 (15cm 20cm)
900780767,SELLBLOG,NORMAL,"너무 이쁘네요~~
완성하고 나면 비즈가 몇개 떨어지는게 보이는데 별로 티나지 않아서 괜찮아요
불량 비즈가 몇개 있지만 불량 비즈도 예쁘다고 모아놨어요
완성하고도 비즈가 많이 남아서 다른데 써도 되겠어요",2020-07-22T01:31:07.000+0000,STOREFARM,5,어린이 보석십자수 DIY 캐릭터 큐빅 비즈십자수 지니맘,지니맘 큐빅십자수  DIY: 13번 별유니콘 (15cm 20cm)
2015574361,SELLBLOG,NORMAL,"생각보다 비싼 듯한데, 만들고 나면 예쁘고 뿌듯할 거 같아요~",2020-08-25T22:16:55.000+0000,STOREFARM,5,어린이 보석십자수 DIY 캐릭터 큐빅 비즈십자수 지니맘,지니맘 큐빅십자수  DIY: 13번 별유니콘 (15cm 20cm)
2008023774,SELLBLOG,NORMAL,아이가 재밌어해요~간혹 불량이 있어 가까이서 보면 예쁘지 않아 실망도 했지만 싸이즈 더 큰거로 또 사달라하네요,2020-08-13T16:29:15.000+0000,STOREFARM,4,어린이 보석십자수 DIY 캐릭터 큐빅 비즈십자수 지니맘,지니맘 큐빅십자수  DIY: 17번 핑크사슴  (15cm 20cm)
2002857329,SELLBLOG,NORMAL,"아이가 좋아해요
집중력이 생기네요",2020-08-05T08:50:24.000+0000,STOREFARM,5,어린이 보석십자수 DIY 캐릭터 큐빅 비즈십자수 지니맘,지니맘 큐빅십자수  DIY: 13번 별유니콘 (15cm 20cm)
2018185153,SELLBLOG,NORMAL,초등학생이 만들기 좋은거 같아요,2020-08-29T04:34:57.000+0000,STOREFARM,5,어린이 보석십자수 DIY 캐릭터 큐빅 비즈십자수 지니맘,
2019268740,SELLBLOG,NORMAL,애들이재밌어합니다 괜찮아요^^,2020-08-30T15:15:15.000+0000,STOREFARM,4,어린이 보석십자수 DIY 캐릭터 큐빅 비즈십자수 지니맘,지니맘 큐빅십자수  DIY: 15번 사자 (15cm 20cm)
903632863,SELLBLOG,NORMAL,"아이가 엄청집중력을 갖고 완성시키고 있어요
색감이 이뿌고 블링블링 하네요~^^ 다음엔 더 큰거를 사달라고 하네요~",2020-07-26T07:21:46.000+0000,STOREFARM,5,어린이 보석십자수 DIY 캐릭터 큐빅 비즈십자수 지니맘,지니맘 큐빅십자수  DIY: 1번 유니콘  (15cm 20cm)
2020497342,SELLBLOG,NORMAL,집콕하기  딱이에요,2020-09-01T10:33:35.000+0000,STOREFARM,5,어린이 보석십자수 DIY 캐릭터 큐빅 비즈십자수 지니맘,지니맘 큐빅십자수  DIY: 12번 돌고래 (15cm 20cm)
2007010311,SELLBLOG,NORMAL,완성하니 너무 예쁘네요~^^,2020-08-12T07:58:46.000+0000,STOREFARM,5,어린이 보석십자수 DIY 캐릭터 큐빅 비즈십자수 지니맘,지니맘 큐빅십자수  DIY: 3번 분홍사슴 (15cm 20cm)
2006048775,SELLBLOG,NORMAL,아이가 재미있어 하네요,2020-08-10T13:03:16.000+0000,STOREFARM,5,어린이 보석십자수 DIY 캐릭터 큐빅 비즈십자수 지니맘,지니맘 큐빅십자수  DIY: 13번 별유니콘 (15cm 20cm)
2019958108,SELLBLOG,NORMAL,재밌데 잚했어요디아,2020-08-31T15:40:24.000+0000,STOREFARM,5,어린이 보석십자수 DIY 캐릭터 큐빅 비즈십자수 지니맘,지니맘 큐빅십자수  DIY: 8번 꽃사슴 (15cm 20cm)
2015975277,SELLBLOG,AFTER_USE,아이가 한참 집중하면서 즐거운 시간을 보냈습니다.,2020-08-26T08:20:00.000+0000,STOREFARM,5,어린이 보석십자수 DIY 캐릭터 큐빅 비즈십자수 지니맘,지니맘 큐빅십자수  DIY: 21번 별유니콘 (15cm 20cm)
2021148508,SELLBLOG,NORMAL,아이가 좋아하네요^^,2020-09-02T07:29:48.000+0000,STOREFARM,5,어린이 보석십자수 DIY 캐릭터 큐빅 비즈십자수 지니맘,지니맘 큐빅십자수  DIY: 9번 겨울사슴 (15cm 20cm)
2012458814,SELLBLOG,NORMAL,다음날  바로 받았어요. 그림이쁘다고 아이가 너무 좋아하네요^^,2020-08-21T10:04:47.000+0000,STOREFARM,5,어린이 보석십자수 DIY 캐릭터 큐빅 비즈십자수 지니맘,지니맘 큐빅십자수  DIY: 2번 보라유니콘  (15cm 20cm)
2004520326,SELLBLOG,NORMAL,너무이쁘다요 굿잡 또주문합니더,2020-08-08T00:13:19.000+0000,STOREFARM,5,어린이 보석십자수 DIY 캐릭터 큐빅 비즈십자수 지니맘,지니맘 큐빅십자수  DIY: 13번 별유니콘 (15cm 20cm)
2019505871,SELLBLOG,NORMAL,아이가 너무 좋아해요,2020-08-31T03:18:53.000+0000,STOREFARM,5,어린이 보석십자수 DIY 캐릭터 큐빅 비즈십자수 지니맘,지니맘 큐빅십자수  DIY: 13번 별유니콘 (15cm 20cm)
2020497637,SELLBLOG,NORMAL,집콕하기 딱이에요.,2020-09-01T10:33:55.000+0000,STOREFARM,5,어린이 보석십자수 DIY 캐릭터 큐빅 비즈십자수 지니맘,지니맘 큐빅십자수  DIY: 19번 아이스크림 (15cm 20cm)
2005979318,SELLBLOG,NORMAL,조카들 선물용 샀어요,2020-08-10T10:31:37.000+0000,STOREFARM,5,어린이 보석십자수 DIY 캐릭터 큐빅 비즈십자수 지니맘,지니맘 큐빅십자수  DIY: 8번 꽃사슴 (15cm 20cm)
2003231516,SELLBLOG,NORMAL,블링블링한 보석 색깔이 아이 마음을 사로 잡았어요.,2020-08-06T01:09:52.000+0000,STOREFARM,5,어린이 보석십자수 DIY 캐릭터 큐빅 비즈십자수 지니맘,지니맘 큐빅십자수  DIY: 13번 별유니콘 (15cm 20cm)
2018405037,SELLBLOG,NORMAL,배송빠르고 아이가 좋아해요,2020-08-29T08:29:54.000+0000,STOREFARM,5,어린이 보석십자수 DIY 캐릭터 큐빅 비즈십자수 지니맘,지니맘 큐빅십자수  DIY: 1번 유니콘  (15cm 20cm)
2014311564,SELLBLOG,NORMAL,좋아요 아이들이 좋아하네요. 또 주문할게요.,2020-08-24T04:32:32.000+0000,STOREFARM,5,어린이 보석십자수 DIY 캐릭터 큐빅 비즈십자수 지니맘,지니맘 큐빅십자수  DIY: 4번 홍학 (15cm 20cm)
2018958036,SELLBLOG,NORMAL,아이가 너무 좋아하네요,2020-08-30T05:38:27.000+0000,STOREFARM,5,어린이 보석십자수 DIY 캐릭터 큐빅 비즈십자수 지니맘,지니맘 큐빅십자수  DIY: 14번 부엉이 (15cm 20cm)
901272566,SELLBLOG,NORMAL,"너무좋아해서
재구매 하려구요
가격만 조금 다운된다면
왕창 사두고 싶으네요~
초등학생들 방학대비용으로 더 사두려고 합니다
재밌네요^^",2020-07-22T13:36:59.000+0000,STOREFARM,5,어린이 보석십자수 DIY 캐릭터 큐빅 비즈십자수 지니맘,지니맘 큐빅십자수  DIY: 1번 유니콘  (15cm 20cm)
2009645875,SELLBLOG,NORMAL,"재미있고 완성품 예뻐서 추가 구매합니다.
아이들이 넘 좋아해요,어른이 해도 재미있네요^^",2020-08-17T12:35:38.000+0000,STOREFARM,5,어린이 보석십자수 DIY 캐릭터 큐빅 비즈십자수 지니맘,지니맘 큐빅십자수  DIY: 4번 홍학 (15cm 20cm)
2021449870,SELLBLOG,NORMAL,빠른배송입니다~ .,2020-09-02T12:55:19.000+0000,STOREFARM,5,어린이 보석십자수 DIY 캐릭터 큐빅 비즈십자수 지니맘,지니맘 큐빅십자수  DIY: 16번 여우 (15cm 20cm)
2005417341,SELLBLOG,NORMAL,애들이 재밌게 잘 하네요,2020-08-09T11:32:01.000+0000,STOREFARM,5,어린이 보석십자수 DIY 캐릭터 큐빅 비즈십자수 지니맘,지니맘 큐빅십자수  DIY: 13번 별유니콘 (15cm 20cm)
2014311413,SELLBLOG,NORMAL,아이들이 좋아하네요. 좋아요. 또 주문할게요.,2020-08-24T04:32:23.000+0000,STOREFARM,5,어린이 보석십자수 DIY 캐릭터 큐빅 비즈십자수 지니맘,지니맘 큐빅십자수  DIY: 15번 사자 (15cm 20cm)
2018455590,SELLBLOG,AFTER_USE,아이들이 너무 좋아했어요,2020-08-29T09:38:28.000+0000,STOREFARM,5,어린이 보석십자수 DIY 캐릭터 큐빅 비즈십자수 지니맘,지니맘 큐빅십자수  DIY: 1번 유니콘  (15cm 20cm)
2012708238,SELLBLOG,NORMAL,배송도 빠르고 쉽게 할수 있어서 완성품 액자 해서 걸어놓으니 예쁘네요,2020-08-21T22:06:45.000+0000,STOREFARM,5,어린이 보석십자수 DIY 캐릭터 큐빅 비즈십자수 지니맘,지니맘 큐빅십자수  DIY: 11번 클로버 (15cm 20cm)
2005127116,SELLBLOG,NORMAL,아이가 매우 조아라 합니다,2020-08-09T01:56:55.000+0000,STOREFARM,5,어린이 보석십자수 DIY 캐릭터 큐빅 비즈십자수 지니맘,지니맘 큐빅십자수  DIY: 11번 클로버 (15cm 20cm)
2005126957,SELLBLOG,NORMAL,아이가 매우 조아라 합니다,2020-08-09T01:56:42.000+0000,STOREFARM,5,어린이 보석십자수 DIY 캐릭터 큐빅 비즈십자수 지니맘,지니맘 큐빅십자수  DIY: 10번 안경토끼  (15cm 20cm)
2005126747,SELLBLOG,NORMAL,아이가 매우 조아라 합니다,2020-08-09T01:56:25.000+0000,STOREFARM,5,어린이 보석십자수 DIY 캐릭터 큐빅 비즈십자수 지니맘,지니맘 큐빅십자수  DIY: 1번 유니콘  (15cm 20cm)
2005126128,SELLBLOG,NORMAL,아이가 매우 조아라 합니다,2020-08-09T01:55:36.000+0000,STOREFARM,5,어린이 보석십자수 DIY 캐릭터 큐빅 비즈십자수 지니맘,지니맘 큐빅십자수  DIY: 12번 돌고래 (15cm 20cm)
2019779044,SELLBLOG,NORMAL,아이들이 너무 좋아해요 ㅎㅎㅎ,2020-08-31T09:30:07.000+0000,STOREFARM,5,어린이 보석십자수 DIY 캐릭터 큐빅 비즈십자수 지니맘,지니맘 큐빅십자수  DIY: 1번 유니콘  (15cm 20cm)
2019778974,SELLBLOG,NORMAL,아이들이 너무 좋아해요 ㅎㅎㅎ,2020-08-31T09:29:59.000+0000,STOREFARM,5,어린이 보석십자수 DIY 캐릭터 큐빅 비즈십자수 지니맘,지니맘 큐빅십자수  DIY: 6번 소녀1  (15cm 20cm)
2019778900,SELLBLOG,NORMAL,아이들이 너무 좋아해오 ㅎㅎㅎ,2020-08-31T09:29:50.000+0000,STOREFARM,5,어린이 보석십자수 DIY 캐릭터 큐빅 비즈십자수 지니맘,지니맘 큐빅십자수  DIY: 20번 아기유니콘 (15cm 20cm)
2017804011,SELLBLOG,NORMAL,완성후 액자에 넣어는데 이쁘네요^^,2020-08-28T12:37:34.000+0000,STOREFARM,5,어린이 보석십자수 DIY 캐릭터 큐빅 비즈십자수 지니맘,지니맘 큐빅십자수  DIY: 7번 소녀2  (15cm 20cm)
2010474178,SELLBLOG,AFTER_USE,"애가재밋게놀아요
작은거하다이번엔큰걸루도전하네요",2020-08-19T02:10:28.000+0000,STOREFARM,5,어린이 보석십자수 DIY 캐릭터 큐빅 비즈십자수 지니맘,지니맘 큐빅십자수  DIY: 9번 겨울사슴 (15cm 20cm)
2019778815,SELLBLOG,NORMAL,아이들 너무 좋아해요 ㅎㅎ,2020-08-31T09:29:38.000+0000,STOREFARM,5,어린이 보석십자수 DIY 캐릭터 큐빅 비즈십자수 지니맘,지니맘 큐빅십자수  DIY: 7번 소녀2  (15cm 20cm)
2017059229,SELLBLOG,NORMAL,생각보다 어렵고 그래서 재미있어요~,2020-08-27T14:09:50.000+0000,STOREFARM,5,어린이 보석십자수 DIY 캐릭터 큐빅 비즈십자수 지니맘,지니맘 큐빅십자수  DIY: 7번 소녀2  (15cm 20cm)
2018085338,SELLBLOG,NORMAL,어이들이 정말 좋아합니다,2020-08-29T02:43:45.000+0000,STOREFARM,5,어린이 보석십자수 DIY 캐릭터 큐빅 비즈십자수 지니맘,지니맘 큐빅십자수  DIY: 15번 사자 (15cm 20cm)
2018085258,SELLBLOG,NORMAL,아이들이 정말 좋아합니다,2020-08-29T02:43:38.000+0000,STOREFARM,5,어린이 보석십자수 DIY 캐릭터 큐빅 비즈십자수 지니맘,지니맘 큐빅십자수  DIY: 1번 유니콘  (15cm 20cm)
2012546900,SELLBLOG,NORMAL,"아이가 엄청 좋아하네요~ 
다음에도 재구매 의사 있어요~~",2020-08-21T12:14:52.000+0000,STOREFARM,5,어린이 보석십자수 DIY 캐릭터 큐빅 비즈십자수 지니맘,지니맘 큐빅십자수  DIY: 14번 부엉이 (15cm 20cm)
2007102570,SELLBLOG,NORMAL,"아이들이 참 좋아해요.
다른곳에 비해 사이즈도 크고~~~코팅종이라 견고하고 좋아요,
아이들 조용히 집중하는 모습 보기좋네요~~
넘 이뻐요^^",2020-08-12T09:54:59.000+0000,STOREFARM,5,어린이 보석십자수 DIY 캐릭터 큐빅 비즈십자수 지니맘,지니맘 큐빅십자수  DIY: 9번 겨울사슴 (15cm 20cm)
2018458584,SELLBLOG,AFTER_USE,아이들이너무좋아해요,2020-08-29T09:42:48.000+0000,STOREFARM,5,어린이 보석십자수 DIY 캐릭터 큐빅 비즈십자수 지니맘,지니맘 큐빅십자수  DIY: 14번 부엉이 (15cm 20cm)
2015205976,SELLBLOG,NORMAL,딸내미가 너무 갖고싶어해서 주문했는데 너무 좋아해요~,2020-08-25T08:56:29.000+0000,STOREFARM,5,어린이 보석십자수 DIY 캐릭터 큐빅 비즈십자수 지니맘,지니맘 큐빅십자수  DIY: 9번 겨울사슴 (15cm 20cm)
2017394104,SELLBLOG,NORMAL,아이들이 너무 재미있어해요,2020-08-28T04:14:27.000+0000,STOREFARM,5,어린이 보석십자수 DIY 캐릭터 큐빅 비즈십자수 지니맘,지니맘 큐빅십자수  DIY: 13번 별유니콘 (15cm 20cm)
2017393968,SELLBLOG,NORMAL,아이들이 너무 재미있어해요,2020-08-28T04:14:19.000+0000,STOREFARM,5,어린이 보석십자수 DIY 캐릭터 큐빅 비즈십자수 지니맘,지니맘 큐빅십자수  DIY: 1번 유니콘  (15cm 20cm)
2011952405,SELLBLOG,NORMAL,아이가 보석십자수 너무 해보고싶다고해서 주문했는데 8살아이가하기에도 좋네요,2020-08-21T00:28:09.000+0000,STOREFARM,4,어린이 보석십자수 DIY 캐릭터 큐빅 비즈십자수 지니맘,지니맘 큐빅십자수  DIY: 15번 사자 (15cm 20cm)
2007028321,SELLBLOG,NORMAL,저렴하고 좋아요~~,2020-08-12T08:19:24.000+0000,STOREFARM,5,어린이 보석십자수 DIY 캐릭터 큐빅 비즈십자수 지니맘,지니맘 큐빅십자수  DIY: 4번 홍학 (15cm 20cm)
2012091579,SELLBLOG,NORMAL,딸아이가좃아해요 만들은거보니 이쁘더라구요,2020-08-21T03:01:45.000+0000,STOREFARM,5,어린이 보석십자수 DIY 캐릭터 큐빅 비즈십자수 지니맘,지니맘 큐빅십자수  DIY: 8번 꽃사슴 (15cm 20cm)
2013329227,SELLBLOG,NORMAL,아이가좋아하네요. 총알배송인듯,2020-08-22T13:18:57.000+0000,STOREFARM,5,어린이 보석십자수 DIY 캐릭터 큐빅 비즈십자수 지니맘,지니맘 큐빅십자수  DIY: 13번 별유니콘 (15cm 20cm)
2015574273,SELLBLOG,NORMAL,귕여워요 ㅎㅎ아이랑 같이ㅈ가할게요,2020-08-25T22:16:29.000+0000,STOREFARM,5,어린이 보석십자수 DIY 캐릭터 큐빅 비즈십자수 지니맘,지니맘 큐빅십자수  DIY: 18번 파란사슴 (15cm 20cm)
2003506429,SELLBLOG,NORMAL,아직해보진않았지만 기대만빵입니다~,2020-08-06T08:21:27.000+0000,STOREFARM,5,어린이 보석십자수 DIY 캐릭터 큐빅 비즈십자수 지니맘,지니맘 큐빅십자수  DIY: 9번 겨울사슴 (15cm 20cm)
2020543773,SELLBLOG,AFTER_USE,아이가 좋아해요~~,2020-09-01T11:28:08.000+0000,STOREFARM,4,어린이 보석십자수 DIY 캐릭터 큐빅 비즈십자수 지니맘,지니맘 큐빅십자수  DIY: 1번 유니콘  (15cm 20cm)
2015878602,SELLBLOG,NORMAL,배송조금 느렸지만 아이가 좋아하네요,2020-08-26T06:30:02.000+0000,STOREFARM,5,어린이 보석십자수 DIY 캐릭터 큐빅 비즈십자수 지니맘,지니맘 큐빅십자수  DIY: 7번 소녀2  (15cm 20cm)
2007639250,SELLBLOG,NORMAL,완전 만족합니다 배송도 빨라요 적극 추천드립니다 애들이 너무 좋아해서 재구매 의사있습니다,2020-08-13T05:24:13.000+0000,STOREFARM,5,어린이 보석십자수 DIY 캐릭터 큐빅 비즈십자수 지니맘,지니맘 큐빅십자수  DIY: 2번 보라유니콘  (15cm 20cm)
2014803197,SELLBLOG,NORMAL,붙이기도쉽고 아이들이 집중해서 잘하네요,2020-08-25T00:57:03.000+0000,STOREFARM,5,어린이 보석십자수 DIY 캐릭터 큐빅 비즈십자수 지니맘,지니맘 큐빅십자수  DIY: 7번 소녀2  (15cm 20cm)
2009089175,SELLBLOG,NORMAL,"딸이  사달라해서  어떤지몰라  일단 1개구매했는데
딸이재밌고  예쁘다고  좋아하네요
반짝반짝이뻐요",2020-08-16T03:36:36.000+0000,STOREFARM,5,어린이 보석십자수 DIY 캐릭터 큐빅 비즈십자수 지니맘,지니맘 큐빅십자수  DIY: 3번 분홍사슴 (15cm 20cm)
2018023568,SELLBLOG,NORMAL,애들이 하기에 좋아요,2020-08-29T01:29:54.000+0000,STOREFARM,5,어린이 보석십자수 DIY 캐릭터 큐빅 비즈십자수 지니맘,지니맘 큐빅십자수  DIY: 20번 아기유니콘 (15cm 20cm)
2013077853,SELLBLOG,NORMAL,"딸아이가 너무 좋아해요..
시간보내기 딱이네요^^",2020-08-22T06:59:31.000+0000,STOREFARM,5,어린이 보석십자수 DIY 캐릭터 큐빅 비즈십자수 지니맘,지니맘 큐빅십자수  DIY: 10번 안경토끼  (15cm 20cm)
2020088593,SELLBLOG,NORMAL,잘받았슴니다. 잘쓸게요,2020-09-01T01:51:13.000+0000,STOREFARM,5,어린이 보석십자수 DIY 캐릭터 큐빅 비즈십자수 지니맘,지니맘 큐빅십자수  DIY: 12번 돌고래 (15cm 20cm)
2020088495,SELLBLOG,NORMAL,잘받았슴니다. 잘쓸게요,2020-09-01T01:51:04.000+0000,STOREFARM,5,어린이 보석십자수 DIY 캐릭터 큐빅 비즈십자수 지니맘,지니맘 큐빅십자수  DIY: 9번 겨울사슴 (15cm 20cm)
2005799640,SELLBLOG,NORMAL,정말 좋아라 합니다.,2020-08-10T04:41:20.000+0000,STOREFARM,5,어린이 보석십자수 DIY 캐릭터 큐빅 비즈십자수 지니맘,지니맘 큐빅십자수  DIY: 20번 아기사슴
2012277805,SELLBLOG,NORMAL,"조카생일선물로 주문했어요~~
예쁘다고좋아해요",2020-08-21T06:17:02.000+0000,STOREFARM,5,어린이 보석십자수 DIY 캐릭터 큐빅 비즈십자수 지니맘,지니맘 큐빅십자수  DIY: 4번 홍학 (15cm 20cm)
2002337018,SELLBLOG,NORMAL,아이들이 좋아합니다 액자도 구매합니다,2020-08-04T12:37:49.000+0000,STOREFARM,5,어린이 보석십자수 DIY 캐릭터 큐빅 비즈십자수 지니맘,지니맘 큐빅십자수  DIY: 1번 유니콘  (15cm 20cm)
2002336591,SELLBLOG,NORMAL,아이들이 좋아합니다 액자도 구매합니다,2020-08-04T12:37:19.000+0000,STOREFARM,5,어린이 보석십자수 DIY 캐릭터 큐빅 비즈십자수 지니맘,지니맘 큐빅십자수  DIY: 8번 꽃사슴 (15cm 20cm)
2016801113,SELLBLOG,NORMAL,초등 여아 선물로 괜찮습니다,2020-08-27T08:36:38.000+0000,STOREFARM,5,어린이 보석십자수 DIY 캐릭터 큐빅 비즈십자수 지니맘,지니맘 큐빅십자수  DIY: 20번 아기사슴 (15cm 20cm)
2011057935,SELLBLOG,AFTER_USE,"아이랑 잘 했어요
시간떼우기용으로 딱입니다ㅋㅋ",2020-08-19T16:33:36.000+0000,STOREFARM,4,어린이 보석십자수 DIY 캐릭터 큐빅 비즈십자수 지니맘,지니맘 큐빅십자수  DIY: 21번 별유니콘 (15cm 20cm)
2015624773,SELLBLOG,NORMAL,배송도 빠르고 아이들이좋아해요,2020-08-26T00:23:32.000+0000,STOREFARM,5,어린이 보석십자수 DIY 캐릭터 큐빅 비즈십자수 지니맘,지니맘 큐빅십자수  DIY: 1번 유니콘  (15cm 20cm)
2010688266,SELLBLOG,NORMAL,아이가 넘 좋아하네요 빠른배송 감사합니더,2020-08-19T07:38:50.000+0000,STOREFARM,5,어린이 보석십자수 DIY 캐릭터 큐빅 비즈십자수 지니맘,지니맘 큐빅십자수  DIY: 1번 유니콘  (15cm 20cm)
2014972774,SELLBLOG,NORMAL,배송도빠르고 저렴하게 잘구매했어요,2020-08-25T04:23:27.000+0000,STOREFARM,5,어린이 보석십자수 DIY 캐릭터 큐빅 비즈십자수 지니맘,지니맘 큐빅십자수  DIY: 5번  반짝이 사슴 (15cm 20cm)
2019387254,SELLBLOG,NORMAL,보석이라 블링블링해요ㅋ,2020-08-31T00:57:48.000+0000,STOREFARM,4,어린이 보석십자수 DIY 캐릭터 큐빅 비즈십자수 지니맘,지니맘 큐빅십자수  DIY: 7번 소녀2  (15cm 20cm)
2017321624,SELLBLOG,NORMAL,배송 빠르고 재미있어요,2020-08-28T02:49:56.000+0000,STOREFARM,5,어린이 보석십자수 DIY 캐릭터 큐빅 비즈십자수 지니맘,지니맘 큐빅십자수  DIY: 18번 파란사슴 (15cm 20cm)
2002520912,SELLBLOG,NORMAL,아이들주려고 샀는데 너무 잼있어요,2020-08-04T23:16:59.000+0000,STOREFARM,5,어린이 보석십자수 DIY 캐릭터 큐빅 비즈십자수 지니맘,지니맘 큐빅십자수  DIY: 3번 분홍사슴 (15cm 20cm)
2002520691,SELLBLOG,NORMAL,아이들주려고 샀는데 너무 잼있어요,2020-08-04T23:16:17.000+0000,STOREFARM,5,어린이 보석십자수 DIY 캐릭터 큐빅 비즈십자수 지니맘,지니맘 큐빅십자수  DIY: 1번 유니콘  (15cm 20cm)
2011215642,SELLBLOG,NORMAL,집에서 하기 재미있어요. 8세여아 좋아합니다.,2020-08-20T01:47:58.000+0000,STOREFARM,5,어린이 보석십자수 DIY 캐릭터 큐빅 비즈십자수 지니맘,지니맘 큐빅십자수  DIY: 14번 부엉이 (15cm 20cm)
2003563586,SELLBLOG,NORMAL,"사이즈가 좋네요
완성작이 기대되네요",2020-08-06T09:51:33.000+0000,STOREFARM,5,어린이 보석십자수 DIY 캐릭터 큐빅 비즈십자수 지니맘,지니맘 큐빅십자수  DIY: 1번 유니콘  (15cm 20cm)
2018251334,SELLBLOG,NORMAL,아이가 재밌어 합니다.,2020-08-29T05:40:40.000+0000,STOREFARM,5,어린이 보석십자수 DIY 캐릭터 큐빅 비즈십자수 지니맘,지니맘 큐빅십자수  DIY: 1번 유니콘  (15cm 20cm)
2005819717,SELLBLOG,NORMAL,보석도 넉넉히 챙겨주시고 생각보다 보석이 너무 예쁘네요.. 고급진 느낌ㅋㅋ 아이들이 너무 집중하면서 잘했어요 또 하고싶다고 난리네요,2020-08-10T05:11:57.000+0000,STOREFARM,5,어린이 보석십자수 DIY 캐릭터 큐빅 비즈십자수 지니맘,지니맘 큐빅십자수  DIY: 9번 겨울사슴 (15cm 20cm)
2014917641,SELLBLOG,NORMAL,이뻐요. 딸도 아들도 좋아하넹ᆢㄷ,2020-08-25T03:18:37.000+0000,STOREFARM,5,어린이 보석십자수 DIY 캐릭터 큐빅 비즈십자수 지니맘,지니맘 큐빅십자수  DIY: 4번 홍학 (15cm 20cm)
2016801378,SELLBLOG,NORMAL,초등여아 선물로 좋습니다,2020-08-27T08:36:57.000+0000,STOREFARM,5,어린이 보석십자수 DIY 캐릭터 큐빅 비즈십자수 지니맘,지니맘 큐빅십자수  DIY: 1번 유니콘  (15cm 20cm)
2002335899,SELLBLOG,NORMAL,아이들이 좋아합니다ㆍ집중력에도 도움되고 좋네요,2020-08-04T12:36:27.000+0000,STOREFARM,5,어린이 보석십자수 DIY 캐릭터 큐빅 비즈십자수 지니맘,지니맘 큐빅십자수  DIY: 14번 부엉이 (15cm 20cm)
2016712325,SELLBLOG,NORMAL,감사합니다  잘쓰겠습니다,2020-08-27T06:50:41.000+0000,STOREFARM,5,어린이 보석십자수 DIY 캐릭터 큐빅 비즈십자수 지니맘,지니맘 큐빅십자수  DIY: 13번 별유니콘 (15cm 20cm)
2018834685,SELLBLOG,NORMAL,아이들이넘 좋아해요~~^^,2020-08-30T02:56:54.000+0000,STOREFARM,5,어린이 보석십자수 DIY 캐릭터 큐빅 비즈십자수 지니맘,지니맘 큐빅십자수  DIY: 1번 유니콘  (15cm 20cm)
2001806959,SELLBLOG,NORMAL,하다보면 완성하고싶어서 금방하게되요,2020-08-03T16:19:59.000+0000,STOREFARM,5,어린이 보석십자수 DIY 캐릭터 큐빅 비즈십자수 지니맘,지니맘 큐빅십자수  DIY: 10번 안경토끼  (15cm 20cm)
2001567126,SELLBLOG,NORMAL,아이들방학동안 보석십자수 해본다고 구입,2020-08-03T06:18:18.000+0000,STOREFARM,3,어린이 보석십자수 DIY 캐릭터 큐빅 비즈십자수 지니맘,지니맘 큐빅십자수  DIY: 1번 유니콘  (15cm 20cm)
2006426578,SELLBLOG,NORMAL,친절하고  주문하자  바로  보내주셔서  고마워요 ..  우리  초딩님이  너무  좋아해서 ㅎ   포장두  이쁘게오고  좋아요,2020-08-11T07:32:01.000+0000,STOREFARM,5,어린이 보석십자수 DIY 캐릭터 큐빅 비즈십자수 지니맘,지니맘 큐빅십자수  DIY: 12번 돌고래 (15cm 20cm)
2019268523,SELLBLOG,NORMAL,애들이좋아하네요~~~~,2020-08-30T15:14:41.000+0000,STOREFARM,4,어린이 보석십자수 DIY 캐릭터 큐빅 비즈십자수 지니맘,지니맘 큐빅십자수  DIY: 13번 별유니콘 (15cm 20cm)
2018020111,SELLBLOG,NORMAL,잼있어용 아이가잼있어해요,2020-08-29T01:24:49.000+0000,STOREFARM,5,어린이 보석십자수 DIY 캐릭터 큐빅 비즈십자수 지니맘,지니맘 큐빅십자수  DIY: 6번 소녀1  (15cm 20cm)
2015878880,SELLBLOG,NORMAL,판은 조금 불편한것 같아요,2020-08-26T06:30:23.000+0000,STOREFARM,5,어린이 보석십자수 DIY 캐릭터 큐빅 비즈십자수 지니맘,지니맘 큐빅십자수  DIY: 20번 아기사슴 (15cm 20cm)
2010395466,SELLBLOG,NORMAL,"아이가 좋아하네요
오자마자 바로 열중함",2020-08-18T23:32:35.000+0000,STOREFARM,3,어린이 보석십자수 DIY 캐릭터 큐빅 비즈십자수 지니맘,지니맘 큐빅십자수  DIY: 14번 부엉이 (15cm 20cm)
2015624915,SELLBLOG,NORMAL,배송도 빠르고 예쁘고 좋네용,2020-08-26T00:23:42.000+0000,STOREFARM,5,어린이 보석십자수 DIY 캐릭터 큐빅 비즈십자수 지니맘,지니맘 큐빅십자수  DIY: 7번 소녀2  (15cm 20cm)
2017590670,SELLBLOG,NORMAL,빠른배송 감사합니다.,2020-08-28T07:49:22.000+0000,STOREFARM,3,어린이 보석십자수 DIY 캐릭터 큐빅 비즈십자수 지니맘,지니맘 큐빅십자수  DIY: 17번 핑크사슴  (15cm 20cm)
2016923330,SELLBLOG,NORMAL,색상이참이쁩니다~애들이 참 좋아해요~,2020-08-27T11:17:03.000+0000,STOREFARM,4,어린이 보석십자수 DIY 캐릭터 큐빅 비즈십자수 지니맘,지니맘 큐빅십자수  DIY: 18번 파란사슴 (15cm 20cm)
2003506780,SELLBLOG,NORMAL,포장꼼꼼히 잘되어왔어요~,2020-08-06T08:21:57.000+0000,STOREFARM,5,어린이 보석십자수 DIY 캐릭터 큐빅 비즈십자수 지니맘,지니맘 큐빅십자수  DIY: 3번 분홍사슴 (15cm 20cm)
2017803711,SELLBLOG,NORMAL,아이가 너무 좋아해요^^,2020-08-28T12:37:06.000+0000,STOREFARM,5,어린이 보석십자수 DIY 캐릭터 큐빅 비즈십자수 지니맘,지니맘 큐빅십자수  DIY: 13번 별유니콘 (15cm 20cm)
2016646456,SELLBLOG,AFTER_USE,배송이 빨라서 좋아요,2020-08-27T05:31:39.000+0000,STOREFARM,4,어린이 보석십자수 DIY 캐릭터 큐빅 비즈십자수 지니맘,
2002805137,SELLBLOG,NORMAL,오자마자  뜯어서  바로하네요,2020-08-05T07:39:07.000+0000,STOREFARM,5,어린이 보석십자수 DIY 캐릭터 큐빅 비즈십자수 지니맘,지니맘 큐빅십자수  DIY: 9번 겨울사슴 (15cm 20cm)
2016800854,SELLBLOG,NORMAL,초등3 여아가 좋아합니다,2020-08-27T08:36:19.000+0000,STOREFARM,5,어린이 보석십자수 DIY 캐릭터 큐빅 비즈십자수 지니맘,지니맘 큐빅십자수  DIY: 7번 소녀2  (15cm 20cm)
2012707941,SELLBLOG,NORMAL,배송도 빠르고 오자마자 만들고 나니 넘 예쁘네요,2020-08-21T22:04:30.000+0000,STOREFARM,5,어린이 보석십자수 DIY 캐릭터 큐빅 비즈십자수 지니맘,지니맘 큐빅십자수  DIY: 10번 안경토끼  (15cm 20cm)
2016356552,SELLBLOG,NORMAL,아이가 넘 좋아했어요,2020-08-26T21:52:05.000+0000,STOREFARM,5,어린이 보석십자수 DIY 캐릭터 큐빅 비즈십자수 지니맘,지니맘 큐빅십자수  DIY: 1번 유니콘  (15cm 20cm)
2011087006,SELLBLOG,AFTER_USE,"제품을 완성 시켜놓고 보니
집안 인테리어가 살아나는듯 해요",2020-08-19T21:31:17.000+0000,STOREFARM,5,어린이 보석십자수 DIY 캐릭터 큐빅 비즈십자수 지니맘,지니맘 큐빅십자수  DIY: 8번 꽃사슴 (15cm 20cm)
899246735,SELLBLOG,NORMAL,초3아이가 넘 좋아해요. 집중해서 잘 붙이고 3/1정도 붙이고 있는데 예쁘네요. 여자 아이들이 좋아라 하네요. 친구에게 하나 언니에게 하나 나눔했네요.,2020-07-19T13:45:40.000+0000,STOREFARM,4,어린이 보석십자수 DIY 캐릭터 큐빅 비즈십자수 지니맘,지니맘 큐빅십자수  DIY: 14번 부엉이 (15cm 20cm)
2010411204,SELLBLOG,NORMAL,넘이쁘고아이가좋아해요.금방완료하네요,2020-08-19T00:12:31.000+0000,STOREFARM,5,어린이 보석십자수 DIY 캐릭터 큐빅 비즈십자수 지니맘,지니맘 큐빅십자수  DIY: 2번 보라유니콘  (15cm 20cm)
900563360,SELLBLOG,NORMAL,"딸 아이 게임 안하고 요거에 집중하고 좋아하면서 다 하고 미니언즈 또 사달라고 하네요
혼자 쉽다고 잘 해요",2020-07-21T13:31:51.000+0000,STOREFARM,5,어린이 보석십자수 DIY 캐릭터 큐빅 비즈십자수 지니맘,지니맘 큐빅십자수  DIY: 8번 꽃사슴 (15cm 20cm)
2007606298,SELLBLOG,NORMAL,예쁜데  일반적인 보석십자수 같지 안은..복사한 종이에 코팅한..받고 좀 당황했어요..,2020-08-13T04:30:25.000+0000,STOREFARM,4,어린이 보석십자수 DIY 캐릭터 큐빅 비즈십자수 지니맘,지니맘 큐빅십자수  DIY: 18번 파란사슴 (15cm 20cm)
2011215176,SELLBLOG,NORMAL,아이가 좋아하네요. 8세여아입니다.,2020-08-20T01:47:30.000+0000,STOREFARM,5,어린이 보석십자수 DIY 캐릭터 큐빅 비즈십자수 지니맘,지니맘 큐빅십자수  DIY: 3번 분홍사슴 (15cm 20cm)
886656621,SELLBLOG,NORMAL,액자 따로 검색해서 구입하기 번거롭던데 여긴 액자도 같이 구입할수 있는게 가장 좋은 장점인듯싶네요ㅎ 처음 해보는거라 서툴줄 알았는데 초딩이라 그런지 저보다 저 잘 알더라구요^^ 보석붙일때 두개 붙어있고 뒤집에서 앞면을 향해 붙여야되니 번거로움이 살짝 있지만 아이는 너무 좋아하네요~ 대신 아직 어려서 많이는 못하고 조금씩해서 예쁘게 완성시켜야 겠어요ㅎ,2020-06-30T22:42:19.000+0000,STOREFARM,5,어린이 보석십자수 DIY 캐릭터 큐빅 비즈십자수 지니맘,지니맘 큐빅십자수  DIY: 15번 사자 (15cm 20cm)
2001092470,SELLBLOG,NORMAL,재밌어요.재구매의사 있어요,2020-08-02T08:05:04.000+0000,STOREFARM,5,어린이 보석십자수 DIY 캐릭터 큐빅 비즈십자수 지니맘,지니맘 큐빅십자수  DIY: 13번 별유니콘 (15cm 20cm)
2001566600,SELLBLOG,NORMAL,아이들방학 선택과제로 구입..좋아하네요~~,2020-08-03T06:17:22.000+0000,STOREFARM,3,어린이 보석십자수 DIY 캐릭터 큐빅 비즈십자수 지니맘,지니맘 큐빅십자수  DIY: 13번 별유니콘 (15cm 20cm)
900786197,SELLBLOG,NORMAL,"6가지 사서 4개째 완성 중이에요
친척 오빠들도 좋아했어요 ㅋㅋ
작고 싼것도 있던데 이게 훨씬 이쁘더라고요",2020-07-22T01:39:56.000+0000,STOREFARM,5,어린이 보석십자수 DIY 캐릭터 큐빅 비즈십자수 지니맘,지니맘 큐빅십자수  DIY: 1번 유니콘  (15cm 20cm)
2015497918,SELLBLOG,NORMAL,8살아이가 집중해서 하고있어요^^*,2020-08-25T14:57:25.000+0000,STOREFARM,5,어린이 보석십자수 DIY 캐릭터 큐빅 비즈십자수 지니맘,지니맘 큐빅십자수  DIY: 1번 유니콘  (15cm 20cm)
2017989850,SELLBLOG,NORMAL,잘받앗습니다. 잘쓸게요,2020-08-29T00:39:56.000+0000,STOREFARM,5,어린이 보석십자수 DIY 캐릭터 큐빅 비즈십자수 지니맘,지니맘 큐빅십자수  DIY: 11번 클로버 (15cm 20cm)
2017242113,SELLBLOG,NORMAL,애가 좀 어렵대요.,2020-08-28T01:17:54.000+0000,STOREFARM,5,어린이 보석십자수 DIY 캐릭터 큐빅 비즈십자수 지니맘,지니맘 큐빅십자수  DIY: 1번 유니콘  (15cm 20cm)
2011461101,SELLBLOG,NORMAL,큐빅이 불량이좀 있네요 도안은 이뻐요~,2020-08-20T06:54:24.000+0000,STOREFARM,4,어린이 보석십자수 DIY 캐릭터 큐빅 비즈십자수 지니맘,지니맘 큐빅십자수  DIY: 8번 꽃사슴 (15cm 20cm)
2014817317,SELLBLOG,NORMAL,배송도빠르고 방법도 쉬어서 좋아요~,2020-08-25T01:17:13.000+0000,STOREFARM,5,어린이 보석십자수 DIY 캐릭터 큐빅 비즈십자수 지니맘,지니맘 큐빅십자수  DIY: 9번 겨울사슴 (15cm 20cm)
2001567779,SELLBLOG,NORMAL,방학동안 아이들 해볼려구구입,2020-08-03T06:19:27.000+0000,STOREFARM,3,어린이 보석십자수 DIY 캐릭터 큐빅 비즈십자수 지니맘,지니맘 큐빅십자수  DIY: 14번 부엉이 (15cm 20cm)
2017887640,SELLBLOG,NORMAL,"에쁘고, 재밌네요~",2020-08-28T15:02:13.000+0000,STOREFARM,5,어린이 보석십자수 DIY 캐릭터 큐빅 비즈십자수 지니맘,지니맘 큐빅십자수  DIY: 1번 유니콘  (15cm 20cm)
2006849903,SELLBLOG,NORMAL,아이가 넘좋아해요~ 액자에 걸어두니 무슨 작품같네요~ 다양한 사이즈가 있었음 좋겠어요,2020-08-12T00:17:26.000+0000,STOREFARM,5,어린이 보석십자수 DIY 캐릭터 큐빅 비즈십자수 지니맘,지니맘 큐빅십자수  DIY: 14번 부엉이 (15cm 20cm)
2012045939,SELLBLOG,NORMAL,"배송도 빠르고 디자인도 이뻐요
집중해서 하는모습이 이쁘네요~^^",2020-08-21T02:14:05.000+0000,STOREFARM,5,어린이 보석십자수 DIY 캐릭터 큐빅 비즈십자수 지니맘,지니맘 큐빅십자수  DIY: 13번 별유니콘 (15cm 20cm)
2002580662,SELLBLOG,NORMAL,배송도 빠르고 가격도 적당해요,2020-08-05T01:30:55.000+0000,STOREFARM,5,어린이 보석십자수 DIY 캐릭터 큐빅 비즈십자수 지니맘,지니맘 큐빅십자수  DIY: 6번 소녀1  (15cm 20cm)
2014706492,SELLBLOG,NORMAL,저령해서 삿음 괜찮습니다,2020-08-24T15:31:57.000+0000,STOREFARM,5,어린이 보석십자수 DIY 캐릭터 큐빅 비즈십자수 지니맘,지니맘 큐빅십자수  DIY: 13번 별유니콘 (15cm 20cm)
2002316587,SELLBLOG,NORMAL,딸램 재미지게 하고있어요.,2020-08-04T12:11:58.000+0000,STOREFARM,5,어린이 보석십자수 DIY 캐릭터 큐빅 비즈십자수 지니맘,지니맘 큐빅십자수  DIY: 9번 겨울사슴 (15cm 20cm)
2011953276,SELLBLOG,NORMAL,딸아이가 너무 좋아해요!''집중력 기르는데 좋을듯,2020-08-21T00:29:32.000+0000,STOREFARM,4,어린이 보석십자수 DIY 캐릭터 큐빅 비즈십자수 지니맘,지니맘 큐빅십자수  DIY: 10번 안경토끼  (15cm 20cm)
2013329424,SELLBLOG,NORMAL,완성은 안했지만 아이가 좋아합니다.,2020-08-22T13:19:17.000+0000,STOREFARM,5,어린이 보석십자수 DIY 캐릭터 큐빅 비즈십자수 지니맘,지니맘 큐빅십자수  DIY: 2번 보라유니콘  (15cm 20cm)
2016923594,SELLBLOG,NORMAL,아이들이좋아해요~ ^^,2020-08-27T11:17:26.000+0000,STOREFARM,4,어린이 보석십자수 DIY 캐릭터 큐빅 비즈십자수 지니맘,지니맘 큐빅십자수  DIY: 19번 아이스크림 (15cm 20cm)
2007013199,SELLBLOG,NORMAL,아이가3학년인데 집중력완젼짱 2시간은 그냥앉아서하네요 재미있어해요^^,2020-08-12T08:02:05.000+0000,STOREFARM,5,어린이 보석십자수 DIY 캐릭터 큐빅 비즈십자수 지니맘,지니맘 큐빅십자수  DIY: 10번 안경토끼  (15cm 20cm)
905232038,SELLBLOG,NORMAL,초등학생 딸아이가 하려고 샀는데 어렵지도 않고 아이가 참 좋아해요~^^,2020-07-29T00:23:12.000+0000,STOREFARM,5,어린이 보석십자수 DIY 캐릭터 큐빅 비즈십자수 지니맘,지니맘 큐빅십자수  DIY: 11번 클로버 (15cm 20cm)
2005635369,SELLBLOG,NORMAL,좀더 큰걸 사봐야겠어요 몇시간만에 금방완성되더라고요 액자에 넣어놓으니 완전 이쁨요~^^,2020-08-10T01:07:21.000+0000,STOREFARM,5,어린이 보석십자수 DIY 캐릭터 큐빅 비즈십자수 지니맘,지니맘 큐빅십자수  DIY: 14번 부엉이 (15cm 20cm)
2003935455,SELLBLOG,NORMAL,가격대비 좋아요~~,2020-08-07T02:15:24.000+0000,STOREFARM,5,어린이 보석십자수 DIY 캐릭터 큐빅 비즈십자수 지니맘,지니맘 큐빅십자수  DIY: 2번 보라유니콘  (15cm 20cm)
906462413,SELLBLOG,NORMAL,"아이가 사달라고 해서
사줬는데 너무 좋아하세요.
반짝반짝 예뻐요.",2020-07-30T16:30:34.000+0000,STOREFARM,4,어린이 보석십자수 DIY 캐릭터 큐빅 비즈십자수 지니맘,지니맘 큐빅십자수  DIY: 13번 별유니콘 (15cm 20cm)
2001807082,SELLBLOG,NORMAL,보석십자수 재미있어요,2020-08-03T16:20:44.000+0000,STOREFARM,5,어린이 보석십자수 DIY 캐릭터 큐빅 비즈십자수 지니맘,지니맘 큐빅십자수  DIY: 15번 사자 (15cm 20cm)
2013233413,SELLBLOG,NORMAL,아이들 시간 보내기 이만한게 없네?,2020-08-22T10:48:52.000+0000,STOREFARM,5,어린이 보석십자수 DIY 캐릭터 큐빅 비즈십자수 지니맘,지니맘 큐빅십자수  DIY: 1번 유니콘  (15cm 20cm)
2007945172,SELLBLOG,NORMAL,"처음 해보는데도 6살, 9살 아이들이 집중해서 스스로 너무 잘 합니다. 완성 후에 또 주문해달라고 할 것 같아요^^",2020-08-13T13:31:25.000+0000,STOREFARM,5,어린이 보석십자수 DIY 캐릭터 큐빅 비즈십자수 지니맘,지니맘 큐빅십자수  DIY: 3번 분홍사슴 (15cm 20cm)
900784254,SELLBLOG,NORMAL,"9세 아이가 완성했어요
하면서도 예쁘다고 계속 얘기하면서 하더라고요
완성하니 진짜 예쁘네요",2020-07-22T01:37:00.000+0000,STOREFARM,5,어린이 보석십자수 DIY 캐릭터 큐빅 비즈십자수 지니맘,지니맘 큐빅십자수  DIY: 3번 분홍사슴 (15cm 20cm)
2001930345,SELLBLOG,NORMAL,보석 십 차수 재밋네요,2020-08-04T02:27:08.000+0000,STOREFARM,5,어린이 보석십자수 DIY 캐릭터 큐빅 비즈십자수 지니맘,지니맘 큐빅십자수  DIY: 1번 유니콘  (15cm 20cm)
2007840685,SELLBLOG,NORMAL,"아이들이 너무 좋아해요
맘에쏙드네요
액자가 없어서 아쉽지만 ㅎ",2020-08-13T10:36:44.000+0000,STOREFARM,5,어린이 보석십자수 DIY 캐릭터 큐빅 비즈십자수 지니맘,지니맘 큐빅십자수  DIY: 17번 핑크사슴  (15cm 20cm)
2000578391,SELLBLOG,NORMAL,아이가 좋아하네요~예뻐요~,2020-08-01T07:32:21.000+0000,STOREFARM,5,어린이 보석십자수 DIY 캐릭터 큐빅 비즈십자수 지니맘,지니맘 큐빅십자수  DIY: 1번 유니콘  (15cm 20cm)
2012446535,SELLBLOG,NORMAL,포장도 꼼꼼히 되있고 배송이 빠르네요~~,2020-08-21T09:46:44.000+0000,STOREFARM,5,어린이 보석십자수 DIY 캐릭터 큐빅 비즈십자수 지니맘,지니맘 큐빅십자수  DIY: 10번 안경토끼  (15cm 20cm)
2011057858,SELLBLOG,AFTER_USE,"아이랑 잘 사용하였습니다
시간떼우기 좋아요",2020-08-19T16:33:18.000+0000,STOREFARM,4,어린이 보석십자수 DIY 캐릭터 큐빅 비즈십자수 지니맘,지니맘 큐빅십자수  DIY: 8번 꽃사슴 (15cm 20cm)
2012070997,SELLBLOG,NORMAL,"10살 아이가 사달래서 구매
이쁘고 애가 잘 하네요",2020-08-21T02:39:44.000+0000,STOREFARM,5,어린이 보석십자수 DIY 캐릭터 큐빅 비즈십자수 지니맘,지니맘 큐빅십자수  DIY: 4번 홍학 (15cm 20cm)
2013860827,SELLBLOG,NORMAL,이쁘고 좋아요 하기 쉽고,2020-08-23T10:41:56.000+0000,STOREFARM,5,어린이 보석십자수 DIY 캐릭터 큐빅 비즈십자수 지니맘,지니맘 큐빅십자수  DIY: 1번 유니콘  (15cm 20cm)
2008205675,SELLBLOG,NORMAL,너무 재미 있네요 완성하니 너무 예뻐요~ 2개 샀는데 하나 더 사고싶네요~,2020-08-14T02:58:07.000+0000,STOREFARM,5,어린이 보석십자수 DIY 캐릭터 큐빅 비즈십자수 지니맘,지니맘 큐빅십자수  DIY: 7번 소녀2  (15cm 20cm)
2010268443,SELLBLOG,NORMAL,두번째구매합니다 비즈도 많이 들어있고 좋아요,2020-08-18T13:42:29.000+0000,STOREFARM,3,어린이 보석십자수 DIY 캐릭터 큐빅 비즈십자수 지니맘,지니맘 큐빅십자수  DIY: 2번 보라유니콘  (15cm 20cm)
900787389,SELLBLOG,NORMAL,"아직 안했지만 다른거 해보니 넘나 이쁩니다~~
비즈도 엄청 많이 들어있어서 완성하고도 많이 남아서 다른데도 붙여야겠어요",2020-07-22T01:41:44.000+0000,STOREFARM,5,어린이 보석십자수 DIY 캐릭터 큐빅 비즈십자수 지니맘,지니맘 큐빅십자수  DIY: 8번 꽃사슴 (15cm 20cm)
2005615084,SELLBLOG,NORMAL,"생각보다 크네요~근데 색감도 괜찮고 
아이들이 너무 재미있어서 하네요~^^감사합니다~",2020-08-10T00:36:58.000+0000,STOREFARM,5,어린이 보석십자수 DIY 캐릭터 큐빅 비즈십자수 지니맘,지니맘 큐빅십자수  DIY: 12번 돌고래 (15cm 20cm)
2012400938,SELLBLOG,NORMAL,배송도 빠르고 아이가 너무 좋아하네요~^^,2020-08-21T08:43:06.000+0000,STOREFARM,5,어린이 보석십자수 DIY 캐릭터 큐빅 비즈십자수 지니맘,지니맘 큐빅십자수  DIY: 20번 아기사슴 (15cm 20cm)
2012951486,SELLBLOG,NORMAL,"예뻐요
아이가 집중해서 열심히 하네요",2020-08-22T04:32:35.000+0000,STOREFARM,5,어린이 보석십자수 DIY 캐릭터 큐빅 비즈십자수 지니맘,지니맘 큐빅십자수  DIY: 9번 겨울사슴 (15cm 20cm)
901994932,SELLBLOG,AFTER_USE,아이가 정말 좋아해요 자꾸 더 사달라하는게 단점이네요,2020-07-23T14:17:40.000+0000,STOREFARM,4,어린이 보석십자수 DIY 캐릭터 큐빅 비즈십자수 지니맘,지니맘 큐빅십자수  DIY: 18번 망치 (15cm 20cm)
2014857583,SELLBLOG,NORMAL,너무너무 만족합니다,2020-08-25T02:07:18.000+0000,STOREFARM,5,어린이 보석십자수 DIY 캐릭터 큐빅 비즈십자수 지니맘,지니맘 큐빅십자수  DIY: 13번 별유니콘 (15cm 20cm)
2010421084,SELLBLOG,NORMAL,보석 십자수 삼매경에 빠진 아이가되었답니다,2020-08-19T00:33:00.000+0000,STOREFARM,5,어린이 보석십자수 DIY 캐릭터 큐빅 비즈십자수 지니맘,지니맘 큐빅십자수  DIY: 10번 안경토끼  (15cm 20cm)
2013233237,SELLBLOG,NORMAL,아이들 집중하기 짱입니다,2020-08-22T10:48:34.000+0000,STOREFARM,5,어린이 보석십자수 DIY 캐릭터 큐빅 비즈십자수 지니맘,지니맘 큐빅십자수  DIY: 9번 겨울사슴 (15cm 20cm)
2012071669,SELLBLOG,NORMAL,"아이한테 좀 어려울까 했는게
10살아이 잘 하네요",2020-08-21T02:40:25.000+0000,STOREFARM,5,어린이 보석십자수 DIY 캐릭터 큐빅 비즈십자수 지니맘,지니맘 큐빅십자수  DIY: 6번 소녀1  (15cm 20cm)
2008332353,SELLBLOG,NORMAL,이쁘네요 액자도 포함이였으면 더 좋았을것 같아요,2020-08-14T05:46:00.000+0000,STOREFARM,5,어린이 보석십자수 DIY 캐릭터 큐빅 비즈십자수 지니맘,지니맘 큐빅십자수  DIY: 1번 유니콘  (15cm 20cm)
2005634022,SELLBLOG,NORMAL,아이들이 너무 좋아합니다..  하루만에 집중해서 후딱!ㅋㅋ 집중해서 잘 합니다 완성된게 너무 예뻐요,2020-08-10T01:05:31.000+0000,STOREFARM,5,어린이 보석십자수 DIY 캐릭터 큐빅 비즈십자수 지니맘,지니맘 큐빅십자수  DIY: 20번 아기사슴 (15cm 20cm)
2008057750,SELLBLOG,NORMAL,사용전이에요~포장 깔끔하게 해서 보내주셨어요~,2020-08-13T22:23:36.000+0000,STOREFARM,5,어린이 보석십자수 DIY 캐릭터 큐빅 비즈십자수 지니맘,지니맘 큐빅십자수  DIY: 7번 소녀2  (15cm 20cm)
2004140459,SELLBLOG,NORMAL,포장도 깔끔하고 액자며 구성이며 모두 맘에 들어요.비 많이 오는 날이었는데 바로 받아서 좋았어요,2020-08-07T06:22:15.000+0000,STOREFARM,5,어린이 보석십자수 DIY 캐릭터 큐빅 비즈십자수 지니맘,지니맘 큐빅십자수  DIY: 13번 별유니콘 (15cm 20cm)
2000353410,SELLBLOG,NORMAL,매일매일 열심히 하고 있네요 이쁘게 될 것 같아요~^^,2020-08-01T02:06:34.000+0000,STOREFARM,5,어린이 보석십자수 DIY 캐릭터 큐빅 비즈십자수 지니맘,지니맘 큐빅십자수  DIY: 13번 별유니콘 (15cm 20cm)
904063194,SELLBLOG,NORMAL,엄청 예뻐요. 애들도 좋아합니다,2020-07-27T03:20:04.000+0000,STOREFARM,5,어린이 보석십자수 DIY 캐릭터 큐빅 비즈십자수 지니맘,지니맘 큐빅십자수  DIY: 1번 유니콘  (15cm 20cm)
2013478041,SELLBLOG,NORMAL,아이가 너무좋아해요,2020-08-23T00:36:12.000+0000,STOREFARM,5,어린이 보석십자수 DIY 캐릭터 큐빅 비즈십자수 지니맘,지니맘 큐빅십자수  DIY: 7번 소녀2  (15cm 20cm)
2011015572,SELLBLOG,NORMAL,쉽게 하는 붙이는 자수라 재밌어합니다,2020-08-19T14:45:03.000+0000,STOREFARM,4,어린이 보석십자수 DIY 캐릭터 큐빅 비즈십자수 지니맘,지니맘 큐빅십자수  DIY: 13번 별유니콘 (15cm 20cm)
2007424874,SELLBLOG,NORMAL,"아이가 혼자서도 잘하고 좋아해요
액자도 함께 구매했어요~~",2020-08-13T00:08:07.000+0000,STOREFARM,5,어린이 보석십자수 DIY 캐릭터 큐빅 비즈십자수 지니맘,지니맘 큐빅십자수  DIY: 1번 유니콘  (15cm 20cm)
895263348,SELLBLOG,NORMAL,어린이용이라 큐빅도크고 크기도작아서 아이가 할만하다네요,2020-07-13T09:27:48.000+0000,STOREFARM,5,어린이 보석십자수 DIY 캐릭터 큐빅 비즈십자수 지니맘,지니맘 큐빅십자수  DIY: 3번 분홍사슴 (15cm 20cm)
2002902629,SELLBLOG,NORMAL,아이가 진짜 좋아하네요!그리고 기존 하던것보다 더 보석이 예쁘다고 다하면 또 사달라고 난리네요ㅎㅎ많이파세요~,2020-08-05T09:59:26.000+0000,STOREFARM,5,어린이 보석십자수 DIY 캐릭터 큐빅 비즈십자수 지니맘,지니맘 큐빅십자수  DIY: 3번 분홍사슴 (15cm 20cm)
3001440382,SELLBLOG,NORMAL,좋아요좋아요좋아요예뻐요,2020-09-08T00:31:16.122+0000,STOREFARM,5,어린이 보석십자수 DIY 캐릭터 큐빅 비즈십자수 지니맘,지니맘 큐빅십자수  DIY: 19번 아이스크림 (15cm 20cm)
3001440172,SELLBLOG,NORMAL,좋아요좋아요좋아요예뻐요,2020-09-08T00:30:52.172+0000,STOREFARM,5,어린이 보석십자수 DIY 캐릭터 큐빅 비즈십자수 지니맘,지니맘 큐빅십자수  DIY: 17번 핑크유니콘  (15cm 20cm)
2008187645,SELLBLOG,NORMAL,8살아이 너무좋아라합니다~태블릿도안보고 이틀꼬박해서 3시간씩 완성했습니다~,2020-08-14T02:35:00.000+0000,STOREFARM,5,어린이 보석십자수 DIY 캐릭터 큐빅 비즈십자수 지니맘,지니맘 큐빅십자수  DIY: 9번 겨울사슴 (15cm 20cm)
2008187578,SELLBLOG,NORMAL,8살아이 너무좋아라합니다~태블릿도안보고 이틀꼬박해서 3시간씩 완성했습니다~,2020-08-14T02:34:55.000+0000,STOREFARM,5,어린이 보석십자수 DIY 캐릭터 큐빅 비즈십자수 지니맘,지니맘 큐빅십자수  DIY: 20번 아기사슴 (15cm 20cm)
2003752381,SELLBLOG,NORMAL,6세 여아가 직접 골라서 시켜 줬는데 너무 좋아해요  이쁘기까지 해요~ 아직 완성은 못 했지만 기대됩니당~^^,2020-08-06T14:56:53.000+0000,STOREFARM,5,어린이 보석십자수 DIY 캐릭터 큐빅 비즈십자수 지니맘,지니맘 큐빅십자수  DIY: 13번 별유니콘 (15cm 20cm)
2000459867,SELLBLOG,NORMAL,배송 빠르고 아이가 좋아해요~,2020-08-01T04:44:09.000+0000,STOREFARM,5,어린이 보석십자수 DIY 캐릭터 큐빅 비즈십자수 지니맘,지니맘 큐빅십자수  DIY: 1번 유니콘  (15cm 20cm)
2001805280,SELLBLOG,NORMAL,꼼꼼한 포장 좋아요~,2020-08-03T16:10:20.000+0000,STOREFARM,4,어린이 보석십자수 DIY 캐릭터 큐빅 비즈십자수 지니맘,지니맘 큐빅십자수  DIY: 13번 별유니콘 (15cm 20cm)
2012779299,SELLBLOG,NORMAL,배송도빠르고 가격도 저렴하네요,2020-08-22T01:20:03.000+0000,STOREFARM,5,어린이 보석십자수 DIY 캐릭터 큐빅 비즈십자수 지니맘,지니맘 큐빅십자수  DIY: 14번 부엉이 (15cm 20cm)
2001092726,SELLBLOG,NORMAL,재구매의사 있습니다,2020-08-02T08:05:40.000+0000,STOREFARM,5,어린이 보석십자수 DIY 캐릭터 큐빅 비즈십자수 지니맘,지니맘 큐빅십자수  DIY: 12번 돌고래 (15cm 20cm)
2010411498,SELLBLOG,NORMAL,아이가너무좋아하고 금방완성하네요,2020-08-19T00:13:04.000+0000,STOREFARM,5,어린이 보석십자수 DIY 캐릭터 큐빅 비즈십자수 지니맘,지니맘 큐빅십자수  DIY: 1번 유니콘  (15cm 20cm)
904942603,SELLBLOG,NORMAL,엄마가 하는거 보고 자기도 하고싶다구~~어린이용으로 검색해서 구매했어요. 오자마자 뜯어서  바로 작업들어가셨네요. 액자사이에 있는 아크릴판인가요??플라스틱판이 너무 얇아서 아이가 빼다가 깨졌네요ㅜㅜㅜ,2020-07-28T11:01:37.000+0000,STOREFARM,3,어린이 보석십자수 DIY 캐릭터 큐빅 비즈십자수 지니맘,지니맘 큐빅십자수  DIY: 1번 유니콘  (15cm 20cm)
2008057665,SELLBLOG,NORMAL,깨끗하게 포장해서 주셨어요~사용전이에요~,2020-08-13T22:23:08.000+0000,STOREFARM,5,어린이 보석십자수 DIY 캐릭터 큐빅 비즈십자수 지니맘,지니맘 큐빅십자수  DIY: 1번 유니콘  (15cm 20cm)
2008626808,SELLBLOG,NORMAL,예쁘고 재밌어요~ 집중력이 높아지는것 같네요^^,2020-08-15T01:05:51.000+0000,STOREFARM,5,어린이 보석십자수 DIY 캐릭터 큐빅 비즈십자수 지니맘,지니맘 큐빅십자수  DIY: 3번 분홍사슴 (15cm 20cm)
2011086740,SELLBLOG,AFTER_USE,"빠른배송
제품상태 깨끗하고 좋아요",2020-08-19T21:29:19.000+0000,STOREFARM,5,어린이 보석십자수 DIY 캐릭터 큐빅 비즈십자수 지니맘,지니맘 큐빅십자수  DIY: 21번 별유니콘 (15cm 20cm)
2013591682,SELLBLOG,NORMAL,배송이 빨라서 좋네요~,2020-08-23T03:05:11.000+0000,STOREFARM,5,어린이 보석십자수 DIY 캐릭터 큐빅 비즈십자수 지니맘,지니맘 큐빅십자수  DIY: 1번 유니콘  (15cm 20cm)
2013584826,SELLBLOG,NORMAL,배송이 빨라서 좋네요~,2020-08-23T02:57:37.000+0000,STOREFARM,5,어린이 보석십자수 DIY 캐릭터 큐빅 비즈십자수 지니맘,지니맘 큐빅십자수  DIY: 3번 분홍사슴 (15cm 20cm)
2013584627,SELLBLOG,NORMAL,배송이 빨라서 좋네요~,2020-08-23T02:57:23.000+0000,STOREFARM,5,어린이 보석십자수 DIY 캐릭터 큐빅 비즈십자수 지니맘,지니맘 큐빅십자수  DIY: 10번 안경토끼  (15cm 20cm)
2013584463,SELLBLOG,NORMAL,배송이 빨라서 좋네요~,2020-08-23T02:57:12.000+0000,STOREFARM,5,어린이 보석십자수 DIY 캐릭터 큐빅 비즈십자수 지니맘,지니맘 큐빅십자수  DIY: 13번 별유니콘 (15cm 20cm)
2011153996,SELLBLOG,NORMAL,아이가 쉽게할수있어서  좋아요,2020-08-20T00:37:34.000+0000,STOREFARM,5,어린이 보석십자수 DIY 캐릭터 큐빅 비즈십자수 지니맘,지니맘 큐빅십자수  DIY: 14번 부엉이 (15cm 20cm)
2010688992,SELLBLOG,NORMAL,뱌송도 빠르고 아이가 넘 좋아하네요,2020-08-19T07:39:45.000+0000,STOREFARM,5,어린이 보석십자수 DIY 캐릭터 큐빅 비즈십자수 지니맘,지니맘 큐빅십자수  DIY: 4번 홍학 (15cm 20cm)
2010017183,SELLBLOG,NORMAL,배송도 빠르고 완성해 놓으니 반짝반짝 넘 예뻐요,2020-08-18T07:24:42.000+0000,STOREFARM,5,어린이 보석십자수 DIY 캐릭터 큐빅 비즈십자수 지니맘,지니맘 큐빅십자수  DIY: 8번 꽃사슴 (15cm 20cm)
901275730,SELLBLOG,NORMAL,"초등학생들 시간보내기 좋아요
재구매 들어가요
많이 파세요",2020-07-22T13:41:15.000+0000,STOREFARM,5,어린이 보석십자수 DIY 캐릭터 큐빅 비즈십자수 지니맘,지니맘 큐빅십자수  DIY: 12번 돌고래 (15cm 20cm)
2012166650,SELLBLOG,NORMAL,잘 만들었어요 감사합니다,2020-08-21T04:19:54.000+0000,STOREFARM,5,어린이 보석십자수 DIY 캐릭터 큐빅 비즈십자수 지니맘,지니맘 큐빅십자수  DIY: 14번 부엉이 (15cm 20cm)
2002336221,SELLBLOG,NORMAL,아이들이 좋아합니다 ㆍ,2020-08-04T12:36:51.000+0000,STOREFARM,5,어린이 보석십자수 DIY 캐릭터 큐빅 비즈십자수 지니맘,지니맘 큐빅십자수  DIY: 13번 별유니콘 (15cm 20cm)
2000809395,SELLBLOG,NORMAL,완성하니 더 예쁘네요,2020-08-01T16:16:14.000+0000,STOREFARM,5,어린이 보석십자수 DIY 캐릭터 큐빅 비즈십자수 지니맘,지니맘 큐빅십자수  DIY: 7번 소녀2  (15cm 20cm)
2000809225,SELLBLOG,NORMAL,아이가 너무 좋아해요,2020-08-01T16:15:29.000+0000,STOREFARM,5,어린이 보석십자수 DIY 캐릭터 큐빅 비즈십자수 지니맘,지니맘 큐빅십자수  DIY: 2번 보라유니콘  (15cm 20cm)
2000134934,SELLBLOG,NORMAL,역시 다 해놓으니 넘 이뻐요,2020-07-31T12:03:31.000+0000,STOREFARM,5,어린이 보석십자수 DIY 캐릭터 큐빅 비즈십자수 지니맘,지니맘 큐빅십자수  DIY: 10번 안경토끼  (15cm 20cm)
2000134664,SELLBLOG,NORMAL,사이즈가 작지않고 예뻐요,2020-07-31T12:02:54.000+0000,STOREFARM,5,어린이 보석십자수 DIY 캐릭터 큐빅 비즈십자수 지니맘,지니맘 큐빅십자수  DIY: 3번 분홍사슴 (15cm 20cm)
906010822,SELLBLOG,NORMAL,5살 7살 힘든줄모르고 재미있다고 열심히하네요~,2020-07-30T03:17:06.000+0000,STOREFARM,5,어린이 보석십자수 DIY 캐릭터 큐빅 비즈십자수 지니맘,지니맘 큐빅십자수  DIY: 8번 꽃사슴 (15cm 20cm)
903381297,SELLBLOG,NORMAL,"애들이 좋아하네요
하기쉬워요",2020-07-25T21:56:19.000+0000,STOREFARM,4,어린이 보석십자수 DIY 캐릭터 큐빅 비즈십자수 지니맘,지니맘 큐빅십자수  DIY: 1번 유니콘  (15cm 20cm)
2006988488,SELLBLOG,NORMAL,"처음 시작하는 보석십자수
비즈가 크니까
도안번호 보기가 쉬우니까
아이들이 잘 하네요",2020-08-12T07:34:00.000+0000,STOREFARM,5,어린이 보석십자수 DIY 캐릭터 큐빅 비즈십자수 지니맘,지니맘 큐빅십자수  DIY: 14번 부엉이 (15cm 20cm)
900605298,SELLBLOG,NORMAL,하기도쉽고 이뿌고 아이가 너무 좋아해요 하나 더 구매해요,2020-07-21T14:28:09.000+0000,STOREFARM,5,어린이 보석십자수 DIY 캐릭터 큐빅 비즈십자수 지니맘,지니맘 큐빅십자수  DIY: 1번 유니콘  (15cm 20cm)
2010230148,SELLBLOG,NORMAL,얘든ㆍ이 좋아해요 배송느림,2020-08-18T12:48:02.000+0000,STOREFARM,4,어린이 보석십자수 DIY 캐릭터 큐빅 비즈십자수 지니맘,지니맘 큐빅십자수  DIY: 17번 핑크사슴  (15cm 20cm)
904740745,SELLBLOG,NORMAL,정말 예뻐여~~ 또 구매할께요~^^,2020-07-28T06:05:25.000+0000,STOREFARM,5,어린이 보석십자수 DIY 캐릭터 큐빅 비즈십자수 지니맘,지니맘 큐빅십자수  DIY: 13번 별유니콘 (15cm 20cm)
2010438356,SELLBLOG,NORMAL,아들이 해보고싶데서 구매합니다,2020-08-19T01:06:58.000+0000,STOREFARM,5,어린이 보석십자수 DIY 캐릭터 큐빅 비즈십자수 지니맘,지니맘 큐빅십자수  DIY: 3번 분홍사슴 (15cm 20cm)
2012633645,SELLBLOG,NORMAL,아이들이 정말 좋아하네요 ㅎㅎ,2020-08-21T14:34:26.000+0000,STOREFARM,5,어린이 보석십자수 DIY 캐릭터 큐빅 비즈십자수 지니맘,지니맘 큐빅십자수  DIY: 7번 소녀2  (15cm 20cm)
2012621064,SELLBLOG,NORMAL,아이들이 좋아하네요,2020-08-21T14:11:34.000+0000,STOREFARM,5,어린이 보석십자수 DIY 캐릭터 큐빅 비즈십자수 지니맘,지니맘 큐빅십자수  DIY: 8번 꽃사슴 (15cm 20cm)
2012620904,SELLBLOG,NORMAL,아이들이 좋아하네요,2020-08-21T14:11:19.000+0000,STOREFARM,5,어린이 보석십자수 DIY 캐릭터 큐빅 비즈십자수 지니맘,지니맘 큐빅십자수  DIY: 12번 돌고래 (15cm 20cm)
2012007607,SELLBLOG,NORMAL,배송도 빠르고 넘 예빠요,2020-08-21T01:34:37.000+0000,STOREFARM,4,어린이 보석십자수 DIY 캐릭터 큐빅 비즈십자수 지니맘,지니맘 큐빅십자수  DIY: 13번 별유니콘 (15cm 20cm)
2012446924,SELLBLOG,NORMAL,배송이 빨라서 너무 좋네요~~,2020-08-21T09:47:16.000+0000,STOREFARM,5,어린이 보석십자수 DIY 캐릭터 큐빅 비즈십자수 지니맘,지니맘 큐빅십자수  DIY: 3번 분홍사슴 (15cm 20cm)
2008119107,SELLBLOG,AFTER_USE,아이들이 집중력도 길러주고 성취감을  느끼게해줘서 너무 좋아요~~~,2020-08-14T01:05:34.000+0000,STOREFARM,5,어린이 보석십자수 DIY 캐릭터 큐빅 비즈십자수 지니맘,지니맘 큐빅십자수  DIY: 21번 별유니콘 (15cm 20cm)
2001609896,SELLBLOG,NORMAL,잘하고있어요이쁘네요,2020-08-03T07:44:02.000+0000,STOREFARM,4,어린이 보석십자수 DIY 캐릭터 큐빅 비즈십자수 지니맘,지니맘 큐빅십자수  DIY: 3번 분홍사슴 (15cm 20cm)
2012547230,SELLBLOG,NORMAL,아이가 엄청 좋아합니다~,2020-08-21T12:15:25.000+0000,STOREFARM,5,어린이 보석십자수 DIY 캐릭터 큐빅 비즈십자수 지니맘,지니맘 큐빅십자수  DIY: 3번 분홍사슴 (15cm 20cm)
2012547102,SELLBLOG,NORMAL,아이가 엄청 좋아합니다~,2020-08-21T12:15:12.000+0000,STOREFARM,5,어린이 보석십자수 DIY 캐릭터 큐빅 비즈십자수 지니맘,지니맘 큐빅십자수  DIY: 13번 별유니콘 (15cm 20cm)
2010229888,SELLBLOG,NORMAL,조아요 배송은 느려요,2020-08-18T12:47:40.000+0000,STOREFARM,4,어린이 보석십자수 DIY 캐릭터 큐빅 비즈십자수 지니맘,지니맘 큐빅십자수  DIY: 8번 꽃사슴 (15cm 20cm)
893660548,SELLBLOG,NORMAL,"받자마자 두 아이가 엄청 좋아하네요.
생각보다 제품도 좋고 예뻐요.
재미있게 잘하고 있어요.",2020-07-10T23:38:28.000+0000,STOREFARM,4,어린이 보석십자수 DIY 캐릭터 큐빅 비즈십자수 지니맘,지니맘 큐빅십자수  DIY: 11번 클로버 (15cm 20cm)
896321064,SELLBLOG,AFTER_USE,"코로나때문에 집에 있는 시간이 많아 애들 하라고
주문했었는데  완성했어요~
액자에 넣어주니 예쁘다고 ~~^^
다음에 또 주문할께요~",2020-07-15T02:29:30.000+0000,STOREFARM,5,어린이 보석십자수 DIY 캐릭터 큐빅 비즈십자수 지니맘,지니맘 큐빅십자수  DIY: 21번 별유니콘 (15cm 20cm)
2009654798,SELLBLOG,NORMAL,"아이가 정말 좋아해요
집중해서 재미있게 하네요",2020-08-17T12:53:57.000+0000,STOREFARM,5,어린이 보석십자수 DIY 캐릭터 큐빅 비즈십자수 지니맘,지니맘 큐빅십자수  DIY: 17번 핑크사슴  (15cm 20cm)
893392880,SELLBLOG,NORMAL,5살 여아. 조그만 그림사줬더니 의외로 집중해서 잘해서 이번엔 좀 큰걸로 마음에 드는 그림을 골라서하니 더 열심히해요ㅎㅎ 액자에 끼워주려고 같이 구매했네요~,2020-07-10T09:20:22.000+0000,STOREFARM,5,어린이 보석십자수 DIY 캐릭터 큐빅 비즈십자수 지니맘,지니맘 큐빅십자수  DIY: 3번 분홍사슴 (15cm 20cm)
2012257366,SELLBLOG,NORMAL,배송 빨라서 좋았어요,2020-08-21T05:53:47.000+0000,STOREFARM,5,어린이 보석십자수 DIY 캐릭터 큐빅 비즈십자수 지니맘,지니맘 큐빅십자수  DIY: 1번 유니콘  (15cm 20cm)
904063877,SELLBLOG,NORMAL,애들이엄청좋아해요.  예쁘네요.,2020-07-27T03:20:58.000+0000,STOREFARM,5,어린이 보석십자수 DIY 캐릭터 큐빅 비즈십자수 지니맘,지니맘 큐빅십자수  DIY: 11번 클로버 (15cm 20cm)
2009406932,SELLBLOG,NORMAL,재구매했습니다 이뻐서 아이가 좋아해요,2020-08-17T02:53:52.000+0000,STOREFARM,5,어린이 보석십자수 DIY 캐릭터 큐빅 비즈십자수 지니맘,지니맘 큐빅십자수  DIY: 10번 안경토끼  (15cm 20cm)
2013069445,SELLBLOG,NORMAL,그냥 그래요  그냥 그래요,2020-08-22T06:48:56.000+0000,STOREFARM,3,어린이 보석십자수 DIY 캐릭터 큐빅 비즈십자수 지니맘,지니맘 큐빅십자수  DIY: 10번 안경토끼  (15cm 20cm)
2009694243,SELLBLOG,NORMAL,아이들이 너무좋아하여 또 구매합니다~,2020-08-17T14:16:53.000+0000,STOREFARM,5,어린이 보석십자수 DIY 캐릭터 큐빅 비즈십자수 지니맘,지니맘 큐빅십자수  DIY: 7번 소녀2  (15cm 20cm)
896945117,SELLBLOG,NORMAL,저렴하게 잘 구매 했습니다. 아이가 잘 가지고 노네요.,2020-07-16T00:38:33.000+0000,STOREFARM,5,어린이 보석십자수 DIY 캐릭터 큐빅 비즈십자수 지니맘,지니맘 큐빅십자수  DIY: 14번 부엉이 (15cm 20cm)
897260427,SELLBLOG,AFTER_USE,"완성하려면 조금 남았는데, 넘 예뻐요~~
방학에 또 구매해서 시간보내기용으로 열심히 해야겠어요ㅋ",2020-07-16T08:43:58.000+0000,STOREFARM,4,어린이 보석십자수 DIY 캐릭터 큐빅 비즈십자수 지니맘,지니맘 큐빅십자수  DIY: 1번 유니콘  (15cm 20cm)
2010356208,SELLBLOG,NORMAL,이쁘고딸이좋아해요정말로,2020-08-18T17:56:02.000+0000,STOREFARM,5,어린이 보석십자수 DIY 캐릭터 큐빅 비즈십자수 지니맘,지니맘 큐빅십자수  DIY: 13번 별유니콘 (15cm 20cm)
2009978759,SELLBLOG,NORMAL,아이가좋아해서재구매합니다,2020-08-18T06:26:47.000+0000,STOREFARM,5,어린이 보석십자수 DIY 캐릭터 큐빅 비즈십자수 지니맘,지니맘 큐빅십자수  DIY: 9번 겨울사슴 (15cm 20cm)
2010268678,SELLBLOG,NORMAL,비즈도 많이 들어있고 좋아요,2020-08-18T13:42:49.000+0000,STOREFARM,3,어린이 보석십자수 DIY 캐릭터 큐빅 비즈십자수 지니맘,지니맘 큐빅십자수  DIY: 9번 겨울사슴 (15cm 20cm)
2010762581,SELLBLOG,NORMAL,딸아이가  너무 좋아합니다,2020-08-19T09:15:04.000+0000,STOREFARM,5,어린이 보석십자수 DIY 캐릭터 큐빅 비즈십자수 지니맘,지니맘 큐빅십자수  DIY: 13번 별유니콘 (15cm 20cm)
2011534808,SELLBLOG,NORMAL,딸래미가 좋아라하네요~,2020-08-20T08:23:20.000+0000,STOREFARM,5,어린이 보석십자수 DIY 캐릭터 큐빅 비즈십자수 지니맘,지니맘 큐빅십자수  DIY: 2번 보라유니콘  (15cm 20cm)
2011534755,SELLBLOG,NORMAL,딸래미가 좋아라하네요~,2020-08-20T08:23:16.000+0000,STOREFARM,5,어린이 보석십자수 DIY 캐릭터 큐빅 비즈십자수 지니맘,지니맘 큐빅십자수  DIY: 3번 분홍사슴 (15cm 20cm)
897259492,SELLBLOG,AFTER_USE,비즈 사이즈가 다양해서 아이가 지루하지 않게 잘 한것 같아요~~ 완성해놓으니 더 예뻬요,2020-07-16T08:42:36.000+0000,STOREFARM,4,어린이 보석십자수 DIY 캐릭터 큐빅 비즈십자수 지니맘,지니맘 큐빅십자수  DIY: 8번 꽃사슴 (15cm 20cm)
2011875843,SELLBLOG,NORMAL,배송도빠르고조아요.,2020-08-20T17:44:00.000+0000,STOREFARM,5,어린이 보석십자수 DIY 캐릭터 큐빅 비즈십자수 지니맘,지니맘 큐빅십자수  DIY: 14번 부엉이 (15cm 20cm)
2011875798,SELLBLOG,NORMAL,배송도빠르고조아요.,2020-08-20T17:43:37.000+0000,STOREFARM,5,어린이 보석십자수 DIY 캐릭터 큐빅 비즈십자수 지니맘,지니맘 큐빅십자수  DIY: 9번 겨울사슴 (15cm 20cm)
2007958049,SELLBLOG,AFTER_USE,아이들이좋아합니다두개시켰는데금방다해버렸어요,2020-08-13T13:52:21.000+0000,STOREFARM,5,어린이 보석십자수 DIY 캐릭터 큐빅 비즈십자수 지니맘,지니맘 큐빅십자수  DIY: 21번 별유니콘 (15cm 20cm)
2011089372,SELLBLOG,AFTER_USE,아이가 재미있어 해요,2020-08-19T21:48:16.000+0000,STOREFARM,5,어린이 보석십자수 DIY 캐릭터 큐빅 비즈십자수 지니맘,지니맘 큐빅십자수  DIY: 3번 분홍사슴 (15cm 20cm)
2008627504,SELLBLOG,NORMAL,맘에 들어요~ 아이도 좋아하네요,2020-08-15T01:07:16.000+0000,STOREFARM,5,어린이 보석십자수 DIY 캐릭터 큐빅 비즈십자수 지니맘,지니맘 큐빅십자수  DIY: 13번 별유니콘 (15cm 20cm)
2010229423,SELLBLOG,NORMAL,배송우 느렸지만 재밋어해요,2020-08-18T12:47:01.000+0000,STOREFARM,4,어린이 보석십자수 DIY 캐릭터 큐빅 비즈십자수 지니맘,지니맘 큐빅십자수  DIY: 13번 별유니콘 (15cm 20cm)
901452547,SELLBLOG,NORMAL,조카사줬는데 한번해보고재밌었는지 또사달라고해서또구매하게되었어요,2020-07-23T00:50:09.000+0000,STOREFARM,5,어린이 보석십자수 DIY 캐릭터 큐빅 비즈십자수 지니맘,지니맘 큐빅십자수  DIY: 2번 보라유니콘  (15cm 20cm)
904486448,SELLBLOG,NORMAL,다양한큐빅붙이기너무재밌어요,2020-07-27T21:52:32.000+0000,STOREFARM,5,어린이 보석십자수 DIY 캐릭터 큐빅 비즈십자수 지니맘,지니맘 큐빅십자수  DIY: 4번 홍학 (15cm 20cm)
2006800252,SELLBLOG,NORMAL,아이가 좋아하네요.. 빠른배송 감사합니다.,2020-08-11T20:59:09.000+0000,STOREFARM,5,어린이 보석십자수 DIY 캐릭터 큐빅 비즈십자수 지니맘,지니맘 큐빅십자수  DIY: 14번 부엉이 (15cm 20cm)
899250720,SELLBLOG,NORMAL,생각보다 넘 화사하고 예뻐요. 장식용으로도 손색이 없을 듯요~,2020-07-19T13:53:31.000+0000,STOREFARM,4,어린이 보석십자수 DIY 캐릭터 큐빅 비즈십자수 지니맘,지니맘 큐빅십자수  DIY: 1번 유니콘  (15cm 20cm)
2011406483,SELLBLOG,NORMAL,"아이가  완전 좋아해요
굿이h2r",2020-08-20T05:45:55.000+0000,STOREFARM,4,어린이 보석십자수 DIY 캐릭터 큐빅 비즈십자수 지니맘,지니맘 큐빅십자수  DIY: 17번 핑크사슴  (15cm 20cm)
2008120174,SELLBLOG,AFTER_USE,너무 좋네요 집중력 최고,2020-08-14T01:06:57.000+0000,STOREFARM,5,어린이 보석십자수 DIY 캐릭터 큐빅 비즈십자수 지니맘,지니맘 큐빅십자수  DIY: 23번 사자 (15cm 20cm)
905710165,SELLBLOG,NORMAL,아이들이 너무 좋아해요,2020-07-29T12:44:13.000+0000,STOREFARM,5,어린이 보석십자수 DIY 캐릭터 큐빅 비즈십자수 지니맘,지니맘 큐빅십자수  DIY: 11번 클로버 (15cm 20cm)
2005904443,SELLBLOG,NORMAL,"남자6세아기가 하기에도 전혀 어려움이 없네요
집중잘하고 완성하고 나니넘이뿌네요",2020-08-10T07:44:30.000+0000,STOREFARM,5,어린이 보석십자수 DIY 캐릭터 큐빅 비즈십자수 지니맘,지니맘 큐빅십자수  DIY: 1번 유니콘  (15cm 20cm)
904066437,SELLBLOG,NORMAL,딸램 생일 선물로 샀는데 좋아하네요,2020-07-27T03:24:34.000+0000,STOREFARM,5,어린이 보석십자수 DIY 캐릭터 큐빅 비즈십자수 지니맘,지니맘 큐빅십자수  DIY: 1번 유니콘  (15cm 20cm)
904944342,SELLBLOG,NORMAL,아이가하고싶어해서 주문했어요. 액자랑 따로라서 좀 아쉬워요. 일체형이었음 좋았을텐데요.그리구 그림에붙어있는 반투명비닐이 투명비닐이었음 더 좋았을껄싶네요,2020-07-28T11:03:56.000+0000,STOREFARM,3,어린이 보석십자수 DIY 캐릭터 큐빅 비즈십자수 지니맘,지니맘 큐빅십자수  DIY: 3번 분홍사슴 (15cm 20cm)
2008752708,SELLBLOG,NORMAL,애들이너무 좋아해서 몇개 더 주문했어요,2020-08-15T04:51:38.000+0000,STOREFARM,5,어린이 보석십자수 DIY 캐릭터 큐빅 비즈십자수 지니맘,지니맘 큐빅십자수  DIY: 12번 돌고래 (15cm 20cm)
874253598,SELLBLOG,NORMAL,보석크기도 다양하고 확실히 빛을 받으니 반짝임이 너무 이쁘네요 아이들이 신나게 붙이다 나중에는 제가 신나서 어제 받았는데 절반 완성하고 잤네요 비즈가 간혹 불량이 나오기는하나 나중되니 선별하는 능력도 생기고 넉넉하게 들어있어 불편한것도 없네요 다만 가장큰 보석은 펜에 잘 안불어 손으로 붙였어요 또 구매할께요 감사합니다,2020-06-12T00:35:53.000+0000,STOREFARM,5,어린이 보석십자수 DIY 캐릭터 큐빅 비즈십자수 지니맘,지니맘 큐빅십자수  DIY: 18번 망치 (15cm 20cm)
874253141,SELLBLOG,NORMAL,보석크기도 다양하고 확실히 빛을 받으니 반짝임이 너무 이쁘네요 아이들이 신나게 붙이다 나중에는 제가 신나서 어제 받았는데 절반 완성하고 잤네요 비즈가 간혹 불량이 나오기는하나 나중되니 선별하는 능력도 생기고 넉넉하게 들어있어 불편한것도 없네요 다만 가장큰 보석은 펜에 잘 안불어 손으로 붙였어요 또 구매할께요 감사합니다,2020-06-12T00:35:13.000+0000,STOREFARM,5,어린이 보석십자수 DIY 캐릭터 큐빅 비즈십자수 지니맘,지니맘 큐빅십자수  DIY: 17번 가면 (15cm 20cm)
874252609,SELLBLOG,NORMAL,보석크기도 다양하고 확실히 빛을 받으니 반짝임이 너무 이쁘네요 아이들이 신나게 붙이다 나중에는 제가 신나서 어제 받았는데 절반 완성하고 잤네요 비즈가 간혹 불량이 나오기는하나 나중되니 선별하는 능력도 생기고 넉넉하게 들어있어 불편한것도 없네요 다만 가장큰 보석은 펜에 잘 안불어 손으로 붙였어요 또 구매할께요 감사합니다,2020-06-12T00:34:24.000+0000,STOREFARM,5,어린이 보석십자수 DIY 캐릭터 큐빅 비즈십자수 지니맘,지니맘 큐빅십자수  DIY: 16번 별  (15cm 20cm)
874252172,SELLBLOG,NORMAL,보석크기도 다양하고 확실히 빛을 받으니 반짝임이 너무 이쁘네요 아이들이 신나게 붙이다 나중에는 제가 신나서 어제 받았는데 절반 완성하고 잤네요 비즈가 간혹 불량이 나오기는하나 나중되니 선별하는 능력도 생기고 넉넉하게 들어있어 불편한것도 없네요 다만 가장큰 보석은 펜에 잘 안불어 손으로 붙였어요 또 구매할께요 감사합니다,2020-06-12T00:33:41.000+0000,STOREFARM,5,어린이 보석십자수 DIY 캐릭터 큐빅 비즈십자수 지니맘,지니맘 큐빅십자수  DIY: 20번 거미 (15cm 20cm)
906461942,SELLBLOG,NORMAL,아이가 너무좋아해요.,2020-07-30T16:28:30.000+0000,STOREFARM,4,어린이 보석십자수 DIY 캐릭터 큐빅 비즈십자수 지니맘,지니맘 큐빅십자수  DIY: 14번 부엉이 (15cm 20cm)
2007355602,SELLBLOG,NORMAL,아이들이 좋아하네요 반짝이니 예뻐요,2020-08-12T16:39:04.000+0000,STOREFARM,5,어린이 보석십자수 DIY 캐릭터 큐빅 비즈십자수 지니맘,지니맘 큐빅십자수  DIY: 9번 겨울사슴 (15cm 20cm)
905682765,SELLBLOG,NORMAL,액자에 해놓으니 멋지네요!,2020-07-29T12:04:43.000+0000,STOREFARM,5,어린이 보석십자수 DIY 캐릭터 큐빅 비즈십자수 지니맘,지니맘 큐빅십자수  DIY: 9번 겨울사슴 (15cm 20cm)
2005955046,SELLBLOG,NORMAL,"집중력 키우기로 좋은것 같아요.
아이들도 좋아해요.",2020-08-10T09:32:48.000+0000,STOREFARM,5,어린이 보석십자수 DIY 캐릭터 큐빅 비즈십자수 지니맘,지니맘 큐빅십자수  DIY: 13번 별유니콘 (15cm 20cm)
906011174,SELLBLOG,NORMAL,"7살아이가 하기 좋네요
시간이 금방가요ㅎ",2020-07-30T03:17:50.000+0000,STOREFARM,5,어린이 보석십자수 DIY 캐릭터 큐빅 비즈십자수 지니맘,지니맘 큐빅십자수  DIY: 1번 유니콘  (15cm 20cm)
2012409781,SELLBLOG,NORMAL,퀄리티 좋네요오 ㅎ,2020-08-21T08:54:37.000+0000,STOREFARM,5,어린이 보석십자수 DIY 캐릭터 큐빅 비즈십자수 지니맘,지니맘 큐빅십자수  DIY: 10번 안경토끼  (15cm 20cm)
2006829205,SELLBLOG,NORMAL,재구매예요. 아이가 넘 재밌어해요,2020-08-11T23:27:11.000+0000,STOREFARM,5,어린이 보석십자수 DIY 캐릭터 큐빅 비즈십자수 지니맘,지니맘 큐빅십자수  DIY: 17번 핑크사슴  (15cm 20cm)
2010527826,SELLBLOG,NORMAL,딸 아이가 많이 좋아하네요^^,2020-08-19T03:45:09.000+0000,STOREFARM,5,어린이 보석십자수 DIY 캐릭터 큐빅 비즈십자수 지니맘,지니맘 큐빅십자수  DIY: 13번 별유니콘 (15cm 20cm)
2010017495,SELLBLOG,NORMAL,배송도 빠르고 반짝반짝 넘 예뻐요,2020-08-18T07:25:12.000+0000,STOREFARM,5,어린이 보석십자수 DIY 캐릭터 큐빅 비즈십자수 지니맘,지니맘 큐빅십자수  DIY: 13번 별유니콘 (15cm 20cm)
2009864109,SELLBLOG,NORMAL,아이가 하기 좋아요. 이쁩니다,2020-08-18T02:57:39.000+0000,STOREFARM,5,어린이 보석십자수 DIY 캐릭터 큐빅 비즈십자수 지니맘,지니맘 큐빅십자수  DIY: 13번 별유니콘 (15cm 20cm)
896573685,SELLBLOG,NORMAL,제품 다 만족하고요 특히 1번 포니가 참 예쁩니다~구성도 좋고 가격도 합리적이여서 만족합니다^^,2020-07-15T09:03:47.000+0000,STOREFARM,5,어린이 보석십자수 DIY 캐릭터 큐빅 비즈십자수 지니맘,지니맘 큐빅십자수  DIY: 1번 유니콘  (15cm 20cm)
2007236261,SELLBLOG,NORMAL,"아이 친구꺼주문하면서 몇개주문했는데
시간가는줄 모르고 했어요^^",2020-08-12T12:58:13.000+0000,STOREFARM,5,어린이 보석십자수 DIY 캐릭터 큐빅 비즈십자수 지니맘,지니맘 큐빅십자수  DIY: 11번 클로버 (15cm 20cm)
2010215664,SELLBLOG,NORMAL,아이들이 너무 좋아해요,2020-08-18T12:27:40.000+0000,STOREFARM,5,어린이 보석십자수 DIY 캐릭터 큐빅 비즈십자수 지니맘,지니맘 큐빅십자수  DIY: 14번 부엉이 (15cm 20cm)
2007560730,SELLBLOG,NORMAL,"초4학년이 하기엔 딱 좋은 난이도인거 같아요
빠른배송도 좋았어요",2020-08-13T03:10:02.000+0000,STOREFARM,5,어린이 보석십자수 DIY 캐릭터 큐빅 비즈십자수 지니맘,지니맘 큐빅십자수  DIY: 4번 홍학 (15cm 20cm)
2009643585,SELLBLOG,NORMAL,꼼꼼히 포장을 잘해주셨어요,2020-08-17T12:30:48.000+0000,STOREFARM,5,어린이 보석십자수 DIY 캐릭터 큐빅 비즈십자수 지니맘,지니맘 큐빅십자수  DIY: 20번 아기사슴 (15cm 20cm)
2007355714,SELLBLOG,NORMAL,아이들이 좋아해요 반짝이니 예뻐요,2020-08-12T16:39:39.000+0000,STOREFARM,5,어린이 보석십자수 DIY 캐릭터 큐빅 비즈십자수 지니맘,지니맘 큐빅십자수  DIY: 13번 별유니콘 (15cm 20cm)
2008277611,SELLBLOG,NORMAL,"좋아요
액자가 있는줄알았는데
따로 구매하는거였나요?",2020-08-14T04:32:50.000+0000,STOREFARM,3,어린이 보석십자수 DIY 캐릭터 큐빅 비즈십자수 지니맘,지니맘 큐빅십자수  DIY: 3번 분홍사슴 (15cm 20cm)
2008593535,SELLBLOG,NORMAL,"많은 큐빅이 필요한데 은근 빨리
완성하네요~",2020-08-14T22:35:22.000+0000,STOREFARM,5,어린이 보석십자수 DIY 캐릭터 큐빅 비즈십자수 지니맘,지니맘 큐빅십자수  DIY: 20번 아기사슴 (15cm 20cm)
2008593518,SELLBLOG,NORMAL,"많은 큐빅이 필요한데 은근 빨리
완성하네요~",2020-08-14T22:35:15.000+0000,STOREFARM,5,어린이 보석십자수 DIY 캐릭터 큐빅 비즈십자수 지니맘,지니맘 큐빅십자수  DIY: 12번 돌고래 (15cm 20cm)
2004040362,SELLBLOG,NORMAL,집에있는 시간이 많아지면서 아이들이 너무 하고 싶어해서 주문했는데 둘다 너무 재미있게 잘하고 있어요,2020-08-07T04:29:41.000+0000,STOREFARM,5,어린이 보석십자수 DIY 캐릭터 큐빅 비즈십자수 지니맘,지니맘 큐빅십자수  DIY: 2번 보라유니콘  (15cm 20cm)
906430966,SELLBLOG,NORMAL,자녀가 무척 좋아합니다.  종이 프린트물에 코팅을 한후 그 위에 끈끈이가 있어서 비즈를 붙이는 식이 질적인 면에서 다른 보석십자수의 액자에 붙이는 식보다는 못하지만 가격이 저렴한 것에 만족합니다.,2020-07-30T14:56:12.000+0000,STOREFARM,5,어린이 보석십자수 DIY 캐릭터 큐빅 비즈십자수 지니맘,지니맘 큐빅십자수  DIY: 8번 꽃사슴 (15cm 20cm)
905471079,SELLBLOG,NORMAL,아이가 너무 좋아하네요~,2020-07-29T06:57:37.000+0000,STOREFARM,5,어린이 보석십자수 DIY 캐릭터 큐빅 비즈십자수 지니맘,지니맘 큐빅십자수  DIY: 1번 유니콘  (15cm 20cm)
2010215480,SELLBLOG,NORMAL,아이들이 너무 좋아하네요~~,2020-08-18T12:27:24.000+0000,STOREFARM,5,어린이 보석십자수 DIY 캐릭터 큐빅 비즈십자수 지니맘,지니맘 큐빅십자수  DIY: 13번 별유니콘 (15cm 20cm)
2008753188,SELLBLOG,NORMAL,아이가 좋아해서 몇개 더 주문했어요,2020-08-15T04:52:54.000+0000,STOREFARM,5,어린이 보석십자수 DIY 캐릭터 큐빅 비즈십자수 지니맘,지니맘 큐빅십자수  DIY: 15번 사자 (15cm 20cm)
2008753079,SELLBLOG,NORMAL,아이가 좋아해서 몇개더 주문했어요,2020-08-15T04:52:37.000+0000,STOREFARM,5,어린이 보석십자수 DIY 캐릭터 큐빅 비즈십자수 지니맘,지니맘 큐빅십자수  DIY: 3번 분홍사슴 (15cm 20cm)
2008752836,SELLBLOG,NORMAL,아이가 좋아해서 몇개더 주문했어요,2020-08-15T04:51:59.000+0000,STOREFARM,5,어린이 보석십자수 DIY 캐릭터 큐빅 비즈십자수 지니맘,지니맘 큐빅십자수  DIY: 14번 부엉이 (15cm 20cm)
2007882829,SELLBLOG,NORMAL,화려하니 이쁘고 아이 집중력 키우는데 아주 좋아용^^,2020-08-13T11:49:20.000+0000,STOREFARM,5,어린이 보석십자수 DIY 캐릭터 큐빅 비즈십자수 지니맘,지니맘 큐빅십자수  DIY: 1번 유니콘  (15cm 20cm)
904116407,SELLBLOG,NORMAL,배송 빠르고 아이가 좋아해요,2020-07-27T04:30:31.000+0000,STOREFARM,4,어린이 보석십자수 DIY 캐릭터 큐빅 비즈십자수 지니맘,지니맘 큐빅십자수  DIY: 7번 소녀2  (15cm 20cm)
2020068749,SELLBLOG,NORMAL,조아오ㅡ 굿ㅈㆍㅂ쓰,2020-09-01T01:23:45.000+0000,STOREFARM,5,어린이 보석십자수 DIY 캐릭터 큐빅 비즈십자수 지니맘,지니맘 큐빅십자수  DIY: 8번 꽃사슴 (15cm 20cm)
2010230381,SELLBLOG,NORMAL,얘들이  즐겁게 해요,2020-08-18T12:48:22.000+0000,STOREFARM,4,어린이 보석십자수 DIY 캐릭터 큐빅 비즈십자수 지니맘,지니맘 큐빅십자수  DIY: 14번 부엉이 (15cm 20cm)
2009407096,SELLBLOG,NORMAL,재구매요^^넘 좋아해요,2020-08-17T02:54:22.000+0000,STOREFARM,5,어린이 보석십자수 DIY 캐릭터 큐빅 비즈십자수 지니맘,지니맘 큐빅십자수  DIY: 1번 유니콘  (15cm 20cm)
901451394,SELLBLOG,NORMAL,조카가하고싶다고해서사줬는데 너무좋아하네요,2020-07-23T00:48:31.000+0000,STOREFARM,5,어린이 보석십자수 DIY 캐릭터 큐빅 비즈십자수 지니맘,지니맘 큐빅십자수  DIY: 1번 유니콘  (15cm 20cm)
901994221,SELLBLOG,AFTER_USE,아이가 정말 좋아해요 시간이 잘가요ㅎ,2020-07-23T14:16:26.000+0000,STOREFARM,4,어린이 보석십자수 DIY 캐릭터 큐빅 비즈십자수 지니맘,지니맘 큐빅십자수  DIY: 14번 슈퍼맨 (15cm 20cm)
3003001726,SELLBLOG,NORMAL,아주 좋아요 아주 좋아요,2020-09-09T17:01:44.953+0000,STOREFARM,5,어린이 보석십자수 DIY 캐릭터 큐빅 비즈십자수 지니맘,지니맘 큐빅십자수  DIY: 1번 유니콘  (15cm 20cm)
2005001347,SELLBLOG,NORMAL,너무 이뻐요~ 배송도 빠르고 아이가 넘 재밌어 하네요,2020-08-08T15:22:30.000+0000,STOREFARM,5,어린이 보석십자수 DIY 캐릭터 큐빅 비즈십자수 지니맘,지니맘 큐빅십자수  DIY: 1번 유니콘  (15cm 20cm)
2008304067,SELLBLOG,NORMAL,배송도 빠르고 아이가 정말 좋아했어요,2020-08-14T05:05:40.000+0000,STOREFARM,5,어린이 보석십자수 DIY 캐릭터 큐빅 비즈십자수 지니맘,지니맘 큐빅십자수  DIY: 13번 별유니콘 (15cm 20cm)
2007259867,SELLBLOG,NORMAL,아이가좋아해요. 예쁘고 귀엽네요,2020-08-12T13:29:04.000+0000,STOREFARM,4,어린이 보석십자수 DIY 캐릭터 큐빅 비즈십자수 지니맘,지니맘 큐빅십자수  DIY: 1번 유니콘  (15cm 20cm)
904741246,SELLBLOG,NORMAL,반짝반짝하니 넘예뻐요~,2020-07-28T06:06:10.000+0000,STOREFARM,5,어린이 보석십자수 DIY 캐릭터 큐빅 비즈십자수 지니맘,지니맘 큐빅십자수  DIY: 1번 유니콘  (15cm 20cm)
896572931,SELLBLOG,AFTER_USE,액자로 함께 주문했는데 십자수뿐만 아니라 액자또한 예쁘네요~! 만족합니다!!,2020-07-15T09:02:38.000+0000,STOREFARM,5,어린이 보석십자수 DIY 캐릭터 큐빅 비즈십자수 지니맘,지니맘 큐빅십자수  DIY: 23번 사자 (15cm 20cm)
2010969077,SELLBLOG,NORMAL,아이가너무좋아해요~~~~,2020-08-19T13:39:20.000+0000,STOREFARM,5,어린이 보석십자수 DIY 캐릭터 큐빅 비즈십자수 지니맘,지니맘 큐빅십자수  DIY: 5번  반짝이 사슴 (15cm 20cm)
2008122105,SELLBLOG,NORMAL,아이들 집에너 시간보내기 너무 좋아요~,2020-08-14T01:09:34.000+0000,STOREFARM,4,어린이 보석십자수 DIY 캐릭터 큐빅 비즈십자수 지니맘,지니맘 큐빅십자수  DIY: 20번 아기사슴 (15cm 20cm)
897302325,SELLBLOG,NORMAL,"배송도 만족하고 아이가 넘 좋아해요
다하고 나니 예뻐요",2020-07-16T09:53:28.000+0000,STOREFARM,5,어린이 보석십자수 DIY 캐릭터 큐빅 비즈십자수 지니맘,지니맘 큐빅십자수  DIY: 4번 홍학 (15cm 20cm)
2009063068,SELLBLOG,NORMAL,배송 빠르게 잘 받았습니다,2020-08-16T02:55:02.000+0000,STOREFARM,4,어린이 보석십자수 DIY 캐릭터 큐빅 비즈십자수 지니맘,지니맘 큐빅십자수  DIY: 17번 핑크사슴  (15cm 20cm)
2007312574,SELLBLOG,NORMAL,"만족해요..배송 빠르고 좋아요
...",2020-08-12T14:47:10.000+0000,STOREFARM,5,어린이 보석십자수 DIY 캐릭터 큐빅 비즈십자수 지니맘,지니맘 큐빅십자수  DIY: 8번 꽃사슴 (15cm 20cm)
903185750,SELLBLOG,NORMAL,배송 빠르고 아이가 좋아하네요,2020-07-25T10:10:55.000+0000,STOREFARM,5,어린이 보석십자수 DIY 캐릭터 큐빅 비즈십자수 지니맘,지니맘 큐빅십자수  DIY: 1번 유니콘  (15cm 20cm)
2008579034,SELLBLOG,NORMAL,배송 빠르고 넉넉한 큐빅 좋아요,2020-08-14T17:57:36.000+0000,STOREFARM,5,어린이 보석십자수 DIY 캐릭터 큐빅 비즈십자수 지니맘,지니맘 큐빅십자수  DIY: 3번 분홍사슴 (15cm 20cm)
2008173756,SELLBLOG,NORMAL,배송빠르고 꼼꼼하게 포장되어왔어요..,2020-08-14T02:17:05.000+0000,STOREFARM,5,어린이 보석십자수 DIY 캐릭터 큐빅 비즈십자수 지니맘,지니맘 큐빅십자수  DIY: 9번 겨울사슴 (15cm 20cm)
2001487465,SELLBLOG,NORMAL,아이가 어려워할줄 알았는데 잘하고 놀아요. 시간이 금방가서 방학때 하기 좋네요.,2020-08-03T04:08:21.000+0000,STOREFARM,5,어린이 보석십자수 DIY 캐릭터 큐빅 비즈십자수 지니맘,지니맘 큐빅십자수  DIY: 13번 별유니콘 (15cm 20cm)
2004881269,SELLBLOG,NORMAL,선물 했어요:) 초등학생 아이가 좋아합니다,2020-08-08T11:27:02.000+0000,STOREFARM,5,어린이 보석십자수 DIY 캐릭터 큐빅 비즈십자수 지니맘,지니맘 큐빅십자수  DIY: 9번 겨울사슴 (15cm 20cm)
901148450,SELLBLOG,NORMAL,배송ㅋ바르고 만족핮니다,2020-07-22T10:48:19.000+0000,STOREFARM,5,어린이 보석십자수 DIY 캐릭터 큐빅 비즈십자수 지니맘,지니맘 큐빅십자수  DIY: 1번 유니콘  (15cm 20cm)
895519100,SELLBLOG,NORMAL,"넘 이쁜데 크기가 작아서 넘 빨리끝났어용 ㅠㅜ
좀더큰 액자로도 나왔으면 좋겠어요",2020-07-14T00:57:35.000+0000,STOREFARM,5,어린이 보석십자수 DIY 캐릭터 큐빅 비즈십자수 지니맘,지니맘 큐빅십자수  DIY: 14번 부엉이 (15cm 20cm)
2010734470,SELLBLOG,AFTER_USE,예뻐여 영롱하니 굿굿,2020-08-19T08:38:18.000+0000,STOREFARM,5,어린이 보석십자수 DIY 캐릭터 큐빅 비즈십자수 지니맘,지니맘 큐빅십자수  DIY: 14번 부엉이 (15cm 20cm)
2008976151,SELLBLOG,NORMAL,포장상태 및 제품 상태가 좋아요,2020-08-15T22:56:15.000+0000,STOREFARM,5,어린이 보석십자수 DIY 캐릭터 큐빅 비즈십자수 지니맘,지니맘 큐빅십자수  DIY: 8번 꽃사슴 (15cm 20cm)
2005615258,SELLBLOG,NORMAL,진짜 좋네요~다하고 또 사러올께요^^,2020-08-10T00:37:15.000+0000,STOREFARM,5,어린이 보석십자수 DIY 캐릭터 큐빅 비즈십자수 지니맘,지니맘 큐빅십자수  DIY: 3번 분홍사슴 (15cm 20cm)
2006829306,SELLBLOG,NORMAL,아이가 목 빼고 기다렸는데 빨리 오니 좋아요,2020-08-11T23:27:29.000+0000,STOREFARM,5,어린이 보석십자수 DIY 캐릭터 큐빅 비즈십자수 지니맘,지니맘 큐빅십자수  DIY: 13번 별유니콘 (15cm 20cm)
886655113,SELLBLOG,NORMAL,몇일 폭풍 검색하다가 여기가 제일 예뻐서 고민끝에 주문했는데 5살아이도 생각보다 잘 하네요ㅎㅎ빤짝이는게 너무 예쁘다며 빨리 완성하고 싶다하는데 아직 어려서 조금하다 목아프다며 아이가 좋아하니 만족입니다^^,2020-06-30T22:37:27.000+0000,STOREFARM,5,어린이 보석십자수 DIY 캐릭터 큐빅 비즈십자수 지니맘,지니맘 큐빅십자수  DIY: 1번 유니콘  (15cm 20cm)
2006194745,SELLBLOG,NORMAL,여자 아이들이 쉽게 할 수 있어 좋아하는 것 같아요.,2020-08-11T00:56:07.000+0000,STOREFARM,4,어린이 보석십자수 DIY 캐릭터 큐빅 비즈십자수 지니맘,지니맘 큐빅십자수  DIY: 7번 소녀2  (15cm 20cm)
2006988758,SELLBLOG,NORMAL,아이들이 해보고싶다해서 처음 구매해보아요,2020-08-12T07:34:19.000+0000,STOREFARM,5,어린이 보석십자수 DIY 캐릭터 큐빅 비즈십자수 지니맘,지니맘 큐빅십자수  DIY: 13번 별유니콘 (15cm 20cm)
2002734896,SELLBLOG,NORMAL,지금 집에서 만들고 있는 중이네요 다른것도 사고 싶은데...,2020-08-05T05:59:00.000+0000,STOREFARM,5,어린이 보석십자수 DIY 캐릭터 큐빅 비즈십자수 지니맘,지니맘 큐빅십자수  DIY: 9번 겨울사슴 (15cm 20cm)
2007306007,SELLBLOG,NORMAL,아이가 너무 좋아하고 반짝반짝 디자인도 예쁘네여!!,2020-08-12T14:35:45.000+0000,STOREFARM,5,어린이 보석십자수 DIY 캐릭터 큐빅 비즈십자수 지니맘,지니맘 큐빅십자수  DIY: 13번 별유니콘 (15cm 20cm)
894874958,SELLBLOG,NORMAL,"아이가 핸드폰,티비안보고 집중할 수 있어서 좋았어요~완성된것도 너무 예쁘네요~~",2020-07-13T00:47:07.000+0000,STOREFARM,5,어린이 보석십자수 DIY 캐릭터 큐빅 비즈십자수 지니맘,지니맘 큐빅십자수  DIY: 1번 유니콘  (15cm 20cm)
2010138896,SELLBLOG,NORMAL,"좋아요
감사합니다.,",2020-08-18T10:36:05.000+0000,STOREFARM,4,어린이 보석십자수 DIY 캐릭터 큐빅 비즈십자수 지니맘,지니맘 큐빅십자수  DIY: 8번 꽃사슴 (15cm 20cm)
896766038,SELLBLOG,NORMAL,아이가 좋아합니다.액자도 같이 사면 더 좋앗을것같아요.,2020-07-15T13:39:07.000+0000,STOREFARM,4,어린이 보석십자수 DIY 캐릭터 큐빅 비즈십자수 지니맘,지니맘 큐빅십자수  DIY: 5번  반짝이 사슴 (15cm 20cm)
896470451,SELLBLOG,NORMAL,"처음 해보는거라서 잘 모르겠지만 눈 빠지겠네요^^
완성하면 이쁠거 같아요.",2020-07-15T06:38:56.000+0000,STOREFARM,4,어린이 보석십자수 DIY 캐릭터 큐빅 비즈십자수 지니맘,지니맘 큐빅십자수  DIY: 4번 홍학 (15cm 20cm)
2009694426,SELLBLOG,NORMAL,너무재미있어하네요~~~,2020-08-17T14:17:21.000+0000,STOREFARM,5,어린이 보석십자수 DIY 캐릭터 큐빅 비즈십자수 지니맘,지니맘 큐빅십자수  DIY: 13번 별유니콘 (15cm 20cm)
2008926151,SELLBLOG,NORMAL,애들이 너무 좋어해요,2020-08-15T14:14:56.000+0000,STOREFARM,5,어린이 보석십자수 DIY 캐릭터 큐빅 비즈십자수 지니맘,지니맘 큐빅십자수  DIY: 3번 분홍사슴 (15cm 20cm)
2008177671,SELLBLOG,NORMAL,항상구매하는제품만족해요,2020-08-14T02:21:52.000+0000,STOREFARM,5,어린이 보석십자수 DIY 캐릭터 큐빅 비즈십자수 지니맘,지니맘 큐빅십자수  DIY: 8번 꽃사슴 (15cm 20cm)
2008177334,SELLBLOG,NORMAL,항상구매하는제품만족해요,2020-08-14T02:21:25.000+0000,STOREFARM,5,어린이 보석십자수 DIY 캐릭터 큐빅 비즈십자수 지니맘,지니맘 큐빅십자수  DIY: 13번 별유니콘 (15cm 20cm)
2005891380,SELLBLOG,NORMAL,좋아요  친구 딸래미가좋아하네요,2020-08-10T07:19:32.000+0000,STOREFARM,4,어린이 보석십자수 DIY 캐릭터 큐빅 비즈십자수 지니맘,지니맘 큐빅십자수  DIY: 14번 부엉이 (15cm 20cm)
899408422,SELLBLOG,NORMAL,집중력 발휘해서 아이랑 하기좋아요 완성해보려구용,2020-07-20T01:17:46.000+0000,STOREFARM,5,어린이 보석십자수 DIY 캐릭터 큐빅 비즈십자수 지니맘,지니맘 큐빅십자수  DIY: 1번 유니콘  (15cm 20cm)
2007312899,SELLBLOG,NORMAL,만족해요..빠른배송  좋아요,2020-08-12T14:47:42.000+0000,STOREFARM,5,어린이 보석십자수 DIY 캐릭터 큐빅 비즈십자수 지니맘,지니맘 큐빅십자수  DIY: 12번 돌고래 (15cm 20cm)
900782898,SELLBLOG,NORMAL,"아직 요건 시작 안했어요
다른거 했는데 진짜 이쁨요",2020-07-22T01:34:46.000+0000,STOREFARM,5,어린이 보석십자수 DIY 캐릭터 큐빅 비즈십자수 지니맘,지니맘 큐빅십자수  DIY: 12번 돌고래 (15cm 20cm)
895519681,SELLBLOG,NORMAL,넘 이뻐요ㅋ 재구매해야겠어용 사이즈가 좀 더 큰게나왔으면 좋겠어요ㅎ,2020-07-14T00:58:28.000+0000,STOREFARM,5,어린이 보석십자수 DIY 캐릭터 큐빅 비즈십자수 지니맘,지니맘 큐빅십자수  DIY: 11번 클로버 (15cm 20cm)
2008926074,SELLBLOG,NORMAL,애들이 너무 좋아해요,2020-08-15T14:14:37.000+0000,STOREFARM,5,어린이 보석십자수 DIY 캐릭터 큐빅 비즈십자수 지니맘,지니맘 큐빅십자수  DIY: 8번 꽃사슴 (15cm 20cm)
2008925989,SELLBLOG,NORMAL,애들이 너무 좋아해요,2020-08-15T14:14:18.000+0000,STOREFARM,5,어린이 보석십자수 DIY 캐릭터 큐빅 비즈십자수 지니맘,지니맘 큐빅십자수  DIY: 13번 별유니콘 (15cm 20cm)
2008925907,SELLBLOG,NORMAL,애들이 너무 좋아해요,2020-08-15T14:14:03.000+0000,STOREFARM,5,어린이 보석십자수 DIY 캐릭터 큐빅 비즈십자수 지니맘,지니맘 큐빅십자수  DIY: 1번 유니콘  (15cm 20cm)
2008059741,SELLBLOG,NORMAL,가격및 빠른배송 맘에듭니다,2020-08-13T22:33:41.000+0000,STOREFARM,5,어린이 보석십자수 DIY 캐릭터 큐빅 비즈십자수 지니맘,지니맘 큐빅십자수  DIY: 14번 부엉이 (15cm 20cm)
2006972489,SELLBLOG,AFTER_USE,이뻐요 딸이 좋아했어요,2020-08-12T07:17:03.000+0000,STOREFARM,5,어린이 보석십자수 DIY 캐릭터 큐빅 비즈십자수 지니맘,지니맘 큐빅십자수  DIY: 14번 부엉이 (15cm 20cm)
2006193795,SELLBLOG,NORMAL,7세 여아가 신나서 보석십자수 붙이고 있어요,2020-08-11T00:54:41.000+0000,STOREFARM,4,어린이 보석십자수 DIY 캐릭터 큐빅 비즈십자수 지니맘,지니맘 큐빅십자수  DIY: 14번 부엉이 (15cm 20cm)
2006153181,SELLBLOG,NORMAL,아이가 좋아합니다 상품 구성도 만족합니다,2020-08-10T22:50:39.000+0000,STOREFARM,3,어린이 보석십자수 DIY 캐릭터 큐빅 비즈십자수 지니맘,지니맘 큐빅십자수  DIY: 19번 아이스크림 (15cm 20cm)
2007958417,SELLBLOG,AFTER_USE,아이들이좋아합니다쉬워요,2020-08-13T13:52:56.000+0000,STOREFARM,5,어린이 보석십자수 DIY 캐릭터 큐빅 비즈십자수 지니맘,지니맘 큐빅십자수  DIY: 1번 유니콘  (15cm 20cm)
2003425687,SELLBLOG,NORMAL,아이가 좋아하네요 빠른배송 감사합니다,2020-08-06T06:25:01.000+0000,STOREFARM,5,어린이 보석십자수 DIY 캐릭터 큐빅 비즈십자수 지니맘,지니맘 큐빅십자수  DIY: 15번 사자 (15cm 20cm)
2007703641,SELLBLOG,NORMAL,아이가 좋아하는데 제가 거의 다했어요,2020-08-13T06:59:52.000+0000,STOREFARM,4,어린이 보석십자수 DIY 캐릭터 큐빅 비즈십자수 지니맘,지니맘 큐빅십자수  DIY: 13번 별유니콘 (15cm 20cm)
2008294175,SELLBLOG,NORMAL,아이가 좋아해서 재구매했어요...,2020-08-14T04:53:26.000+0000,STOREFARM,4,어린이 보석십자수 DIY 캐릭터 큐빅 비즈십자수 지니맘,지니맘 큐빅십자수  DIY: 19번 아이스크림 (15cm 20cm)
903185988,SELLBLOG,NORMAL,아이들이 좋아하네요,2020-07-25T10:11:27.000+0000,STOREFARM,5,어린이 보석십자수 DIY 캐릭터 큐빅 비즈십자수 지니맘,지니맘 큐빅십자수  DIY: 3번 분홍사슴 (15cm 20cm)
2003425367,SELLBLOG,NORMAL,아이가 좋아해요 빠른배송 감사합니다,2020-08-06T06:24:33.000+0000,STOREFARM,5,어린이 보석십자수 DIY 캐릭터 큐빅 비즈십자수 지니맘,지니맘 큐빅십자수  DIY: 1번 유니콘  (15cm 20cm)
2001065917,SELLBLOG,NORMAL,아이가 넘 좋아하네요. 받자마자 집중해서 만들어 놓았네요. 완성된 모습도 넘 예뻐요.,2020-08-02T07:01:28.000+0000,STOREFARM,4,어린이 보석십자수 DIY 캐릭터 큐빅 비즈십자수 지니맘,지니맘 큐빅십자수  DIY: 13번 별유니콘 (15cm 20cm)
2008278041,SELLBLOG,NORMAL,"좋아요
아이가 좋아합니다",2020-08-14T04:33:28.000+0000,STOREFARM,3,어린이 보석십자수 DIY 캐릭터 큐빅 비즈십자수 지니맘,지니맘 큐빅십자수  DIY: 9번 겨울사슴 (15cm 20cm)
2006829428,SELLBLOG,NORMAL,아이가 넘 좋아해서 재구매했네요,2020-08-11T23:27:52.000+0000,STOREFARM,5,어린이 보석십자수 DIY 캐릭터 큐빅 비즈십자수 지니맘,지니맘 큐빅십자수  DIY: 13번 별유니콘 (15cm 20cm)
2007443668,SELLBLOG,NORMAL,"조카 선물로 구매했어욧
좋아해요^^",2020-08-13T00:39:20.000+0000,STOREFARM,5,어린이 보석십자수 DIY 캐릭터 큐빅 비즈십자수 지니맘,지니맘 큐빅십자수  DIY: 10번 안경토끼  (15cm 20cm)
900576673,SELLBLOG,NORMAL,아이들이 너무좋아하네요 감사합니다,2020-07-21T13:49:13.000+0000,STOREFARM,5,어린이 보석십자수 DIY 캐릭터 큐빅 비즈십자수 지니맘,지니맘 큐빅십자수  DIY: 11번 클로버 (15cm 20cm)
894254446,SELLBLOG,NORMAL,"좋네요.
친구가 하는거 보고 사달라해서 하더니
앉아서 움직이지도 않고 하시네요.",2020-07-11T17:09:00.000+0000,STOREFARM,5,어린이 보석십자수 DIY 캐릭터 큐빅 비즈십자수 지니맘,지니맘 큐빅십자수  DIY: 8번 꽃사슴 (15cm 20cm)
884473628,SELLBLOG,NORMAL,"배송 빨랐어요~
월요일에 올 줄 알고 생각지않았는데
토요일날 왔어요~
아이가 너무 기다렸는데 굉장히 좋아하네요
큐빅도 넉넉히 들어있고 집중해서
하는거보니 좋네요^^
다하고 재구매하려고요
더 다양한 도안이 있었으면 좋겠어요~!",2020-06-27T05:00:40.000+0000,STOREFARM,5,어린이 보석십자수 DIY 캐릭터 큐빅 비즈십자수 지니맘,지니맘 큐빅십자수  DIY: 1번 유니콘  (15cm 20cm)
2007701421,SELLBLOG,NORMAL,너무 예뻐요 ~~재밌고요,2020-08-13T06:56:31.000+0000,STOREFARM,5,어린이 보석십자수 DIY 캐릭터 큐빅 비즈십자수 지니맘,지니맘 큐빅십자수  DIY: 8번 꽃사슴 (15cm 20cm)
2008956435,SELLBLOG,NORMAL,아이가 좋아합니다.,2020-08-15T16:49:27.000+0000,STOREFARM,5,어린이 보석십자수 DIY 캐릭터 큐빅 비즈십자수 지니맘,지니맘 큐빅십자수  DIY: 1번 유니콘  (15cm 20cm)
2007464438,SELLBLOG,NORMAL,애들이 하기에도 쉽고 이뻐요^^,2020-08-13T01:06:37.000+0000,STOREFARM,5,어린이 보석십자수 DIY 캐릭터 큐빅 비즈십자수 지니맘,지니맘 큐빅십자수  DIY: 10번 안경토끼  (15cm 20cm)
2004526652,SELLBLOG,NORMAL,"비즈 크기도 다양하고 예쁘네요
딸아이가 너무 좋아합니다^^",2020-08-08T00:30:09.000+0000,STOREFARM,5,어린이 보석십자수 DIY 캐릭터 큐빅 비즈십자수 지니맘,지니맘 큐빅십자수  DIY: 9번 겨울사슴 (15cm 20cm)
893524014,SELLBLOG,NORMAL,"아이가 하고싶다해서 구매했는데 좋아라하네요.
이쁘게꾸며 액자만들어줘야겠어요",2020-07-10T13:06:06.000+0000,STOREFARM,4,어린이 보석십자수 DIY 캐릭터 큐빅 비즈십자수 지니맘,지니맘 큐빅십자수  DIY: 13번 별유니콘 (15cm 20cm)
900476744,SELLBLOG,NORMAL,아이들이 좋아하고 쉬워서 좋습니다,2020-07-21T11:42:20.000+0000,STOREFARM,5,어린이 보석십자수 DIY 캐릭터 큐빅 비즈십자수 지니맘,지니맘 큐빅십자수  DIY: 13번 별유니콘 (15cm 20cm)
2000338107,SELLBLOG,NORMAL,빠른배송 좋아요.큐빅들도다양하고 애들이너무좋아하네요~색색 이쁘다구,2020-08-01T01:40:56.000+0000,STOREFARM,5,어린이 보석십자수 DIY 캐릭터 큐빅 비즈십자수 지니맘,지니맘 큐빅십자수  DIY: 13번 별유니콘 (15cm 20cm)
2001554128,SELLBLOG,NORMAL,아이가 너무 좋아하네요 보석이 반짝 거려서 더 좋아해요,2020-08-03T05:52:49.000+0000,STOREFARM,5,어린이 보석십자수 DIY 캐릭터 큐빅 비즈십자수 지니맘,지니맘 큐빅십자수  DIY: 8번 꽃사슴 (15cm 20cm)
2003223418,SELLBLOG,AFTER_USE,아이들이 너무 집중을 잘하고 전시해두니 반짝하니 이쁘네요,2020-08-06T00:57:39.000+0000,STOREFARM,5,어린이 보석십자수 DIY 캐릭터 큐빅 비즈십자수 지니맘,지니맘 큐빅십자수  DIY: 21번 별유니콘 (15cm 20cm)
900588777,SELLBLOG,NORMAL,도안도 너무 귀엽고 큐빅도 질이 좋아요,2020-07-21T14:04:56.000+0000,STOREFARM,5,어린이 보석십자수 DIY 캐릭터 큐빅 비즈십자수 지니맘,지니맘 큐빅십자수  DIY: 14번 부엉이 (15cm 20cm)
892334780,SELLBLOG,NORMAL,코로나로 집콕생활하는 아이들 정말 좋아해요~오자마자 거의다해버리네요~ 재구매하려구요~,2020-07-09T02:26:59.000+0000,STOREFARM,5,어린이 보석십자수 DIY 캐릭터 큐빅 비즈십자수 지니맘,지니맘 큐빅십자수  DIY: 14번 부엉이 (15cm 20cm)
896572136,SELLBLOG,AFTER_USE,조카 선물로 사주었는데 포장도 너무 깔끔하고 제품자체가 너무 예뻐서 만족합니다!!!,2020-07-15T09:01:24.000+0000,STOREFARM,5,어린이 보석십자수 DIY 캐릭터 큐빅 비즈십자수 지니맘,지니맘 큐빅십자수  DIY: 3번 분홍사슴 (15cm 20cm)
2003949322,SELLBLOG,NORMAL,아이들ㅇㅣ 너무좋아해요  방학동안 시간가는줄  모르고 하네요,2020-08-07T02:32:28.000+0000,STOREFARM,5,어린이 보석십자수 DIY 캐릭터 큐빅 비즈십자수 지니맘,지니맘 큐빅십자수  DIY: 1번 유니콘  (15cm 20cm)
2004607893,SELLBLOG,NORMAL,재밋다고하네요 또주문할게요,2020-08-08T02:33:49.000+0000,STOREFARM,4,어린이 보석십자수 DIY 캐릭터 큐빅 비즈십자수 지니맘,지니맘 큐빅십자수  DIY: 1번 유니콘  (15cm 20cm)
905696550,SELLBLOG,NORMAL,딸래미가 금방 완성 했네요.  산만한 편인데 몇시간 동안 앉아서 하는것 보니까 신기하네요.,2020-07-29T12:24:52.000+0000,STOREFARM,5,어린이 보석십자수 DIY 캐릭터 큐빅 비즈십자수 지니맘,지니맘 큐빅십자수  DIY: 3번 분홍사슴 (15cm 20cm)
2005616197,SELLBLOG,NORMAL,배송도 빠르고 아이가 너무 좋아해요,2020-08-10T00:38:55.000+0000,STOREFARM,5,어린이 보석십자수 DIY 캐릭터 큐빅 비즈십자수 지니맘,지니맘 큐빅십자수  DIY: 13번 별유니콘 (15cm 20cm)
2006836579,SELLBLOG,NORMAL,아이들이 너무 좋아했어요,2020-08-11T23:47:09.000+0000,STOREFARM,5,어린이 보석십자수 DIY 캐릭터 큐빅 비즈십자수 지니맘,지니맘 큐빅십자수  DIY: 6번 소녀1  (15cm 20cm)
905669955,SELLBLOG,NORMAL,딸아이가 너무 하고싶어해서 사줬습니다.진득허니앉아서 완성해보길 기대합니다.,2020-07-29T11:46:48.000+0000,STOREFARM,5,어린이 보석십자수 DIY 캐릭터 큐빅 비즈십자수 지니맘,지니맘 큐빅십자수  DIY: 13번 별유니콘 (15cm 20cm)
2004040819,SELLBLOG,NORMAL,방학이라 심심해해서  주문해줬더니 너무 좋아하네요,2020-08-07T04:30:18.000+0000,STOREFARM,5,어린이 보석십자수 DIY 캐릭터 큐빅 비즈십자수 지니맘,지니맘 큐빅십자수  DIY: 4번 홍학 (15cm 20cm)
2007445070,SELLBLOG,NORMAL,배송도 빠르고 좋아요,2020-08-13T00:41:14.000+0000,STOREFARM,5,어린이 보석십자수 DIY 캐릭터 큐빅 비즈십자수 지니맘,지니맘 큐빅십자수  DIY: 2번 보라유니콘  (15cm 20cm)
2008023933,SELLBLOG,NORMAL,아이가 재밌어하네요~,2020-08-13T16:30:01.000+0000,STOREFARM,4,어린이 보석십자수 DIY 캐릭터 큐빅 비즈십자수 지니맘,지니맘 큐빅십자수  DIY: 2번 보라유니콘  (15cm 20cm)
2007165341,SELLBLOG,NORMAL,아주조이요아주조아요,2020-08-12T11:22:46.000+0000,STOREFARM,5,어린이 보석십자수 DIY 캐릭터 큐빅 비즈십자수 지니맘,지니맘 큐빅십자수  DIY: 19번 아이스크림 (15cm 20cm)
2005517904,SELLBLOG,NORMAL,힘들었지만 해놓고 나니 뿌듯하고 이쁘네요 ㅎㅎ,2020-08-09T15:07:08.000+0000,STOREFARM,5,어린이 보석십자수 DIY 캐릭터 큐빅 비즈십자수 지니맘,지니맘 큐빅십자수  DIY: 1번 유니콘  (15cm 20cm)
893718851,SELLBLOG,NORMAL,울딸래미 느무 재밌게 만들고 만들어놓고나니 느무 블링블링 귀여워서 이번에 친구딸 생일이라 선물하려고 구매했어요..,2020-07-11T01:34:06.000+0000,STOREFARM,5,어린이 보석십자수 DIY 캐릭터 큐빅 비즈십자수 지니맘,지니맘 큐빅십자수  DIY: 12번 돌고래 (15cm 20cm)
897301982,SELLBLOG,NORMAL,"배송빠르고 해놓으니 넘 예뻐요 
아이가 혼자서 이틀만에 다 했네요",2020-07-16T09:52:55.000+0000,STOREFARM,5,어린이 보석십자수 DIY 캐릭터 큐빅 비즈십자수 지니맘,지니맘 큐빅십자수  DIY: 13번 별유니콘 (15cm 20cm)
2004081513,SELLBLOG,NORMAL,"달받앗어요
재구매할게여",2020-08-07T05:15:33.000+0000,STOREFARM,5,어린이 보석십자수 DIY 캐릭터 큐빅 비즈십자수 지니맘,지니맘 큐빅십자수  DIY: 10번 안경토끼  (15cm 20cm)
2006309078,SELLBLOG,NORMAL,저렴하게 잘 구입하였습니다,2020-08-11T04:12:52.000+0000,STOREFARM,5,어린이 보석십자수 DIY 캐릭터 큐빅 비즈십자수 지니맘,지니맘 큐빅십자수  DIY: 8번 꽃사슴 (15cm 20cm)
2006309014,SELLBLOG,NORMAL,저렴하게 잘 구입하였습니다,2020-08-11T04:12:45.000+0000,STOREFARM,5,어린이 보석십자수 DIY 캐릭터 큐빅 비즈십자수 지니맘,지니맘 큐빅십자수  DIY: 1번 유니콘  (15cm 20cm)
2006308947,SELLBLOG,NORMAL,저렴하게 잘 구입하였습니다,2020-08-11T04:12:35.000+0000,STOREFARM,5,어린이 보석십자수 DIY 캐릭터 큐빅 비즈십자수 지니맘,지니맘 큐빅십자수  DIY: 10번 안경토끼  (15cm 20cm)
894900897,SELLBLOG,NORMAL,아이가넘좋아하고 받자마자완성 ㅎㅎ집중력발휘최고,2020-07-13T01:19:01.000+0000,STOREFARM,5,어린이 보석십자수 DIY 캐릭터 큐빅 비즈십자수 지니맘,지니맘 큐빅십자수  DIY: 2번 보라유니콘  (15cm 20cm)
2000369908,SELLBLOG,NORMAL,"아이가 너무 좋으합니다. 
엄마 이거 다 하면 또 사줄거야?하네요 ㅎㅎㅎ",2020-08-01T02:32:31.000+0000,STOREFARM,5,어린이 보석십자수 DIY 캐릭터 큐빅 비즈십자수 지니맘,지니맘 큐빅십자수  DIY: 7번 소녀2  (15cm 20cm)
2005626259,SELLBLOG,NORMAL,아이가 넘 좋아해요~~  예뻐요~~,2020-08-10T00:53:43.000+0000,STOREFARM,5,어린이 보석십자수 DIY 캐릭터 큐빅 비즈십자수 지니맘,지니맘 큐빅십자수  DIY: 8번 꽃사슴 (15cm 20cm)
900477788,SELLBLOG,NORMAL,아이들이 좋아하고 잘합니다,2020-07-21T11:43:41.000+0000,STOREFARM,5,어린이 보석십자수 DIY 캐릭터 큐빅 비즈십자수 지니맘,지니맘 큐빅십자수  DIY: 1번 유니콘  (15cm 20cm)
2008177066,SELLBLOG,NORMAL,항상쓰던제품입니다~~~,2020-08-14T02:21:04.000+0000,STOREFARM,5,어린이 보석십자수 DIY 캐릭터 큐빅 비즈십자수 지니맘,지니맘 큐빅십자수  DIY: 1번 유니콘  (15cm 20cm)
901148216,SELLBLOG,NORMAL,배송빠르고 만족핮니다,2020-07-22T10:48:00.000+0000,STOREFARM,5,어린이 보석십자수 DIY 캐릭터 큐빅 비즈십자수 지니맘,지니맘 큐빅십자수  DIY: 14번 부엉이 (15cm 20cm)
901148003,SELLBLOG,NORMAL,배송빠르고 만족합니다,2020-07-22T10:47:42.000+0000,STOREFARM,5,어린이 보석십자수 DIY 캐릭터 큐빅 비즈십자수 지니맘,지니맘 큐빅십자수  DIY: 7번 소녀2  (15cm 20cm)
893412843,SELLBLOG,NORMAL,아이가 매일 매일 숙제처럼해요. 제가 말하기전에 먼저 달라고해요ㅎ 5살아이 엄청좋아하네요,2020-07-10T09:52:04.000+0000,STOREFARM,5,어린이 보석십자수 DIY 캐릭터 큐빅 비즈십자수 지니맘,지니맘 큐빅십자수  DIY: 2번 보라유니콘  (15cm 20cm)
900563903,SELLBLOG,NORMAL,초6 아이 쉽다고 혼자 잘 하네요,2020-07-21T13:32:31.000+0000,STOREFARM,5,어린이 보석십자수 DIY 캐릭터 큐빅 비즈십자수 지니맘,지니맘 큐빅십자수  DIY: 1번 유니콘  (15cm 20cm)
900590490,SELLBLOG,NORMAL,도안도 귀엽고 너무 좋아요,2020-07-21T14:07:11.000+0000,STOREFARM,5,어린이 보석십자수 DIY 캐릭터 큐빅 비즈십자수 지니맘,지니맘 큐빅십자수  DIY: 12번 돌고래 (15cm 20cm)
900590164,SELLBLOG,NORMAL,도안도 귀엽고 너무 좋아요,2020-07-21T14:06:45.000+0000,STOREFARM,5,어린이 보석십자수 DIY 캐릭터 큐빅 비즈십자수 지니맘,지니맘 큐빅십자수  DIY: 13번 별유니콘 (15cm 20cm)
900589773,SELLBLOG,NORMAL,도안도 귀엽고 너무 좋아요,2020-07-21T14:06:16.000+0000,STOREFARM,5,어린이 보석십자수 DIY 캐릭터 큐빅 비즈십자수 지니맘,지니맘 큐빅십자수  DIY: 10번 안경토끼  (15cm 20cm)
2001739915,SELLBLOG,NORMAL,초4딸아이 너무나 좋아하네요..이쁘기도 합니다,2020-08-03T13:01:36.000+0000,STOREFARM,5,어린이 보석십자수 DIY 캐릭터 큐빅 비즈십자수 지니맘,지니맘 큐빅십자수  DIY: 8번 꽃사슴 (15cm 20cm)
888048958,SELLBLOG,NORMAL,아이들  시키려고 삿는데 제가 도와주다가 빠져버려서 같이했어요^^ 마음도 차분해지고 집중하다보면 잡생각도없어지구요 ㅎㅎ 또 구매하려고합니다~,2020-07-02T15:17:57.000+0000,STOREFARM,5,어린이 보석십자수 DIY 캐릭터 큐빅 비즈십자수 지니맘,지니맘 큐빅십자수  DIY: 17번 가면 (15cm 20cm)
2005616354,SELLBLOG,NORMAL,배송도 빠르고 아이가 좋아합니다.,2020-08-10T00:39:12.000+0000,STOREFARM,5,어린이 보석십자수 DIY 캐릭터 큐빅 비즈십자수 지니맘,지니맘 큐빅십자수  DIY: 14번 부엉이 (15cm 20cm)
893662455,SELLBLOG,NORMAL,"제품 품질도 좋고 오자마자 앉아서 계속하네요.
집중력에 좋은듯해요.",2020-07-10T23:45:00.000+0000,STOREFARM,4,어린이 보석십자수 DIY 캐릭터 큐빅 비즈십자수 지니맘,지니맘 큐빅십자수  DIY: 13번 별유니콘 (15cm 20cm)
2001451393,SELLBLOG,AFTER_USE,초2 앉아서 꼼지락대며 만드는거좋아하는데 할꺼없을때 꺼내서 하고 놀아요~,2020-08-03T03:13:42.000+0000,STOREFARM,5,어린이 보석십자수 DIY 캐릭터 큐빅 비즈십자수 지니맘,지니맘 큐빅십자수  DIY: 4번 홍학 (15cm 20cm)
2006836780,SELLBLOG,NORMAL,아이들이 너무 좋아했어요~~♡,2020-08-11T23:47:36.000+0000,STOREFARM,5,어린이 보석십자수 DIY 캐릭터 큐빅 비즈십자수 지니맘,지니맘 큐빅십자수  DIY: 7번 소녀2  (15cm 20cm)
2005638693,SELLBLOG,NORMAL,"빠른 배송 감사합니다
많이 파세요~",2020-08-10T01:11:46.000+0000,STOREFARM,5,어린이 보석십자수 DIY 캐릭터 큐빅 비즈십자수 지니맘,지니맘 큐빅십자수  DIY: 12번 돌고래 (15cm 20cm)
894254283,SELLBLOG,NORMAL,"초딩딸 완전 좋아해요. 
앉아서 엄청 집중하시며 허시네요.
반짝반짝 이뻐요.",2020-07-11T17:08:07.000+0000,STOREFARM,5,어린이 보석십자수 DIY 캐릭터 큐빅 비즈십자수 지니맘,지니맘 큐빅십자수  DIY: 5번  반짝이 사슴 (15cm 20cm)
2006829535,SELLBLOG,NORMAL,도안도 이쁘고 배송도 빨라요,2020-08-11T23:28:11.000+0000,STOREFARM,5,어린이 보석십자수 DIY 캐릭터 큐빅 비즈십자수 지니맘,지니맘 큐빅십자수  DIY: 5번  반짝이 사슴 (15cm 20cm)
898643264,SELLBLOG,NORMAL,딸아이가 받자마자 만들기에 열중입니다,2020-07-18T09:29:42.000+0000,STOREFARM,5,어린이 보석십자수 DIY 캐릭터 큐빅 비즈십자수 지니맘,지니맘 큐빅십자수  DIY: 2번 보라유니콘  (15cm 20cm)
905996891,SELLBLOG,NORMAL,아이가 사달라고 해서 샀네요 좋아하네요 방학동안 할수있겠다고,2020-07-30T02:50:20.000+0000,STOREFARM,5,어린이 보석십자수 DIY 캐릭터 큐빅 비즈십자수 지니맘,지니맘 큐빅십자수  DIY: 14번 부엉이 (15cm 20cm)
906262647,SELLBLOG,NORMAL,방학동안 하라고 사줬는데 작아서 금방해버릴듯요.만족이요,2020-07-30T10:03:09.000+0000,STOREFARM,4,어린이 보석십자수 DIY 캐릭터 큐빅 비즈십자수 지니맘,지니맘 큐빅십자수  DIY: 13번 별유니콘 (15cm 20cm)
2004980696,SELLBLOG,NORMAL,넘이뻐요.아이가 넘 좋아해요,2020-08-08T14:32:32.000+0000,STOREFARM,5,어린이 보석십자수 DIY 캐릭터 큐빅 비즈십자수 지니맘,지니맘 큐빅십자수  DIY: 8번 꽃사슴 (15cm 20cm)
2004980652,SELLBLOG,NORMAL,넘이뻐요.아이가 넘 좋아해요,2020-08-08T14:32:26.000+0000,STOREFARM,5,어린이 보석십자수 DIY 캐릭터 큐빅 비즈십자수 지니맘,지니맘 큐빅십자수  DIY: 13번 별유니콘 (15cm 20cm)
2004980594,SELLBLOG,NORMAL,넘이뻐요.아이가 넘 좋아해요,2020-08-08T14:32:19.000+0000,STOREFARM,5,어린이 보석십자수 DIY 캐릭터 큐빅 비즈십자수 지니맘,지니맘 큐빅십자수  DIY: 1번 유니콘  (15cm 20cm)
900701166,SELLBLOG,NORMAL,귀엽고 재밌게했어요,2020-07-21T22:35:18.000+0000,STOREFARM,4,어린이 보석십자수 DIY 캐릭터 큐빅 비즈십자수 지니맘,지니맘 큐빅십자수  DIY: 14번 부엉이 (15cm 20cm)
2001734253,SELLBLOG,AFTER_USE,8살 아이가 하기에 난이도가 좀 있긴하면 진득하게 앉아서 완성하더라고요.,2020-08-03T12:49:16.000+0000,STOREFARM,4,어린이 보석십자수 DIY 캐릭터 큐빅 비즈십자수 지니맘,지니맘 큐빅십자수  DIY: 11번 클로버 (15cm 20cm)
892338105,SELLBLOG,NORMAL,"임신중 취미생활.찾던중.이재밌는걸찾게됬네요 
다음에또 재구매할게요",2020-07-09T02:31:55.000+0000,STOREFARM,5,어린이 보석십자수 DIY 캐릭터 큐빅 비즈십자수 지니맘,지니맘 큐빅십자수  DIY: 7번 소녀2  (15cm 20cm)
906242232,SELLBLOG,NORMAL,아이가 하루만에 다 했네요.코로나로 집콕인데 놀이허기 좋아요,2020-07-30T09:27:27.000+0000,STOREFARM,4,어린이 보석십자수 DIY 캐릭터 큐빅 비즈십자수 지니맘,지니맘 큐빅십자수  DIY: 1번 유니콘  (15cm 20cm)
2002365372,SELLBLOG,AFTER_USE,재밌어해요 비즈도 넉넉히주셨어요,2020-08-04T13:13:43.000+0000,STOREFARM,4,어린이 보석십자수 DIY 캐릭터 큐빅 비즈십자수 지니맘,지니맘 큐빅십자수  DIY: 7번 소녀2  (15cm 20cm)
2005979432,SELLBLOG,NORMAL,재밌게 잘했다고합니다,2020-08-10T10:31:53.000+0000,STOREFARM,5,어린이 보석십자수 DIY 캐릭터 큐빅 비즈십자수 지니맘,지니맘 큐빅십자수  DIY: 2번 보라유니콘  (15cm 20cm)
2002749494,SELLBLOG,NORMAL,너무예뻐요~~아이들이너무좋아합니다~~,2020-08-05T06:20:30.000+0000,STOREFARM,4,어린이 보석십자수 DIY 캐릭터 큐빅 비즈십자수 지니맘,지니맘 큐빅십자수  DIY: 8번 꽃사슴 (15cm 20cm)
2003947635,SELLBLOG,NORMAL,7시간 투자해서 완성했어요 감사합니다,2020-08-07T02:30:13.000+0000,STOREFARM,5,어린이 보석십자수 DIY 캐릭터 큐빅 비즈십자수 지니맘,지니맘 큐빅십자수  DIY: 14번 부엉이 (15cm 20cm)
2004863642,SELLBLOG,NORMAL,비즈도 많이 들어있고 좋아요,2020-08-08T10:55:01.000+0000,STOREFARM,3,어린이 보석십자수 DIY 캐릭터 큐빅 비즈십자수 지니맘,지니맘 큐빅십자수  DIY: 13번 별유니콘 (15cm 20cm)
900415794,SELLBLOG,NORMAL,잘쓸께요 귀요미 제품ㅎ,2020-07-21T10:19:45.000+0000,STOREFARM,5,어린이 보석십자수 DIY 캐릭터 큐빅 비즈십자수 지니맘,지니맘 큐빅십자수  DIY: 3번 분홍사슴 (15cm 20cm)
2002526234,SELLBLOG,AFTER_USE,"편해요,조카에게선물했어요.좋아해요",2020-08-04T23:32:57.000+0000,STOREFARM,5,어린이 보석십자수 DIY 캐릭터 큐빅 비즈십자수 지니맘,지니맘 큐빅십자수  DIY: 18번 망치 (15cm 20cm)
2002526156,SELLBLOG,AFTER_USE,"편해요,조카에게선물했어요.좋아해요",2020-08-04T23:32:42.000+0000,STOREFARM,5,어린이 보석십자수 DIY 캐릭터 큐빅 비즈십자수 지니맘,지니맘 큐빅십자수  DIY: 20번 거미 (15cm 20cm)
2002733275,SELLBLOG,NORMAL,집에서 다 만들어 액자에 너어 세워노왔어요,2020-08-05T05:56:25.000+0000,STOREFARM,5,어린이 보석십자수 DIY 캐릭터 큐빅 비즈십자수 지니맘,지니맘 큐빅십자수  DIY: 8번 꽃사슴 (15cm 20cm)
888135195,SELLBLOG,NORMAL,"아이들집에서 심심할때 할려고 사줬어요
받고 이틀만에 완성했네요
다하면 다른 디자인 추가구매하고 싶어요",2020-07-02T22:37:40.000+0000,STOREFARM,5,어린이 보석십자수 DIY 캐릭터 큐빅 비즈십자수 지니맘,지니맘 큐빅십자수  DIY: 1번 유니콘  (15cm 20cm)
2003033635,SELLBLOG,NORMAL,딸램이 원해서 구입했는데 역시 좋아하네요,2020-08-05T13:14:02.000+0000,STOREFARM,5,어린이 보석십자수 DIY 캐릭터 큐빅 비즈십자수 지니맘,지니맘 큐빅십자수  DIY: 15번 사자 (15cm 20cm)
2003157748,SELLBLOG,NORMAL,반짝이 큐빅이라 더 예뻐서 아이가 좋아하네요~^^,2020-08-05T21:04:01.000+0000,STOREFARM,5,어린이 보석십자수 DIY 캐릭터 큐빅 비즈십자수 지니맘,지니맘 큐빅십자수  DIY: 13번 별유니콘 (15cm 20cm)
905697425,SELLBLOG,NORMAL,좀더 큰사이즈 주문해도 될듯하네요.  진중하게 앉아서 잘 하네요.,2020-07-29T12:26:07.000+0000,STOREFARM,5,어린이 보석십자수 DIY 캐릭터 큐빅 비즈십자수 지니맘,지니맘 큐빅십자수  DIY: 10번 안경토끼  (15cm 20cm)
2005372301,SELLBLOG,NORMAL,아이들이하기 쉬워요,2020-08-09T09:42:26.000+0000,STOREFARM,5,어린이 보석십자수 DIY 캐릭터 큐빅 비즈십자수 지니맘,지니맘 큐빅십자수  DIY: 14번 부엉이 (15cm 20cm)
2007907299,SELLBLOG,NORMAL,아이가 너무 좋ㅏ해요~,2020-08-13T12:30:04.000+0000,STOREFARM,5,어린이 보석십자수 DIY 캐릭터 큐빅 비즈십자수 지니맘,지니맘 큐빅십자수  DIY: 2번 보라유니콘  (15cm 20cm)
2005372455,SELLBLOG,NORMAL,아이들이 하기 쉬웠요,2020-08-09T09:42:49.000+0000,STOREFARM,5,어린이 보석십자수 DIY 캐릭터 큐빅 비즈십자수 지니맘,지니맘 큐빅십자수  DIY: 1번 유니콘  (15cm 20cm)
2006501013,SELLBLOG,NORMAL,아이가 좋아하네요^^,2020-08-11T09:27:15.000+0000,STOREFARM,5,어린이 보석십자수 DIY 캐릭터 큐빅 비즈십자수 지니맘,지니맘 큐빅십자수  DIY: 13번 별유니콘 (15cm 20cm)
904421656,SELLBLOG,NORMAL,유니콘 두가지를 잘못선택ㅋ 그래도 이쁘네용ㅎ 요거 다하고서 또 재구매 할게용ㅎㅎ,2020-07-27T14:03:46.000+0000,STOREFARM,5,어린이 보석십자수 DIY 캐릭터 큐빅 비즈십자수 지니맘,지니맘 큐빅십자수  DIY: 1번 유니콘  (15cm 20cm)
895272199,SELLBLOG,NORMAL,6살 꼬맹이가 혼자 잘 하네요~  잼있어해요.,2020-07-13T09:48:41.000+0000,STOREFARM,5,어린이 보석십자수 DIY 캐릭터 큐빅 비즈십자수 지니맘,지니맘 큐빅십자수  DIY: 2번 보라유니콘  (15cm 20cm)
892003835,SELLBLOG,NORMAL,"심심할때마다 조금씩 하면서 완성했네요
반짝반짝 너무 이쁘네용",2020-07-08T12:03:07.000+0000,STOREFARM,5,어린이 보석십자수 DIY 캐릭터 큐빅 비즈십자수 지니맘,지니맘 큐빅십자수  DIY: 21번 별유니콘 (15cm 20cm)
2020566247,SELLBLOG,NORMAL,좋아요 좋아요 좋아요 좋아요 좋아요,2020-09-01T11:53:58.000+0000,STOREFARM,5,어린이 보석십자수 DIY 캐릭터 큐빅 비즈십자수 지니맘,지니맘 큐빅십자수  DIY: 10번 안경토끼  (15cm 20cm)
2005001487,SELLBLOG,NORMAL,너무 이뻐요~ 반짝반짝^^,2020-08-08T15:22:51.000+0000,STOREFARM,5,어린이 보석십자수 DIY 캐릭터 큐빅 비즈십자수 지니맘,지니맘 큐빅십자수  DIY: 8번 꽃사슴 (15cm 20cm)
2000679608,SELLBLOG,NORMAL,"받침이 탄탄하니  좋네요, 아이들이 재미있어해요",2020-08-01T11:05:30.000+0000,STOREFARM,5,어린이 보석십자수 DIY 캐릭터 큐빅 비즈십자수 지니맘,지니맘 큐빅십자수  DIY: 13번 별유니콘 (15cm 20cm)
2021360265,SELLBLOG,NORMAL,좋습니다.좋습니다~~~,2020-09-02T11:18:46.000+0000,STOREFARM,3,어린이 보석십자수 DIY 캐릭터 큐빅 비즈십자수 지니맘,지니맘 큐빅십자수  DIY: 13번 별유니콘 (15cm 20cm)
2005955282,SELLBLOG,NORMAL,애들이 좋아합니다.,2020-08-10T09:33:24.000+0000,STOREFARM,5,어린이 보석십자수 DIY 캐릭터 큐빅 비즈십자수 지니맘,지니맘 큐빅십자수  DIY: 14번 부엉이 (15cm 20cm)
906563766,SELLBLOG,NORMAL,"아이들이 너무 좋아합니다

10살 딸
6살 딸

집중 하는 시간이 끝장입니다
다음에 또주문할게요",2020-07-31T01:16:08.000+0000,STOREFARM,5,어린이 보석십자수 DIY 캐릭터 큐빅 비즈십자수 지니맘,지니맘 큐빅십자수  DIY: 2번 보라유니콘  (15cm 20cm)
2003223719,SELLBLOG,AFTER_USE,아이둘이 집중해서 하는 모습이 좋았어요,2020-08-06T00:58:06.000+0000,STOREFARM,5,어린이 보석십자수 DIY 캐릭터 큐빅 비즈십자수 지니맘,지니맘 큐빅십자수  DIY: 20번 거미 (15cm 20cm)
902336379,SELLBLOG,NORMAL,아이들이 엄청 좋아해요~ㅎ아침에 유치원갈 준비해야하는데 비즈한다고 책상에 앉아있는 단점이 있긴하네요ㅎㅎㅎ,2020-07-24T05:37:49.000+0000,STOREFARM,5,어린이 보석십자수 DIY 캐릭터 큐빅 비즈십자수 지니맘,지니맘 큐빅십자수  DIY: 1번 유니콘  (15cm 20cm)
900415409,SELLBLOG,NORMAL,제품 잘 받았습니다. 잘쓸께요^^,2020-07-21T10:19:10.000+0000,STOREFARM,5,어린이 보석십자수 DIY 캐릭터 큐빅 비즈십자수 지니맘,지니맘 큐빅십자수  DIY: 1번 유니콘  (15cm 20cm)
2001066432,SELLBLOG,NORMAL,아이가 집중해서 예쁘게 완성 한 후에 엄청 뿌듯해 했네요.,2020-08-02T07:02:38.000+0000,STOREFARM,4,어린이 보석십자수 DIY 캐릭터 큐빅 비즈십자수 지니맘,지니맘 큐빅십자수  DIY: 14번 부엉이 (15cm 20cm)
2004567511,SELLBLOG,NORMAL,배송과 상품 다 좋습니다,2020-08-08T01:41:30.000+0000,STOREFARM,4,어린이 보석십자수 DIY 캐릭터 큐빅 비즈십자수 지니맘,지니맘 큐빅십자수  DIY: 1번 유니콘  (15cm 20cm)
2004567255,SELLBLOG,NORMAL,배송과 상품 다 좋습니다,2020-08-08T01:41:06.000+0000,STOREFARM,4,어린이 보석십자수 DIY 캐릭터 큐빅 비즈십자수 지니맘,지니맘 큐빅십자수  DIY: 8번 꽃사슴 (15cm 20cm)
2004567146,SELLBLOG,NORMAL,배송과 상품 다 좋습니다,2020-08-08T01:40:57.000+0000,STOREFARM,4,어린이 보석십자수 DIY 캐릭터 큐빅 비즈십자수 지니맘,지니맘 큐빅십자수  DIY: 17번 핑크사슴  (15cm 20cm)
905561299,SELLBLOG,NORMAL,"처음하는데 아이가 너무 좋아하네요~~
다른거 또 구매하야겠어요♡♡",2020-07-29T09:02:34.000+0000,STOREFARM,5,어린이 보석십자수 DIY 캐릭터 큐빅 비즈십자수 지니맘,지니맘 큐빅십자수  DIY: 1번 유니콘  (15cm 20cm)
2004952122,SELLBLOG,NORMAL,배송도 빠르고 좋아요,2020-08-08T13:36:53.000+0000,STOREFARM,5,어린이 보석십자수 DIY 캐릭터 큐빅 비즈십자수 지니맘,지니맘 큐빅십자수  DIY: 3번 분홍사슴 (15cm 20cm)
2004952024,SELLBLOG,NORMAL,배송도 빠르고 좋아요,2020-08-08T13:36:41.000+0000,STOREFARM,5,어린이 보석십자수 DIY 캐릭터 큐빅 비즈십자수 지니맘,지니맘 큐빅십자수  DIY: 1번 유니콘  (15cm 20cm)
2004520483,SELLBLOG,NORMAL,넘도아요  잼있게했어요,2020-08-08T00:13:46.000+0000,STOREFARM,5,어린이 보석십자수 DIY 캐릭터 큐빅 비즈십자수 지니맘,지니맘 큐빅십자수  DIY: 1번 유니콘  (15cm 20cm)
894658811,SELLBLOG,NORMAL,재미있어요 너무 감사합니다,2020-07-12T11:38:28.000+0000,STOREFARM,4,어린이 보석십자수 DIY 캐릭터 큐빅 비즈십자수 지니맘,지니맘 큐빅십자수  DIY: 6번 소녀1  (15cm 20cm)
2020321812,SELLBLOG,NORMAL,좋아용 좋아용 좋아용~,2020-09-01T06:51:51.000+0000,STOREFARM,5,어린이 보석십자수 DIY 캐릭터 큐빅 비즈십자수 지니맘,지니맘 큐빅십자수  DIY: 17번 핑크사슴  (15cm 20cm)
2020321503,SELLBLOG,NORMAL,좋아용 좋아용 좋아용~,2020-09-01T06:51:29.000+0000,STOREFARM,5,어린이 보석십자수 DIY 캐릭터 큐빅 비즈십자수 지니맘,지니맘 큐빅십자수  DIY: 13번 별유니콘 (15cm 20cm)
2020321321,SELLBLOG,NORMAL,좋아용 좋아용 좋아용~,2020-09-01T06:51:15.000+0000,STOREFARM,5,어린이 보석십자수 DIY 캐릭터 큐빅 비즈십자수 지니맘,지니맘 큐빅십자수  DIY: 11번 클로버 (15cm 20cm)
2020321129,SELLBLOG,NORMAL,좋아용 좋아용 좋아용~,2020-09-01T06:51:01.000+0000,STOREFARM,5,어린이 보석십자수 DIY 캐릭터 큐빅 비즈십자수 지니맘,지니맘 큐빅십자수  DIY: 3번 분홍사슴 (15cm 20cm)
898644084,SELLBLOG,NORMAL,딸아이가 넘 재밌어해요,2020-07-18T09:31:27.000+0000,STOREFARM,5,어린이 보석십자수 DIY 캐릭터 큐빅 비즈십자수 지니맘,지니맘 큐빅십자수  DIY: 1번 유니콘  (15cm 20cm)
890772144,SELLBLOG,NORMAL,"아이들이 시간 가는줄 모르고 푹 빠져서 하네요
선물용으로도 좋아요^^",2020-07-07T00:20:37.000+0000,STOREFARM,5,어린이 보석십자수 DIY 캐릭터 큐빅 비즈십자수 지니맘,지니맘 큐빅십자수  DIY: 9번 겨울사슴 (15cm 20cm)
906593925,SELLBLOG,NORMAL,감사합니다.집에서열심히하고있어요,2020-07-31T02:02:28.000+0000,STOREFARM,5,어린이 보석십자수 DIY 캐릭터 큐빅 비즈십자수 지니맘,지니맘 큐빅십자수  DIY: 14번 부엉이 (15cm 20cm)
2001554344,SELLBLOG,NORMAL,아이가 너무 좋아합니다 영어공부도 같이 되네요~,2020-08-03T05:53:13.000+0000,STOREFARM,5,어린이 보석십자수 DIY 캐릭터 큐빅 비즈십자수 지니맘,지니맘 큐빅십자수  DIY: 15번 사자 (15cm 20cm)
2001452590,SELLBLOG,AFTER_USE,초2여아 앉아서 꼼지락거리는거 좋아하는데 좋아해요~,2020-08-03T03:15:39.000+0000,STOREFARM,5,어린이 보석십자수 DIY 캐릭터 큐빅 비즈십자수 지니맘,지니맘 큐빅십자수  DIY: 7번 소녀2  (15cm 20cm)
2000368963,SELLBLOG,NORMAL,코로나로 인해 나가지 못하는 아쉬움을 보석십자수로 달래고있네요,2020-08-01T02:31:07.000+0000,STOREFARM,5,어린이 보석십자수 DIY 캐릭터 큐빅 비즈십자수 지니맘,지니맘 큐빅십자수  DIY: 12번 돌고래 (15cm 20cm)
895272546,SELLBLOG,NORMAL,동생이랑 시합하면서 몇날몇일 잘 가지고 놀고있네요,2020-07-13T09:49:27.000+0000,STOREFARM,5,어린이 보석십자수 DIY 캐릭터 큐빅 비즈십자수 지니맘,지니맘 큐빅십자수  DIY: 1번 유니콘  (15cm 20cm)
890773882,SELLBLOG,NORMAL,"몇번하더니 쉬워 하네요
조금 난이도  있는 작품이 있음 좋겠어요",2020-07-07T00:23:33.000+0000,STOREFARM,5,어린이 보석십자수 DIY 캐릭터 큐빅 비즈십자수 지니맘,지니맘 큐빅십자수  DIY: 12번 돌고래 (15cm 20cm)
2004863460,SELLBLOG,NORMAL,비즈도 많고 좋아요,2020-08-08T10:54:42.000+0000,STOREFARM,3,어린이 보석십자수 DIY 캐릭터 큐빅 비즈십자수 지니맘,지니맘 큐빅십자수  DIY: 20번 아기사슴 (15cm 20cm)
896125349,SELLBLOG,NORMAL,두개시키고 또두개시키고 애들이 엄청좋아해서 계속시킵니다ㅎㅎ,2020-07-14T14:55:37.000+0000,STOREFARM,5,어린이 보석십자수 DIY 캐릭터 큐빅 비즈십자수 지니맘,지니맘 큐빅십자수  DIY: 1번 유니콘  (15cm 20cm)
906591952,SELLBLOG,NORMAL,"잘받았어요
더운데고생하시네요.
감사합니다",2020-07-31T01:59:41.000+0000,STOREFARM,5,어린이 보석십자수 DIY 캐릭터 큐빅 비즈십자수 지니맘,지니맘 큐빅십자수  DIY: 9번 겨울사슴 (15cm 20cm)
2003605420,SELLBLOG,NORMAL,사용하기 쉽고 넘 이쁘네요,2020-08-06T11:01:30.000+0000,STOREFARM,4,어린이 보석십자수 DIY 캐릭터 큐빅 비즈십자수 지니맘,지니맘 큐빅십자수  DIY: 13번 별유니콘 (15cm 20cm)
2006751381,SELLBLOG,NORMAL,애가 좋아해요~^^,2020-08-11T15:29:06.000+0000,STOREFARM,5,어린이 보석십자수 DIY 캐릭터 큐빅 비즈십자수 지니맘,지니맘 큐빅십자수  DIY: 8번 꽃사슴 (15cm 20cm)
891621161,SELLBLOG,NORMAL,아이가 너무 신나고 좋아해요. 어서 완성해보고 싶네요,2020-07-08T02:37:56.000+0000,STOREFARM,5,어린이 보석십자수 DIY 캐릭터 큐빅 비즈십자수 지니맘,지니맘 큐빅십자수  DIY: 8번 꽃사슴 (15cm 20cm)
2004082940,SELLBLOG,NORMAL,아이들이 좋아하네요,2020-08-07T05:17:07.000+0000,STOREFARM,5,어린이 보석십자수 DIY 캐릭터 큐빅 비즈십자수 지니맘,지니맘 큐빅십자수  DIY: 9번 겨울사슴 (15cm 20cm)
2004082838,SELLBLOG,NORMAL,아이들이 좋아하네요,2020-08-07T05:17:00.000+0000,STOREFARM,5,어린이 보석십자수 DIY 캐릭터 큐빅 비즈십자수 지니맘,지니맘 큐빅십자수  DIY: 10번 안경토끼  (15cm 20cm)
2004082672,SELLBLOG,NORMAL,아이들이 좋아하네요,2020-08-07T05:16:50.000+0000,STOREFARM,5,어린이 보석십자수 DIY 캐릭터 큐빅 비즈십자수 지니맘,지니맘 큐빅십자수  DIY: 11번 클로버 (15cm 20cm)
2004082572,SELLBLOG,NORMAL,아이들이 좋아하네요,2020-08-07T05:16:44.000+0000,STOREFARM,5,어린이 보석십자수 DIY 캐릭터 큐빅 비즈십자수 지니맘,지니맘 큐빅십자수  DIY: 1번 유니콘  (15cm 20cm)
893950002,SELLBLOG,NORMAL,큐빅이 커서 어린이가 사용하기 좋습니다 액자도 좋아요,2020-07-11T06:39:18.000+0000,STOREFARM,5,어린이 보석십자수 DIY 캐릭터 큐빅 비즈십자수 지니맘,지니맘 큐빅십자수  DIY: 13번 별유니콘 (15cm 20cm)
2001602895,SELLBLOG,NORMAL,아이가좋아합니다 빠른배송감사해요,2020-08-03T07:29:53.000+0000,STOREFARM,5,어린이 보석십자수 DIY 캐릭터 큐빅 비즈십자수 지니맘,지니맘 큐빅십자수  DIY: 10번 안경토끼  (15cm 20cm)
904421280,SELLBLOG,NORMAL,완전 귀욥 예뻐용ㅎㅎ 아이방에 걸어줄려고 구매했네요 재구매할게요~~~^^&hearts;,2020-07-27T14:02:54.000+0000,STOREFARM,5,어린이 보석십자수 DIY 캐릭터 큐빅 비즈십자수 지니맘,지니맘 큐빅십자수  DIY: 6번 소녀1  (15cm 20cm)
2003064557,SELLBLOG,NORMAL,아이가 어린데도 좋아해요,2020-08-05T13:58:24.000+0000,STOREFARM,5,어린이 보석십자수 DIY 캐릭터 큐빅 비즈십자수 지니맘,지니맘 큐빅십자수  DIY: 13번 별유니콘 (15cm 20cm)
891619975,SELLBLOG,NORMAL,"아이가 집중해서 열심히 하네요.
너무 예쁘고 좋아해요",2020-07-08T02:35:54.000+0000,STOREFARM,5,어린이 보석십자수 DIY 캐릭터 큐빅 비즈십자수 지니맘,지니맘 큐빅십자수  DIY: 3번 분홍사슴 (15cm 20cm)
896125660,SELLBLOG,NORMAL,이거하는동안 저는 쉴수있어요,2020-07-14T14:56:10.000+0000,STOREFARM,5,어린이 보석십자수 DIY 캐릭터 큐빅 비즈십자수 지니맘,지니맘 큐빅십자수  DIY: 13번 별유니콘 (15cm 20cm)
881539150,SELLBLOG,NORMAL,애들이 너무 좋아합니다. 열쇠고리로 시작해서 점점 커지고있네요. 이거는 사이즈가 좀 되서 오래걸릴줄알았는데...아니네요..기호별로 색깔 나눠져있어서 편리하고 좋았습니다,2020-06-23T01:08:00.000+0000,STOREFARM,5,어린이 보석십자수 DIY 캐릭터 큐빅 비즈십자수 지니맘,지니맘 큐빅십자수  DIY: 6번 소녀1  (15cm 20cm)
902009577,SELLBLOG,NORMAL,"초등3학년 아이가 너무 좋아하네요~~~
사이즈가 작지않아 마음에 듭니다. 빠른배송 감사합니다~^^",2020-07-23T14:44:15.000+0000,STOREFARM,5,어린이 보석십자수 DIY 캐릭터 큐빅 비즈십자수 지니맘,지니맘 큐빅십자수  DIY: 1번 유니콘  (15cm 20cm)
888136334,SELLBLOG,NORMAL,애들이 좋아해요 이틀만에 완성해서 다른 디자인 또하고 있어요 다하면 또 주문하고 싶어요,2020-07-02T22:40:35.000+0000,STOREFARM,5,어린이 보석십자수 DIY 캐릭터 큐빅 비즈십자수 지니맘,지니맘 큐빅십자수  DIY: 6번 소녀1  (15cm 20cm)
884205502,SELLBLOG,NORMAL,6세.집중해서 하는게 없어 사줘봤는데 역시 조금 하다 마네요.제가 더 잼있어서 한참을 했는데 눈이 아파 혼났어요.그래도 잼나요,2020-06-26T13:43:52.000+0000,STOREFARM,5,어린이 보석십자수 DIY 캐릭터 큐빅 비즈십자수 지니맘,지니맘 큐빅십자수  DIY: 21번 별유니콘 (15cm 20cm)
891618860,SELLBLOG,NORMAL,"아이가 너무 좋아해요~~^^
다른그림도 또 사러 가야겠어요",2020-07-08T02:34:01.000+0000,STOREFARM,5,어린이 보석십자수 DIY 캐릭터 큐빅 비즈십자수 지니맘,지니맘 큐빅십자수  DIY: 9번 겨울사슴 (15cm 20cm)
902188325,SELLBLOG,NORMAL,스마트폰 안보고 집중해서 하는걸보니 계속 사주고 싶어요~^^너무 좋아하네요,2020-07-24T02:03:18.000+0000,STOREFARM,5,어린이 보석십자수 DIY 캐릭터 큐빅 비즈십자수 지니맘,지니맘 큐빅십자수  DIY: 5번  반짝이 사슴 (15cm 20cm)
896765439,SELLBLOG,NORMAL,아이가 좋아하고 예쁘네요,2020-07-15T13:38:16.000+0000,STOREFARM,4,어린이 보석십자수 DIY 캐릭터 큐빅 비즈십자수 지니맘,지니맘 큐빅십자수  DIY: 13번 별유니콘 (15cm 20cm)
2008610348,SELLBLOG,NORMAL,조아요~~~~~~~~,2020-08-15T00:23:46.000+0000,STOREFARM,5,어린이 보석십자수 DIY 캐릭터 큐빅 비즈십자수 지니맘,지니맘 큐빅십자수  DIY: 12번 돌고래 (15cm 20cm)
894901685,SELLBLOG,NORMAL,넘넘이쁜듯 아이받자마자완성해서책상위로,2020-07-13T01:19:55.000+0000,STOREFARM,5,어린이 보석십자수 DIY 캐릭터 큐빅 비즈십자수 지니맘,지니맘 큐빅십자수  DIY: 1번 유니콘  (15cm 20cm)
892328363,SELLBLOG,NORMAL,크기가 크지 않아서 아이들이 심심할때 하기에 좋은거 같아요.,2020-07-09T02:17:10.000+0000,STOREFARM,5,어린이 보석십자수 DIY 캐릭터 큐빅 비즈십자수 지니맘,지니맘 큐빅십자수  DIY: 1번 유니콘  (15cm 20cm)
2002773360,SELLBLOG,NORMAL,오자마자  시작 재밌어요,2020-08-05T06:54:41.000+0000,STOREFARM,5,어린이 보석십자수 DIY 캐릭터 큐빅 비즈십자수 지니맘,지니맘 큐빅십자수  DIY: 1번 유니콘  (15cm 20cm)
894658535,SELLBLOG,NORMAL,울공주가 초등1학교 입니다  너무 잘하네요,2020-07-12T11:37:54.000+0000,STOREFARM,4,어린이 보석십자수 DIY 캐릭터 큐빅 비즈십자수 지니맘,지니맘 큐빅십자수  DIY: 1번 유니콘  (15cm 20cm)
895263587,SELLBLOG,NORMAL,큐빅도크고 아이가 하기 수월해요,2020-07-13T09:28:22.000+0000,STOREFARM,5,어린이 보석십자수 DIY 캐릭터 큐빅 비즈십자수 지니맘,지니맘 큐빅십자수  DIY: 9번 겨울사슴 (15cm 20cm)
895963098,SELLBLOG,NORMAL,도안들이 예쁘고 보석이 반짝하네요,2020-07-14T11:22:55.000+0000,STOREFARM,4,어린이 보석십자수 DIY 캐릭터 큐빅 비즈십자수 지니맘,지니맘 큐빅십자수  DIY: 20번 거미 (15cm 20cm)
902189120,SELLBLOG,NORMAL,8살 딸아이가 너무 좋아해요  조금씩 완성되는거보면서 엄청 뿌듯해해요,2020-07-24T02:04:28.000+0000,STOREFARM,5,어린이 보석십자수 DIY 캐릭터 큐빅 비즈십자수 지니맘,지니맘 큐빅십자수  DIY: 10번 안경토끼  (15cm 20cm)
894338074,SELLBLOG,NORMAL,큐빅이 크고 색상 조합이 잘 되어 완성한 제품이 정말 고급지고 이뻐요~ 액자해서 걸어두면 좋을거 같아요. 초등2학년인데 슬슬 이틀정도 하면 완성이요 넘쉬지도 어렵지도 않아 만족합니다 시간 잘가네요,2020-07-12T01:32:29.000+0000,STOREFARM,5,어린이 보석십자수 DIY 캐릭터 큐빅 비즈십자수 지니맘,지니맘 큐빅십자수  DIY: 1번 유니콘  (15cm 20cm)
2002423434,SELLBLOG,NORMAL,빠른배송이 너무좋아요,2020-08-04T14:36:49.000+0000,STOREFARM,3,어린이 보석십자수 DIY 캐릭터 큐빅 비즈십자수 지니맘,지니맘 큐빅십자수  DIY: 13번 별유니콘 (15cm 20cm)
2002664344,SELLBLOG,NORMAL,아이가 너무 좋아해요,2020-08-05T04:03:48.000+0000,STOREFARM,5,어린이 보석십자수 DIY 캐릭터 큐빅 비즈십자수 지니맘,지니맘 큐빅십자수  DIY: 9번 겨울사슴 (15cm 20cm)
2001994764,SELLBLOG,NORMAL,아이가 매우 즐거워합니다,2020-08-04T04:08:25.000+0000,STOREFARM,5,어린이 보석십자수 DIY 캐릭터 큐빅 비즈십자수 지니맘,지니맘 큐빅십자수  DIY: 3번 분홍사슴 (15cm 20cm)
2005461815,SELLBLOG,NORMAL,쉽고 잼있어요~~^^,2020-08-09T13:05:15.000+0000,STOREFARM,5,어린이 보석십자수 DIY 캐릭터 큐빅 비즈십자수 지니맘,지니맘 큐빅십자수  DIY: 8번 꽃사슴 (15cm 20cm)
905907680,SELLBLOG,NORMAL,딸이좋아해요 구입하기잘했어요,2020-07-30T00:29:30.000+0000,STOREFARM,5,어린이 보석십자수 DIY 캐릭터 큐빅 비즈십자수 지니맘,지니맘 큐빅십자수  DIY: 1번 유니콘  (15cm 20cm)
894926158,SELLBLOG,NORMAL,"너무 귀여워요
다음번에는 큰거사야겠어요",2020-07-13T01:47:35.000+0000,STOREFARM,5,어린이 보석십자수 DIY 캐릭터 큐빅 비즈십자수 지니맘,지니맘 큐빅십자수  DIY: 3번 분홍사슴 (15cm 20cm)
902115566,SELLBLOG,NORMAL,아이가 너무좋아해요.집중하니라 휴대폰사용 시간이줄었다넹ᆢㄷ,2020-07-24T00:15:36.000+0000,STOREFARM,5,어린이 보석십자수 DIY 캐릭터 큐빅 비즈십자수 지니맘,지니맘 큐빅십자수  DIY: 9번 겨울사슴 (15cm 20cm)
2016954522,SELLBLOG,NORMAL,좋아욪좋아요좋아요좋아요좋아요,2020-08-27T11:54:45.000+0000,STOREFARM,3,어린이 보석십자수 DIY 캐릭터 큐빅 비즈십자수 지니맘,지니맘 큐빅십자수  DIY: 5번  반짝이 사슴 (15cm 20cm)
890773192,SELLBLOG,NORMAL,"하는동안은 집중력짱
조용해서보면 책상에 앉아 열심히 하고 있더라구요 ^^",2020-07-07T00:22:19.000+0000,STOREFARM,5,어린이 보석십자수 DIY 캐릭터 큐빅 비즈십자수 지니맘,지니맘 큐빅십자수  DIY: 3번 분홍사슴 (15cm 20cm)
902162205,SELLBLOG,NORMAL,"배송또 빠르고  큐빅들도 꼼꼼하게
포장잘되어있네요~아이들도 좋아하고",2020-07-24T01:28:31.000+0000,STOREFARM,5,어린이 보석십자수 DIY 캐릭터 큐빅 비즈십자수 지니맘,지니맘 큐빅십자수  DIY: 1번 유니콘  (15cm 20cm)
902242681,SELLBLOG,NORMAL,"딸아이 하라고 샀는데 엄마가 재미들렸네요
완성하고나니 예뻐요",2020-07-24T03:28:27.000+0000,STOREFARM,5,어린이 보석십자수 DIY 캐릭터 큐빅 비즈십자수 지니맘,지니맘 큐빅십자수  DIY: 14번 부엉이 (15cm 20cm)
2001413022,SELLBLOG,NORMAL,배송도 빠르고 제품도 마음에 듭니다,2020-08-03T02:16:11.000+0000,STOREFARM,4,어린이 보석십자수 DIY 캐릭터 큐빅 비즈십자수 지니맘,지니맘 큐빅십자수  DIY: 8번 꽃사슴 (15cm 20cm)
2001412737,SELLBLOG,NORMAL,배송도 빠르고 제품도 마음에 듭니다,2020-08-03T02:15:43.000+0000,STOREFARM,4,어린이 보석십자수 DIY 캐릭터 큐빅 비즈십자수 지니맘,지니맘 큐빅십자수  DIY: 13번 별유니콘 (15cm 20cm)
892329844,SELLBLOG,NORMAL,티비 시청시간 좀 줄여보려고 아들에게 제안햤는데 티비를 보면서 하네요^^;;;;;;;;;;,2020-07-09T02:19:21.000+0000,STOREFARM,5,어린이 보석십자수 DIY 캐릭터 큐빅 비즈십자수 지니맘,지니맘 큐빅십자수  DIY: 9번 겨울사슴 (15cm 20cm)
2000368511,SELLBLOG,NORMAL,딸이 보석샙자수 재미에 푹빠졌어요,2020-08-01T02:30:30.000+0000,STOREFARM,4,어린이 보석십자수 DIY 캐릭터 큐빅 비즈십자수 지니맘,지니맘 큐빅십자수  DIY: 1번 유니콘  (15cm 20cm)
2003935895,SELLBLOG,NORMAL,가격대비 좋아요~~,2020-08-07T02:15:53.000+0000,STOREFARM,5,어린이 보석십자수 DIY 캐릭터 큐빅 비즈십자수 지니맘,지니맘 큐빅십자수  DIY: 14번 부엉이 (15cm 20cm)
2003935678,SELLBLOG,NORMAL,가격대비 좋아요~~,2020-08-07T02:15:38.000+0000,STOREFARM,5,어린이 보석십자수 DIY 캐릭터 큐빅 비즈십자수 지니맘,지니맘 큐빅십자수  DIY: 13번 별유니콘 (15cm 20cm)
886281716,SELLBLOG,NORMAL,아이가 시간 가는지 모르고 해요 빨리 완성 되는 편이라 지겨워하지 않고 성취감이 크네요^^,2020-06-30T08:26:24.000+0000,STOREFARM,5,어린이 보석십자수 DIY 캐릭터 큐빅 비즈십자수 지니맘,지니맘 큐빅십자수  DIY: 1번 유니콘  (15cm 20cm)
893720067,SELLBLOG,NORMAL,블링블링 느무 귀여워서 선물용으로 구매했어요,2020-07-11T01:35:57.000+0000,STOREFARM,5,어린이 보석십자수 DIY 캐릭터 큐빅 비즈십자수 지니맘,지니맘 큐빅십자수  DIY: 1번 유니콘  (15cm 20cm)
2016346152,SELLBLOG,NORMAL,조아요조아요저아요조아요,2020-08-26T19:42:35.000+0000,STOREFARM,5,어린이 보석십자수 DIY 캐릭터 큐빅 비즈십자수 지니맘,지니맘 큐빅십자수  DIY: 13번 별유니콘 (15cm 20cm)
887744279,SELLBLOG,NORMAL,"아이가 너무 좋아해요
집중력도 좀더 생기길 바라는 마음입니다",2020-07-02T08:18:13.000+0000,STOREFARM,5,어린이 보석십자수 DIY 캐릭터 큐빅 비즈십자수 지니맘,지니맘 큐빅십자수  DIY: 7번 소녀2  (15cm 20cm)
903530183,SELLBLOG,AFTER_USE,아이가 너무 좋아합니다. 또 구매예정이예요,2020-07-26T04:03:55.000+0000,STOREFARM,5,어린이 보석십자수 DIY 캐릭터 큐빅 비즈십자수 지니맘,지니맘 큐빅십자수  DIY: 21번 별유니콘 (15cm 20cm)
893951545,SELLBLOG,NORMAL,큐빅이 커서 어린이가 사용하기 좋아요~,2020-07-11T06:41:33.000+0000,STOREFARM,5,어린이 보석십자수 DIY 캐릭터 큐빅 비즈십자수 지니맘,지니맘 큐빅십자수  DIY: 14번 부엉이 (15cm 20cm)
899229723,SELLBLOG,NORMAL,"초2인데 아이들이 하기에 딱이예요
받자마자 한자리에서 작품하나 완료했네요
집중시키기 딱 좋아요",2020-07-19T13:12:28.000+0000,STOREFARM,5,어린이 보석십자수 DIY 캐릭터 큐빅 비즈십자수 지니맘,지니맘 큐빅십자수  DIY: 1번 유니콘  (15cm 20cm)
905457170,SELLBLOG,NORMAL,딸이 하고싶어해서 주문했는데 너무 이쁘더라구요,2020-07-29T06:38:10.000+0000,STOREFARM,5,어린이 보석십자수 DIY 캐릭터 큐빅 비즈십자수 지니맘,지니맘 큐빅십자수  DIY: 21번 별유니콘 (15cm 20cm)
893950985,SELLBLOG,NORMAL,큐빅이 커서 어린이가 붙이기 좋아요,2020-07-11T06:40:43.000+0000,STOREFARM,5,어린이 보석십자수 DIY 캐릭터 큐빅 비즈십자수 지니맘,지니맘 큐빅십자수  DIY: 1번 유니콘  (15cm 20cm)
2001799381,SELLBLOG,NORMAL,큐빅이 넘 예뻐요 완전,2020-08-03T15:43:59.000+0000,STOREFARM,5,어린이 보석십자수 DIY 캐릭터 큐빅 비즈십자수 지니맘,지니맘 큐빅십자수  DIY: 1번 유니콘  (15cm 20cm)
2016346163,SELLBLOG,NORMAL,조아요조아요조아요조아요,2020-08-26T19:42:48.000+0000,STOREFARM,5,어린이 보석십자수 DIY 캐릭터 큐빅 비즈십자수 지니맘,지니맘 큐빅십자수  DIY: 14번 부엉이 (15cm 20cm)
892725849,SELLBLOG,NORMAL,목을 숙이고 해서 목이 좀 아프지만 쉽고 재미있어여,2020-07-09T11:58:57.000+0000,STOREFARM,5,어린이 보석십자수 DIY 캐릭터 큐빅 비즈십자수 지니맘,지니맘 큐빅십자수  DIY: 20번 거미 (15cm 20cm)
888811650,SELLBLOG,NORMAL,아이들이 좋아해서 또 주문해야되요ㅋㅋ집중도가 좋습니다!!,2020-07-03T13:20:53.000+0000,STOREFARM,5,어린이 보석십자수 DIY 캐릭터 큐빅 비즈십자수 지니맘,지니맘 큐빅십자수  DIY: 7번 소녀2  (15cm 20cm)
2000344614,SELLBLOG,NORMAL,너무 예쁘고 아이들이 좋아하네요.,2020-08-01T01:52:29.000+0000,STOREFARM,5,어린이 보석십자수 DIY 캐릭터 큐빅 비즈십자수 지니맘,지니맘 큐빅십자수  DIY: 2번 보라유니콘  (15cm 20cm)
2001799513,SELLBLOG,NORMAL,2학년 아들이 잘하네요,2020-08-03T15:44:31.000+0000,STOREFARM,5,어린이 보석십자수 DIY 캐릭터 큐빅 비즈십자수 지니맘,지니맘 큐빅십자수  DIY: 3번 분홍사슴 (15cm 20cm)
2001799442,SELLBLOG,NORMAL,2학년 아들 넘 좋아해요,2020-08-03T15:44:14.000+0000,STOREFARM,5,어린이 보석십자수 DIY 캐릭터 큐빅 비즈십자수 지니맘,지니맘 큐빅십자수  DIY: 13번 별유니콘 (15cm 20cm)
891095037,SELLBLOG,NORMAL,"지난주 주말에 주문했고, 화요일인 오늘 도착했어요.
초등학교 저학년 아이가 사용할껀데, 
아직 사용 전이지만, 난이도가 있는거 같아요..
일단 어떻게 사용할지 몰라서 3개만 구입해봤어요.
아이가 재미있게 하면 더 구입할 예정입니다.
감사합니다~",2020-07-07T07:45:00.000+0000,STOREFARM,5,어린이 보석십자수 DIY 캐릭터 큐빅 비즈십자수 지니맘,지니맘 큐빅십자수  DIY: 12번 돌고래 (15cm 20cm)
894934709,SELLBLOG,NORMAL,"이쁘고좋아요
수고하세요",2020-07-13T01:56:39.000+0000,STOREFARM,5,어린이 보석십자수 DIY 캐릭터 큐빅 비즈십자수 지니맘,지니맘 큐빅십자수  DIY: 14번 부엉이 (15cm 20cm)
906242426,SELLBLOG,NORMAL,아이가 좋아해서 하루만에 다 했어요,2020-07-30T09:27:49.000+0000,STOREFARM,4,어린이 보석십자수 DIY 캐릭터 큐빅 비즈십자수 지니맘,지니맘 큐빅십자수  DIY: 14번 부엉이 (15cm 20cm)
2001384478,SELLBLOG,NORMAL,애들 너무좋아요 굿,2020-08-03T01:34:51.000+0000,STOREFARM,5,어린이 보석십자수 DIY 캐릭터 큐빅 비즈십자수 지니맘,지니맘 큐빅십자수  DIY: 13번 별유니콘 (15cm 20cm)
886423264,SELLBLOG,NORMAL,초등2학년 아이가 너무 이쁘게 작업했어요.만족하고  책상에 걸아났어요,2020-06-30T11:43:58.000+0000,STOREFARM,5,어린이 보석십자수 DIY 캐릭터 큐빅 비즈십자수 지니맘,지니맘 큐빅십자수  DIY: 21번 별유니콘 (15cm 20cm)
886718590,SELLBLOG,NORMAL,빠른배송좋아요^^ 요즘처럼집콕 일때는도움되는이이템이에요 ~,2020-07-01T00:55:20.000+0000,STOREFARM,5,어린이 보석십자수 DIY 캐릭터 큐빅 비즈십자수 지니맘,지니맘 큐빅십자수  DIY: 18번 망치 (15cm 20cm)
886718451,SELLBLOG,NORMAL,빠른배송좋아요^^ 요즘처럼집콕 일때는도움되는이이템이에요 ~,2020-07-01T00:55:05.000+0000,STOREFARM,4,어린이 보석십자수 DIY 캐릭터 큐빅 비즈십자수 지니맘,지니맘 큐빅십자수  DIY: 9번 겨울사슴 (15cm 20cm)
886717173,SELLBLOG,NORMAL,빠른배송좋아요^^ 요즘처럼집콕 일때는도움되는이이템이에요 ~,2020-07-01T00:52:56.000+0000,STOREFARM,5,어린이 보석십자수 DIY 캐릭터 큐빅 비즈십자수 지니맘,지니맘 큐빅십자수  DIY: 1번 유니콘  (15cm 20cm)
886717017,SELLBLOG,NORMAL,빠른배송좋아요^^ 요즘처럼집콕 일때는도움되는이이템이에요 ~,2020-07-01T00:52:41.000+0000,STOREFARM,4,어린이 보석십자수 DIY 캐릭터 큐빅 비즈십자수 지니맘,지니맘 큐빅십자수  DIY: 6번 소녀1  (15cm 20cm)
886716846,SELLBLOG,NORMAL,빠른배송좋아요^^ 요즘처럼집콕 일때는도움되는이이템이에요 ~,2020-07-01T00:52:26.000+0000,STOREFARM,4,어린이 보석십자수 DIY 캐릭터 큐빅 비즈십자수 지니맘,지니맘 큐빅십자수  DIY: 7번 소녀2  (15cm 20cm)
886716642,SELLBLOG,NORMAL,빠른배송좋아요^^ 요즘처럼집콕 일때는도움되는이이템이에요 ~,2020-07-01T00:52:06.000+0000,STOREFARM,4,어린이 보석십자수 DIY 캐릭터 큐빅 비즈십자수 지니맘,지니맘 큐빅십자수  DIY: 21번 별유니콘 (15cm 20cm)
2001493825,SELLBLOG,NORMAL,5살 아기가 좋아합니다,2020-08-03T04:18:00.000+0000,STOREFARM,4,어린이 보석십자수 DIY 캐릭터 큐빅 비즈십자수 지니맘,지니맘 큐빅십자수  DIY: 1번 유니콘  (15cm 20cm)
2001356488,SELLBLOG,NORMAL,애가  너무 좋아하네요~,2020-08-03T00:51:36.000+0000,STOREFARM,5,어린이 보석십자수 DIY 캐릭터 큐빅 비즈십자수 지니맘,지니맘 큐빅십자수  DIY: 13번 별유니콘 (15cm 20cm)
902189464,SELLBLOG,NORMAL,친구추천으로 아이들사주었는데 핸드폰안보고 집중해서하니 너무 좋아요,2020-07-24T02:04:57.000+0000,STOREFARM,5,어린이 보석십자수 DIY 캐릭터 큐빅 비즈십자수 지니맘,지니맘 큐빅십자수  DIY: 3번 분홍사슴 (15cm 20cm)
2000457883,SELLBLOG,NORMAL,아이가 집중하고잘하네요,2020-08-01T04:41:18.000+0000,STOREFARM,5,어린이 보석십자수 DIY 캐릭터 큐빅 비즈십자수 지니맘,지니맘 큐빅십자수  DIY: 10번 안경토끼  (15cm 20cm)
880286889,SELLBLOG,NORMAL,보석 하나하나 밀봉지퍼팩 포장이라 깔끔한데 역시 펜과 트레이가 문적입니다 트레이 바닥에 줄이 없어서 흔들어도 뒤집히지않는 단점이 있네요,2020-06-20T19:22:26.000+0000,STOREFARM,4,어린이 보석십자수 DIY 캐릭터 큐빅 비즈십자수 지니맘,지니맘 큐빅십자수  DIY: 24번 돌고래 (15cm 20cm)
894928202,SELLBLOG,NORMAL,이쁘고 하기 쉽습니다,2020-07-13T01:49:47.000+0000,STOREFARM,5,어린이 보석십자수 DIY 캐릭터 큐빅 비즈십자수 지니맘,지니맘 큐빅십자수  DIY: 4번 홍학 (15cm 20cm)
885044808,SELLBLOG,NORMAL,아이가 너무좋아하네여 오자마자 만들어서 하루만에 다 만들었어요 반짝거리는게 너무 예뻐요,2020-06-28T05:51:23.000+0000,STOREFARM,5,어린이 보석십자수 DIY 캐릭터 큐빅 비즈십자수 지니맘,지니맘 큐빅십자수  DIY: 3번 분홍사슴 (15cm 20cm)
2000679719,SELLBLOG,NORMAL,아이들이 재미있어해요,2020-08-01T11:05:42.000+0000,STOREFARM,5,어린이 보석십자수 DIY 캐릭터 큐빅 비즈십자수 지니맘,지니맘 큐빅십자수  DIY: 1번 유니콘  (15cm 20cm)
906699774,SELLBLOG,NORMAL,심심할때 하기 편하고 재미있다,2020-07-31T04:32:42.000+0000,STOREFARM,5,어린이 보석십자수 DIY 캐릭터 큐빅 비즈십자수 지니맘,지니맘 큐빅십자수  DIY: 1번 유니콘  (15cm 20cm)
898772267,SELLBLOG,NORMAL,"구성품 하나하나 잘 왔구요, 집중력기르는데는 이만한게 없는것 같아요! 만족합니다.",2020-07-18T13:59:40.000+0000,STOREFARM,5,어린이 보석십자수 DIY 캐릭터 큐빅 비즈십자수 지니맘,지니맘 큐빅십자수  DIY: 9번 겨울사슴 (15cm 20cm)
894356625,SELLBLOG,NORMAL,아이가 너무 좋아합니다,2020-07-12T02:03:25.000+0000,STOREFARM,5,어린이 보석십자수 DIY 캐릭터 큐빅 비즈십자수 지니맘,지니맘 큐빅십자수  DIY: 3번 분홍사슴 (15cm 20cm)
905314238,SELLBLOG,NORMAL,"초6 여아인 딸이 재미나게 하고 있어요
작품이네요~",2020-07-29T02:45:03.000+0000,STOREFARM,5,어린이 보석십자수 DIY 캐릭터 큐빅 비즈십자수 지니맘,지니맘 큐빅십자수  DIY: 1번 유니콘  (15cm 20cm)
891243091,SELLBLOG,NORMAL,"배송도빠르고 딸아이가 너무 좋아하네ㅛ~ 
완성하고 또 구매 할께요",2020-07-07T11:14:57.000+0000,STOREFARM,5,어린이 보석십자수 DIY 캐릭터 큐빅 비즈십자수 지니맘,지니맘 큐빅십자수  DIY: 1번 유니콘  (15cm 20cm)
905135900,SELLBLOG,NORMAL,딸이좋아해요 추천해요,2020-07-28T15:36:23.000+0000,STOREFARM,5,어린이 보석십자수 DIY 캐릭터 큐빅 비즈십자수 지니맘,지니맘 큐빅십자수  DIY: 9번 겨울사슴 (15cm 20cm)
880990495,SELLBLOG,NORMAL,전에 해놓으니 이뻐서 추가구매했네요 액자에 넣을때 잘라서 크기를 맞춰야하는게 조금 아쉽지만 넣어두면 티가 많이 안나서 괜찮네요,2020-06-22T02:59:15.000+0000,STOREFARM,5,어린이 보석십자수 DIY 캐릭터 큐빅 비즈십자수 지니맘,지니맘 큐빅십자수  DIY: 11번 클로버 (15cm 20cm)
888811952,SELLBLOG,NORMAL,아이들이 너무 좋아해요..집중도 최고입니다!!,2020-07-03T13:21:25.000+0000,STOREFARM,5,어린이 보석십자수 DIY 캐릭터 큐빅 비즈십자수 지니맘,지니맘 큐빅십자수  DIY: 8번 꽃사슴 (15cm 20cm)
887918374,SELLBLOG,NORMAL,"요새 아이가 흥미를 갖기 시작했네요
이뻐서 좋데요~",2020-07-02T12:27:32.000+0000,STOREFARM,5,어린이 보석십자수 DIY 캐릭터 큐빅 비즈십자수 지니맘,지니맘 큐빅십자수  DIY: 13번 별유니콘 (15cm 20cm)
900578312,SELLBLOG,NORMAL,딸이 넘 좋아해요. 액자까지 주문했더니 더 뿌듯해하네요,2020-07-21T13:51:20.000+0000,STOREFARM,5,어린이 보석십자수 DIY 캐릭터 큐빅 비즈십자수 지니맘,지니맘 큐빅십자수  DIY: 15번 사자 (15cm 20cm)
906543273,SELLBLOG,NORMAL,아이들이 너무 좋아해요,2020-07-31T00:43:23.000+0000,STOREFARM,5,어린이 보석십자수 DIY 캐릭터 큐빅 비즈십자수 지니맘,지니맘 큐빅십자수  DIY: 4번 홍학 (15cm 20cm)
891243893,SELLBLOG,NORMAL,"배송도 빠르고 너무 이쁘네요
빨리 완성하고 싶어요~",2020-07-07T11:15:54.000+0000,STOREFARM,5,어린이 보석십자수 DIY 캐릭터 큐빅 비즈십자수 지니맘,지니맘 큐빅십자수  DIY: 9번 겨울사슴 (15cm 20cm)
906543410,SELLBLOG,NORMAL,아이들이 너무 좋아하는,2020-07-31T00:43:36.000+0000,STOREFARM,5,어린이 보석십자수 DIY 캐릭터 큐빅 비즈십자수 지니맘,지니맘 큐빅십자수  DIY: 13번 별유니콘 (15cm 20cm)
905457533,SELLBLOG,NORMAL,"보석십자수 넘 이쁘구요
딸이 좋아하네요",2020-07-29T06:38:41.000+0000,STOREFARM,5,어린이 보석십자수 DIY 캐릭터 큐빅 비즈십자수 지니맘,지니맘 큐빅십자수  DIY: 22번 부엉이 (15cm 20cm)
879126830,SELLBLOG,NORMAL,"코로나로 인해 돌봄교실에서 심심해 할 여자아이에게 딱이네요. 친구들에게도 인기만점입니다.
다만 간단하게나마 설명서가 있으면 더 좋을 것 같습니다.",2020-06-19T01:11:01.000+0000,STOREFARM,5,어린이 보석십자수 DIY 캐릭터 큐빅 비즈십자수 지니맘,지니맘 큐빅십자수  DIY: 7번 소녀2  (15cm 20cm)
891093730,SELLBLOG,NORMAL,"초등학교 저학년 아이가 사용할껀데, 
아직 사용 전이지만, 난이도가 있는거 같아요..
유니콘 외에 예쁜 도안 많았는데,
일단 어떻게 사용할지 몰라서 3개만 구입해봤어요.
아이가 재미있게 하면 더 구입할 예정입니다.",2020-07-07T07:43:15.000+0000,STOREFARM,5,어린이 보석십자수 DIY 캐릭터 큐빅 비즈십자수 지니맘,지니맘 큐빅십자수  DIY: 1번 유니콘  (15cm 20cm)
902563826,SELLBLOG,NORMAL,쉽고 편해요 아이도 좋아 하고,2020-07-24T10:24:11.000+0000,STOREFARM,5,어린이 보석십자수 DIY 캐릭터 큐빅 비즈십자수 지니맘,지니맘 큐빅십자수  DIY: 14번 부엉이 (15cm 20cm)
886161853,SELLBLOG,AFTER_USE,"이쁘고 만족해요
아이와같이 잘만들었어요
빠른배송있었어요",2020-06-30T05:25:51.000+0000,STOREFARM,5,어린이 보석십자수 DIY 캐릭터 큐빅 비즈십자수 지니맘,지니맘 큐빅십자수  DIY: 22번 부엉이 (15cm 20cm)
905053597,SELLBLOG,NORMAL,친구와 함께 만들면서 좋아하네요,2020-07-28T13:23:21.000+0000,STOREFARM,5,어린이 보석십자수 DIY 캐릭터 큐빅 비즈십자수 지니맘,지니맘 큐빅십자수  DIY: 9번 겨울사슴 (15cm 20cm)
905557654,SELLBLOG,NORMAL,배송 빠르고 아이가 좋아해요,2020-07-29T08:57:01.000+0000,STOREFARM,5,어린이 보석십자수 DIY 캐릭터 큐빅 비즈십자수 지니맘,지니맘 큐빅십자수  DIY: 4번 홍학 (15cm 20cm)
899568317,SELLBLOG,NORMAL,"아이와 시간때우기 넘 좋아요~~
엄마와 아이와 교감도 되구요

절로 단어공부도해욬",2020-07-20T04:41:47.000+0000,STOREFARM,4,어린이 보석십자수 DIY 캐릭터 큐빅 비즈십자수 지니맘,지니맘 큐빅십자수  DIY: 12번 돌고래 (15cm 20cm)
903388886,SELLBLOG,NORMAL,아이가 많이 기다렸습니다. 이쁘게 완성하고 싶어요.,2020-07-25T23:02:26.000+0000,STOREFARM,4,어린이 보석십자수 DIY 캐릭터 큐빅 비즈십자수 지니맘,지니맘 큐빅십자수  DIY: 1번 유니콘  (15cm 20cm)
884706706,SELLBLOG,AFTER_USE,8살 아이가 완성하기에 크게 어렵지 않았어요 반짝거려서 이쁘고 아이가 좋아합니다,2020-06-27T12:05:58.000+0000,STOREFARM,5,어린이 보석십자수 DIY 캐릭터 큐빅 비즈십자수 지니맘,지니맘 큐빅십자수  DIY: 6번 소녀1  (15cm 20cm)
905315029,SELLBLOG,NORMAL,예쁜 작품을 액자에 넣었어요~,2020-07-29T02:46:27.000+0000,STOREFARM,5,어린이 보석십자수 DIY 캐릭터 큐빅 비즈십자수 지니맘,지니맘 큐빅십자수  DIY: 13번 별유니콘 (15cm 20cm)
905053256,SELLBLOG,NORMAL,아이가 너무 재미있어합니다,2020-07-28T13:22:55.000+0000,STOREFARM,5,어린이 보석십자수 DIY 캐릭터 큐빅 비즈십자수 지니맘,지니맘 큐빅십자수  DIY: 1번 유니콘  (15cm 20cm)
890647692,SELLBLOG,NORMAL,보석 꼼콤하게 넣어주어서 편리했어요~,2020-07-06T13:41:11.000+0000,STOREFARM,5,어린이 보석십자수 DIY 캐릭터 큐빅 비즈십자수 지니맘,지니맘 큐빅십자수  DIY: 22번 부엉이 (15cm 20cm)
904776910,SELLBLOG,NORMAL,아이가 골른건데.. 엄청 빨리하네요~,2020-07-28T07:00:27.000+0000,STOREFARM,5,어린이 보석십자수 DIY 캐릭터 큐빅 비즈십자수 지니맘,지니맘 큐빅십자수  DIY: 9번 겨울사슴 (15cm 20cm)
904776289,SELLBLOG,NORMAL,아이가 골른건데.. 엄청 빨리하네요~,2020-07-28T06:59:31.000+0000,STOREFARM,5,어린이 보석십자수 DIY 캐릭터 큐빅 비즈십자수 지니맘,지니맘 큐빅십자수  DIY: 1번 유니콘  (15cm 20cm)
886195855,SELLBLOG,NORMAL,"딸이 넘 좋아해요
저렴한 가격에 예쁘기까지 하네요",2020-06-30T06:20:01.000+0000,STOREFARM,5,어린이 보석십자수 DIY 캐릭터 큐빅 비즈십자수 지니맘,지니맘 큐빅십자수  DIY: 13번 별유니콘 (15cm 20cm)
894900039,SELLBLOG,NORMAL,"이미 유니콘을 사서 아주아주 이뿌게 잘 꾸몄어요`

또하고 싶다고 해서 재방문합니다.

이번에도 예뿌게 꾸며볼랍니다.",2020-07-13T01:18:00.000+0000,STOREFARM,5,어린이 보석십자수 DIY 캐릭터 큐빅 비즈십자수 지니맘,
905314606,SELLBLOG,NORMAL,멋진 작품을 만들게 되네요~,2020-07-29T02:45:41.000+0000,STOREFARM,5,어린이 보석십자수 DIY 캐릭터 큐빅 비즈십자수 지니맘,지니맘 큐빅십자수  DIY: 5번  반짝이 사슴 (15cm 20cm)
2004081817,SELLBLOG,NORMAL,"잘바다서호
잭ㄷㄴㅁ",2020-08-07T05:15:53.000+0000,STOREFARM,4,어린이 보석십자수 DIY 캐릭터 큐빅 비즈십자수 지니맘,지니맘 큐빅십자수  DIY: 7번 소녀2  (15cm 20cm)
902563699,SELLBLOG,NORMAL,아이가 좋아하네요 쉽고 편해요,2020-07-24T10:23:59.000+0000,STOREFARM,5,어린이 보석십자수 DIY 캐릭터 큐빅 비즈십자수 지니맘,지니맘 큐빅십자수  DIY: 1번 유니콘  (15cm 20cm)
885193292,SELLBLOG,NORMAL,"또 추가 주문해서 했어요. 아이들이 좋아해요.
적극 추천해요.굿👍",2020-06-28T11:26:16.000+0000,STOREFARM,5,어린이 보석십자수 DIY 캐릭터 큐빅 비즈십자수 지니맘,지니맘 큐빅십자수  DIY: 1번 유니콘  (15cm 20cm)
890520595,SELLBLOG,NORMAL,예쁘게 잘 만들어 간직하겠습니다,2020-07-06T09:51:06.000+0000,STOREFARM,3,어린이 보석십자수 DIY 캐릭터 큐빅 비즈십자수 지니맘,지니맘 큐빅십자수  DIY: 10번 안경토끼  (15cm 20cm)
898772576,SELLBLOG,NORMAL,구성품 하나하나 빠짐없이 잘 도착했구 집중력기르는데 이만한것도 없는것 같아요 만족합니다.,2020-07-18T14:00:13.000+0000,STOREFARM,5,어린이 보석십자수 DIY 캐릭터 큐빅 비즈십자수 지니맘,지니맘 큐빅십자수  DIY: 1번 유니콘  (15cm 20cm)
898772536,SELLBLOG,NORMAL,구성품 하나하나 빠짐없이 잘 도착했구 집중력기르는데 이만한것도 없는것 같아요 만족합니다.,2020-07-18T14:00:10.000+0000,STOREFARM,5,어린이 보석십자수 DIY 캐릭터 큐빅 비즈십자수 지니맘,지니맘 큐빅십자수  DIY: 14번 부엉이 (15cm 20cm)
898772512,SELLBLOG,NORMAL,구성품 하나하나 빠짐없이 잘 도착했구 집중력기르는데 이만한것도 없는것 같아요 만족합니다.,2020-07-18T14:00:07.000+0000,STOREFARM,5,어린이 보석십자수 DIY 캐릭터 큐빅 비즈십자수 지니맘,지니맘 큐빅십자수  DIY: 8번 꽃사슴 (15cm 20cm)
898772490,SELLBLOG,NORMAL,구성품 하나하나 빠짐없이 잘 도착했구 집중력기르는데 이만한것도 없는것 같아요 만족합니다.,2020-07-18T14:00:04.000+0000,STOREFARM,5,어린이 보석십자수 DIY 캐릭터 큐빅 비즈십자수 지니맘,지니맘 큐빅십자수  DIY: 2번 보라유니콘  (15cm 20cm)
875585016,SELLBLOG,NORMAL,"이거..,애들하라고 산건데, .좀 도와주다가 제가 더많이 한 것 같네요ㅋㅋ 작은큐빅은제가붙이고 큰건아이들보고 붙이게 했더니  넘좋아해요~~재구매할게요~^^ 사진은 아직 미완성 입니다~~ 오며가며 하고있어요ㅋㅋㅋ",2020-06-14T00:38:10.000+0000,STOREFARM,5,어린이 보석십자수 DIY 캐릭터 큐빅 비즈십자수 지니맘,지니맘 큐빅십자수  DIY: 18번 망치 (15cm 20cm)
892335226,SELLBLOG,NORMAL,아이들 정말 좋아해요~,2020-07-09T02:27:41.000+0000,STOREFARM,5,어린이 보석십자수 DIY 캐릭터 큐빅 비즈십자수 지니맘,지니맘 큐빅십자수  DIY: 13번 별유니콘 (15cm 20cm)
901044797,SELLBLOG,NORMAL,액자까지 구입하여 껴 놓으니 작품 완성도가 있어서 좋아요^^,2020-07-22T08:18:19.000+0000,STOREFARM,5,어린이 보석십자수 DIY 캐릭터 큐빅 비즈십자수 지니맘,지니맘 큐빅십자수  DIY: 1번 유니콘  (15cm 20cm)
883386482,SELLBLOG,NORMAL,"아이가너무좋아해요~집중력향상에좋은것같아요~
한번시작하면멈출수가없네요~^^",2020-06-25T09:48:22.000+0000,STOREFARM,5,어린이 보석십자수 DIY 캐릭터 큐빅 비즈십자수 지니맘,지니맘 큐빅십자수  DIY: 24번 돌고래 (15cm 20cm)
898225340,SELLBLOG,AFTER_USE,"아이가 좋아해요.
집안에서 놀때 둘이서 같이하기 딱 좋아요",2020-07-17T17:12:08.000+0000,STOREFARM,4,어린이 보석십자수 DIY 캐릭터 큐빅 비즈십자수 지니맘,지니맘 큐빅십자수  DIY: 1번 유니콘  (15cm 20cm)
905315274,SELLBLOG,NORMAL,부엉이가 화사하네요~,2020-07-29T02:46:54.000+0000,STOREFARM,5,어린이 보석십자수 DIY 캐릭터 큐빅 비즈십자수 지니맘,지니맘 큐빅십자수  DIY: 14번 부엉이 (15cm 20cm)
891093224,SELLBLOG,NORMAL,"초등학교 저학년 아이가 사용할껀데, 
아직 사용 전이지만, 난이도가 있는거 같아요..
일단 어떻게 사용할지 몰라서 3개만 구입해봤어요.
아이가 재미있게 하면 더 구입할 예정입니다.",2020-07-07T07:42:32.000+0000,STOREFARM,5,어린이 보석십자수 DIY 캐릭터 큐빅 비즈십자수 지니맘,지니맘 큐빅십자수  DIY: 14번 부엉이 (15cm 20cm)
890138980,SELLBLOG,NORMAL,아이가 열심히 작업하고 있어요~,2020-07-06T01:47:10.000+0000,STOREFARM,4,어린이 보석십자수 DIY 캐릭터 큐빅 비즈십자수 지니맘,지니맘 큐빅십자수  DIY: 1번 유니콘  (15cm 20cm)
903918229,SELLBLOG,AFTER_USE,실용적이고예뻐서좋아요,2020-07-27T00:02:31.000+0000,STOREFARM,4,어린이 보석십자수 DIY 캐릭터 큐빅 비즈십자수 지니맘(입고완료),지니맘 큐빅십자수  DIY: 8번 꽃사슴 (15cm 20cm)
903404155,SELLBLOG,NORMAL,"너무너무 예뻐요
아이들이 신나게 만들고 있네요^^",2020-07-26T00:15:59.000+0000,STOREFARM,5,어린이 보석십자수 DIY 캐릭터 큐빅 비즈십자수 지니맘,지니맘 큐빅십자수  DIY: 8번 꽃사슴 (15cm 20cm)
890799444,SELLBLOG,NORMAL,아이가  너무좋아하네요,2020-07-07T01:03:45.000+0000,STOREFARM,4,어린이 보석십자수 DIY 캐릭터 큐빅 비즈십자수 지니맘,지니맘 큐빅십자수  DIY: 5번  반짝이 사슴 (15cm 20cm)
879775180,SELLBLOG,NORMAL,"너무예뻐요 아이들 집중하기에도 딱입니다.
핸드폰도 하지않고 받자마자 그날 이만큼했네요.
계속사줘야할것같아요~~ ^^",2020-06-20T01:07:20.000+0000,STOREFARM,5,어린이 보석십자수 DIY 캐릭터 큐빅 비즈십자수 지니맘,지니맘 큐빅십자수  DIY: 22번 부엉이 (15cm 20cm)
905402478,SELLBLOG,AFTER_USE,아이가 좋아하네요 ㅋ,2020-07-29T05:20:04.000+0000,STOREFARM,5,어린이 보석십자수 DIY 캐릭터 큐빅 비즈십자수 지니맘(입고완료),지니맘 큐빅십자수  DIY: 1번 유니콘  (15cm 20cm)
888322671,SELLBLOG,NORMAL,좋아하네요 같이하고있어요,2020-07-03T02:59:04.000+0000,STOREFARM,5,어린이 보석십자수 DIY 캐릭터 큐빅 비즈십자수 지니맘,지니맘 큐빅십자수  DIY: 1번 유니콘  (15cm 20cm)
904009548,SELLBLOG,NORMAL,아이들이 너무 좋아해요,2020-07-27T02:09:49.000+0000,STOREFARM,5,어린이 보석십자수 DIY 캐릭터 큐빅 비즈십자수 지니맘,지니맘 큐빅십자수  DIY: 3번 분홍사슴 (15cm 20cm)
883403036,SELLBLOG,NORMAL,"너무 좋아해요.집중도 잘되고, 하고 나면 뿌듯해하고
만족입니다.또 구매 했네요ㅎ",2020-06-25T10:12:49.000+0000,STOREFARM,5,어린이 보석십자수 DIY 캐릭터 큐빅 비즈십자수 지니맘,지니맘 큐빅십자수  DIY: 8번 꽃사슴 (15cm 20cm)
904294960,SELLBLOG,NORMAL,아이가 너무 좋아해요,2020-07-27T09:24:37.000+0000,STOREFARM,5,어린이 보석십자수 DIY 캐릭터 큐빅 비즈십자수 지니맘,지니맘 큐빅십자수  DIY: 7번 소녀2  (15cm 20cm)
903440824,SELLBLOG,NORMAL,아이가 하기 쉽고 좋아해요,2020-07-26T01:37:03.000+0000,STOREFARM,4,어린이 보석십자수 DIY 캐릭터 큐빅 비즈십자수 지니맘,지니맘 큐빅십자수  DIY: 14번 부엉이 (15cm 20cm)
890648054,SELLBLOG,NORMAL,보석 색감이 아주 좋아요~,2020-07-06T13:41:48.000+0000,STOREFARM,5,어린이 보석십자수 DIY 캐릭터 큐빅 비즈십자수 지니맘,지니맘 큐빅십자수  DIY: 7번 소녀2  (15cm 20cm)
888136906,SELLBLOG,NORMAL,"좋아요 또 구매하고 싶어요 
배송도 빠르게잘받았어요",2020-07-02T22:42:00.000+0000,STOREFARM,5,어린이 보석십자수 DIY 캐릭터 큐빅 비즈십자수 지니맘,지니맘 큐빅십자수  DIY: 13번 별유니콘 (15cm 20cm)
889211690,SELLBLOG,NORMAL,아이들방에꾸며주니좋아해요,2020-07-04T07:31:36.000+0000,STOREFARM,5,어린이 보석십자수 DIY 캐릭터 큐빅 비즈십자수 지니맘,지니맘 큐빅십자수  DIY: 9번 겨울사슴 (15cm 20cm)
2010787909,SELLBLOG,NORMAL,좋아요 좋아요 좋아요,2020-08-19T09:50:29.000+0000,STOREFARM,5,어린이 보석십자수 DIY 캐릭터 큐빅 비즈십자수 지니맘,지니맘 큐빅십자수  DIY: 7번 소녀2  (15cm 20cm)
2010787661,SELLBLOG,NORMAL,좋아요 좋아요 좋아요,2020-08-19T09:50:09.000+0000,STOREFARM,5,어린이 보석십자수 DIY 캐릭터 큐빅 비즈십자수 지니맘,지니맘 큐빅십자수  DIY: 13번 별유니콘 (15cm 20cm)
888322336,SELLBLOG,NORMAL,좋아하네요 같이하고있어요^^,2020-07-03T02:58:38.000+0000,STOREFARM,5,어린이 보석십자수 DIY 캐릭터 큐빅 비즈십자수 지니맘,지니맘 큐빅십자수  DIY: 8번 꽃사슴 (15cm 20cm)
887743679,SELLBLOG,NORMAL,벌써 받은지 이틀만에 1개 성공하고 또 하십니다~~,2020-07-02T08:17:27.000+0000,STOREFARM,5,어린이 보석십자수 DIY 캐릭터 큐빅 비즈십자수 지니맘,지니맘 큐빅십자수  DIY: 16번 돌고래 (15cm 20cm)
899399937,SELLBLOG,NORMAL,아이가  좋아해요  집중하면서  잘하네요,2020-07-20T01:05:27.000+0000,STOREFARM,5,어린이 보석십자수 DIY 캐릭터 큐빅 비즈십자수 지니맘,지니맘 큐빅십자수  DIY: 1번 유니콘  (15cm 20cm)
898296829,SELLBLOG,NORMAL,"아이들이 너무 좋아해요,
배송이.조금 느려서 별4개..",2020-07-18T00:55:24.000+0000,STOREFARM,4,어린이 보석십자수 DIY 캐릭터 큐빅 비즈십자수 지니맘,지니맘 큐빅십자수  DIY: 1번 유니콘  (15cm 20cm)
898296756,SELLBLOG,NORMAL,"아이들이 너무 좋아해요,
배송이.조금 느려서 별4개..",2020-07-18T00:55:17.000+0000,STOREFARM,4,어린이 보석십자수 DIY 캐릭터 큐빅 비즈십자수 지니맘,지니맘 큐빅십자수  DIY: 2번 보라유니콘  (15cm 20cm)
898296688,SELLBLOG,NORMAL,"아이들이 너무 좋아해요,
배송이.조금 느려서 별4개..",2020-07-18T00:55:10.000+0000,STOREFARM,4,어린이 보석십자수 DIY 캐릭터 큐빅 비즈십자수 지니맘,지니맘 큐빅십자수  DIY: 8번 꽃사슴 (15cm 20cm)
898296610,SELLBLOG,NORMAL,"아이들이 너무 좋아해요,
배송이.조금 느려서 별4개..",2020-07-18T00:55:04.000+0000,STOREFARM,4,어린이 보석십자수 DIY 캐릭터 큐빅 비즈십자수 지니맘,지니맘 큐빅십자수  DIY: 13번 별유니콘 (15cm 20cm)
901045159,SELLBLOG,NORMAL,유니콘이랑 부엉이 구매했는데 부엉이가 더 블링블링 예뻐요~,2020-07-22T08:18:46.000+0000,STOREFARM,5,어린이 보석십자수 DIY 캐릭터 큐빅 비즈십자수 지니맘,지니맘 큐빅십자수  DIY: 22번 부엉이 (15cm 20cm)
884200633,SELLBLOG,NORMAL,시간때우기좋고 아이가 좋아해요 눈이좀 아프네요,2020-06-26T13:34:52.000+0000,STOREFARM,5,어린이 보석십자수 DIY 캐릭터 큐빅 비즈십자수 지니맘,지니맘 큐빅십자수  DIY: 21번 별유니콘 (15cm 20cm)
890521315,SELLBLOG,NORMAL,예쁘게 만들겠습니다,2020-07-06T09:52:21.000+0000,STOREFARM,4,어린이 보석십자수 DIY 캐릭터 큐빅 비즈십자수 지니맘,지니맘 큐빅십자수  DIY: 1번 유니콘  (15cm 20cm)
902529898,SELLBLOG,NORMAL,아이가좋아해요ㅎㅎ이뻐요,2020-07-24T09:30:29.000+0000,STOREFARM,5,어린이 보석십자수 DIY 캐릭터 큐빅 비즈십자수 지니맘,지니맘 큐빅십자수  DIY: 11번 클로버 (15cm 20cm)
2010386999,SELLBLOG,NORMAL,좋아요좋아요좋아요좋아,2020-08-18T23:05:14.000+0000,STOREFARM,5,어린이 보석십자수 DIY 캐릭터 큐빅 비즈십자수 지니맘,지니맘 큐빅십자수  DIY: 2번 보라유니콘  (15cm 20cm)
893219398,SELLBLOG,NORMAL,"아이가 아주 좋아하네요
집중력도 좋아지겠어요^^
큐빅을 붙히는 펜?도 사용하기편해보고이구요
만족합니다",2020-07-10T05:36:21.000+0000,STOREFARM,5,어린이 보석십자수 DIY 캐릭터 큐빅 비즈십자수 지니맘,지니맘 큐빅십자수  DIY: 13번 별유니콘 (15cm 20cm)
895774155,SELLBLOG,NORMAL,"정말 좋은 기회에 좋은 구성을 좋은 가격으로 
구매하게되어서 좋네요...
감사합니다.",2020-07-14T06:54:47.000+0000,STOREFARM,5,어린이 보석십자수 DIY 캐릭터 큐빅 비즈십자수 지니맘,지니맘 큐빅십자수  DIY: 9번 겨울사슴 (15cm 20cm)
895774066,SELLBLOG,NORMAL,"정말 좋은 기회에 좋은 구성을 좋은 가격으로 
구매하게되어서 좋네요...
감사합니다.",2020-07-14T06:54:39.000+0000,STOREFARM,5,어린이 보석십자수 DIY 캐릭터 큐빅 비즈십자수 지니맘,지니맘 큐빅십자수  DIY: 21번 별유니콘 (15cm 20cm)
875983036,SELLBLOG,NORMAL,"비즈 사이즈도 다양해서 더 예쁘네요~~
액자가 아니라서 조금 아쉽네요!!
비닐로 덮어주면 좋겠네요~~종이 한번 떼어내니 다시 안붇네요ㅡㅡ",2020-06-14T13:06:58.000+0000,STOREFARM,4,어린이 보석십자수 DIY 캐릭터 큐빅 비즈십자수 지니맘,지니맘 큐빅십자수  DIY: 8번 꽃사슴 (15cm 20cm)
2009346566,SELLBLOG,AFTER_USE,반짝반짝 빛나는 액자,2020-08-16T23:37:54.000+0000,STOREFARM,5,어린이 보석십자수 DIY 캐릭터 큐빅 비즈십자수 지니맘,지니맘 큐빅십자수  DIY: 21번 별유니콘 (15cm 20cm)
901059821,SELLBLOG,NORMAL,좋아요 ~괜찮아요 만족해용,2020-07-22T08:38:05.000+0000,STOREFARM,4,어린이 보석십자수 DIY 캐릭터 큐빅 비즈십자수 지니맘,지니맘 큐빅십자수  DIY: 5번  반짝이 사슴 (15cm 20cm)
898928304,SELLBLOG,NORMAL,"애들이 넘좋아하네요
반짝반짝 비즈가 넘이뻐요",2020-07-19T01:58:41.000+0000,STOREFARM,5,어린이 보석십자수 DIY 캐릭터 큐빅 비즈십자수 지니맘,지니맘 큐빅십자수  DIY: 1번 유니콘  (15cm 20cm)
879125788,SELLBLOG,NORMAL,코로나로 인해 돌봄교실에서 심심해 할 여자아이에게 딱이네요. 친구들에게도 인기만점입니다.,2020-06-19T01:09:33.000+0000,STOREFARM,5,어린이 보석십자수 DIY 캐릭터 큐빅 비즈십자수 지니맘,지니맘 큐빅십자수  DIY: 2번 보라유니콘  (15cm 20cm)
885192359,SELLBLOG,NORMAL,너무 좋아해요.9살 딸이  하루 만에 끝냈네요 ㅎ,2020-06-28T11:24:14.000+0000,STOREFARM,5,어린이 보석십자수 DIY 캐릭터 큐빅 비즈십자수 지니맘,지니맘 큐빅십자수  DIY: 11번 클로버 (15cm 20cm)
900854700,SELLBLOG,NORMAL,초등학생이 하기 정말로 쉬워요 재밌게하네요,2020-07-22T03:38:39.000+0000,STOREFARM,5,어린이 보석십자수 DIY 캐릭터 큐빅 비즈십자수 지니맘,지니맘 큐빅십자수  DIY: 9번 겨울사슴 (15cm 20cm)
903403675,SELLBLOG,NORMAL,아이들이 너무 좋아해요^^,2020-07-26T00:14:11.000+0000,STOREFARM,5,어린이 보석십자수 DIY 캐릭터 큐빅 비즈십자수 지니맘,지니맘 큐빅십자수  DIY: 14번 부엉이 (15cm 20cm)
900158915,SELLBLOG,NORMAL,친구네 아이들도 와서 집에서 하기 좋네요,2020-07-21T03:57:31.000+0000,STOREFARM,5,어린이 보석십자수 DIY 캐릭터 큐빅 비즈십자수 지니맘,지니맘 큐빅십자수  DIY: 7번 소녀2  (15cm 20cm)
884202002,SELLBLOG,NORMAL,"지난번보다 비교적 금방 끝내네요^^
완성하면 멋져요",2020-06-26T13:37:29.000+0000,STOREFARM,5,어린이 보석십자수 DIY 캐릭터 큐빅 비즈십자수 지니맘,지니맘 큐빅십자수  DIY: 17번 가면 (15cm 20cm)
889211097,SELLBLOG,NORMAL,아이들이 너무 좋아해요,2020-07-04T07:30:38.000+0000,STOREFARM,5,어린이 보석십자수 DIY 캐릭터 큐빅 비즈십자수 지니맘,지니맘 큐빅십자수  DIY: 8번 꽃사슴 (15cm 20cm)
892455540,SELLBLOG,NORMAL,아이들 시키려다 제가 빠져서 친정엄마께도 선물드렸어요. 엄청좋아하시네요~잡생각없이 집중잘된다구요~^^,2020-07-09T05:39:04.000+0000,STOREFARM,5,어린이 보석십자수 DIY 캐릭터 큐빅 비즈십자수 지니맘,지니맘 큐빅십자수  DIY: 4번 홍학 (15cm 20cm)
2007966618,SELLBLOG,NORMAL,좋아요 친절히  배송시작  알여주고   포장두  깔끔하게  배송두 빠르고  좋아요,2020-08-13T14:06:53.000+0000,STOREFARM,5,어린이 보석십자수 DIY 캐릭터 큐빅 비즈십자수 지니맘,지니맘 큐빅십자수  DIY: 8번 꽃사슴 (15cm 20cm)
900159259,SELLBLOG,NORMAL,다 하고 액자로 걸어나도 예쁠것 같아용,2020-07-21T03:57:56.000+0000,STOREFARM,5,어린이 보석십자수 DIY 캐릭터 큐빅 비즈십자수 지니맘,지니맘 큐빅십자수  DIY: 13번 별유니콘 (15cm 20cm)
892541837,SELLBLOG,NORMAL,"배송 하루늦어지는 바람에 울고불고...ㅋㅋ
도착하자마자 뜯어서 몇시간째 꼼짝도 안하고 앉아있어요ㅎㅎ",2020-07-09T07:33:55.000+0000,STOREFARM,5,어린이 보석십자수 DIY 캐릭터 큐빅 비즈십자수 지니맘,지니맘 큐빅십자수  DIY: 1번 유니콘  (15cm 20cm)
900226146,SELLBLOG,NORMAL,배송도 빠르고 아이가 너무 좋아하네요,2020-07-21T05:37:08.000+0000,STOREFARM,5,어린이 보석십자수 DIY 캐릭터 큐빅 비즈십자수 지니맘,지니맘 큐빅십자수  DIY: 13번 별유니콘 (15cm 20cm)
903403816,SELLBLOG,NORMAL,아이들이 너무너무 좋아해요^^,2020-07-26T00:14:49.000+0000,STOREFARM,5,어린이 보석십자수 DIY 캐릭터 큐빅 비즈십자수 지니맘,지니맘 큐빅십자수  DIY: 3번 분홍사슴 (15cm 20cm)
897636412,SELLBLOG,NORMAL,아이가 좋아해요 도안도 맘에듦,2020-07-17T01:22:26.000+0000,STOREFARM,5,어린이 보석십자수 DIY 캐릭터 큐빅 비즈십자수 지니맘,지니맘 큐빅십자수  DIY: 15번 사자 (15cm 20cm)
897636140,SELLBLOG,NORMAL,아이가 좋아해요  도안도 맘에듦,2020-07-17T01:22:03.000+0000,STOREFARM,5,어린이 보석십자수 DIY 캐릭터 큐빅 비즈십자수 지니맘,지니맘 큐빅십자수  DIY: 3번 분홍사슴 (15cm 20cm)
880286774,SELLBLOG,NORMAL,포장 완전 꼼꼼하고 배송도 빠릅니다 보석을 붙이는 펜이 앞이 연필처럼생긴 프라스틱이라 고체풀찍어도 보석이 잘붙지 않아요,2020-06-20T19:20:33.000+0000,STOREFARM,4,어린이 보석십자수 DIY 캐릭터 큐빅 비즈십자수 지니맘,지니맘 큐빅십자수  DIY: 22번 부엉이 (15cm 20cm)
868862741,SELLBLOG,NORMAL,"유니콘, 사자모양으로 사주었어요 중1, 초4  아이들인데 손쉽게 할수있고 흘리고 뭍히는작업이 아니라 깔끔합니다 단 너무 빨리  끝날까봐 쉬엄쉬엄 하라고 하긴 했는데 이번에 마무리 하면 좀더 큰걸로 사달라고 하네요^^ 물건은 깔끔하고 포장상태도 좋습니다.",2020-06-03T16:25:08.000+0000,STOREFARM,5,어린이 보석십자수 DIY 캐릭터 큐빅 비즈십자수 지니맘,지니맘 큐빅십자수  DIY: 21번 별유니콘 (15cm 20cm)
903403740,SELLBLOG,NORMAL,아이들이 좋아해요^^,2020-07-26T00:14:28.000+0000,STOREFARM,5,어린이 보석십자수 DIY 캐릭터 큐빅 비즈십자수 지니맘,지니맘 큐빅십자수  DIY: 13번 별유니콘 (15cm 20cm)
898580916,SELLBLOG,NORMAL,아이가 좋아합니다 집중도 잘하고 시간보내기 좋아요,2020-07-18T07:37:34.000+0000,STOREFARM,5,어린이 보석십자수 DIY 캐릭터 큐빅 비즈십자수 지니맘,지니맘 큐빅십자수  DIY: 1번 유니콘  (15cm 20cm)
898296279,SELLBLOG,NORMAL,"아이들이 어무 좋아해요,
배송이 좀 느려서 별하나 뺌니다.",2020-07-18T00:54:34.000+0000,STOREFARM,4,어린이 보석십자수 DIY 캐릭터 큐빅 비즈십자수 지니맘,지니맘 큐빅십자수  DIY: 14번 부엉이 (15cm 20cm)
880006960,SELLBLOG,AFTER_USE,"하기도싶고할수록 이쁘고
재미도있는데 이쁘기까지하니
하자마자 집에 온지인들이 다 들고가서 사진은 없엉ㆍ느
도 구매해서 집에도 놔둬야겠어요",2020-06-20T07:57:52.000+0000,STOREFARM,5,어린이 보석십자수 DIY 캐릭터 큐빅 비즈십자수 지니맘,지니맘 큐빅십자수  DIY: 8번 꽃사슴 (15cm 20cm)
880006460,SELLBLOG,AFTER_USE,"하기도싶고할수록 이쁘고
재미도있는데 이쁘기까지하니
하자마자 집에 온지인들이 다 들고가서 사진은 없엉ㆍ느
도 구매해서 집에도 놔둬야겠어요",2020-06-20T07:57:02.000+0000,STOREFARM,5,어린이 보석십자수 DIY 캐릭터 큐빅 비즈십자수 지니맘,지니맘 큐빅십자수  DIY: 3번 분홍사슴 (15cm 20cm)
880006033,SELLBLOG,NORMAL,"하기도싶고할수록 이쁘고
재미도있는데 이쁘기까지하니
하자마자 집에 온지인들이 다 들고가서 사진은 없엉ㆍ느
도 구매해서 집에도 놔둬야겠어요",2020-06-20T07:56:20.000+0000,STOREFARM,5,어린이 보석십자수 DIY 캐릭터 큐빅 비즈십자수 지니맘,지니맘 큐빅십자수  DIY: 9번 겨울사슴 (15cm 20cm)
880005727,SELLBLOG,NORMAL,"하기도싶고할수록 이쁘고
재미도있는데 이쁘기까지하니
하자마자 집에 온지인들이 다 들고가서 사진은 없엉ㆍ느
도 구매해서 집에도 놔둬야겠어요",2020-06-20T07:55:49.000+0000,STOREFARM,5,어린이 보석십자수 DIY 캐릭터 큐빅 비즈십자수 지니맘,지니맘 큐빅십자수  DIY: 4번 홍학 (15cm 20cm)
880005223,SELLBLOG,NORMAL,"하기도싶고할수록 이쁘고
재미도있는데 이쁘기까지하니
하자마자 집에 온지인들이 다 들고가서 사진은 없엉ㆍ느
도 구매해서 집에도 놔둬야겠어요",2020-06-20T07:54:59.000+0000,STOREFARM,5,어린이 보석십자수 DIY 캐릭터 큐빅 비즈십자수 지니맘,지니맘 큐빅십자수  DIY: 8번 꽃사슴 (15cm 20cm)
901803100,SELLBLOG,AFTER_USE,애들이 넘 조아라 해요,2020-07-23T09:27:44.000+0000,STOREFARM,5,어린이 보석십자수 DIY 캐릭터 큐빅 비즈십자수 지니맘,지니맘 큐빅십자수  DIY: 22번 부엉이 (15cm 20cm)
856440693,SELLBLOG,NORMAL,"아이들이집중해서 잘하네요 슈퍼마리오는 작은틈들이 보여 빈공간이 있어 조금 아쉬웠어요
완성하고나니 멋지네요",2020-05-13T23:50:36.000+0000,STOREFARM,5,어린이 보석십자수 DIY 캐릭터 큐빅 비즈십자수 지니맘(입고완료),지니맘 큐빅십자수  DIY: 12번 슈퍼마리오 (15cm 20cm)
894308529,SELLBLOG,NORMAL,"초등생이 하기에도 재밌고 쉽게 되어있네요
이거에 집중하다보니 휴대폰 사용시간도 줄어들었네요",2020-07-12T00:37:19.000+0000,STOREFARM,5,어린이 보석십자수 DIY 캐릭터 큐빅 비즈십자수 지니맘,지니맘 큐빅십자수  DIY: 12번 돌고래 (15cm 20cm)
881273086,SELLBLOG,NORMAL,아이들이 완전 좋아하네요~요즘처럼 집콕시대에 딱 좋아요~,2020-06-22T10:23:10.000+0000,STOREFARM,4,어린이 보석십자수 DIY 캐릭터 큐빅 비즈십자수 지니맘,지니맘 큐빅십자수  DIY: 17번 가면 (15cm 20cm)
898329226,SELLBLOG,NORMAL,2번째 구입인데 아이들이 무척 좋아하고 퀄리트도 무척 좋습니다~^^,2020-07-18T01:48:00.000+0000,STOREFARM,5,어린이 보석십자수 DIY 캐릭터 큐빅 비즈십자수 지니맘,지니맘 큐빅십자수  DIY: 7번 소녀2  (15cm 20cm)
900158779,SELLBLOG,NORMAL,반짝반짝 예쁘고 아이들이 좋아라해요,2020-07-21T03:57:20.000+0000,STOREFARM,5,어린이 보석십자수 DIY 캐릭터 큐빅 비즈십자수 지니맘,지니맘 큐빅십자수  DIY: 12번 돌고래 (15cm 20cm)
892313975,SELLBLOG,NORMAL,"다음에 또 구매해서 해봐야겠어요
취미생활로 딱이네요 집 안 인테리어로도 좋아요",2020-07-09T01:56:36.000+0000,STOREFARM,5,어린이 보석십자수 DIY 캐릭터 큐빅 비즈십자수 지니맘,지니맘 큐빅십자수  DIY: 1번 유니콘  (15cm 20cm)
899031274,SELLBLOG,NORMAL,귀엽고 사용편리해서 아이가 좋아해요,2020-07-19T05:27:29.000+0000,STOREFARM,5,어린이 보석십자수 DIY 캐릭터 큐빅 비즈십자수 지니맘,지니맘 큐빅십자수  DIY: 11번 클로버 (15cm 20cm)
901662036,SELLBLOG,NORMAL,아이가 무척 좋아하네요 ^^,2020-07-23T06:12:13.000+0000,STOREFARM,5,어린이 보석십자수 DIY 캐릭터 큐빅 비즈십자수 지니맘,지니맘 큐빅십자수  DIY: 13번 별유니콘 (15cm 20cm)
879154635,SELLBLOG,NORMAL,"어제 3시간동안 한개 완성했어요 
어린이용말고 어른것도판매해주세요ㅜㅜ",2020-06-19T01:51:37.000+0000,STOREFARM,5,어린이 보석십자수 DIY 캐릭터 큐빅 비즈십자수 지니맘,지니맘 큐빅십자수  DIY: 15번 베트맨 (15cm 20cm)
881287666,SELLBLOG,NORMAL,아이들이 완전 좋아해요 집중력에 짱 돟아요,2020-06-22T10:52:33.000+0000,STOREFARM,4,어린이 보석십자수 DIY 캐릭터 큐빅 비즈십자수 지니맘,지니맘 큐빅십자수  DIY: 1번 유니콘  (15cm 20cm)
877806016,SELLBLOG,NORMAL,"코로나로 심심한 딸이 원해서 구입했는데 하루만에 완성했네요.
비즈도 블링블링 너무 예쁘네요.",2020-06-17T06:03:37.000+0000,STOREFARM,5,어린이 보석십자수 DIY 캐릭터 큐빅 비즈십자수 지니맘,지니맘 큐빅십자수  DIY: 1번 유니콘  (15cm 20cm)
898019353,SELLBLOG,NORMAL,집중력  좋네요  애가 좋아해요,2020-07-17T09:44:59.000+0000,STOREFARM,5,어린이 보석십자수 DIY 캐릭터 큐빅 비즈십자수 지니맘,지니맘 큐빅십자수  DIY: 14번 부엉이 (15cm 20cm)
898017618,SELLBLOG,NORMAL,예쁘고 좋아요   애가잘 하네요,2020-07-17T09:42:00.000+0000,STOREFARM,5,어린이 보석십자수 DIY 캐릭터 큐빅 비즈십자수 지니맘,지니맘 큐빅십자수  DIY: 13번 별유니콘 (15cm 20cm)
892619416,SELLBLOG,NORMAL,이뻐요 보석십자수에 빠져있는 초딩딸래미가 할건데 깜찍하니 좋으네요,2020-07-09T09:16:25.000+0000,STOREFARM,3,어린이 보석십자수 DIY 캐릭터 큐빅 비즈십자수 지니맘,지니맘 큐빅십자수  DIY: 14번 부엉이 (15cm 20cm)
898581146,SELLBLOG,NORMAL,시간보내기좋구 집중도 길어져서 좋습니다,2020-07-18T07:37:56.000+0000,STOREFARM,5,어린이 보석십자수 DIY 캐릭터 큐빅 비즈십자수 지니맘,지니맘 큐빅십자수  DIY: 13번 별유니콘 (15cm 20cm)
885274460,SELLBLOG,NORMAL,좋아요 아이가 좋아해요,2020-06-28T13:59:25.000+0000,STOREFARM,5,어린이 보석십자수 DIY 캐릭터 큐빅 비즈십자수 지니맘,지니맘 큐빅십자수  DIY: 4번 홍학 (15cm 20cm)
901960228,SELLBLOG,NORMAL,아이가 좋아하네요~,2020-07-23T13:22:22.000+0000,STOREFARM,5,어린이 보석십자수 DIY 캐릭터 큐빅 비즈십자수 지니맘,지니맘 큐빅십자수  DIY: 14번 부엉이 (15cm 20cm)
901048401,SELLBLOG,NORMAL,잘받았습니다 이쁘네요~,2020-07-22T08:23:04.000+0000,STOREFARM,4,어린이 보석십자수 DIY 캐릭터 큐빅 비즈십자수 지니맘,지니맘 큐빅십자수  DIY: 14번 부엉이 (15cm 20cm)
884540607,SELLBLOG,AFTER_USE,아이가 좋아해서 시간가는줄 모르고 다했어요ᆢ,2020-06-27T06:58:39.000+0000,STOREFARM,5,어린이 보석십자수 DIY 캐릭터 큐빅 비즈십자수 지니맘,지니맘 큐빅십자수  DIY: 1번 유니콘  (15cm 20cm)
895764415,SELLBLOG,NORMAL,잘 받았습니다. 아이가 무척 좋아하네요!,2020-07-14T06:40:35.000+0000,STOREFARM,5,어린이 보석십자수 DIY 캐릭터 큐빅 비즈십자수 지니맘,지니맘 큐빅십자수  DIY: 13번 별유니콘 (15cm 20cm)
2007165428,SELLBLOG,NORMAL,아주조아요아주오아요,2020-08-12T11:22:53.000+0000,STOREFARM,5,어린이 보석십자수 DIY 캐릭터 큐빅 비즈십자수 지니맘,지니맘 큐빅십자수  DIY: 12번 돌고래 (15cm 20cm)
874752067,SELLBLOG,NORMAL,받자 마자 초 집중 모드로 하루 잘 보냈습니다^^ 딸 아들 할것 없이 너무 재미있어 하구요. 완정된 작품은 소중히 잘 여기더라구요.,2020-06-12T12:29:43.000+0000,STOREFARM,5,어린이 보석십자수 DIY 캐릭터 큐빅 비즈십자수 지니맘,지니맘 큐빅십자수  DIY: 1번 유니콘  (15cm 20cm)
875983824,SELLBLOG,NORMAL,"비즈 사이즈도 다양해서 더 예쁘네요~~
액자가 아니라서 조금 아쉽네요!!
비닐로 덮어주면 좋겠네요~~
하루만에 못하는데, 종이 한번 떼어내니 다시 안붇네요ㅡㅡ",2020-06-14T13:08:13.000+0000,STOREFARM,4,어린이 보석십자수 DIY 캐릭터 큐빅 비즈십자수 지니맘,지니맘 큐빅십자수  DIY: 1번 유니콘  (15cm 20cm)
897139795,SELLBLOG,AFTER_USE,"시간 가는줄 모르고 초집중
아이랑 재미나게 했어요~",2020-07-16T05:48:34.000+0000,STOREFARM,4,어린이 보석십자수 DIY 캐릭터 큐빅 비즈십자수 지니맘(입고완료),지니맘 큐빅십자수  DIY: 3번 분홍사슴 (15cm 20cm)
897139703,SELLBLOG,AFTER_USE,"시간 가는줄 모르고 초집중
아이랑 재미나게 했어요~",2020-07-16T05:48:24.000+0000,STOREFARM,4,어린이 보석십자수 DIY 캐릭터 큐빅 비즈십자수 지니맘(입고완료),지니맘 큐빅십자수  DIY: 1번 유니콘  (15cm 20cm)
877865395,SELLBLOG,NORMAL,"아이들이 집이 있는 시간이 길어서 구매했어요 
셋이서 아주 열심히네요 
셋다 재밌다고 합다",2020-06-17T07:21:28.000+0000,STOREFARM,5,어린이 보석십자수 DIY 캐릭터 큐빅 비즈십자수 지니맘,지니맘 큐빅십자수  DIY: 9번 겨울사슴 (15cm 20cm)
899400750,SELLBLOG,NORMAL,아이가  너무  재밌다하네요,2020-07-20T01:06:31.000+0000,STOREFARM,5,어린이 보석십자수 DIY 캐릭터 큐빅 비즈십자수 지니맘,지니맘 큐빅십자수  DIY: 12번 돌고래 (15cm 20cm)
897139331,SELLBLOG,AFTER_USE,"시간 가는줄 모르고 집중모드
하고나니 이쁘네요",2020-07-16T05:47:51.000+0000,STOREFARM,4,어린이 보석십자수 DIY 캐릭터 큐빅 비즈십자수 지니맘(입고완료),지니맘 큐빅십자수  DIY: 24번 돌고래 (15cm 20cm)
896013909,SELLBLOG,AFTER_USE,만들어서 엄마드렸어요. 장식으로 좋아요.,2020-07-14T12:26:22.000+0000,STOREFARM,5,어린이 보석십자수 DIY 캐릭터 큐빅 비즈십자수 지니맘,지니맘 큐빅십자수  DIY: 21번 별유니콘 (15cm 20cm)
895764207,SELLBLOG,NORMAL,잘 받았습니다. 아이가 너무 좋아해요. ^^,2020-07-14T06:40:19.000+0000,STOREFARM,5,어린이 보석십자수 DIY 캐릭터 큐빅 비즈십자수 지니맘,지니맘 큐빅십자수  DIY: 14번 부엉이 (15cm 20cm)
879065427,SELLBLOG,NORMAL,7살아이 혼자 하는데 재밌어합니다. 요즘 요거에 취미붙였어요,2020-06-18T23:23:36.000+0000,STOREFARM,5,어린이 보석십자수 DIY 캐릭터 큐빅 비즈십자수 지니맘,지니맘 큐빅십자수  DIY: 8번 꽃사슴 (15cm 20cm)
900159060,SELLBLOG,NORMAL,반짝반짝 하고 나면 넘 예쁘답니다.,2020-07-21T03:57:41.000+0000,STOREFARM,5,어린이 보석십자수 DIY 캐릭터 큐빅 비즈십자수 지니맘,지니맘 큐빅십자수  DIY: 6번 소녀1  (15cm 20cm)
878841439,SELLBLOG,NORMAL,조아요 잘받앗ㅇᆞ어요. 스티커끈끈이가 붙어서 그곳에 비즈를 붙이는거군요  가격이 좀 과해요 ㅎ ㅎ,2020-06-18T11:58:23.000+0000,STOREFARM,4,어린이 보석십자수 DIY 캐릭터 큐빅 비즈십자수 지니맘,지니맘 큐빅십자수  DIY: 22번 부엉이 (15cm 20cm)
891176801,SELLBLOG,NORMAL,"아이가 필요해서 주문했는데,배송도 빠르고,포장도
잘 되서 왔네요..조만간 재구매할 듯요ㅎㅎ",2020-07-07T09:41:55.000+0000,STOREFARM,5,어린이 보석십자수 DIY 캐릭터 큐빅 비즈십자수 지니맘,지니맘 큐빅십자수  DIY: 14번 부엉이 (15cm 20cm)
898624919,SELLBLOG,NORMAL,아이가쉽게할수있는제품이네요ᆢ,2020-07-18T08:53:03.000+0000,STOREFARM,5,어린이 보석십자수 DIY 캐릭터 큐빅 비즈십자수 지니맘,지니맘 큐빅십자수  DIY: 1번 유니콘  (15cm 20cm)
890754603,SELLBLOG,NORMAL,비즈도 많이들어있고 고체풀을 좀더 넉넉하게 주셨으면 좋겠네요 ㅋㅋ맘에둘어요,2020-07-06T23:33:57.000+0000,STOREFARM,4,어린이 보석십자수 DIY 캐릭터 큐빅 비즈십자수 지니맘,지니맘 큐빅십자수  DIY: 13번 스폰지밥 (15cm 20cm)
891367335,SELLBLOG,NORMAL,"딸아이가 너무 좋아하네요
두번째 구입이고 이 시리즈 다 사게 될것 같아요~!!",2020-07-07T13:48:17.000+0000,STOREFARM,5,어린이 보석십자수 DIY 캐릭터 큐빅 비즈십자수 지니맘,지니맘 큐빅십자수  DIY: 13번 별유니콘 (15cm 20cm)
877208408,SELLBLOG,NORMAL,아이가 좋아해요.집중력이 좋아질거같네요.생각보다 빨리 마무리해서 아쉽네요.,2020-06-16T10:21:57.000+0000,STOREFARM,4,어린이 보석십자수 DIY 캐릭터 큐빅 비즈십자수 지니맘,지니맘 큐빅십자수  DIY: 21번 별유니콘 (15cm 20cm)
884200997,SELLBLOG,NORMAL,아이가 또 하고싶어해서 재주문했어요^^,2020-06-26T13:35:35.000+0000,STOREFARM,5,어린이 보석십자수 DIY 캐릭터 큐빅 비즈십자수 지니맘,지니맘 큐빅십자수  DIY: 20번 거미 (15cm 20cm)
897635161,SELLBLOG,NORMAL,짱이에요 재미셔요 또 하고 싶었요,2020-07-17T01:20:31.000+0000,STOREFARM,4,어린이 보석십자수 DIY 캐릭터 큐빅 비즈십자수 지니맘,지니맘 큐빅십자수  DIY: 1번 유니콘  (15cm 20cm)
883133032,SELLBLOG,NORMAL,재미있어요 집중잘되어요,2020-06-25T03:44:16.000+0000,STOREFARM,4,어린이 보석십자수 DIY 캐릭터 큐빅 비즈십자수 지니맘,지니맘 큐빅십자수  DIY: 18번 망치 (15cm 20cm)
883132761,SELLBLOG,NORMAL,재미있어요 집중잘되어요,2020-06-25T03:43:51.000+0000,STOREFARM,4,어린이 보석십자수 DIY 캐릭터 큐빅 비즈십자수 지니맘,지니맘 큐빅십자수  DIY: 14번 슈퍼맨 (15cm 20cm)
884018880,SELLBLOG,NORMAL,초등4학년 딸이 아주재밌게잘했습니다,2020-06-26T08:14:57.000+0000,STOREFARM,4,어린이 보석십자수 DIY 캐릭터 큐빅 비즈십자수 지니맘,지니맘 큐빅십자수  DIY: 9번 겨울사슴 (15cm 20cm)
876636767,SELLBLOG,NORMAL,8살아이가 하는중인데 너무재밌어하네요 하나하나 집중해서 꼼꼼히 완성중입니다,2020-06-15T12:41:43.000+0000,STOREFARM,5,어린이 보석십자수 DIY 캐릭터 큐빅 비즈십자수 지니맘,지니맘 큐빅십자수  DIY: 2번 보라유니콘  (15cm 20cm)
898017100,SELLBLOG,NORMAL,9살딸이  너무 좋아해요  많이 파세요,2020-07-17T09:41:09.000+0000,STOREFARM,5,어린이 보석십자수 DIY 캐릭터 큐빅 비즈십자수 지니맘,지니맘 큐빅십자수  DIY: 6번 소녀1  (15cm 20cm)
886398098,SELLBLOG,NORMAL,"아이랑 무료한시간 재밌게 보냈어요~ 저도 같이 재밌어서 푹빠져서 큐빅 붙이고 있었네요~ 완성하니 뿌듯
큐빅도 잘 붙어있구 ㅎㅎ 이쁘게 걸어놨어요 ㅎㅎㅎ",2020-06-30T11:12:15.000+0000,STOREFARM,5,어린이 보석십자수 DIY 캐릭터 큐빅 비즈십자수 지니맘,지니맘 큐빅십자수  DIY: 1번 유니콘  (15cm 20cm)
892619025,SELLBLOG,NORMAL,이뻐요 요즘 보석십자수에 빠져있는데 아이가좋아해요,2020-07-09T09:15:50.000+0000,STOREFARM,3,어린이 보석십자수 DIY 캐릭터 큐빅 비즈십자수 지니맘,지니맘 큐빅십자수  DIY: 13번 별유니콘 (15cm 20cm)
898659025,SELLBLOG,NORMAL,집중력 키우기에 좋으네요,2020-07-18T10:04:30.000+0000,STOREFARM,5,어린이 보석십자수 DIY 캐릭터 큐빅 비즈십자수 지니맘,지니맘 큐빅십자수  DIY: 13번 별유니콘 (15cm 20cm)
891367780,SELLBLOG,NORMAL,"두번째 구매고 딸아이가 너무 좋아해요~!
조만간 다른걸로 또 살듯하네요~!",2020-07-07T13:48:50.000+0000,STOREFARM,5,어린이 보석십자수 DIY 캐릭터 큐빅 비즈십자수 지니맘,지니맘 큐빅십자수  DIY: 6번 소녀1  (15cm 20cm)
877885113,SELLBLOG,NORMAL,"아이들이 집에 있는 시간이 길어서 구매했어요 
다들 재미있어합니다",2020-06-17T07:47:44.000+0000,STOREFARM,5,어린이 보석십자수 DIY 캐릭터 큐빅 비즈십자수 지니맘,지니맘 큐빅십자수  DIY: 20번 거미 (15cm 20cm)
896155569,SELLBLOG,NORMAL,비즈는 예뻐서 좋은데 붙이는 판?이 좀 아쉽습니다.,2020-07-14T16:06:57.000+0000,STOREFARM,4,어린이 보석십자수 DIY 캐릭터 큐빅 비즈십자수 지니맘,지니맘 큐빅십자수  DIY: 5번  반짝이 사슴 (15cm 20cm)
898658577,SELLBLOG,NORMAL,아이가 너무 좋아하네요,2020-07-18T10:03:24.000+0000,STOREFARM,5,어린이 보석십자수 DIY 캐릭터 큐빅 비즈십자수 지니맘,지니맘 큐빅십자수  DIY: 1번 유니콘  (15cm 20cm)
880343553,SELLBLOG,NORMAL,"아이들이 아주 좋아하고 재밌어 하네요

마무리하면 추가 주문하려고요",2020-06-21T00:49:46.000+0000,STOREFARM,5,어린이 보석십자수 DIY 캐릭터 큐빅 비즈십자수 지니맘,지니맘 큐빅십자수  DIY: 10번 안경토끼  (15cm 20cm)
894338329,SELLBLOG,NORMAL,정말 이뻐요 재구매 의사 매우 있어요,2020-07-12T01:33:00.000+0000,STOREFARM,5,어린이 보석십자수 DIY 캐릭터 큐빅 비즈십자수 지니맘,지니맘 큐빅십자수  DIY: 15번 사자 (15cm 20cm)
877827238,SELLBLOG,NORMAL,아직하기전인데. 추천받아 샀어요 애가 너무 좋아하네요,2020-06-17T06:31:42.000+0000,STOREFARM,5,어린이 보석십자수 DIY 캐릭터 큐빅 비즈십자수 지니맘,지니맘 큐빅십자수  DIY: 10번 안경토끼  (15cm 20cm)
883884866,SELLBLOG,NORMAL,"조카가 하는거 보고 자기도 사달라하더니

진짜 집중력 키우기 딱이에요`

이거 하니까 장난감도 안갖고놀고 줄곧 몇시간 이것만 하네요~

성취감이 있는거 같아요~`엄청 좋아해요~",2020-06-26T04:47:49.000+0000,STOREFARM,5,어린이 보석십자수 DIY 캐릭터 큐빅 비즈십자수 지니맘,
884201624,SELLBLOG,NORMAL,완성해놓으니 너무 이뻐욯,2020-06-26T13:36:43.000+0000,STOREFARM,5,어린이 보석십자수 DIY 캐릭터 큐빅 비즈십자수 지니맘,지니맘 큐빅십자수  DIY: 16번 별  (15cm 20cm)
897551587,SELLBLOG,NORMAL,잘받았습니다 만족합니다,2020-07-16T21:46:41.000+0000,STOREFARM,5,어린이 보석십자수 DIY 캐릭터 큐빅 비즈십자수 지니맘,지니맘 큐빅십자수  DIY: 14번 부엉이 (15cm 20cm)
897551560,SELLBLOG,NORMAL,잘받았습니다 만족합니다,2020-07-16T21:46:33.000+0000,STOREFARM,5,어린이 보석십자수 DIY 캐릭터 큐빅 비즈십자수 지니맘,지니맘 큐빅십자수  DIY: 7번 소녀2  (15cm 20cm)
897551539,SELLBLOG,NORMAL,잘받았습니다 만족합니다,2020-07-16T21:46:25.000+0000,STOREFARM,5,어린이 보석십자수 DIY 캐릭터 큐빅 비즈십자수 지니맘,지니맘 큐빅십자수  DIY: 9번 겨울사슴 (15cm 20cm)
897551517,SELLBLOG,NORMAL,잘받았습니다 만족합니다,2020-07-16T21:46:15.000+0000,STOREFARM,5,어린이 보석십자수 DIY 캐릭터 큐빅 비즈십자수 지니맘,지니맘 큐빅십자수  DIY: 13번 별유니콘 (15cm 20cm)
881866111,SELLBLOG,NORMAL,배송빠르고 쉽고 애들이너무좋아합니다,2020-06-23T09:34:49.000+0000,STOREFARM,5,어린이 보석십자수 DIY 캐릭터 큐빅 비즈십자수 지니맘,지니맘 큐빅십자수  DIY: 17번 가면 (15cm 20cm)
892734211,SELLBLOG,NORMAL,아이가 하기에 사이즈도 좋아요 아이가 너무 좋아하네요,2020-07-09T12:11:12.000+0000,STOREFARM,5,어린이 보석십자수 DIY 캐릭터 큐빅 비즈십자수 지니맘,지니맘 큐빅십자수  DIY: 2번 보라유니콘  (15cm 20cm)
2004747157,SELLBLOG,NORMAL,만족합니다감사합니다,2020-08-08T05:54:47.000+0000,STOREFARM,5,어린이 보석십자수 DIY 캐릭터 큐빅 비즈십자수 지니맘,지니맘 큐빅십자수  DIY: 7번 소녀2  (15cm 20cm)
2004747015,SELLBLOG,NORMAL,만족합니다 감사합니다,2020-08-08T05:54:34.000+0000,STOREFARM,5,어린이 보석십자수 DIY 캐릭터 큐빅 비즈십자수 지니맘,지니맘 큐빅십자수  DIY: 13번 별유니콘 (15cm 20cm)
895304499,SELLBLOG,NORMAL,배송도 빨리 오고 꼼꼼히 포장해서 왔어요,2020-07-13T11:00:18.000+0000,STOREFARM,3,어린이 보석십자수 DIY 캐릭터 큐빅 비즈십자수 지니맘,지니맘 큐빅십자수  DIY: 5번  반짝이 사슴 (15cm 20cm)
881865458,SELLBLOG,NORMAL,애들이 너무좋아합니다 배송도빠르네요~,2020-06-23T09:33:58.000+0000,STOREFARM,5,어린이 보석십자수 DIY 캐릭터 큐빅 비즈십자수 지니맘,지니맘 큐빅십자수  DIY: 10번 안경토끼  (15cm 20cm)
877828136,SELLBLOG,NORMAL,사슴 넘 이쁠거 같아요. 안경토끼랑 두개 샀는데 기대기대~^^,2020-06-17T06:32:55.000+0000,STOREFARM,5,어린이 보석십자수 DIY 캐릭터 큐빅 비즈십자수 지니맘,지니맘 큐빅십자수  DIY: 3번 분홍사슴 (15cm 20cm)
887966735,SELLBLOG,NORMAL,시간떼우기 너무 좋네요. 하루종일 엄마 엄마 하면서 따라다녔었는데 덕분에 제가 쉬는시간이 생겼네요,2020-07-02T13:23:44.000+0000,STOREFARM,5,어린이 보석십자수 DIY 캐릭터 큐빅 비즈십자수 지니맘,지니맘 큐빅십자수  DIY: 20번 거미 (15cm 20cm)
890754470,SELLBLOG,NORMAL,조카들이너무 좋아요 다음 재구매의사 있습니다,2020-07-06T23:33:30.000+0000,STOREFARM,4,어린이 보석십자수 DIY 캐릭터 큐빅 비즈십자수 지니맘,지니맘 큐빅십자수  DIY: 1번 유니콘  (15cm 20cm)
868861545,SELLBLOG,NORMAL,"아이들 핸드폰 보는 시간이 줄었어요~손에서 놓지않던 핸드폰을 자발적으로 줄이고 뭔가에 집중하는 모습만으로도 만족감 최고요^^
물론 보내주신 물건에 대한 만족감은 덤이요^^",2020-06-03T16:20:25.000+0000,STOREFARM,5,어린이 보석십자수 DIY 캐릭터 큐빅 비즈십자수 지니맘,지니맘 큐빅십자수  DIY: 23번 사자 (15cm 20cm)
890022852,SELLBLOG,AFTER_USE,"가격대비 조금 부족하네요
종이만 있으니 아쉬움입니다",2020-07-05T22:00:36.000+0000,STOREFARM,3,어린이 보석십자수 DIY 캐릭터 큐빅 비즈십자수 지니맘 (입고완료),지니맘 큐빅십자수  DIY: 21번 별유니콘 (15cm 20cm)
894196445,SELLBLOG,NORMAL,"아이들이 집중하면서 하기에 넘 좋아요
색감도 이쁘고요",2020-07-11T14:12:11.000+0000,STOREFARM,5,어린이 보석십자수 DIY 캐릭터 큐빅 비즈십자수 지니맘,지니맘 큐빅십자수  DIY: 13번 별유니콘 (15cm 20cm)
889481909,SELLBLOG,NORMAL,"아이가 너무 좋아해요. 생각보다 집중이 필요하니까
쉬면서 즐겁게 하네요.",2020-07-04T17:19:54.000+0000,STOREFARM,5,어린이 보석십자수 DIY 캐릭터 큐빅 비즈십자수 지니맘,
889481880,SELLBLOG,NORMAL,"아이가 너무 좋아해요. 생각보다 집중이 필요하니까
쉬면서 즐겁게 하네요.",2020-07-04T17:19:40.000+0000,STOREFARM,5,어린이 보석십자수 DIY 캐릭터 큐빅 비즈십자수 지니맘,
898121036,SELLBLOG,NORMAL,아이가 많이 좋아해요^^,2020-07-17T12:46:48.000+0000,STOREFARM,5,어린이 보석십자수 DIY 캐릭터 큐빅 비즈십자수 지니맘,지니맘 큐빅십자수  DIY: 8번 꽃사슴 (15cm 20cm)
898120906,SELLBLOG,NORMAL,완성하니 아주 예뻐요^^,2020-07-17T12:46:34.000+0000,STOREFARM,5,어린이 보석십자수 DIY 캐릭터 큐빅 비즈십자수 지니맘,지니맘 큐빅십자수  DIY: 13번 별유니콘 (15cm 20cm)
895844872,SELLBLOG,NORMAL,배송빠르고 아이가 좋아합니다,2020-07-14T08:34:53.000+0000,STOREFARM,5,어린이 보석십자수 DIY 캐릭터 큐빅 비즈십자수 지니맘,지니맘 큐빅십자수  DIY: 8번 꽃사슴 (15cm 20cm)
884202123,SELLBLOG,NORMAL,클로버 사서 했어요 이쁘네요,2020-06-26T13:37:41.000+0000,STOREFARM,5,어린이 보석십자수 DIY 캐릭터 큐빅 비즈십자수 지니맘,지니맘 큐빅십자수  DIY: 11번 클로버 (15cm 20cm)
869091855,SELLBLOG,NORMAL,"부엉이랑, 네잎클러버 샀는데 제대로 왔어요.. 평상시 산만한 애들한텐 집중력 높이기 딱 좋아요.. ^^",2020-06-04T03:53:34.000+0000,STOREFARM,5,어린이 보석십자수 DIY 캐릭터 큐빅 비즈십자수 지니맘,지니맘 큐빅십자수  DIY: 11번 클로버 (15cm 20cm)
876635270,SELLBLOG,NORMAL,3일만에 아이가 완성을 했어요 엄청집중하며 재밌어하네요^^,2020-06-15T12:39:12.000+0000,STOREFARM,5,어린이 보석십자수 DIY 캐릭터 큐빅 비즈십자수 지니맘,지니맘 큐빅십자수  DIY: 21번 별유니콘 (15cm 20cm)
894306796,SELLBLOG,NORMAL,초2.초4 여자아이들이 하기에도 재미있고 쉽네요,2020-07-12T00:32:52.000+0000,STOREFARM,5,어린이 보석십자수 DIY 캐릭터 큐빅 비즈십자수 지니맘,지니맘 큐빅십자수  DIY: 10번 안경토끼  (15cm 20cm)
878545851,SELLBLOG,AFTER_USE,하나 붙이는데 2시간정도 걸리네요. 재미있어요,2020-06-18T05:20:51.000+0000,STOREFARM,4,어린이 보석십자수 DIY 캐릭터 큐빅 비즈십자수 지니맘,지니맘 큐빅십자수  DIY: 7번 소녀2  (15cm 20cm)
2004782191,SELLBLOG,NORMAL,좋아요좋아요좋아요좋아요,2020-08-08T06:48:24.000+0000,STOREFARM,5,어린이 보석십자수 DIY 캐릭터 큐빅 비즈십자수 지니맘,지니맘 큐빅십자수  DIY: 20번 아기사슴
891934514,SELLBLOG,NORMAL,아이가좋아하네요..완성되면 이쁠거같아요,2020-07-08T10:24:13.000+0000,STOREFARM,3,어린이 보석십자수 DIY 캐릭터 큐빅 비즈십자수 지니맘,지니맘 큐빅십자수  DIY: 18번 망치 (15cm 20cm)
887195141,SELLBLOG,NORMAL,"초등학생 저학년이 어려움없이 잘 했어요
완성하고 나명 또 주문예정이예요",2020-07-01T12:49:10.000+0000,STOREFARM,5,어린이 보석십자수 DIY 캐릭터 큐빅 비즈십자수 지니맘,지니맘 큐빅십자수  DIY: 1번 유니콘  (15cm 20cm)
878839900,SELLBLOG,NORMAL,전에 블링비즈 확대판이네요 ...잘받앗어요,2020-06-18T11:56:31.000+0000,STOREFARM,3,어린이 보석십자수 DIY 캐릭터 큐빅 비즈십자수 지니맘,지니맘 큐빅십자수  DIY: 5번  반짝이 사슴 (15cm 20cm)
2004781990,SELLBLOG,NORMAL,좋아요좋아요좋어요좋아요ㅔ,2020-08-08T06:48:07.000+0000,STOREFARM,5,어린이 보석십자수 DIY 캐릭터 큐빅 비즈십자수 지니맘,지니맘 큐빅십자수  DIY: 12번 돌고래 (15cm 20cm)
891982501,SELLBLOG,NORMAL,"너무 좋아해요
다음에 또구매할게요~~",2020-07-08T11:33:57.000+0000,STOREFARM,5,어린이 보석십자수 DIY 캐릭터 큐빅 비즈십자수 지니맘,지니맘 큐빅십자수  DIY: 1번 유니콘  (15cm 20cm)
880896691,SELLBLOG,NORMAL,만들기쉽게 재료 다 들어있어서 좋네요.,2020-06-22T00:57:46.000+0000,STOREFARM,5,어린이 보석십자수 DIY 캐릭터 큐빅 비즈십자수 지니맘,지니맘 큐빅십자수  DIY: 1번 유니콘  (15cm 20cm)
894671901,SELLBLOG,NORMAL,아이랑같이 하니까 넘 재미있어요,2020-07-12T12:03:45.000+0000,STOREFARM,5,어린이 보석십자수 DIY 캐릭터 큐빅 비즈십자수 지니맘,지니맘 큐빅십자수  DIY: 11번 클로버 (15cm 20cm)
896473421,SELLBLOG,AFTER_USE,전보다 훨씬 쉬워졌다,2020-07-15T06:42:58.000+0000,STOREFARM,5,어린이 보석십자수 DIY 캐릭터 큐빅 비즈십자수 지니맘,지니맘 큐빅십자수  DIY: 22번 부엉이 (15cm 20cm)
889482003,SELLBLOG,NORMAL,"온 그림중 슈퍼마리오가 제일 예쁘네요
생각보다 손이 많이 간다고 
힘들어하면서도 좋아해요",2020-07-04T17:20:31.000+0000,STOREFARM,5,어린이 보석십자수 DIY 캐릭터 큐빅 비즈십자수 지니맘,
892439403,SELLBLOG,NORMAL,"하루만에 아이가 다했어요 ㅎ 
이쁘네요",2020-07-09T05:16:47.000+0000,STOREFARM,5,어린이 보석십자수 DIY 캐릭터 큐빅 비즈십자수 지니맘,지니맘 큐빅십자수  DIY: 3번 분홍사슴 (15cm 20cm)
891723801,SELLBLOG,NORMAL,딸아이가 집중해서잘만들어나가네요 두벉재구매입니다 예뻐요,2020-07-08T05:27:54.000+0000,STOREFARM,4,어린이 보석십자수 DIY 캐릭터 큐빅 비즈십자수 지니맘,지니맘 큐빅십자수  DIY: 14번 부엉이 (15cm 20cm)
895350092,SELLBLOG,NORMAL,비즈색이 엄청 반짝이고 이뻐요^^,2020-07-13T12:32:57.000+0000,STOREFARM,5,어린이 보석십자수 DIY 캐릭터 큐빅 비즈십자수 지니맘,지니맘 큐빅십자수  DIY: 2번 보라유니콘  (15cm 20cm)
880199040,SELLBLOG,NORMAL,잘받았어요 배송도 빠르고 잘받았어요,2020-06-20T13:48:27.000+0000,STOREFARM,5,어린이 보석십자수 DIY 캐릭터 큐빅 비즈십자수 지니맘,지니맘 큐빅십자수  DIY: 7번 소녀2  (15cm 20cm)
880198778,SELLBLOG,NORMAL,잘받았어요 배송도 빠르고 잘받았어요,2020-06-20T13:48:00.000+0000,STOREFARM,5,어린이 보석십자수 DIY 캐릭터 큐빅 비즈십자수 지니맘,지니맘 큐빅십자수  DIY: 1번 유니콘  (15cm 20cm)
880198544,SELLBLOG,NORMAL,잘받았어요 배송도 빠르고 잘받았어요,2020-06-20T13:47:36.000+0000,STOREFARM,5,어린이 보석십자수 DIY 캐릭터 큐빅 비즈십자수 지니맘,지니맘 큐빅십자수  DIY: 14번 슈퍼맨 (15cm 20cm)
878990199,SELLBLOG,NORMAL,"너무좋네요
집중력키우기 좋고 6살아이도 혼자 할수있네요",2020-06-18T15:39:19.000+0000,STOREFARM,5,어린이 보석십자수 DIY 캐릭터 큐빅 비즈십자수 지니맘,지니맘 큐빅십자수  DIY: 22번 부엉이 (15cm 20cm)
877885710,SELLBLOG,NORMAL,아이들이 집에 있는 시간이 많아서 구매했는데 재미있어하네요,2020-06-17T07:48:30.000+0000,STOREFARM,5,어린이 보석십자수 DIY 캐릭터 큐빅 비즈십자수 지니맘,지니맘 큐빅십자수  DIY: 3번 분홍사슴 (15cm 20cm)
886141587,SELLBLOG,AFTER_USE,너무 크지 않아 아이들 집중력 키우는데 최고립니다.색깔도 이쁘고 비즈가 빠지지도 않아요,2020-06-30T04:52:01.000+0000,STOREFARM,5,어린이 보석십자수 DIY 캐릭터 큐빅 비즈십자수 지니맘,지니맘 큐빅십자수  DIY: 4번 홍학 (15cm 20cm)
890035931,SELLBLOG,AFTER_USE,이뻐서 자꾸 보게되요. 다시 하나 신청할까봐요,2020-07-05T23:03:10.000+0000,STOREFARM,5,어린이 보석십자수 DIY 캐릭터 큐빅 비즈십자수 지니맘,지니맘 큐빅십자수  DIY: 20번 거미 (15cm 20cm)
878546960,SELLBLOG,AFTER_USE,스티커형이라 좋아요.재미있어요,2020-06-18T05:22:19.000+0000,STOREFARM,4,어린이 보석십자수 DIY 캐릭터 큐빅 비즈십자수 지니맘,지니맘 큐빅십자수  DIY: 21번 별유니콘 (15cm 20cm)
866138055,SELLBLOG,NORMAL,배송도 빠르고 도안도 깔끔하게 포장되어 왔어요 아이들이 긴 시간동안 집중해서 재밌어하네요ㅎㅎ 종종 사줘야겠어요,2020-05-30T08:52:07.000+0000,STOREFARM,5,어린이 보석십자수 DIY 캐릭터 큐빅 비즈십자수 지니맘,지니맘 큐빅십자수  DIY: 16번 별  (15cm 20cm)
891322141,SELLBLOG,NORMAL,두번째 구매예요. 아주 좋아요.,2020-07-07T12:54:04.000+0000,STOREFARM,5,어린이 보석십자수 DIY 캐릭터 큐빅 비즈십자수 지니맘,지니맘 큐빅십자수  DIY: 7번 소녀2  (15cm 20cm)
878840500,SELLBLOG,NORMAL,잘받앗어요. 블링비즈 그거네요 ㅎ ㅎ,2020-06-18T11:57:13.000+0000,STOREFARM,3,어린이 보석십자수 DIY 캐릭터 큐빅 비즈십자수 지니맘,지니맘 큐빅십자수  DIY: 21번 별유니콘 (15cm 20cm)
887935975,SELLBLOG,NORMAL,"배송도 빠르고
코로나때문에 학교도
못가는 공주님이 
집중하면서  열심히 하는 모습이
너무 보기 좋네요^^",2020-07-02T12:48:14.000+0000,STOREFARM,5,어린이 보석십자수 DIY 캐릭터 큐빅 비즈십자수 지니맘,지니맘 큐빅십자수  DIY: 13번 별유니콘 (15cm 20cm)
871096292,SELLBLOG,AFTER_USE,조카줄려고 산 건데 제가 더 재밌어서 재구매 했어요. 퀄리티도 좋고 시간보내기 좋아요,2020-06-07T14:02:41.000+0000,STOREFARM,5,어린이 보석십자수 DIY 캐릭터 큐빅 비즈십자수 지니맘 (입고완료),지니맘 큐빅십자수  DIY: 23번 사자 (15cm 20cm)
870267710,SELLBLOG,NORMAL,"엄마가 하는걸 보더니 자기도 하고싶다해서 찾아보니 어린이 보석십자수가 있어 바로 구매 했네요ㅎ
아이도 좋아해요ㅎ",2020-06-05T19:00:59.000+0000,STOREFARM,5,어린이 보석십자수 DIY 캐릭터 큐빅 비즈십자수 지니맘,지니맘 큐빅십자수  DIY: 21번 별유니콘 (15cm 20cm)
893007448,SELLBLOG,AFTER_USE,"재밌고 이뻐요
만들때 시간가는줄 몰라요",2020-07-10T01:37:11.000+0000,STOREFARM,5,어린이 보석십자수 DIY 캐릭터 큐빅 비즈십자수 지니맘,지니맘 큐빅십자수  DIY: 22번 부엉이 (15cm 20cm)
879397629,SELLBLOG,NORMAL,배송이 빠릅니다 잘 만들어 볼게요,2020-06-19T07:45:08.000+0000,STOREFARM,5,어린이 보석십자수 DIY 캐릭터 큐빅 비즈십자수 지니맘,지니맘 큐빅십자수  DIY: 12번 슈퍼마리오 (15cm 20cm)
891619314,SELLBLOG,NORMAL,"아이가 아주 좋아해요~~^^
반짝반짝 예쁘네요",2020-07-08T02:34:50.000+0000,STOREFARM,5,어린이 보석십자수 DIY 캐릭터 큐빅 비즈십자수 지니맘,지니맘 큐빅십자수  DIY: 1번 유니콘  (15cm 20cm)
2001384803,SELLBLOG,NORMAL,애들 너무좋아요 좋아요,2020-08-03T01:35:18.000+0000,STOREFARM,5,어린이 보석십자수 DIY 캐릭터 큐빅 비즈십자수 지니맘,지니맘 큐빅십자수  DIY: 2번 보라유니콘  (15cm 20cm)
880680180,SELLBLOG,NORMAL,"기존 보석십자수는 비즈 크기가 다 같은것인데
여기꺼는 크기도 다르고 큐빅도 너무 반짝거리고 이뻐서 아이가 더 좋아하네요
액자도 같이 구매해서 완성되면 더 이쁠것 같아요",2020-06-21T12:39:17.000+0000,STOREFARM,5,어린이 보석십자수 DIY 캐릭터 큐빅 비즈십자수 지니맘,지니맘 큐빅십자수  DIY: 14번 슈퍼맨 (15cm 20cm)
875206952,SELLBLOG,NORMAL,"아직도 ing 
아들래미 잘 안해서 제가 하고 있네요 ㅎㅎ
잼나요",2020-06-13T07:40:12.000+0000,STOREFARM,5,어린이 보석십자수 DIY 캐릭터 큐빅 비즈십자수 지니맘,지니맘 큐빅십자수  DIY: 12번 슈퍼마리오 (15cm 20cm)
876987905,SELLBLOG,NORMAL,좋아요~~아이들이 하기에도 편해요,2020-06-16T05:10:12.000+0000,STOREFARM,5,어린이 보석십자수 DIY 캐릭터 큐빅 비즈십자수 지니맘,지니맘 큐빅십자수  DIY: 1번 유니콘  (15cm 20cm)
886398720,SELLBLOG,NORMAL,"집콕만 하는중에 재밌게 시간 보냈어요~
큐빅 붙이는 재미에 시간가는줄 몰랐네요~~~",2020-06-30T11:12:58.000+0000,STOREFARM,5,어린이 보석십자수 DIY 캐릭터 큐빅 비즈십자수 지니맘,지니맘 큐빅십자수  DIY: 2번 보라유니콘  (15cm 20cm)
893993418,SELLBLOG,NORMAL,만족할만한상품입니다,2020-07-11T07:42:34.000+0000,STOREFARM,5,어린이 보석십자수 DIY 캐릭터 큐빅 비즈십자수 지니맘,지니맘 큐빅십자수  DIY: 1번 유니콘  (15cm 20cm)
893993307,SELLBLOG,NORMAL,만족할만한상품입니다,2020-07-11T07:42:24.000+0000,STOREFARM,5,어린이 보석십자수 DIY 캐릭터 큐빅 비즈십자수 지니맘,지니맘 큐빅십자수  DIY: 12번 돌고래 (15cm 20cm)
2002117145,SELLBLOG,NORMAL,좋아요좋아요좋아요좋아요,2020-08-04T07:24:55.000+0000,STOREFARM,5,어린이 보석십자수 DIY 캐릭터 큐빅 비즈십자수 지니맘,지니맘 큐빅십자수  DIY: 1번 유니콘  (15cm 20cm)
893468249,SELLBLOG,NORMAL,기다린 만큼 아이가 무척 좋아하네요~~~^^,2020-07-10T11:27:31.000+0000,STOREFARM,5,어린이 보석십자수 DIY 캐릭터 큐빅 비즈십자수 지니맘,지니맘 큐빅십자수  DIY: 1번 유니콘  (15cm 20cm)
891177234,SELLBLOG,NORMAL,"좋아요~
조만간 재구매해야 할 듯요ㅎㅎ",2020-07-07T09:42:30.000+0000,STOREFARM,5,어린이 보석십자수 DIY 캐릭터 큐빅 비즈십자수 지니맘,지니맘 큐빅십자수  DIY: 13번 별유니콘 (15cm 20cm)
889054742,SELLBLOG,AFTER_USE,또 사달라고 하는데 못사 줬어요. 재미 있고 예뻐요,2020-07-04T02:56:43.000+0000,STOREFARM,5,어린이 보석십자수 DIY 캐릭터 큐빅 비즈십자수 지니맘,지니맘 큐빅십자수  DIY: 3번 분홍사슴 (15cm 20cm)
892472692,SELLBLOG,NORMAL,심심할때 잘 활용할수있겠어요,2020-07-09T06:02:46.000+0000,STOREFARM,5,어린이 보석십자수 DIY 캐릭터 큐빅 비즈십자수 지니맘,지니맘 큐빅십자수  DIY: 4번 홍학 (15cm 20cm)
891982831,SELLBLOG,NORMAL,"나도 하고싶어요
담에 또 궁새할게요",2020-07-08T11:34:26.000+0000,STOREFARM,5,어린이 보석십자수 DIY 캐릭터 큐빅 비즈십자수 지니맘,지니맘 큐빅십자수  DIY: 9번 겨울사슴 (15cm 20cm)
878381940,SELLBLOG,NORMAL,집에서 아이들이 취미로하기 좋아요~,2020-06-18T01:17:08.000+0000,STOREFARM,5,어린이 보석십자수 DIY 캐릭터 큐빅 비즈십자수 지니맘,지니맘 큐빅십자수  DIY: 8번 꽃사슴 (15cm 20cm)
892734409,SELLBLOG,NORMAL,만족합니다 아이가 좋아합니다,2020-07-09T12:11:29.000+0000,STOREFARM,5,어린이 보석십자수 DIY 캐릭터 큐빅 비즈십자수 지니맘,지니맘 큐빅십자수  DIY: 1번 유니콘  (15cm 20cm)
875818067,SELLBLOG,AFTER_USE,너무 예뻐요..다른 그림으로 또 구매했어요.,2020-06-14T07:56:30.000+0000,STOREFARM,5,어린이 보석십자수 DIY 캐릭터 큐빅 비즈십자수 지니맘,지니맘 큐빅십자수  DIY: 18번 망치 (15cm 20cm)
875817743,SELLBLOG,AFTER_USE,너무 예뻐요..다른 그림으로 또 구매했어요.,2020-06-14T07:55:54.000+0000,STOREFARM,5,어린이 보석십자수 DIY 캐릭터 큐빅 비즈십자수 지니맘,지니맘 큐빅십자수  DIY: 12번 슈퍼마리오 (15cm 20cm)
875817454,SELLBLOG,AFTER_USE,너무 예뻐요..다른 그림으로 또 구매했어요.,2020-06-14T07:55:22.000+0000,STOREFARM,5,어린이 보석십자수 DIY 캐릭터 큐빅 비즈십자수 지니맘,지니맘 큐빅십자수  DIY: 11번 클로버 (15cm 20cm)
893025379,SELLBLOG,NORMAL,배송도 빠르고 제품도 만족스러워요,2020-07-10T01:57:47.000+0000,STOREFARM,5,어린이 보석십자수 DIY 캐릭터 큐빅 비즈십자수 지니맘,지니맘 큐빅십자수  DIY: 5번  반짝이 사슴 (15cm 20cm)
893025184,SELLBLOG,NORMAL,배송도 빠르고 제품도 만족스러워요,2020-07-10T01:57:34.000+0000,STOREFARM,5,어린이 보석십자수 DIY 캐릭터 큐빅 비즈십자수 지니맘,지니맘 큐빅십자수  DIY: 12번 돌고래 (15cm 20cm)
879398551,SELLBLOG,NORMAL,배송이 빠릅니다 감사합니다,2020-06-19T07:46:30.000+0000,STOREFARM,5,어린이 보석십자수 DIY 캐릭터 큐빅 비즈십자수 지니맘,지니맘 큐빅십자수  DIY: 20번 거미 (15cm 20cm)
879398326,SELLBLOG,NORMAL,배송이 빠릅니다 감사합니다,2020-06-19T07:46:10.000+0000,STOREFARM,5,어린이 보석십자수 DIY 캐릭터 큐빅 비즈십자수 지니맘,지니맘 큐빅십자수  DIY: 17번 가면 (15cm 20cm)
879398036,SELLBLOG,NORMAL,배송이 빠릅니다 감사합니다,2020-06-19T07:45:43.000+0000,STOREFARM,5,어린이 보석십자수 DIY 캐릭터 큐빅 비즈십자수 지니맘,지니맘 큐빅십자수  DIY: 13번 스폰지밥 (15cm 20cm)
878839075,SELLBLOG,NORMAL,조아요 감사해요~ 잘받음요,2020-06-18T11:55:30.000+0000,STOREFARM,3,어린이 보석십자수 DIY 캐릭터 큐빅 비즈십자수 지니맘,지니맘 큐빅십자수  DIY: 5번  반짝이 사슴 (15cm 20cm)
895213093,SELLBLOG,NORMAL,너무이뻐요 잘 쓸께요,2020-07-13T07:50:00.000+0000,STOREFARM,5,어린이 보석십자수 DIY 캐릭터 큐빅 비즈십자수 지니맘,지니맘 큐빅십자수  DIY: 13번 별유니콘 (15cm 20cm)
895213032,SELLBLOG,NORMAL,너무이뻐요 잘 쓸께요,2020-07-13T07:49:54.000+0000,STOREFARM,5,어린이 보석십자수 DIY 캐릭터 큐빅 비즈십자수 지니맘,지니맘 큐빅십자수  DIY: 12번 돌고래 (15cm 20cm)
895212988,SELLBLOG,NORMAL,너무이뻐요 잘 쓸께요,2020-07-13T07:49:48.000+0000,STOREFARM,5,어린이 보석십자수 DIY 캐릭터 큐빅 비즈십자수 지니맘,지니맘 큐빅십자수  DIY: 1번 유니콘  (15cm 20cm)
893675183,SELLBLOG,NORMAL,아이들이 너무 좋아해요.,2020-07-11T00:21:54.000+0000,STOREFARM,5,어린이 보석십자수 DIY 캐릭터 큐빅 비즈십자수 지니맘,지니맘 큐빅십자수  DIY: 6번 소녀1  (15cm 20cm)
893674966,SELLBLOG,NORMAL,아이들이 너무 좋아해요.,2020-07-11T00:21:26.000+0000,STOREFARM,5,어린이 보석십자수 DIY 캐릭터 큐빅 비즈십자수 지니맘,지니맘 큐빅십자수  DIY: 7번 소녀2  (15cm 20cm)
871200091,SELLBLOG,NORMAL,엄마가 집에서 심심해 하셔서  구입했는데 시간 떼우기 넘 조아여 엄마도 만족하시구여 다 하시면 또 사드리려구요,2020-06-07T23:44:38.000+0000,STOREFARM,5,어린이 보석십자수 DIY 캐릭터 큐빅 비즈십자수 지니맘,지니맘 큐빅십자수  DIY: 21번 별유니콘 (15cm 20cm)
871199973,SELLBLOG,NORMAL,엄마가 집에서 심심해 하셔서  구입했는데 시간 떼우기 넘 조아여 엄마도 만족하시구여 다 하시면 또 사드리려구요,2020-06-07T23:44:22.000+0000,STOREFARM,5,어린이 보석십자수 DIY 캐릭터 큐빅 비즈십자수 지니맘,지니맘 큐빅십자수  DIY: 22번 부엉이 (15cm 20cm)
885965165,SELLBLOG,NORMAL,우리아이가  열심히 하고 재미가 있다네요 하루만에 완성했어요,2020-06-29T22:32:11.000+0000,STOREFARM,4,어린이 보석십자수 DIY 캐릭터 큐빅 비즈십자수 지니맘,지니맘 큐빅십자수  DIY: 13번 스폰지밥 (15cm 20cm)
881071392,SELLBLOG,NORMAL,아이들이 너무 좋아해서 두 번째 구매했어요. 보석 큐빅이라 시원해 보이고 아이들이 금방 요령이 생겨 즐겁게 잘하고 잘 치우기도 하니 좋네요.,2020-06-22T04:55:16.000+0000,STOREFARM,5,어린이 보석십자수 DIY 캐릭터 큐빅 비즈십자수 지니맘,지니맘 큐빅십자수  DIY: 7번 소녀2  (15cm 20cm)
891381095,SELLBLOG,NORMAL,아이가 좋아하네요. 예뻐요.,2020-07-07T14:05:21.000+0000,STOREFARM,5,어린이 보석십자수 DIY 캐릭터 큐빅 비즈십자수 지니맘,지니맘 큐빅십자수  DIY: 1번 유니콘  (15cm 20cm)
884882347,SELLBLOG,NORMAL,애들이 재밌어해요~ 예쁜작품이 나올것같아서 부지런히 작업중입니다~ ㅋㅋ,2020-06-27T23:42:20.000+0000,STOREFARM,5,어린이 보석십자수 DIY 캐릭터 큐빅 비즈십자수 지니맘,지니맘 큐빅십자수  DIY: 2번 보라유니콘  (15cm 20cm)
890138186,SELLBLOG,NORMAL,아직 시작은 안했지만 마음에 들어해요,2020-07-06T01:46:07.000+0000,STOREFARM,4,어린이 보석십자수 DIY 캐릭터 큐빅 비즈십자수 지니맘,지니맘 큐빅십자수  DIY: 16번 돌고래 (15cm 20cm)
892472804,SELLBLOG,NORMAL,심심할떄 시간떼우기용,2020-07-09T06:02:55.000+0000,STOREFARM,5,어린이 보석십자수 DIY 캐릭터 큐빅 비즈십자수 지니맘,지니맘 큐빅십자수  DIY: 14번 부엉이 (15cm 20cm)
878548296,SELLBLOG,AFTER_USE,붙이기 편하고 재미있어요,2020-06-18T05:24:04.000+0000,STOREFARM,4,어린이 보석십자수 DIY 캐릭터 큐빅 비즈십자수 지니맘,지니맘 큐빅십자수  DIY: 22번 부엉이 (15cm 20cm)
887732287,SELLBLOG,AFTER_USE,아들이 엄청좋아하네요 집중력에굿굿,2020-07-02T08:01:44.000+0000,STOREFARM,5,어린이 보석십자수 DIY 캐릭터 큐빅 비즈십자수 지니맘,지니맘 큐빅십자수  DIY: 17번 가면 (15cm 20cm)
879466726,SELLBLOG,NORMAL,아이들이 좋아해요 예쁘네요,2020-06-19T09:25:15.000+0000,STOREFARM,5,어린이 보석십자수 DIY 캐릭터 큐빅 비즈십자수 지니맘,지니맘 큐빅십자수  DIY: 22번 부엉이 (15cm 20cm)
887363436,SELLBLOG,AFTER_USE,코로나로 집에만 있으니 심심하여 아이들과함께하려고 샀어요,2020-07-01T22:11:33.000+0000,STOREFARM,4,어린이 보석십자수 DIY 캐릭터 큐빅 비즈십자수 지니맘,지니맘 큐빅십자수  DIY: 10번 안경토끼  (15cm 20cm)
874851361,SELLBLOG,NORMAL,딸아이사주었어요 좋아했음좋겠네요,2020-06-12T15:28:37.000+0000,STOREFARM,4,어린이 보석십자수 DIY 캐릭터 큐빅 비즈십자수 지니맘,지니맘 큐빅십자수  DIY: 23번 사자 (15cm 20cm)
890790812,SELLBLOG,NORMAL,이쁘고 5살 아이도 할 수 있어 좋습니다.,2020-07-07T00:50:50.000+0000,STOREFARM,5,어린이 보석십자수 DIY 캐릭터 큐빅 비즈십자수 지니맘,지니맘 큐빅십자수  DIY: 1번 유니콘  (15cm 20cm)
886820826,SELLBLOG,NORMAL,"아이와즐겁게 잘하고 있어요^^

/배송도 빠릅니다",2020-07-01T03:45:46.000+0000,STOREFARM,5,어린이 보석십자수 DIY 캐릭터 큐빅 비즈십자수 지니맘,지니맘 큐빅십자수  DIY: 3번 분홍사슴 (15cm 20cm)
893468420,SELLBLOG,NORMAL,아이가 너무 좋아해요^^,2020-07-10T11:27:50.000+0000,STOREFARM,5,어린이 보석십자수 DIY 캐릭터 큐빅 비즈십자수 지니맘,지니맘 큐빅십자수  DIY: 8번 꽃사슴 (15cm 20cm)
866292360,SELLBLOG,NORMAL,"남자아이도 차분하게 할 수 있는 재미난 활동이네요
완성품도 너무너무 이뻐요",2020-05-30T14:09:05.000+0000,STOREFARM,5,어린이 보석십자수 DIY 캐릭터 큐빅 비즈십자수 지니맘,지니맘 큐빅십자수  DIY: 4번 홍학 (15cm 20cm)
887936786,SELLBLOG,NORMAL,"좋아요.
완성하면 다른걸로
다시 사줄려구요^^~~",2020-07-02T12:49:10.000+0000,STOREFARM,5,어린이 보석십자수 DIY 캐릭터 큐빅 비즈십자수 지니맘,지니맘 큐빅십자수  DIY: 2번 보라유니콘  (15cm 20cm)
874753602,SELLBLOG,NORMAL,너무 좋아요. 재미있어해요. 굿 입니다.,2020-06-12T12:32:08.000+0000,STOREFARM,5,어린이 보석십자수 DIY 캐릭터 큐빅 비즈십자수 지니맘,지니맘 큐빅십자수  DIY: 7번 소녀2  (15cm 20cm)
874753369,SELLBLOG,NORMAL,너무 좋아요. 재미있어해요. 굿 입니다.,2020-06-12T12:31:48.000+0000,STOREFARM,5,어린이 보석십자수 DIY 캐릭터 큐빅 비즈십자수 지니맘,지니맘 큐빅십자수  DIY: 16번 별  (15cm 20cm)
874753178,SELLBLOG,NORMAL,너무 좋아요. 재미있어해요. 굿 입니다.,2020-06-12T12:31:29.000+0000,STOREFARM,5,어린이 보석십자수 DIY 캐릭터 큐빅 비즈십자수 지니맘,지니맘 큐빅십자수  DIY: 14번 슈퍼맨 (15cm 20cm)
874752749,SELLBLOG,NORMAL,너무 좋아요. 재미있어해요. 굿 입니다.,2020-06-12T12:30:50.000+0000,STOREFARM,5,어린이 보석십자수 DIY 캐릭터 큐빅 비즈십자수 지니맘,지니맘 큐빅십자수  DIY: 20번 거미 (15cm 20cm)
892132410,SELLBLOG,NORMAL,아이들이좋아 하네요,2020-07-08T15:11:02.000+0000,STOREFARM,5,어린이 보석십자수 DIY 캐릭터 큐빅 비즈십자수 지니맘,지니맘 큐빅십자수  DIY: 20번 거미 (15cm 20cm)
892132176,SELLBLOG,NORMAL,우리딸 너무 좋아해요,2020-07-08T15:10:27.000+0000,STOREFARM,5,어린이 보석십자수 DIY 캐릭터 큐빅 비즈십자수 지니맘,지니맘 큐빅십자수  DIY: 9번 겨울사슴 (15cm 20cm)
875028937,SELLBLOG,NORMAL,아이가 집에 있는 시간이 많은데 혼자서 잘합니다.,2020-06-13T02:48:27.000+0000,STOREFARM,5,어린이 보석십자수 DIY 캐릭터 큐빅 비즈십자수 지니맘,지니맘 큐빅십자수  DIY: 21번 별유니콘 (15cm 20cm)
876988579,SELLBLOG,NORMAL,좋아요~~아이가 잘 해요,2020-06-16T05:11:12.000+0000,STOREFARM,5,어린이 보석십자수 DIY 캐릭터 큐빅 비즈십자수 지니맘,지니맘 큐빅십자수  DIY: 22번 부엉이 (15cm 20cm)
889245429,SELLBLOG,NORMAL,저렴하게 잘 샀어요.. 번창하셔요,2020-07-04T08:29:54.000+0000,STOREFARM,5,어린이 보석십자수 DIY 캐릭터 큐빅 비즈십자수 지니맘,지니맘 큐빅십자수  DIY: 10번 안경토끼  (15cm 20cm)
889245369,SELLBLOG,NORMAL,저렴하게 잘 샀어요.. 번창하셔요,2020-07-04T08:29:48.000+0000,STOREFARM,5,어린이 보석십자수 DIY 캐릭터 큐빅 비즈십자수 지니맘,지니맘 큐빅십자수  DIY: 23번 사자 (15cm 20cm)
889245303,SELLBLOG,NORMAL,저렴하게 잘 샀어요.. 번창하셔요,2020-07-04T08:29:41.000+0000,STOREFARM,5,어린이 보석십자수 DIY 캐릭터 큐빅 비즈십자수 지니맘,지니맘 큐빅십자수  DIY: 13번 스폰지밥 (15cm 20cm)
887363271,SELLBLOG,AFTER_USE,코로나로 집에만 있으니 심심해서 아이들과 할려고 샀어요~,2020-07-01T22:10:52.000+0000,STOREFARM,4,어린이 보석십자수 DIY 캐릭터 큐빅 비즈십자수 지니맘,지니맘 큐빅십자수  DIY: 12번 슈퍼마리오 (15cm 20cm)
884130978,SELLBLOG,NORMAL,두번째 구매에요!배송도 빠르고 애들이 집중해서 잘하드라구요^^,2020-06-26T11:30:10.000+0000,STOREFARM,5,어린이 보석십자수 DIY 캐릭터 큐빅 비즈십자수 지니맘,지니맘 큐빅십자수  DIY: 24번 돌고래 (15cm 20cm)
884130739,SELLBLOG,NORMAL,두번째 구매에요! 배송도 빠르고 애들이 집중해서 잘하드라구요^^,2020-06-26T11:29:44.000+0000,STOREFARM,5,어린이 보석십자수 DIY 캐릭터 큐빅 비즈십자수 지니맘,지니맘 큐빅십자수  DIY: 9번 겨울사슴 (15cm 20cm)
884130469,SELLBLOG,NORMAL,두번째 구매에요!배송도 빠르고 애들이 집중해서 잘하드라구요^^,2020-06-26T11:29:19.000+0000,STOREFARM,5,어린이 보석십자수 DIY 캐릭터 큐빅 비즈십자수 지니맘,지니맘 큐빅십자수  DIY: 3번 분홍사슴 (15cm 20cm)
885363972,SELLBLOG,NORMAL,"잘받았어요
아이가너무 재미있어하네요
재구매할께용^^",2020-06-28T22:11:13.000+0000,STOREFARM,5,어린이 보석십자수 DIY 캐릭터 큐빅 비즈십자수 지니맘,지니맘 큐빅십자수  DIY: 21번 별유니콘 (15cm 20cm)
874851142,SELLBLOG,NORMAL,아직개봉던이지만 딸아이가좋아했음좋겠네요,2020-06-12T15:28:03.000+0000,STOREFARM,4,어린이 보석십자수 DIY 캐릭터 큐빅 비즈십자수 지니맘,지니맘 큐빅십자수  DIY: 8번 꽃사슴 (15cm 20cm)
875114193,SELLBLOG,AFTER_USE,아이가 좋아합니다 다 한 뒤 세워두니 예뻐요,2020-06-13T05:15:04.000+0000,STOREFARM,5,어린이 보석십자수 DIY 캐릭터 큐빅 비즈십자수 지니맘,지니맘 큐빅십자수  DIY: 8번 꽃사슴 (15cm 20cm)
875113106,SELLBLOG,AFTER_USE,아이가 좋아합니다 다 한 뒤 세워두니 예뻐요,2020-06-13T05:13:21.000+0000,STOREFARM,5,어린이 보석십자수 DIY 캐릭터 큐빅 비즈십자수 지니맘,지니맘 큐빅십자수  DIY: 1번 유니콘  (15cm 20cm)
875112406,SELLBLOG,AFTER_USE,아이가 좋아합니다 다 한 뒤 세워두니 예뻐요,2020-06-13T05:12:14.000+0000,STOREFARM,5,어린이 보석십자수 DIY 캐릭터 큐빅 비즈십자수 지니맘,지니맘 큐빅십자수  DIY: 21번 별유니콘 (15cm 20cm)
872630389,SELLBLOG,NORMAL,"시간 가는줄 모르고 만들었어요
반짝반짝
너무 이뻐요",2020-06-09T23:58:30.000+0000,STOREFARM,5,어린이 보석십자수 DIY 캐릭터 큐빅 비즈십자수 지니맘,지니맘 큐빅십자수  DIY: 22번 부엉이 (15cm 20cm)
890023003,SELLBLOG,AFTER_USE,가격대비 조금 아쉬움이 있네요,2020-07-05T22:01:40.000+0000,STOREFARM,3,어린이 보석십자수 DIY 캐릭터 큐빅 비즈십자수 지니맘 (입고완료),지니맘 큐빅십자수  DIY: 22번 부엉이 (15cm 20cm)
890791195,SELLBLOG,NORMAL,비즈가 크고 굉장히 이쁩니다.,2020-07-07T00:51:20.000+0000,STOREFARM,5,어린이 보석십자수 DIY 캐릭터 큐빅 비즈십자수 지니맘,지니맘 큐빅십자수  DIY: 13번 별유니콘 (15cm 20cm)
881072196,SELLBLOG,NORMAL,초1도 잘 하고 잘 치워서 좋아요 ㅎㅎ 두 번째 구매했어요~ 보석 큐빅이라 시원해 보이고 큐빅도 여유있게 들어있어서 좋아요,2020-06-22T04:56:25.000+0000,STOREFARM,5,어린이 보석십자수 DIY 캐릭터 큐빅 비즈십자수 지니맘,지니맘 큐빅십자수  DIY: 8번 꽃사슴 (15cm 20cm)
887391153,SELLBLOG,NORMAL,아이들이 좋아하고 큰 사이즈에 비해 비즈가 큰편이네요,2020-07-01T23:31:06.000+0000,STOREFARM,5,어린이 보석십자수 DIY 캐릭터 큐빅 비즈십자수 지니맘,지니맘 큐빅십자수  DIY: 21번 별유니콘 (15cm 20cm)
906497297,SELLBLOG,NORMAL,좋아요좋아요좋아요좋아요,2020-07-30T22:24:42.000+0000,STOREFARM,3,어린이 보석십자수 DIY 캐릭터 큐빅 비즈십자수 지니맘,지니맘 큐빅십자수  DIY: 13번 별유니콘 (15cm 20cm)
890683429,SELLBLOG,NORMAL,초딩딸이 아주 좋아해요,2020-07-06T14:57:53.000+0000,STOREFARM,5,어린이 보석십자수 DIY 캐릭터 큐빅 비즈십자수 지니맘,지니맘 큐빅십자수  DIY: 1번 유니콘  (15cm 20cm)
885328715,SELLBLOG,AFTER_USE,"품절이 많아 주문이 어려웠으나 디자인이 다양하고
만들어 놓으니 넘 예쁘네요
아이가 좋아해요~",2020-06-28T16:11:45.000+0000,STOREFARM,5,어린이 보석십자수 DIY 캐릭터 큐빅 비즈십자수 지니맘,지니맘 큐빅십자수  DIY: 22번 부엉이 (15cm 20cm)
885328670,SELLBLOG,AFTER_USE,"품절이 많아 주문이 어려웠으나 디자인이 다양하고
만들어 놓으니 넘 예쁘네요
아이가 좋아해요~",2020-06-28T16:11:36.000+0000,STOREFARM,5,어린이 보석십자수 DIY 캐릭터 큐빅 비즈십자수 지니맘,지니맘 큐빅십자수  DIY: 1번 유니콘  (15cm 20cm)
878371072,SELLBLOG,AFTER_USE,아이가 좋아합니다.,2020-06-18T01:01:38.000+0000,STOREFARM,4,어린이 보석십자수 DIY 캐릭터 큐빅 비즈십자수 지니맘(입고완료),지니맘 큐빅십자수  DIY: 12번 슈퍼마리오 (15cm 20cm)
891959344,SELLBLOG,NORMAL,예뻐요...^^ 만족!!,2020-07-08T11:00:54.000+0000,STOREFARM,5,어린이 보석십자수 DIY 캐릭터 큐빅 비즈십자수 지니맘,지니맘 큐빅십자수  DIY: 12번 슈퍼마리오 (15cm 20cm)
870454325,SELLBLOG,NORMAL,"정말 순식간에 다 만들었어요..
또 사달라 하더라구요.
또 두문하겠습니다.^^",2020-06-06T05:35:10.000+0000,STOREFARM,5,어린이 보석십자수 DIY 캐릭터 큐빅 비즈십자수 지니맘,지니맘 큐빅십자수  DIY: 17번 가면 (15cm 20cm)
868336441,SELLBLOG,NORMAL,아이가 참 좋아합니다.초4학년 하긴 딱이네요 어렵지도안고 완성품입니다.,2020-06-03T03:54:56.000+0000,STOREFARM,3,어린이 보석십자수 DIY 캐릭터 큐빅 비즈십자수 지니맘,지니맘 큐빅십자수  DIY: 11번 클로버 (15cm 20cm)
865415507,SELLBLOG,AFTER_USE,"이쁘네요
왼쪽 맨위에 조그맣게 프린트 되어있는 부분이 없었으면 좋겠어요 코팅 벗겨질까봐 자르지도 못하고 좀 그래요",2020-05-29T04:00:13.000+0000,STOREFARM,5,어린이 보석십자수 DIY 캐릭터 큐빅 비즈십자수 지니맘,지니맘 큐빅십자수  DIY: 26번 돌고래(15cm 20cm)
874297173,SELLBLOG,NORMAL,두번째 주문. 초1 여아 잼있게 해요. 요즘 다른 곳에서는 십자수알을 펜으로 잘 찍을 있게 반짝이는 면이 위로 오게 쫙 펼지게 해주는 그릇? 같은것도 나왔던데 그걸로 보내주심 더 좋을듯 하네요.,2020-06-12T01:39:33.000+0000,STOREFARM,4,어린이 보석십자수 DIY 캐릭터 큐빅 비즈십자수 지니맘,지니맘 큐빅십자수  DIY: 11번 클로버 (15cm 20cm)
890776179,SELLBLOG,NORMAL,딸아이가 넘 좋아하네요^^,2020-07-07T00:27:14.000+0000,STOREFARM,5,어린이 보석십자수 DIY 캐릭터 큐빅 비즈십자수 지니맘,지니맘 큐빅십자수  DIY: 1번 유니콘  (15cm 20cm)
886821041,SELLBLOG,NORMAL,"넉넉히 큐빅이있어서 잘완성하였습니다

감사합니다",2020-07-01T03:46:11.000+0000,STOREFARM,5,어린이 보석십자수 DIY 캐릭터 큐빅 비즈십자수 지니맘,지니맘 큐빅십자수  DIY: 1번 유니콘  (15cm 20cm)
865632219,SELLBLOG,NORMAL,"딸아이가 너무 좋아해요~^^
다 만들고 추가 구매 했습니다
하나씩 만들어서 20개 만들꺼라는 우리딸~
집에서 시간 보내기 너무 좋네요^^",2020-05-29T09:50:19.000+0000,STOREFARM,5,어린이 보석십자수 DIY 캐릭터 큐빅 비즈십자수 지니맘,지니맘 큐빅십자수  DIY: 7번 소녀2  (15cm 20cm)
874828937,SELLBLOG,NORMAL,아들래미랑 같이했는데 재밌네요 또 살게요,2020-06-12T14:38:14.000+0000,STOREFARM,5,어린이 보석십자수 DIY 캐릭터 큐빅 비즈십자수 지니맘,지니맘 큐빅십자수  DIY: 1번 유니콘  (15cm 20cm)
905264402,SELLBLOG,NORMAL,좋아요 좋아요 좋아요 좋아요 좋아요 좋아요,2020-07-29T01:19:24.000+0000,STOREFARM,5,어린이 보석십자수 DIY 캐릭터 큐빅 비즈십자수 지니맘,지니맘 큐빅십자수  DIY: 15번 사자 (15cm 20cm)
884779070,SELLBLOG,NORMAL,완성해 놓으니 정말 예뻐서 인테리어 소품으로 이용해도 될것 같아요,2020-06-27T14:17:42.000+0000,STOREFARM,5,어린이 보석십자수 DIY 캐릭터 큐빅 비즈십자수 지니맘,지니맘 큐빅십자수  DIY: 9번 겨울사슴 (15cm 20cm)
885850128,SELLBLOG,NORMAL,아이가 좋아해요ㅋ 만족합니다,2020-06-29T12:49:43.000+0000,STOREFARM,4,어린이 보석십자수 DIY 캐릭터 큐빅 비즈십자수 지니맘,지니맘 큐빅십자수  DIY: 21번 별유니콘 (15cm 20cm)
888018795,SELLBLOG,NORMAL,아이들이 좋아해서 재구매 했습니다,2020-07-02T14:29:04.000+0000,STOREFARM,5,어린이 보석십자수 DIY 캐릭터 큐빅 비즈십자수 지니맘,지니맘 큐빅십자수  DIY: 1번 유니콘  (15cm 20cm)
888018708,SELLBLOG,NORMAL,아이들이 좋아해서 재구매 했습니다,2020-07-02T14:28:58.000+0000,STOREFARM,5,어린이 보석십자수 DIY 캐릭터 큐빅 비즈십자수 지니맘,지니맘 큐빅십자수  DIY: 2번 보라유니콘  (15cm 20cm)
867133292,SELLBLOG,NORMAL,"아이가 집중해서 잘해요.
거기에 보석이 디게 예뻐요.
다하면 또 구입할거예요~^^",2020-06-01T06:51:30.000+0000,STOREFARM,5,어린이 보석십자수 DIY 캐릭터 큐빅 비즈십자수 지니맘,지니맘 큐빅십자수  DIY: 21번 별유니콘 (15cm 20cm)
875029777,SELLBLOG,NORMAL,귀엽고 예뻐서 아이도 좋아합니다.,2020-06-13T02:49:50.000+0000,STOREFARM,5,어린이 보석십자수 DIY 캐릭터 큐빅 비즈십자수 지니맘,지니맘 큐빅십자수  DIY: 2번 보라유니콘  (15cm 20cm)
873792046,SELLBLOG,NORMAL,초등생 딸이 넘 좋아해서 하루종일 하네요ㅎㅎ,2020-06-11T07:59:19.000+0000,STOREFARM,5,어린이 보석십자수 DIY 캐릭터 큐빅 비즈십자수 지니맘,지니맘 큐빅십자수  DIY: 8번 꽃사슴 (15cm 20cm)
884884672,SELLBLOG,NORMAL,"빠른배송 깔끔한포장
아기자기한 그림들 십자수 캐릭터
애들이 좋아해요",2020-06-27T23:50:04.000+0000,STOREFARM,5,어린이 보석십자수 DIY 캐릭터 큐빅 비즈십자수 지니맘,지니맘 큐빅십자수  DIY: 21번 별유니콘 (15cm 20cm)
887107625,SELLBLOG,NORMAL,아주 예뻐요.큐빅도 넉넉해요.,2020-07-01T10:53:45.000+0000,STOREFARM,5,어린이 보석십자수 DIY 캐릭터 큐빅 비즈십자수 지니맘,지니맘 큐빅십자수  DIY: 21번 별유니콘 (15cm 20cm)
887851282,SELLBLOG,NORMAL,조카들이 좋아해서 재구매했어요,2020-07-02T11:12:46.000+0000,STOREFARM,5,어린이 보석십자수 DIY 캐릭터 큐빅 비즈십자수 지니맘,지니맘 큐빅십자수  DIY: 2번 보라유니콘  (15cm 20cm)
887851021,SELLBLOG,NORMAL,조카들이 좋아해서 재구매했어요,2020-07-02T11:12:27.000+0000,STOREFARM,5,어린이 보석십자수 DIY 캐릭터 큐빅 비즈십자수 지니맘,지니맘 큐빅십자수  DIY: 7번 소녀2  (15cm 20cm)
864981027,SELLBLOG,NORMAL,"딸이 너무 기다리던 보석십자수 ...
코로나로 무료한 집안 활동에 너무 즐겁게 완성했어요
아이들과 집안에서 함께해 보세요  !!",2020-05-28T09:42:10.000+0000,STOREFARM,5,어린이 보석십자수 DIY 캐릭터 큐빅 비즈십자수 지니맘,지니맘 큐빅십자수  DIY: 13번 스폰지밥 (15cm 20cm)
884446231,SELLBLOG,NORMAL,"아이가 보석십자수가 하고싶다해서 주문해주었어오
재밌어하고 집중도 잘합니다",2020-06-27T04:07:22.000+0000,STOREFARM,5,어린이 보석십자수 DIY 캐릭터 큐빅 비즈십자수 지니맘,지니맘 큐빅십자수  DIY: 4번 홍학 (15cm 20cm)
887901473,SELLBLOG,NORMAL,보석이 넉넉하게와서 좋았습니다,2020-07-02T12:08:29.000+0000,STOREFARM,5,어린이 보석십자수 DIY 캐릭터 큐빅 비즈십자수 지니맘,지니맘 큐빅십자수  DIY: 3번 분홍사슴 (15cm 20cm)
887901236,SELLBLOG,NORMAL,보석이 넉넉하게 와서 좋았습니다,2020-07-02T12:08:13.000+0000,STOREFARM,5,어린이 보석십자수 DIY 캐릭터 큐빅 비즈십자수 지니맘,지니맘 큐빅십자수  DIY: 7번 소녀2  (15cm 20cm)
893667146,SELLBLOG,NORMAL,이쁘네요 ㅎ ㅎ ㅎ,2020-07-11T00:01:01.000+0000,STOREFARM,5,어린이 보석십자수 DIY 캐릭터 큐빅 비즈십자수 지니맘,지니맘 큐빅십자수  DIY: 14번 부엉이 (15cm 20cm)
870454684,SELLBLOG,NORMAL,"정말 순식간에 만들었어요..
또 사달라해서 또 주문하려구요..^^",2020-06-06T05:35:54.000+0000,STOREFARM,5,어린이 보석십자수 DIY 캐릭터 큐빅 비즈십자수 지니맘,지니맘 큐빅십자수  DIY: 20번 거미 (15cm 20cm)
880254266,SELLBLOG,NORMAL,아이가 해보고싶다해서 골라서 구입했는데 너무 좋앟하네요~담에는 좀더 어려운 타입을 골라 사주면 좋을것 같습니다^^,2020-06-20T15:49:18.000+0000,STOREFARM,5,어린이 보석십자수 DIY 캐릭터 큐빅 비즈십자수 지니맘,지니맘 큐빅십자수  DIY: 23번 사자 (15cm 20cm)
895105089,SELLBLOG,NORMAL,좋아요~~~~~~~,2020-07-13T05:15:22.000+0000,STOREFARM,5,어린이 보석십자수 DIY 캐릭터 큐빅 비즈십자수 지니맘,
888031708,SELLBLOG,NORMAL,"여러번 주문해여, 항상 만족합니다^^",2020-07-02T14:48:02.000+0000,STOREFARM,5,어린이 보석십자수 DIY 캐릭터 큐빅 비즈십자수 지니맘,지니맘 큐빅십자수  DIY: 1번 유니콘  (15cm 20cm)
885384200,SELLBLOG,NORMAL,배송 빠르고 아이들이 집중해서 잼나게 하네요,2020-06-28T23:24:38.000+0000,STOREFARM,5,어린이 보석십자수 DIY 캐릭터 큐빅 비즈십자수 지니맘,지니맘 큐빅십자수  DIY: 17번 가면 (15cm 20cm)
872576207,SELLBLOG,AFTER_USE,재미있어요. 아이가 좋아해요.,2020-06-09T21:15:56.000+0000,STOREFARM,5,어린이 보석십자수 DIY 캐릭터 큐빅 비즈십자수 지니맘,지니맘 큐빅십자수  DIY: 21번 별유니콘 (15cm 20cm)
895105343,SELLBLOG,NORMAL,좋아요~~~~~~~~~~,2020-07-13T05:15:38.000+0000,STOREFARM,5,어린이 보석십자수 DIY 캐릭터 큐빅 비즈십자수 지니맘,
886472495,SELLBLOG,NORMAL,힘들긴 하지만 만들고나서 뿌듯했어용,2020-06-30T12:44:20.000+0000,STOREFARM,5,어린이 보석십자수 DIY 캐릭터 큐빅 비즈십자수 지니맘,지니맘 큐빅십자수  DIY: 13번 스폰지밥 (15cm 20cm)
875029283,SELLBLOG,NORMAL,아이가 혼자서 잘하네요.,2020-06-13T02:49:00.000+0000,STOREFARM,5,어린이 보석십자수 DIY 캐릭터 큐빅 비즈십자수 지니맘,지니맘 큐빅십자수  DIY: 8번 꽃사슴 (15cm 20cm)
878412118,SELLBLOG,NORMAL,"아홉살 조카가 심심해하길래 사줬어요.
배송도 빠르고 좋아하네요.
완성하면  더 예쁠것 같아요",2020-06-18T01:59:23.000+0000,STOREFARM,5,어린이 보석십자수 DIY 캐릭터 큐빅 비즈십자수 지니맘,지니맘 큐빅십자수  DIY: 8번 꽃사슴 (15cm 20cm)
890789596,SELLBLOG,NORMAL,아이가 재미있다고 엵ㆍㅇ하네요,2020-07-07T00:49:18.000+0000,STOREFARM,3,어린이 보석십자수 DIY 캐릭터 큐빅 비즈십자수 지니맘,지니맘 큐빅십자수  DIY: 7번 소녀2  (15cm 20cm)
887732611,SELLBLOG,NORMAL,굿굿아들이 집중력에최고네요,2020-07-02T08:02:11.000+0000,STOREFARM,5,어린이 보석십자수 DIY 캐릭터 큐빅 비즈십자수 지니맘,지니맘 큐빅십자수  DIY: 18번 망치 (15cm 20cm)
895104775,SELLBLOG,NORMAL,좋아요~~~~~~~~~~~~~~~~~,2020-07-13T05:15:02.000+0000,STOREFARM,5,어린이 보석십자수 DIY 캐릭터 큐빅 비즈십자수 지니맘,
874299286,SELLBLOG,NORMAL,초1 여아 좋아합니다. 알도 충분히 들어있어서 남은 알들은 딸아이가 그림 그리고 양면테잎 붙여서 그 위에 붙이네요. 가격이 조금만 더 저렴했으면 더 좋겠어요.,2020-06-12T01:42:25.000+0000,STOREFARM,4,어린이 보석십자수 DIY 캐릭터 큐빅 비즈십자수 지니맘,지니맘 큐빅십자수  DIY: 21번 별유니콘 (15cm 20cm)
888776724,SELLBLOG,NORMAL,아이들이 너무 좋네요~,2020-07-03T12:23:54.000+0000,STOREFARM,5,어린이 보석십자수 DIY 캐릭터 큐빅 비즈십자수 지니맘,지니맘 큐빅십자수  DIY: 1번 유니콘  (15cm 20cm)
885194796,SELLBLOG,AFTER_USE,너무 금방끝나요... ㅋㅋㅋ 큰거 사세요,2020-06-28T11:29:26.000+0000,STOREFARM,3,어린이 보석십자수 DIY 캐릭터 큐빅 비즈십자수 지니맘(입고완료),지니맘 큐빅십자수  DIY: 11번 클로버 (15cm 20cm)
884884042,SELLBLOG,NORMAL,"깔금한 포장 빠른배송
만족합니다
사업 번창 하세요",2020-06-27T23:48:08.000+0000,STOREFARM,5,어린이 보석십자수 DIY 캐릭터 큐빅 비즈십자수 지니맘,지니맘 큐빅십자수  DIY: 8번 꽃사슴 (15cm 20cm)
881349454,SELLBLOG,NORMAL,"생각보다 잘 하네요
잘 하다가 불량으로 몇개 나오고는 
괜찮아요",2020-06-22T12:49:24.000+0000,STOREFARM,5,어린이 보석십자수 DIY 캐릭터 큐빅 비즈십자수 지니맘,지니맘 큐빅십자수  DIY: 10번 안경토끼  (15cm 20cm)
888644706,SELLBLOG,NORMAL,아이 좋아라해용 zbdueub djdj d d,2020-07-03T09:01:26.000+0000,STOREFARM,5,어린이 보석십자수 DIY 캐릭터 큐빅 비즈십자수 지니맘,지니맘 큐빅십자수  DIY: 21번 별유니콘 (15cm 20cm)
875557055,SELLBLOG,NORMAL,아이가 너무 좋아합니다. 보석큐빅이 너무 예쁘고 초1 아이도 혼자 할 수 있어 좋네요. 배송도 빠르고 같이 주문한 액자도 아주 맘에 듭니다,2020-06-13T23:23:26.000+0000,STOREFARM,5,어린이 보석십자수 DIY 캐릭터 큐빅 비즈십자수 지니맘,지니맘 큐빅십자수  DIY: 2번 보라유니콘  (15cm 20cm)
885245945,SELLBLOG,NORMAL,다양한 모양이 있어서 딸아이가 좋아해요,2020-06-28T13:07:37.000+0000,STOREFARM,5,어린이 보석십자수 DIY 캐릭터 큐빅 비즈십자수 지니맘,지니맘 큐빅십자수  DIY: 9번 겨울사슴 (15cm 20cm)
884312628,SELLBLOG,NORMAL,오늘 애들이랑 한건데 택배 받자부터 너무 좋아하네요~^^,2020-06-26T22:45:00.000+0000,STOREFARM,4,어린이 보석십자수 DIY 캐릭터 큐빅 비즈십자수 지니맘,지니맘 큐빅십자수  DIY: 1번 유니콘  (15cm 20cm)
887151840,SELLBLOG,NORMAL,아이들이 엄청 좋아해요,2020-07-01T11:53:20.000+0000,STOREFARM,5,어린이 보석십자수 DIY 캐릭터 큐빅 비즈십자수 지니맘,지니맘 큐빅십자수  DIY: 1번 유니콘  (15cm 20cm)
887151357,SELLBLOG,NORMAL,아이들이 엄청좋아해요,2020-07-01T11:52:43.000+0000,STOREFARM,5,어린이 보석십자수 DIY 캐릭터 큐빅 비즈십자수 지니맘,지니맘 큐빅십자수  DIY: 16번 돌고래 (15cm 20cm)
887483546,SELLBLOG,AFTER_USE,아이 사줬는데 좋아해요~,2020-07-02T02:02:15.000+0000,STOREFARM,5,어린이 보석십자수 DIY 캐릭터 큐빅 비즈십자수 지니맘,지니맘 큐빅십자수  DIY: 21번 별유니콘 (15cm 20cm)
887390984,SELLBLOG,NORMAL,아이들이 좋아하네요,2020-07-01T23:30:43.000+0000,STOREFARM,5,어린이 보석십자수 DIY 캐릭터 큐빅 비즈십자수 지니맘,지니맘 큐빅십자수  DIY: 22번 부엉이 (15cm 20cm)
884779323,SELLBLOG,NORMAL,예쁘고 만들기 어렵지 않아서 딸이 좋아해요,2020-06-27T14:18:14.000+0000,STOREFARM,5,어린이 보석십자수 DIY 캐릭터 큐빅 비즈십자수 지니맘,지니맘 큐빅십자수  DIY: 3번 분홍사슴 (15cm 20cm)
866212635,SELLBLOG,NORMAL,"아이가 하고 싶어해서 구입했어요
집중도 잘하고 흥미가 있어보여서 괜찮아요 ^^",2020-05-30T11:33:25.000+0000,STOREFARM,5,어린이 보석십자수 DIY 캐릭터 큐빅 비즈십자수 지니맘,지니맘 큐빅십자수  DIY: 1번 유니콘  (15cm 20cm)
883162508,SELLBLOG,AFTER_USE,예뻐요 6살 딸래미도 좋아합니다,2020-06-25T04:30:34.000+0000,STOREFARM,4,어린이 보석십자수 DIY 캐릭터 큐빅 비즈십자수 지니맘,지니맘 큐빅십자수  DIY: 22번 부엉이 (15cm 20cm)
881843888,SELLBLOG,NORMAL,너무 이뻐요~~ 아이들이 잼있어 하네요 또 주문할께요,2020-06-23T09:03:12.000+0000,STOREFARM,5,어린이 보석십자수 DIY 캐릭터 큐빅 비즈십자수 지니맘,지니맘 큐빅십자수  DIY: 17번 가면 (15cm 20cm)
860019322,SELLBLOG,NORMAL,"아이가 좋아해요~
금방 할것 같은데 큰걸로 다시 주문해야
겠어요~ 
배송은 주문후 다음날 받았어요~
빨간 왁스부분을 스틱으로 꾹 찍은 다음
하는 건데 설명서가 없어서 처음에
헤맸어요~",2020-05-20T05:01:33.000+0000,STOREFARM,4,어린이 보석십자수 DIY 캐릭터 큐빅 비즈십자수 지니맘,지니맘 큐빅십자수  DIY: 1번 유니콘  (15cm 20cm)
870267771,SELLBLOG,NORMAL,엄마하는거 따라하고싶어해 사줬더니 좋아하네요ㅎ,2020-06-05T19:01:57.000+0000,STOREFARM,5,어린이 보석십자수 DIY 캐릭터 큐빅 비즈십자수 지니맘,지니맘 큐빅십자수  DIY: 1번 유니콘  (15cm 20cm)
879907820,SELLBLOG,NORMAL,아이들이 너무 좋아해서 또 구매했어요. 빨리하고 또 사달라고 하네요,2020-06-20T05:14:42.000+0000,STOREFARM,5,어린이 보석십자수 DIY 캐릭터 큐빅 비즈십자수 지니맘,지니맘 큐빅십자수  DIY: 7번 소녀2  (15cm 20cm)
889094316,SELLBLOG,NORMAL,재밌게 잘 했어요 ~~,2020-07-04T04:10:30.000+0000,STOREFARM,5,어린이 보석십자수 DIY 캐릭터 큐빅 비즈십자수 지니맘,지니맘 큐빅십자수  DIY: 12번 슈퍼마리오 (15cm 20cm)
889094187,SELLBLOG,NORMAL,재밌게 잘 했어요 ~~,2020-07-04T04:10:14.000+0000,STOREFARM,5,어린이 보석십자수 DIY 캐릭터 큐빅 비즈십자수 지니맘,지니맘 큐빅십자수  DIY: 1번 유니콘  (15cm 20cm)
889094075,SELLBLOG,NORMAL,재밌게 잘 했어요 ~~,2020-07-04T04:10:01.000+0000,STOREFARM,5,어린이 보석십자수 DIY 캐릭터 큐빅 비즈십자수 지니맘,지니맘 큐빅십자수  DIY: 11번 클로버 (15cm 20cm)
878497560,SELLBLOG,NORMAL,"배송빠르고 . 구성품 다 만족이요 .
완성도 좋어요 애들 또 주문해줘야겠어요",2020-06-18T04:11:06.000+0000,STOREFARM,5,어린이 보석십자수 DIY 캐릭터 큐빅 비즈십자수 지니맘,지니맘 큐빅십자수  DIY: 1번 유니콘  (15cm 20cm)
861761756,SELLBLOG,NORMAL,시간가는줄모르고 3시간을 앉아서 열씨미 붙히더니 완성했네요~,2020-05-22T17:36:30.000+0000,STOREFARM,5,어린이 보석십자수 DIY 캐릭터 큐빅 비즈십자수 지니맘,지니맘 큐빅십자수  DIY: 9번 겨울사슴 (15cm 20cm)
887875265,SELLBLOG,NORMAL,아이가 너무 좋아해요^^,2020-07-02T11:40:33.000+0000,STOREFARM,5,어린이 보석십자수 DIY 캐릭터 큐빅 비즈십자수 지니맘,지니맘 큐빅십자수  DIY: 1번 유니콘  (15cm 20cm)
887874894,SELLBLOG,NORMAL,아이가 너무 좋아해요^^,2020-07-02T11:40:07.000+0000,STOREFARM,5,어린이 보석십자수 DIY 캐릭터 큐빅 비즈십자수 지니맘,지니맘 큐빅십자수  DIY: 21번 별유니콘 (15cm 20cm)
864980890,SELLBLOG,NORMAL,"일단 제품을 떠나서 배송이 4일걸렸어요,아이생각하면 후한정수 준거에요 ,",2020-05-28T09:41:59.000+0000,STOREFARM,1,어린이 보석십자수 DIY 캐릭터 큐빅 비즈십자수 지니맘,지니맘 큐빅십자수  DIY: 12번 슈퍼마리오 (15cm 20cm)
882180793,SELLBLOG,AFTER_USE,좋아요  가격도저렴하고  괜찮은것같아요,2020-06-23T19:26:32.000+0000,STOREFARM,5,어린이 보석십자수 DIY 캐릭터 큐빅 비즈십자수 지니맘,지니맘 큐빅십자수  DIY: 11번 클로버 (15cm 20cm)
865442290,SELLBLOG,NORMAL,"아이가 혼자서 잘 완성할수 있어요^^
액자까지 해서 아이방에 두니 이쁘네요",2020-05-29T04:45:10.000+0000,STOREFARM,5,어린이 보석십자수 DIY 캐릭터 큐빅 비즈십자수 지니맘,지니맘 큐빅십자수  DIY: 1번 유니콘  (15cm 20cm)
868649942,SELLBLOG,NORMAL,스폰지 밥 완성 후 재구매 해서 즐겁게 집콕 생활 활용 중입니다.,2020-06-03T11:05:22.000+0000,STOREFARM,5,어린이 보석십자수 DIY 캐릭터 큐빅 비즈십자수 지니맘,지니맘 큐빅십자수  DIY: 1번 유니콘  (15cm 20cm)
887504624,SELLBLOG,NORMAL,아이가 좋아 합니다.,2020-07-02T02:33:00.000+0000,STOREFARM,5,어린이 보석십자수 DIY 캐릭터 큐빅 비즈십자수 지니맘,지니맘 큐빅십자수  DIY: 8번 꽃사슴 (15cm 20cm)
876079292,SELLBLOG,NORMAL,"좋아요 딸 아이가 좋아하고 하루에 다 하려고 합니다
온라인 수업때문에 집에있는데 구매해 주니 너무 좋대요",2020-06-14T16:24:38.000+0000,STOREFARM,5,어린이 보석십자수 DIY 캐릭터 큐빅 비즈십자수 지니맘,지니맘 큐빅십자수  DIY: 10번 안경토끼  (15cm 20cm)
885155479,SELLBLOG,NORMAL,"잘 받았습니다.
빠른배송 감사합니다.",2020-06-28T10:02:07.000+0000,STOREFARM,5,어린이 보석십자수 DIY 캐릭터 큐빅 비즈십자수 지니맘,지니맘 큐빅십자수  DIY: 22번 부엉이 (15cm 20cm)
883779581,SELLBLOG,NORMAL,배송도 빠르고 편리하게 되어있고 예뻐요,2020-06-26T01:49:49.000+0000,STOREFARM,5,어린이 보석십자수 DIY 캐릭터 큐빅 비즈십자수 지니맘,지니맘 큐빅십자수  DIY: 1번 유니콘  (15cm 20cm)
883779470,SELLBLOG,NORMAL,배송도 빠르고 편리하게 되어있고 예뻐요,2020-06-26T01:49:40.000+0000,STOREFARM,5,어린이 보석십자수 DIY 캐릭터 큐빅 비즈십자수 지니맘,지니맘 큐빅십자수  DIY: 8번 꽃사슴 (15cm 20cm)
884882729,SELLBLOG,NORMAL,"남자아이도 집중하면서 곧잘하네요,^^",2020-06-27T23:43:37.000+0000,STOREFARM,5,어린이 보석십자수 DIY 캐릭터 큐빅 비즈십자수 지니맘,지니맘 큐빅십자수  DIY: 16번 별  (15cm 20cm)
883564295,SELLBLOG,NORMAL,"저렴하고 예쁘고 질 좋은 상품, 빠른 배송 감사합니다~^^",2020-06-25T13:52:07.000+0000,STOREFARM,5,어린이 보석십자수 DIY 캐릭터 큐빅 비즈십자수 지니맘,지니맘 큐빅십자수  DIY: 1번 유니콘  (15cm 20cm)
883564060,SELLBLOG,NORMAL,"저렴하고 예쁘고 질 좋은 상품, 빠른 배송 감사합니다~^^",2020-06-25T13:51:46.000+0000,STOREFARM,5,어린이 보석십자수 DIY 캐릭터 큐빅 비즈십자수 지니맘,지니맘 큐빅십자수  DIY: 21번 별유니콘 (15cm 20cm)
885269684,SELLBLOG,NORMAL,아이와 같이 재밌게 했어요,2020-06-28T13:50:56.000+0000,STOREFARM,5,어린이 보석십자수 DIY 캐릭터 큐빅 비즈십자수 지니맘,지니맘 큐빅십자수  DIY: 9번 겨울사슴 (15cm 20cm)
885269634,SELLBLOG,NORMAL,아이와 같이 재밌게 했어요,2020-06-28T13:50:50.000+0000,STOREFARM,5,어린이 보석십자수 DIY 캐릭터 큐빅 비즈십자수 지니맘,지니맘 큐빅십자수  DIY: 3번 분홍사슴 (15cm 20cm)
885269574,SELLBLOG,NORMAL,아이와 같이 재밌게 했어요,2020-06-28T13:50:44.000+0000,STOREFARM,5,어린이 보석십자수 DIY 캐릭터 큐빅 비즈십자수 지니맘,지니맘 큐빅십자수  DIY: 11번 클로버 (15cm 20cm)
887223755,SELLBLOG,NORMAL,아이들이좋아해요^^,2020-07-01T13:25:10.000+0000,STOREFARM,5,어린이 보석십자수 DIY 캐릭터 큐빅 비즈십자수 지니맘,지니맘 큐빅십자수  DIY: 21번 별유니콘 (15cm 20cm)
878087608,SELLBLOG,NORMAL,"생각보다 크구 큐빅이 많았어요ㅎㅎㅎ
7살아이는 같이해줬어요^^
다 해놓고나니 이뻐요",2020-06-17T12:10:38.000+0000,STOREFARM,4,어린이 보석십자수 DIY 캐릭터 큐빅 비즈십자수 지니맘,지니맘 큐빅십자수  DIY: 21번 별유니콘 (15cm 20cm)
885517299,SELLBLOG,NORMAL,아이가 아주 좋아합니다,2020-06-29T02:55:54.000+0000,STOREFARM,4,어린이 보석십자수 DIY 캐릭터 큐빅 비즈십자수 지니맘,지니맘 큐빅십자수  DIY: 10번 안경토끼  (15cm 20cm)
882180761,SELLBLOG,AFTER_USE,좋아요 잼있고   만족합니다.,2020-06-23T19:25:57.000+0000,STOREFARM,5,어린이 보석십자수 DIY 캐릭터 큐빅 비즈십자수 지니맘,지니맘 큐빅십자수  DIY: 20번 거미 (15cm 20cm)
862327011,SELLBLOG,NORMAL,앙들 선물 로 구매했는데 집중력에 너무좋은것 같고 너무 예쁜것 같아요 저희딸이 또 구매해주라고 하네요,2020-05-23T23:09:27.000+0000,STOREFARM,4,어린이 보석십자수 DIY 캐릭터 큐빅 비즈십자수 지니맘,지니맘 큐빅십자수  DIY: 1번 유니콘  (15cm 20cm)
860207620,SELLBLOG,AFTER_USE,집에 지내는 아이들 위해서 구매했는데 아이들 너무 좋아하네요. 기존에 있는 보석들과 달리 큐빅도 크고 반짝반짝해서 너무 예쁘네요. 이틀만에 후딱 완성했네요^^,2020-05-20T09:52:21.000+0000,STOREFARM,5,어린이 보석십자수 DIY 캐릭터 큐빅 비즈십자수 지니맘,지니맘 큐빅십자수  DIY: 21번 별유니콘 (15cm 20cm)
887224027,SELLBLOG,NORMAL,다시또 주문해요ㅋㅋ,2020-07-01T13:25:31.000+0000,STOREFARM,5,어린이 보석십자수 DIY 캐릭터 큐빅 비즈십자수 지니맘,지니맘 큐빅십자수  DIY: 3번 분홍사슴 (15cm 20cm)
856438448,SELLBLOG,NORMAL,"아이들이 너무좋아해요 하루종일 매달려서 완성하고 액자에 담으니 넘나 멋진 작품으로 변신👍👍
또 구매할 예정입니다",2020-05-13T23:45:55.000+0000,STOREFARM,5,어린이 보석십자수 DIY 캐릭터 큐빅 비즈십자수 지니맘(입고완료),지니맘 큐빅십자수  DIY: 1번 유니콘  (15cm 20cm)
869092229,SELLBLOG,NORMAL,아이 집중력향상에 도움이 되는거 같아요~,2020-06-04T03:54:10.000+0000,STOREFARM,5,어린이 보석십자수 DIY 캐릭터 큐빅 비즈십자수 지니맘,지니맘 큐빅십자수  DIY: 22번 부엉이 (15cm 20cm)
881844066,SELLBLOG,NORMAL,너무 이뻐요 제가 더 잼있네요ㅋ,2020-06-23T09:03:29.000+0000,STOREFARM,5,어린이 보석십자수 DIY 캐릭터 큐빅 비즈십자수 지니맘,지니맘 큐빅십자수  DIY: 22번 부엉이 (15cm 20cm)
847194301,SELLBLOG,NORMAL,딸이 너무 해보고싶다해서 어린이날 선물도 할 겸 몇개 구입해서 오자마자 한개 완성했는데~ 넘넘 좋아하네요. 액자에 꽂으니 작품이따로 없네용. 첫작품은 할머니 어버이날 선물로 드린다고 하네요. 생각보다 이쁘고 집중해서 할수있는 아이템 강추네요. 조카 선물하려고 포장백도 사서 넣었어요. 두세트 들어가니 딱이네요.,2020-04-28T13:07:27.000+0000,STOREFARM,5,어린이 보석십자수 DIY 캐릭터 큐빅 비즈십자수 지니맘(입고완료),지니맘 큐빅십자수  DIY: 1번 유니콘  (15cm 20cm)
847191271,SELLBLOG,NORMAL,딸이 너무 해보고싶다해서 어린이날 선물도 할 겸 몇개 구입해서 오자마자 한개 완성했는데~ 넘넘 좋아하네요. 액자에 꽂으니 작품이따로 없네용. 첫작품은 할머니 어버이날 선물로 드린다고 하네요. 생각보다 이쁘고 집중해서 할수있는 아이템 강추네요. 조카 선물하려고 포장백도 사서 넣었어요. 두세트 들어가니 딱이네요.,2020-04-28T13:03:53.000+0000,STOREFARM,5,어린이 보석십자수 DIY 캐릭터 큐빅 비즈십자수 지니맘(입고완료),지니맘 큐빅십자수  DIY: 2번 보라유니콘  (15cm 20cm)
866293270,SELLBLOG,NORMAL,"시간 가는 줄 모르게 손이 가네요
빤짝빤짝 이뻐요",2020-05-30T14:10:50.000+0000,STOREFARM,5,어린이 보석십자수 DIY 캐릭터 큐빅 비즈십자수 지니맘,지니맘 큐빅십자수  DIY: 5번  반짝이 사슴 (15cm 20cm)
878412569,SELLBLOG,NORMAL,"배송도 빠르고 좋아요
학교도 안가고 심심해해서 조카 사주었어요
매일 조금씩하면서 재밌어하네요",2020-06-18T02:00:03.000+0000,STOREFARM,5,어린이 보석십자수 DIY 캐릭터 큐빅 비즈십자수 지니맘,지니맘 큐빅십자수  DIY: 7번 소녀2  (15cm 20cm)
851073289,SELLBLOG,NORMAL,조카 어린이날 선물로 주문했는데 배송도 빠르게 잘 도착했어요. 아직 어리지만 혼자힘으로 이틀동안 집중하면서 완성한 사진을 보내줬는데 뿌듯하더라구요. 그림별로 하고싶다고 하네요ㅎ아이들 시간보내기.집중력 키우기. 액자에 넣어서 장식하기등 많은 장점이 있는 제품이에요.,2020-05-06T08:35:40.000+0000,STOREFARM,5,어린이 보석십자수 DIY 캐릭터 큐빅 비즈십자수 지니맘(입고완료),지니맘 큐빅십자수  DIY: 12번 슈퍼마리오 (15cm 20cm)
885269352,SELLBLOG,NORMAL,아이가 좋아하네요.,2020-06-28T13:50:21.000+0000,STOREFARM,5,어린이 보석십자수 DIY 캐릭터 큐빅 비즈십자수 지니맘,지니맘 큐빅십자수  DIY: 1번 유니콘  (15cm 20cm)
878715705,SELLBLOG,AFTER_USE,"초1선물영으러 샀ㄴ느데 너무 좋아하네요 
 떠 사달라고해서 언니가 추가구매해ㅛ데요!!",2020-06-18T09:06:59.000+0000,STOREFARM,5,어린이 보석십자수 DIY 캐릭터 큐빅 비즈십자수 지니맘,지니맘 큐빅십자수  DIY: 12번 슈퍼마리오 (15cm 20cm)
878715600,SELLBLOG,AFTER_USE,"초1선물영으러 샀ㄴ느데 너무 좋아하네요 
 떠 사달라고해서 언니가 추가구매해ㅛ데요!!",2020-06-18T09:06:48.000+0000,STOREFARM,5,어린이 보석십자수 DIY 캐릭터 큐빅 비즈십자수 지니맘,지니맘 큐빅십자수  DIY: 21번 별유니콘 (15cm 20cm)
885949682,SELLBLOG,NORMAL,"좋아요
잘사용할게요",2020-06-29T19:10:12.000+0000,STOREFARM,5,어린이 보석십자수 DIY 캐릭터 큐빅 비즈십자수 지니맘,지니맘 큐빅십자수  DIY: 21번 별유니콘 (15cm 20cm)
857138429,SELLBLOG,NORMAL,너무 귀엽고 이뻐요~~~ 받자마자 벌써 하나는 다해가네욬ㅋㅋㅋ 네잎크로바는 제일 마지막에 하려구요ㅋㅋㅋ감사합니다~~,2020-05-15T01:17:30.000+0000,STOREFARM,5,어린이 보석십자수 DIY 캐릭터 큐빅 비즈십자수 지니맘,지니맘 큐빅십자수  DIY: 4번 홍학 (15cm 20cm)
885712416,SELLBLOG,NORMAL,좋아요 이뻐요~~^^,2020-06-29T08:18:25.000+0000,STOREFARM,4,어린이 보석십자수 DIY 캐릭터 큐빅 비즈십자수 지니맘,지니맘 큐빅십자수  DIY: 1번 유니콘  (15cm 20cm)
879586235,SELLBLOG,NORMAL,비즈 크기도 다양하고 색도 반짝반짝 이뻐서인지 손에서 떼지않고 하네요,2020-06-19T12:40:14.000+0000,STOREFARM,5,어린이 보석십자수 DIY 캐릭터 큐빅 비즈십자수 지니맘,지니맘 큐빅십자수  DIY: 22번 부엉이 (15cm 20cm)
885712061,SELLBLOG,NORMAL,좋아요 이뻐요~~~^^,2020-06-29T08:17:47.000+0000,STOREFARM,4,어린이 보석십자수 DIY 캐릭터 큐빅 비즈십자수 지니맘,지니맘 큐빅십자수  DIY: 2번 보라유니콘  (15cm 20cm)
858518399,SELLBLOG,NORMAL,"아이가 좋아해요.액자늗 유리가 아니라 아크릴이네요.
비즈는 불량도 많지만 양이 매우 많아서 문제딀건 없어요. 완성하니까 반짝반짝 예뻐요.",2020-05-17T21:47:30.000+0000,STOREFARM,5,어린이 보석십자수 DIY 캐릭터 큐빅 비즈십자수 지니맘,지니맘 큐빅십자수  DIY: 9번 겨울사슴 (15cm 20cm)
882452563,SELLBLOG,NORMAL,배송도 빠르고 아이가 좋아하네요.,2020-06-24T05:03:00.000+0000,STOREFARM,4,어린이 보석십자수 DIY 캐릭터 큐빅 비즈십자수 지니맘,지니맘 큐빅십자수  DIY: 18번 망치 (15cm 20cm)
867618731,SELLBLOG,NORMAL,7살아이 혼자서 며칠만에 뚝딱 만들었네요,2020-06-02T05:05:53.000+0000,STOREFARM,4,어린이 보석십자수 DIY 캐릭터 큐빅 비즈십자수 지니맘,지니맘 큐빅십자수  DIY: 22번 부엉이 (15cm 20cm)
884006078,SELLBLOG,NORMAL,아이가 너무 좋아합니다.,2020-06-26T07:54:57.000+0000,STOREFARM,5,어린이 보석십자수 DIY 캐릭터 큐빅 비즈십자수 지니맘,지니맘 큐빅십자수  DIY: 2번 보라유니콘  (15cm 20cm)
867551341,SELLBLOG,AFTER_USE,큐빅도 풍성하고 여유분많아서 좋네요~,2020-06-02T03:06:37.000+0000,STOREFARM,5,어린이 보석십자수 DIY 캐릭터 큐빅 비즈십자수 지니맘(입고완료),지니맘 큐빅십자수  DIY: 1번 유니콘  (15cm 20cm)
880386733,SELLBLOG,NORMAL,"빠른배송 좋았구요

아이들이 채험하기 좋은 것 같아요",2020-06-21T02:22:25.000+0000,STOREFARM,4,어린이 보석십자수 DIY 캐릭터 큐빅 비즈십자수 지니맘,지니맘 큐빅십자수  DIY: 8번 꽃사슴 (15cm 20cm)
881308896,SELLBLOG,NORMAL,반짝반짝해서 눈이 부시기도 하네요,2020-06-22T11:34:34.000+0000,STOREFARM,5,어린이 보석십자수 DIY 캐릭터 큐빅 비즈십자수 지니맘,지니맘 큐빅십자수  DIY: 1번 유니콘  (15cm 20cm)
857139972,SELLBLOG,NORMAL,"귀엽고 이뻐요~~~ 하나는 만들어서 친구 주고, 나머지는 제가 가질거예요ㅋㅋㅋ 잘 만들께요~ 감사합니다~~~",2020-05-15T01:20:25.000+0000,STOREFARM,5,어린이 보석십자수 DIY 캐릭터 큐빅 비즈십자수 지니맘,지니맘 큐빅십자수  DIY: 24번 돌고래 (15cm 20cm)
857139559,SELLBLOG,NORMAL,"귀엽고 이뻐요~~~ 하나는 만들어서 친구 주고, 나머지는 제가 가질거예요ㅋㅋㅋ 잘 만들께요~ 감사합니다~~~",2020-05-15T01:19:40.000+0000,STOREFARM,5,어린이 보석십자수 DIY 캐릭터 큐빅 비즈십자수 지니맘,지니맘 큐빅십자수  DIY: 11번 클로버 (15cm 20cm)
865605397,SELLBLOG,NORMAL,배송이 빨라용~ 액자도 예쁩니다,2020-05-29T09:02:59.000+0000,STOREFARM,5,어린이 보석십자수 DIY 캐릭터 큐빅 비즈십자수 지니맘,지니맘 큐빅십자수  DIY: 12번 슈퍼마리오 (15cm 20cm)
880758373,SELLBLOG,NORMAL,"화면 그대로예요
아이들이 너무 좋아해요",2020-06-21T15:06:23.000+0000,STOREFARM,5,어린이 보석십자수 DIY 캐릭터 큐빅 비즈십자수 지니맘,지니맘 큐빅십자수  DIY: 3번 분홍사슴 (15cm 20cm)
881071331,SELLBLOG,NORMAL,8살 딸아이가 쉽게 하고 너무 좋아합니다,2020-06-22T04:55:11.000+0000,STOREFARM,5,어린이 보석십자수 DIY 캐릭터 큐빅 비즈십자수 지니맘,지니맘 큐빅십자수  DIY: 22번 부엉이 (15cm 20cm)
859680284,SELLBLOG,NORMAL,시간가는줄 모르고하게되는 중독성이있어요. 불량보석들이 좀있는데 완성하는데 모자라진않겠죠?,2020-05-19T13:41:54.000+0000,STOREFARM,5,어린이 보석십자수 DIY 캐릭터 큐빅 비즈십자수 지니맘,지니맘 큐빅십자수  DIY: 13번 스폰지밥 (15cm 20cm)
870498902,SELLBLOG,AFTER_USE,진짜 잘했어요 테이프가 좀더 보석있는 부분에만 붙어있음 좋겠어요 너무 아래쪽에 많이 붙어있어 손이 찰싹 달라붙어 힘들어요,2020-06-06T07:16:55.000+0000,STOREFARM,5,어린이 보석십자수 DIY 캐릭터 큐빅 비즈십자수 지니맘(입고완료),지니맘 큐빅십자수  DIY: 22번 부엉이 (15cm 20cm)
866177343,SELLBLOG,NORMAL,유니콘 너무 귀여워요~^^,2020-05-30T10:16:57.000+0000,STOREFARM,5,어린이 보석십자수 DIY 캐릭터 큐빅 비즈십자수 지니맘,지니맘 큐빅십자수  DIY: 1번 유니콘  (15cm 20cm)
882430574,SELLBLOG,NORMAL,딸아이가 정말 좋아해용,2020-06-24T04:32:11.000+0000,STOREFARM,5,어린이 보석십자수 DIY 캐릭터 큐빅 비즈십자수 지니맘,지니맘 큐빅십자수  DIY: 20번 거미 (15cm 20cm)
882148533,SELLBLOG,NORMAL,재밌어하네요수고하세요,2020-06-23T15:53:52.000+0000,STOREFARM,5,어린이 보석십자수 DIY 캐릭터 큐빅 비즈십자수 지니맘,지니맘 큐빅십자수  DIY: 21번 별유니콘 (15cm 20cm)
881064611,SELLBLOG,NORMAL,처음 구매했는데 아이가 좋아합니다.,2020-06-22T04:45:43.000+0000,STOREFARM,4,어린이 보석십자수 DIY 캐릭터 큐빅 비즈십자수 지니맘,지니맘 큐빅십자수  DIY: 8번 꽃사슴 (15cm 20cm)
881064505,SELLBLOG,NORMAL,처음 구매했는데 아이가 좋아합니다.,2020-06-22T04:45:34.000+0000,STOREFARM,4,어린이 보석십자수 DIY 캐릭터 큐빅 비즈십자수 지니맘,지니맘 큐빅십자수  DIY: 21번 별유니콘 (15cm 20cm)
881064417,SELLBLOG,NORMAL,처음 구매했는데 아이가 좋아합니다.,2020-06-22T04:45:28.000+0000,STOREFARM,4,어린이 보석십자수 DIY 캐릭터 큐빅 비즈십자수 지니맘,지니맘 큐빅십자수  DIY: 22번 부엉이 (15cm 20cm)
881064336,SELLBLOG,NORMAL,처음 구매했는데 아이가 좋아합니다.,2020-06-22T04:45:21.000+0000,STOREFARM,4,어린이 보석십자수 DIY 캐릭터 큐빅 비즈십자수 지니맘,지니맘 큐빅십자수  DIY: 1번 유니콘  (15cm 20cm)
881064061,SELLBLOG,NORMAL,처음 구매했는데 아이가 좋아합니다.,2020-06-22T04:44:58.000+0000,STOREFARM,4,어린이 보석십자수 DIY 캐릭터 큐빅 비즈십자수 지니맘,지니맘 큐빅십자수  DIY: 3번 분홍사슴 (15cm 20cm)
880783887,SELLBLOG,NORMAL,빠른배송과 아이들이 너무 좋아했어요^^,2020-06-21T16:30:07.000+0000,STOREFARM,5,어린이 보석십자수 DIY 캐릭터 큐빅 비즈십자수 지니맘,지니맘 큐빅십자수  DIY: 12번 슈퍼마리오 (15cm 20cm)
880783822,SELLBLOG,NORMAL,빠른 배송과 아이들이너무 좋아했어요 ^^,2020-06-21T16:29:47.000+0000,STOREFARM,5,어린이 보석십자수 DIY 캐릭터 큐빅 비즈십자수 지니맘,지니맘 큐빅십자수  DIY: 1번 유니콘  (15cm 20cm)
879165667,SELLBLOG,NORMAL,아이들이 좋아하고 완성 후엔 너무 예뻐서 뿌듯합니다^^,2020-06-19T02:07:13.000+0000,STOREFARM,5,어린이 보석십자수 DIY 캐릭터 큐빅 비즈십자수 지니맘,지니맘 큐빅십자수  DIY: 24번 돌고래 (15cm 20cm)
879165577,SELLBLOG,NORMAL,아이들이 좋아하고 완성 후엔 너무 예뻐서 뿌듯합니다^^,2020-06-19T02:07:05.000+0000,STOREFARM,5,어린이 보석십자수 DIY 캐릭터 큐빅 비즈십자수 지니맘,지니맘 큐빅십자수  DIY: 1번 유니콘  (15cm 20cm)
879165453,SELLBLOG,NORMAL,아이들이 좋아하고 완성 후엔 너무 예뻐서 뿌듯합니다^^,2020-06-19T02:06:56.000+0000,STOREFARM,5,어린이 보석십자수 DIY 캐릭터 큐빅 비즈십자수 지니맘,지니맘 큐빅십자수  DIY: 21번 별유니콘 (15cm 20cm)
879114316,SELLBLOG,NORMAL,색감도 예쁘고 초등아이가 하려고 샀는데 좋아하네요~~,2020-06-19T00:52:22.000+0000,STOREFARM,4,어린이 보석십자수 DIY 캐릭터 큐빅 비즈십자수 지니맘,지니맘 큐빅십자수  DIY: 22번 부엉이 (15cm 20cm)
858532231,SELLBLOG,NORMAL,"도안 코팅 되어 있어서 마무리 깔끔하고 반짝이도 정말 예뻐요.
아이가 작품 하나  하나 완성할  때마다 성취감 느끼네요.",2020-05-17T23:01:50.000+0000,STOREFARM,5,어린이 보석십자수 DIY 캐릭터 큐빅 비즈십자수 지니맘,지니맘 큐빅십자수  DIY: 6번 소녀1  (15cm 20cm)
881292031,SELLBLOG,AFTER_USE,액자로 해놓으면 작품이 돼요,2020-06-22T11:01:24.000+0000,STOREFARM,5,어린이 보석십자수 DIY 캐릭터 큐빅 비즈십자수 지니맘 (입고완료),지니맘 큐빅십자수  DIY: 8번 꽃사슴 (15cm 20cm)
880573166,SELLBLOG,AFTER_USE,또샀어요 이뻐요 만족,2020-06-21T08:55:34.000+0000,STOREFARM,5,어린이 보석십자수 DIY 캐릭터 큐빅 비즈십자수 지니맘,지니맘 큐빅십자수  DIY: 3번 분홍사슴 (15cm 20cm)
880573108,SELLBLOG,AFTER_USE,또샀어요 이뻐요 만족,2020-06-21T08:55:24.000+0000,STOREFARM,5,어린이 보석십자수 DIY 캐릭터 큐빅 비즈십자수 지니맘,지니맘 큐빅십자수  DIY: 21번 별유니콘 (15cm 20cm)
880572828,SELLBLOG,AFTER_USE,또샀어요 이뻐요 만족,2020-06-21T08:54:48.000+0000,STOREFARM,5,어린이 보석십자수 DIY 캐릭터 큐빅 비즈십자수 지니맘,지니맘 큐빅십자수  DIY: 6번 소녀1  (15cm 20cm)
880572764,SELLBLOG,AFTER_USE,또샀어요 이뻐요 만족,2020-06-21T08:54:40.000+0000,STOREFARM,5,어린이 보석십자수 DIY 캐릭터 큐빅 비즈십자수 지니맘,지니맘 큐빅십자수  DIY: 22번 부엉이 (15cm 20cm)
881291744,SELLBLOG,AFTER_USE,만들고 나면 뿌듯하고 예뻐요,2020-06-22T11:00:51.000+0000,STOREFARM,5,어린이 보석십자수 DIY 캐릭터 큐빅 비즈십자수 지니맘 (입고완료),지니맘 큐빅십자수  DIY: 1번 유니콘  (15cm 20cm)
881866349,SELLBLOG,NORMAL,애들이좋아합니다 최고,2020-06-23T09:35:09.000+0000,STOREFARM,5,어린이 보석십자수 DIY 캐릭터 큐빅 비즈십자수 지니맘,지니맘 큐빅십자수  DIY: 22번 부엉이 (15cm 20cm)
885202754,SELLBLOG,NORMAL,조아요.조아요.조아요,2020-06-28T11:45:36.000+0000,STOREFARM,5,어린이 보석십자수 DIY 캐릭터 큐빅 비즈십자수 지니맘,지니맘 큐빅십자수  DIY: 10번 안경토끼  (15cm 20cm)
885202277,SELLBLOG,NORMAL,조아요.조아요.조아요,2020-06-28T11:44:38.000+0000,STOREFARM,5,어린이 보석십자수 DIY 캐릭터 큐빅 비즈십자수 지니맘,지니맘 큐빅십자수  DIY: 24번 돌고래 (15cm 20cm)
885200750,SELLBLOG,NORMAL,좋아요.좋아요.좋아요,2020-06-28T11:41:36.000+0000,STOREFARM,5,어린이 보석십자수 DIY 캐릭터 큐빅 비즈십자수 지니맘,지니맘 큐빅십자수  DIY: 1번 유니콘  (15cm 20cm)
882674367,SELLBLOG,NORMAL,집중하게되서 좋아용ㅎ,2020-06-24T10:23:42.000+0000,STOREFARM,5,어린이 보석십자수 DIY 캐릭터 큐빅 비즈십자수 지니맘,지니맘 큐빅십자수  DIY: 22번 부엉이 (15cm 20cm)
881506487,SELLBLOG,NORMAL,아이가 좋아하내요 감사,2020-06-23T00:05:20.000+0000,STOREFARM,5,어린이 보석십자수 DIY 캐릭터 큐빅 비즈십자수 지니맘,지니맘 큐빅십자수  DIY: 2번 보라유니콘  (15cm 20cm)
871654386,SELLBLOG,AFTER_USE,"재미있어요~~
아이들이 하기에도 딱인 사이즈에요!!
비즈도 다양한 크기라 지루하지않아요",2020-06-08T12:09:09.000+0000,STOREFARM,5,어린이 보석십자수 DIY 캐릭터 큐빅 비즈십자수 지니맘,지니맘 큐빅십자수  DIY: 26번 돌고래(15cm 20cm)
881071045,SELLBLOG,NORMAL,8살 딸아이가 너무 좋아하네요,2020-06-22T04:54:43.000+0000,STOREFARM,5,어린이 보석십자수 DIY 캐릭터 큐빅 비즈십자수 지니맘,지니맘 큐빅십자수  DIY: 21번 별유니콘 (15cm 20cm)
867028456,SELLBLOG,NORMAL,보석이 반짝반짝해서 더 이뻐요~,2020-06-01T03:54:58.000+0000,STOREFARM,5,어린이 보석십자수 DIY 캐릭터 큐빅 비즈십자수 지니맘(입고완료),지니맘 큐빅십자수  DIY: 21번 별유니콘 (15cm 20cm)
858527719,SELLBLOG,NORMAL,"집콕인 요즘 애들에게 딱이네요
집중력도 짱좋네요
금방 완성하더라구요
재구매의사있습니다",2020-05-17T22:43:59.000+0000,STOREFARM,5,어린이 보석십자수 DIY 캐릭터 큐빅 비즈십자수 지니맘,지니맘 큐빅십자수  DIY: 3번 분홍사슴 (15cm 20cm)
882674024,SELLBLOG,NORMAL,아이가 너무좋아해용 ♡♡,2020-06-24T10:23:15.000+0000,STOREFARM,5,어린이 보석십자수 DIY 캐릭터 큐빅 비즈십자수 지니맘,지니맘 큐빅십자수  DIY: 1번 유니콘  (15cm 20cm)
847194978,SELLBLOG,NORMAL,딸이 너무 해보고싶다해서 어린이날 선물도 할 겸 몇개 구입해서 오자마자 한개 완성했는데~ 넘넘 좋아하네요. 액자에 꽂으니 작품이따로 없네용. 첫작품은 할머니 어버이날 선물로 드린다고 하네요. 생각보다 이쁘고 집중해서 할수있는 아이템 강추네요. 조카 선물하려고 포장백도 사서 넣었어요.남자 아이 선물로 토르망치 좋으네요. 두세트 들어가니 딱이네요.,2020-04-28T13:08:14.000+0000,STOREFARM,5,어린이 보석십자수 DIY 캐릭터 큐빅 비즈십자수 지니맘(입고완료),지니맘 큐빅십자수  DIY: 18번 망치 (15cm 20cm)
874032792,SELLBLOG,NORMAL,"애들이 심심하다고 사준건데 엄마도 잼있네요 
또사고 싶어요",2020-06-11T13:13:06.000+0000,STOREFARM,5,어린이 보석십자수 DIY 캐릭터 큐빅 비즈십자수 지니맘,지니맘 큐빅십자수  DIY: 4번 홍학 (15cm 20cm)
881553062,SELLBLOG,NORMAL,아이가 집중하며 잘해요~,2020-06-23T01:32:41.000+0000,STOREFARM,5,어린이 보석십자수 DIY 캐릭터 큐빅 비즈십자수 지니맘,지니맘 큐빅십자수  DIY: 1번 유니콘  (15cm 20cm)
880467497,SELLBLOG,NORMAL,배송빠르고아이가좋아해요,2020-06-21T05:08:27.000+0000,STOREFARM,5,어린이 보석십자수 DIY 캐릭터 큐빅 비즈십자수 지니맘,지니맘 큐빅십자수  DIY: 4번 홍학 (15cm 20cm)
879116305,SELLBLOG,NORMAL,배송도 빠르고 색감이 예뻐서 아이들이 좋아해요~,2020-06-19T00:55:20.000+0000,STOREFARM,4,어린이 보석십자수 DIY 캐릭터 큐빅 비즈십자수 지니맘,지니맘 큐빅십자수  DIY: 21번 별유니콘 (15cm 20cm)
866138343,SELLBLOG,NORMAL,배송 빠르고 제품도 마음에 들어요,2020-05-30T08:52:43.000+0000,STOREFARM,5,어린이 보석십자수 DIY 캐릭터 큐빅 비즈십자수 지니맘,지니맘 큐빅십자수  DIY: 20번 거미 (15cm 20cm)
878351036,SELLBLOG,NORMAL,"마음에들어요
잘사용할게요",2020-06-18T00:31:36.000+0000,STOREFARM,5,어린이 보석십자수 DIY 캐릭터 큐빅 비즈십자수 지니맘,지니맘 큐빅십자수  DIY: 1번 유니콘  (15cm 20cm)
861083209,SELLBLOG,AFTER_USE,아이들이 너무 좋아해요.  금방 끝나서  더 큰것으로 하고싶네요,2020-05-21T14:23:33.000+0000,STOREFARM,5,어린이 보석십자수 DIY 캐릭터 큐빅 비즈십자수 지니맘,지니맘 큐빅십자수  DIY: 7번 소녀2  (15cm 20cm)
880758049,SELLBLOG,NORMAL,아이들이 너무좋아하네요~,2020-06-21T15:05:28.000+0000,STOREFARM,5,어린이 보석십자수 DIY 캐릭터 큐빅 비즈십자수 지니맘,지니맘 큐빅십자수  DIY: 20번 거미 (15cm 20cm)
859956989,SELLBLOG,NORMAL,딸이 하고싶데서  사줬는데 너무좋아하네요  만들기도 쉽고 예쁘기도하네요,2020-05-20T03:12:47.000+0000,STOREFARM,4,어린이 보석십자수 DIY 캐릭터 큐빅 비즈십자수 지니맘,지니맘 큐빅십자수  DIY: 11번 클로버 (15cm 20cm)
868126797,SELLBLOG,AFTER_USE,아이가 넘 좋아하네요^^,2020-06-02T20:32:48.000+0000,STOREFARM,5,어린이 보석십자수 DIY 캐릭터 큐빅 비즈십자수 지니맘,지니맘 큐빅십자수  DIY: 20번 거미 (15cm 20cm)
876005825,SELLBLOG,AFTER_USE,아이가 좋아해요. 시간가는줄 모르고 했네요.,2020-06-14T13:42:57.000+0000,STOREFARM,5,어린이 보석십자수 DIY 캐릭터 큐빅 비즈십자수 지니맘(입고완료),지니맘 큐빅십자수  DIY: 1번 유니콘  (15cm 20cm)
876005741,SELLBLOG,AFTER_USE,아이가 좋아해요. 시간가는줄 모르고 했네요.,2020-06-14T13:42:48.000+0000,STOREFARM,5,어린이 보석십자수 DIY 캐릭터 큐빅 비즈십자수 지니맘(입고완료),지니맘 큐빅십자수  DIY: 24번 돌고래 (15cm 20cm)
863486529,SELLBLOG,NORMAL,코로나땜에 집콕인 딸램 선물로 사주니 넘 좋아해요 이쁘네요,2020-05-26T04:51:24.000+0000,STOREFARM,5,어린이 보석십자수 DIY 캐릭터 큐빅 비즈십자수 지니맘,지니맘 큐빅십자수  DIY: 1번 유니콘  (15cm 20cm)
880758574,SELLBLOG,NORMAL,아이들이 너무 좋아해요~,2020-06-21T15:06:56.000+0000,STOREFARM,5,어린이 보석십자수 DIY 캐릭터 큐빅 비즈십자수 지니맘,지니맘 큐빅십자수  DIY: 18번 망치 (15cm 20cm)
870632611,SELLBLOG,NORMAL,이전에 다른 캐릭터 구매했었는데 아이가 더 사달라고 해서 또 구입했네요~9살 여아에요~,2020-06-06T12:47:07.000+0000,STOREFARM,5,어린이 보석십자수 DIY 캐릭터 큐빅 비즈십자수 지니맘,지니맘 큐빅십자수  DIY: 4번 홍학 (15cm 20cm)
896292073,SELLBLOG,AFTER_USE,좋아영좋아영좋아영좋아영,2020-07-15T01:41:17.000+0000,STOREFARM,5,어린이 보석십자수 DIY 캐릭터 큐빅 비즈십자수 지니맘,지니맘 큐빅십자수  DIY: 2번 보라유니콘  (15cm 20cm)
896291788,SELLBLOG,AFTER_USE,좋아영좋아영좋아영좋아영,2020-07-15T01:40:49.000+0000,STOREFARM,5,어린이 보석십자수 DIY 캐릭터 큐빅 비즈십자수 지니맘,지니맘 큐빅십자수  DIY: 10번 안경토끼  (15cm 20cm)
880680490,SELLBLOG,NORMAL,빠른배송 감사합니다,2020-06-21T12:39:51.000+0000,STOREFARM,5,어린이 보석십자수 DIY 캐릭터 큐빅 비즈십자수 지니맘,지니맘 큐빅십자수  DIY: 16번 별  (15cm 20cm)
880680383,SELLBLOG,NORMAL,빠른배송 감사합니다,2020-06-21T12:39:39.000+0000,STOREFARM,5,어린이 보석십자수 DIY 캐릭터 큐빅 비즈십자수 지니맘,지니맘 큐빅십자수  DIY: 15번 베트맨 (15cm 20cm)
854588371,SELLBLOG,NORMAL,"코로나로 집에있는 시간이 길다보니 이것저것 보다가 요거 사줬는데 느무 좋아라하며 액자하나 뚝딱 완성하네요..

색감도 이쁘고 보석도 블링블링 이뻐요~",2020-05-11T08:59:55.000+0000,STOREFARM,5,어린이 보석십자수 DIY 캐릭터 큐빅 비즈십자수 지니맘,지니맘 큐빅십자수  DIY: 1번 유니콘  (15cm 20cm)
865498335,SELLBLOG,NORMAL,조카들 선물했는데 너무 좋아해요,2020-05-29T06:16:42.000+0000,STOREFARM,5,어린이 보석십자수 DIY 캐릭터 큐빅 비즈십자수 지니맘,지니맘 큐빅십자수  DIY: 8번 꽃사슴 (15cm 20cm)
881308674,SELLBLOG,NORMAL,아이가 너무 좋아해요!!,2020-06-22T11:34:10.000+0000,STOREFARM,5,어린이 보석십자수 DIY 캐릭터 큐빅 비즈십자수 지니맘,지니맘 큐빅십자수  DIY: 23번 사자 (15cm 20cm)
879821903,SELLBLOG,NORMAL,아이와 같이 잘하고 있어요,2020-06-20T02:36:13.000+0000,STOREFARM,5,어린이 보석십자수 DIY 캐릭터 큐빅 비즈십자수 지니맘,지니맘 큐빅십자수  DIY: 21번 별유니콘 (15cm 20cm)
880467161,SELLBLOG,NORMAL,애들이아주좋아해요예뻐요,2020-06-21T05:07:41.000+0000,STOREFARM,5,어린이 보석십자수 DIY 캐릭터 큐빅 비즈십자수 지니맘,지니맘 큐빅십자수  DIY: 1번 유니콘  (15cm 20cm)
879908182,SELLBLOG,NORMAL,아이들이 너무 좋아합니다,2020-06-20T05:15:22.000+0000,STOREFARM,5,어린이 보석십자수 DIY 캐릭터 큐빅 비즈십자수 지니맘,지니맘 큐빅십자수  DIY: 22번 부엉이 (15cm 20cm)
879908029,SELLBLOG,NORMAL,아이들이 너무 좋아합니다,2020-06-20T05:15:04.000+0000,STOREFARM,5,어린이 보석십자수 DIY 캐릭터 큐빅 비즈십자수 지니맘,지니맘 큐빅십자수  DIY: 20번 거미 (15cm 20cm)
863194499,SELLBLOG,NORMAL,"아이가 좋아해요 
벌써 여러개 했네요",2020-05-25T11:57:02.000+0000,STOREFARM,5,어린이 보석십자수 DIY 캐릭터 큐빅 비즈십자수 지니맘,지니맘 큐빅십자수  DIY: 11번 클로버 (15cm 20cm)
866139050,SELLBLOG,NORMAL,배송도 빠르고 제품도 마음에 듭니다,2020-05-30T08:54:09.000+0000,STOREFARM,5,어린이 보석십자수 DIY 캐릭터 큐빅 비즈십자수 지니맘,지니맘 큐빅십자수  DIY: 7번 소녀2  (15cm 20cm)
865769605,SELLBLOG,NORMAL,깔끔하게 포장되어있어서 좋았어요^^,2020-05-29T14:05:14.000+0000,STOREFARM,5,어린이 보석십자수 DIY 캐릭터 큐빅 비즈십자수 지니맘,지니맘 큐빅십자수  DIY: 7번 소녀2  (15cm 20cm)
847195259,SELLBLOG,NORMAL,딸이 너무 해보고싶다해서 어린이날 선물도 할 겸 몇개 구입해서 오자마자 한개 완성했는데~ 넘넘 좋아하네요. 액자에 꽂으니 작품이따로 없네용. 첫작품은 할머니 어버이날 선물로 드린다고 하네요. 생각보다 이쁘고 집중해서 할수있는 아이템 강추네요. 조카 선물하려고 포장백도 사서 넣었어요. 두세트 들어가니 딱이네요.,2020-04-28T13:08:34.000+0000,STOREFARM,5,어린이 보석십자수 DIY 캐릭터 큐빅 비즈십자수 지니맘(입고완료),지니맘 큐빅십자수  DIY: 9번 겨울사슴 (15cm 20cm)
853548029,SELLBLOG,NORMAL,"초4, 중1  아들 둘다 넘 좋아해요. 밤에 시작해서 이틀동안 완성했는데 목 아파했지만 사이즈 적당한것같고 금방 완성되니 엄청 뿌듯해 하네요.
바로 추가구매 했습니다.",2020-05-09T14:47:15.000+0000,STOREFARM,5,어린이 보석십자수 DIY 캐릭터 큐빅 비즈십자수 지니맘,지니맘 큐빅십자수  DIY: 11번 클로버 (15cm 20cm)
881228955,SELLBLOG,AFTER_USE,아이들이 너무너무 좋아했어요~~^^,2020-06-22T08:55:09.000+0000,STOREFARM,5,어린이 보석십자수 DIY 캐릭터 큐빅 비즈십자수 지니맘(입고완료),지니맘 큐빅십자수  DIY: 21번 별유니콘 (15cm 20cm)
881228778,SELLBLOG,AFTER_USE,아이들이 너무너무 좋아했어요~~^^,2020-06-22T08:54:49.000+0000,STOREFARM,5,어린이 보석십자수 DIY 캐릭터 큐빅 비즈십자수 지니맘(입고완료),지니맘 큐빅십자수  DIY: 22번 부엉이 (15cm 20cm)
873702840,SELLBLOG,NORMAL,애들이 넘 좋아하네요. 한참동안 가만히 앉아서했어요,2020-06-11T06:07:01.000+0000,STOREFARM,5,어린이 보석십자수 DIY 캐릭터 큐빅 비즈십자수 지니맘,지니맘 큐빅십자수  DIY: 10번 안경토끼  (15cm 20cm)
866139317,SELLBLOG,NORMAL,아이들이 너무 좋아합니다,2020-05-30T08:54:39.000+0000,STOREFARM,5,어린이 보석십자수 DIY 캐릭터 큐빅 비즈십자수 지니맘,지니맘 큐빅십자수  DIY: 21번 별유니콘 (15cm 20cm)
880467382,SELLBLOG,NORMAL,아이들이잘쓰네요좋아요,2020-06-21T05:08:11.000+0000,STOREFARM,5,어린이 보석십자수 DIY 캐릭터 큐빅 비즈십자수 지니맘,지니맘 큐빅십자수  DIY: 3번 분홍사슴 (15cm 20cm)
880467280,SELLBLOG,NORMAL,아이들이잘쓰네요좋아요,2020-06-21T05:07:58.000+0000,STOREFARM,5,어린이 보석십자수 DIY 캐릭터 큐빅 비즈십자수 지니맘,지니맘 큐빅십자수  DIY: 5번  반짝이 사슴 (15cm 20cm)
879890817,SELLBLOG,NORMAL,아이가 너무 좋아하네요,2020-06-20T04:43:55.000+0000,STOREFARM,5,어린이 보석십자수 DIY 캐릭터 큐빅 비즈십자수 지니맘,지니맘 큐빅십자수  DIY: 23번 사자 (15cm 20cm)
875409860,SELLBLOG,AFTER_USE,8세혼자 힘들지만 부모와함께 완성품을 보고 엄청 기뻐하네요,2020-06-13T13:08:00.000+0000,STOREFARM,4,어린이 보석십자수 DIY 캐릭터 큐빅 비즈십자수 지니맘(입고완료),지니맘 큐빅십자수  DIY: 20번 거미 (15cm 20cm)
862597723,SELLBLOG,AFTER_USE,"집중하고 이쁘다고좋아해서
주변지인들한테 추천해줬어요ㅎ",2020-05-24T10:37:54.000+0000,STOREFARM,5,어린이 보석십자수 DIY 캐릭터 큐빅 비즈십자수 지니맘,지니맘 큐빅십자수  DIY: 3번 분홍사슴 (15cm 20cm)
874249027,SELLBLOG,NORMAL,아이가 너무 좋아해요 집중해서 너무너무 잘하고잇어용~~,2020-06-12T00:28:44.000+0000,STOREFARM,5,어린이 보석십자수 DIY 캐릭터 큐빅 비즈십자수 지니맘,지니맘 큐빅십자수  DIY: 1번 유니콘  (15cm 20cm)
877159979,SELLBLOG,NORMAL,아이들이 너무 좋아합니다. 간편하고 좋아요,2020-06-16T09:14:31.000+0000,STOREFARM,4,어린이 보석십자수 DIY 캐릭터 큐빅 비즈십자수 지니맘,지니맘 큐빅십자수  DIY: 21번 별유니콘 (15cm 20cm)
879579243,SELLBLOG,NORMAL,아이들이정말좋아해요,2020-06-19T12:27:51.000+0000,STOREFARM,5,어린이 보석십자수 DIY 캐릭터 큐빅 비즈십자수 지니맘,지니맘 큐빅십자수  DIY: 7번 소녀2  (15cm 20cm)
864366949,SELLBLOG,NORMAL,초4 아이가 하기도 좋고 집에서 하기 딱 좋네요,2020-05-27T11:01:11.000+0000,STOREFARM,5,어린이 보석십자수 DIY 캐릭터 큐빅 비즈십자수 지니맘,지니맘 큐빅십자수  DIY: 21번 별유니콘 (15cm 20cm)
879579476,SELLBLOG,NORMAL,예쁘고 사용하기편해요,2020-06-19T12:28:13.000+0000,STOREFARM,5,어린이 보석십자수 DIY 캐릭터 큐빅 비즈십자수 지니맘,지니맘 큐빅십자수  DIY: 9번 겨울사슴 (15cm 20cm)
879579587,SELLBLOG,NORMAL,배송도 빠르고 제품도 만족합니다,2020-06-19T12:28:23.000+0000,STOREFARM,5,어린이 보석십자수 DIY 캐릭터 큐빅 비즈십자수 지니맘,지니맘 큐빅십자수  DIY: 24번 돌고래 (15cm 20cm)
863195088,SELLBLOG,NORMAL,"오배송 건이 있었지만 
빠르게 교환처리 해주셨어요",2020-05-25T11:58:11.000+0000,STOREFARM,5,어린이 보석십자수 DIY 캐릭터 큐빅 비즈십자수 지니맘,지니맘 큐빅십자수  DIY: 24번 돌고래 (15cm 20cm)
878497767,SELLBLOG,NORMAL,구성및 완성도 배송 모두 좋아요 !,2020-06-18T04:11:23.000+0000,STOREFARM,5,어린이 보석십자수 DIY 캐릭터 큐빅 비즈십자수 지니맘,지니맘 큐빅십자수  DIY: 12번 슈퍼마리오 (15cm 20cm)
859528821,SELLBLOG,NORMAL,"아이들과 즐겁게 했습니다~!
초등저학년까진 수월한것같습니다~!",2020-05-19T10:30:59.000+0000,STOREFARM,5,어린이 보석십자수 DIY 캐릭터 큐빅 비즈십자수 지니맘,지니맘 큐빅십자수  DIY: 24번 돌고래 (15cm 20cm)
859528392,SELLBLOG,NORMAL,"아이들과 즐겁게 했습니다~!
초등저학년까진 수월한것같습니다~!",2020-05-19T10:30:25.000+0000,STOREFARM,5,어린이 보석십자수 DIY 캐릭터 큐빅 비즈십자수 지니맘,지니맘 큐빅십자수  DIY: 12번 슈퍼마리오 (15cm 20cm)
859526375,SELLBLOG,NORMAL,"아이들과 즐겁게 했습니다~!
초등저학년까진 수월한것같습니다~!",2020-05-19T10:27:40.000+0000,STOREFARM,5,어린이 보석십자수 DIY 캐릭터 큐빅 비즈십자수 지니맘,지니맘 큐빅십자수  DIY: 17번 가면 (15cm 20cm)
859526024,SELLBLOG,NORMAL,"아이들과 즐겁게 했습니다~!
초등저학년까진 수월한것같습니다~!",2020-05-19T10:27:14.000+0000,STOREFARM,5,어린이 보석십자수 DIY 캐릭터 큐빅 비즈십자수 지니맘,지니맘 큐빅십자수  DIY: 1번 유니콘  (15cm 20cm)
879743823,SELLBLOG,NORMAL,아이가 넘 좋아합니다,2020-06-19T23:54:48.000+0000,STOREFARM,5,어린이 보석십자수 DIY 캐릭터 큐빅 비즈십자수 지니맘,지니맘 큐빅십자수  DIY: 21번 별유니콘 (15cm 20cm)
859282915,SELLBLOG,NORMAL,딸이 사달라고 해서 사줬는데 만족해요~ 배송도빠르고 좋아여,2020-05-19T04:25:44.000+0000,STOREFARM,5,어린이 보석십자수 DIY 캐릭터 큐빅 비즈십자수 지니맘,지니맘 큐빅십자수  DIY: 1번 유니콘  (15cm 20cm)
858294388,SELLBLOG,AFTER_USE,애들이 집중해서 잘 만들어 내네요. 액자에 보관하면 작품도 가능하겠네요.,2020-05-17T08:34:20.000+0000,STOREFARM,5,어린이 보석십자수 DIY 캐릭터 큐빅 비즈십자수 지니맘,지니맘 큐빅십자수  DIY: 12번 슈퍼마리오 (15cm 20cm)
864367459,SELLBLOG,NORMAL,집에서 심심했는데 아이가 좋아합니다.,2020-05-27T11:01:59.000+0000,STOREFARM,5,어린이 보석십자수 DIY 캐릭터 큐빅 비즈십자수 지니맘,지니맘 큐빅십자수  DIY: 13번 스폰지밥 (15cm 20cm)
857378207,SELLBLOG,NORMAL,"제가하는거보고아들이사달라고해서구매했어요
큼직큼직해서아이들이편하게할수있어요",2020-05-15T09:06:53.000+0000,STOREFARM,5,어린이 보석십자수 DIY 캐릭터 큐빅 비즈십자수 지니맘,지니맘 큐빅십자수  DIY: 20번 거미 (15cm 20cm)
867080458,SELLBLOG,AFTER_USE,"아이가 심심해해서 구매해 줬는데 잠깐만에 끝을 내내요^^
큰 작품 해보고 싶다해서 주문해 줄 생각이예요~
완성한 작품 보고
나름 만족도가 높은가봐요~",2020-06-01T05:22:10.000+0000,STOREFARM,5,어린이 보석십자수 DIY 캐릭터 큐빅 비즈십자수 지니맘 (입고완료),지니맘 큐빅십자수  DIY: 12번 슈퍼마리오 (15cm 20cm)
863697883,SELLBLOG,NORMAL,초등 4학년 여자아이인데 너무 좋아하네요,2020-05-26T10:46:04.000+0000,STOREFARM,5,어린이 보석십자수 DIY 캐릭터 큐빅 비즈십자수 지니맘,지니맘 큐빅십자수  DIY: 17번 가면 (15cm 20cm)
874248897,SELLBLOG,NORMAL,"아이가 너무 좋아해요~
집중해서 너무너무 잘하고있네용~~~^^",2020-06-12T00:28:29.000+0000,STOREFARM,5,어린이 보석십자수 DIY 캐릭터 큐빅 비즈십자수 지니맘,지니맘 큐빅십자수  DIY: 22번 부엉이 (15cm 20cm)
877160482,SELLBLOG,NORMAL,간편하고 이뻐서 아이들이 좋아합니다.,2020-06-16T09:15:14.000+0000,STOREFARM,5,어린이 보석십자수 DIY 캐릭터 큐빅 비즈십자수 지니맘,지니맘 큐빅십자수  DIY: 1번 유니콘  (15cm 20cm)
878990391,SELLBLOG,NORMAL,집중력키우기 좋으네요,2020-06-18T15:39:49.000+0000,STOREFARM,5,어린이 보석십자수 DIY 캐릭터 큐빅 비즈십자수 지니맘,지니맘 큐빅십자수  DIY: 1번 유니콘  (15cm 20cm)
863698705,SELLBLOG,NORMAL,아이들이하기에 쉽고 재밌어하네요,2020-05-26T10:47:10.000+0000,STOREFARM,5,어린이 보석십자수 DIY 캐릭터 큐빅 비즈십자수 지니맘,지니맘 큐빅십자수  DIY: 18번 망치 (15cm 20cm)
879086868,SELLBLOG,NORMAL,아이들 교육용이에요,2020-06-19T00:08:21.000+0000,STOREFARM,5,어린이 보석십자수 DIY 캐릭터 큐빅 비즈십자수 지니맘,지니맘 큐빅십자수  DIY: 1번 유니콘  (15cm 20cm)
871652855,SELLBLOG,AFTER_USE,"너무 재미있어요!! ^^ 
가격이 조금만 내려갔음 좋았을껄~~~~ 
그게 젤 아쉽네요",2020-06-08T12:06:54.000+0000,STOREFARM,5,어린이 보석십자수 DIY 캐릭터 큐빅 비즈십자수 지니맘,지니맘 큐빅십자수  DIY: 2번 보라유니콘 (15cm 20cm)
879087217,SELLBLOG,NORMAL,아이들 교육옹이에쇼,2020-06-19T00:08:57.000+0000,STOREFARM,5,어린이 보석십자수 DIY 캐릭터 큐빅 비즈십자수 지니맘,지니맘 큐빅십자수  DIY: 21번 별유니콘 (15cm 20cm)
879795504,SELLBLOG,NORMAL,애들이 좋아해요  이뻐요,2020-06-20T01:47:39.000+0000,STOREFARM,4,어린이 보석십자수 DIY 캐릭터 큐빅 비즈십자수 지니맘,지니맘 큐빅십자수  DIY: 1번 유니콘  (15cm 20cm)
860549371,SELLBLOG,NORMAL,집중력을 발휘해서 잘하네요~  혼자 4개나 했어요,2020-05-21T00:32:58.000+0000,STOREFARM,5,어린이 보석십자수 DIY 캐릭터 큐빅 비즈십자수 지니맘,지니맘 큐빅십자수  DIY: 12번 슈퍼마리오 (15cm 20cm)
877249073,SELLBLOG,NORMAL,배송도 빠르고 애기가 좋아해요,2020-06-16T11:14:35.000+0000,STOREFARM,5,어린이 보석십자수 DIY 캐릭터 큐빅 비즈십자수 지니맘,지니맘 큐빅십자수  DIY: 1번 유니콘  (15cm 20cm)
877248739,SELLBLOG,NORMAL,배송도빠르고 애기가 좋아해요,2020-06-16T11:14:07.000+0000,STOREFARM,5,어린이 보석십자수 DIY 캐릭터 큐빅 비즈십자수 지니맘,지니맘 큐빅십자수  DIY: 17번 가면 (15cm 20cm)
880249036,SELLBLOG,NORMAL,배송빠르고좋아용~~,2020-06-20T15:34:54.000+0000,STOREFARM,5,어린이 보석십자수 DIY 캐릭터 큐빅 비즈십자수 지니맘,지니맘 큐빅십자수  DIY: 12번 슈퍼마리오 (15cm 20cm)
855193236,SELLBLOG,NORMAL,초6학년이 했는데  완성까지 1시간 조금 더 걸렸네요 생각보다 녹색이 진하지 않아요 그래서 네잎크로버가 확 살진 않아요,2020-05-12T07:55:33.000+0000,STOREFARM,5,어린이 보석십자수 DIY 캐릭터 큐빅 비즈십자수 지니맘(입고완료),지니맘 큐빅십자수  DIY: 11번 클로버 (15cm 20cm)
857606422,SELLBLOG,NORMAL,큐빅이 불량이 있긴했지만 여유분이 워낙 많아서 충분히 남네요~  해놓고 보니 너무 이쁘네요,2020-05-15T20:13:15.000+0000,STOREFARM,5,어린이 보석십자수 DIY 캐릭터 큐빅 비즈십자수 지니맘,지니맘 큐빅십자수  DIY: 17번 가면 (15cm 20cm)
858293856,SELLBLOG,AFTER_USE,애들이 좋아하네요. 만들 때 집중 엄청 허네요..퀄리티도 괜찮고,2020-05-17T08:32:54.000+0000,STOREFARM,5,어린이 보석십자수 DIY 캐릭터 큐빅 비즈십자수 지니맘,지니맘 큐빅십자수  DIY: 2번 보라유니콘  (15cm 20cm)
878522290,SELLBLOG,NORMAL,배송빠르고 좋아용 굿,2020-06-18T04:47:31.000+0000,STOREFARM,5,어린이 보석십자수 DIY 캐릭터 큐빅 비즈십자수 지니맘,지니맘 큐빅십자수  DIY: 16번 별  (15cm 20cm)
861761846,SELLBLOG,NORMAL,시간가는줄모르고 3시간을 앉아서 열씨미 붙히더니 완성했네요~,2020-05-22T17:37:20.000+0000,STOREFARM,5,어린이 보석십자수 DIY 캐릭터 큐빅 비즈십자수 지니맘,지니맘 큐빅십자수  DIY: 12번 슈퍼마리오 (15cm 20cm)
876120417,SELLBLOG,NORMAL,"딸아이가 재밌어해요
완성후 뿌듯해했어요",2020-06-14T22:34:27.000+0000,STOREFARM,5,어린이 보석십자수 DIY 캐릭터 큐빅 비즈십자수 지니맘,지니맘 큐빅십자수  DIY: 21번 별유니콘 (15cm 20cm)
858858851,SELLBLOG,NORMAL,아들이좋아해요 재구매하게되네요 집중력에도좋아요,2020-05-18T08:43:20.000+0000,STOREFARM,5,어린이 보석십자수 DIY 캐릭터 큐빅 비즈십자수 지니맘,지니맘 큐빅십자수  DIY: 20번 거미 (15cm 20cm)
873395592,SELLBLOG,NORMAL,아이가 만들기 넘 좋아하고 만들어서 액자에 넣을수 있어 넘 좋아해요~~~,2020-06-10T22:08:17.000+0000,STOREFARM,4,어린이 보석십자수 DIY 캐릭터 큐빅 비즈십자수 지니맘,지니맘 큐빅십자수  DIY: 12번 슈퍼마리오 (15cm 20cm)
842924271,SELLBLOG,NORMAL,"아이들이 좋아해서 덩달아 저도 기분 좋았네요~ ^^
받자마자 뚝딱 완성했어요~
그런데 보석재료가 크기가 다른게 섞여서 들어 있는것도 있고 흰색은 크기와 번호는 같은데 색이 다르네요
한세트는 흰색이고 한세트는 아이보리...
아이둘이 한 책상에서 하다보니 색이 섞여서..
첨엔 잘 몰랐는데 완성시켜놓고보니 깔끔한 흰색이 아니라 누리끼리..ㅋ
하지만 가까이에서 자세히 보지않는이상 심하게 티나진 않아요~
그리고 보석재료가 불량이 좀 많았습니다 ^^;",2020-04-22T01:54:53.000+0000,STOREFARM,3,어린이 보석십자수 DIY 캐릭터 큐빅 비즈십자수 지니맘,지니맘 큐빅십자수  DIY: 6번 소녀1  (15cm 20cm)
869007909,SELLBLOG,NORMAL,아이가  엄청좋아해요..종이보다 비닐이였으면 붙이고덮을때 편할듯합니다..,2020-06-04T01:45:05.000+0000,STOREFARM,4,어린이 보석십자수 DIY 캐릭터 큐빅 비즈십자수 지니맘,지니맘 큐빅십자수  DIY: 20번 거미 (15cm 20cm)
876401654,SELLBLOG,NORMAL,"초등아들이 집중해서 하네요
즐거워해요",2020-06-15T05:48:17.000+0000,STOREFARM,5,어린이 보석십자수 DIY 캐릭터 큐빅 비즈십자수 지니맘,지니맘 큐빅십자수  DIY: 12번 슈퍼마리오 (15cm 20cm)
859283373,SELLBLOG,NORMAL,좋아여 딸아이가사달라해서사줬는데 시간도 잘가고 좋은거같아요,2020-05-19T04:26:27.000+0000,STOREFARM,5,어린이 보석십자수 DIY 캐릭터 큐빅 비즈십자수 지니맘,지니맘 큐빅십자수  DIY: 3번 분홍사슴 (15cm 20cm)
859681089,SELLBLOG,NORMAL,중독성이있네요. 목아픈데 계속하게됨ㅎ,2020-05-19T13:42:51.000+0000,STOREFARM,5,어린이 보석십자수 DIY 캐릭터 큐빅 비즈십자수 지니맘,지니맘 큐빅십자수  DIY: 21번 별유니콘 (15cm 20cm)
876401960,SELLBLOG,NORMAL,아들이 완성하고 뿌듯해해요,2020-06-15T05:48:44.000+0000,STOREFARM,5,어린이 보석십자수 DIY 캐릭터 큐빅 비즈십자수 지니맘,지니맘 큐빅십자수  DIY: 20번 거미 (15cm 20cm)
876247434,SELLBLOG,NORMAL,"예쁘고, 아이가 집중하고 잘 하네요~",2020-06-15T02:07:24.000+0000,STOREFARM,5,어린이 보석십자수 DIY 캐릭터 큐빅 비즈십자수 지니맘,지니맘 큐빅십자수  DIY: 21번 별유니콘 (15cm 20cm)
854309614,SELLBLOG,NORMAL,아이가 시간 가는 줄 모르고 집중해서 만들고 있어요. 어서 완성되길 목이 빠져라 기다리고 있습니다.,2020-05-11T01:57:49.000+0000,STOREFARM,5,어린이 보석십자수 DIY 캐릭터 큐빅 비즈십자수 지니맘(입고완료),지니맘 큐빅십자수  DIY: 20번 거미 (15cm 20cm)
854309392,SELLBLOG,NORMAL,아이가 시간 가는 줄 모르고 집중해서 만들고 있어요. 어서 완성되길 목이 빠져라 기다리고 있습니다.,2020-05-11T01:57:31.000+0000,STOREFARM,5,어린이 보석십자수 DIY 캐릭터 큐빅 비즈십자수 지니맘(입고완료),지니맘 큐빅십자수  DIY: 8번 꽃사슴 (15cm 20cm)
854306615,SELLBLOG,NORMAL,아이가 시간 가는 줄 모르고 집중해서 만들고 있어요. 어서 완성되길 목이 빠져라 기다리고 있습니다.,2020-05-11T01:53:47.000+0000,STOREFARM,5,어린이 보석십자수 DIY 캐릭터 큐빅 비즈십자수 지니맘(입고완료),지니맘 큐빅십자수  DIY: 21번 별유니콘 (15cm 20cm)
862892116,SELLBLOG,NORMAL,"두번째 구매
배송도 빠르고 상품도 좋아요",2020-05-25T02:07:51.000+0000,STOREFARM,5,어린이 보석십자수 DIY 캐릭터 큐빅 비즈십자수 지니맘,지니맘 큐빅십자수  DIY: 1번 유니콘  (15cm 20cm)
876885895,SELLBLOG,AFTER_USE,재미있게 잘 놀았습니다,2020-06-16T02:22:37.000+0000,STOREFARM,4,어린이 보석십자수 DIY 캐릭터 큐빅 비즈십자수 지니맘,지니맘 큐빅십자수  DIY: 18번 망치 (15cm 20cm)
858371520,SELLBLOG,AFTER_USE,애들이 좋아해서 좋네요 담에도 재구매의사있어요,2020-05-17T11:46:42.000+0000,STOREFARM,4,어린이 보석십자수 DIY 캐릭터 큐빅 비즈십자수 지니맘,지니맘 큐빅십자수  DIY: 26번 돌고래(15cm 20cm)
864981600,SELLBLOG,NORMAL,"배송4일 ,,,,,알아서 주문하세요",2020-05-28T09:43:03.000+0000,STOREFARM,1,어린이 보석십자수 DIY 캐릭터 큐빅 비즈십자수 지니맘,지니맘 큐빅십자수  DIY: 1번 유니콘  (15cm 20cm)
861082758,SELLBLOG,AFTER_USE,아이들이 너무 재미있게 해서 더 큰거 사고싶어요.,2020-05-21T14:22:47.000+0000,STOREFARM,5,어린이 보석십자수 DIY 캐릭터 큐빅 비즈십자수 지니맘,지니맘 큐빅십자수  DIY: 1번 유니콘  (15cm 20cm)
865633713,SELLBLOG,NORMAL,집중하느라 목이 아프다고는 하지만 끝까지 해내려는 아이가 기특하고 사랑스러워요~^^ 완성작품의 퀄리티도 너무 좋으네요^^,2020-05-29T09:52:55.000+0000,STOREFARM,5,어린이 보석십자수 DIY 캐릭터 큐빅 비즈십자수 지니맘,지니맘 큐빅십자수  DIY: 1번 유니콘  (15cm 20cm)
873111260,SELLBLOG,NORMAL,"7살조카한테 보내줬는데
너무좋아한다니기분좋더라구요",2020-06-10T10:53:04.000+0000,STOREFARM,5,어린이 보석십자수 DIY 캐릭터 큐빅 비즈십자수 지니맘,지니맘 큐빅십자수  DIY: 8번 꽃사슴 (15cm 20cm)
865770202,SELLBLOG,NORMAL,아이가 좋아해요^^,2020-05-29T14:06:29.000+0000,STOREFARM,5,어린이 보석십자수 DIY 캐릭터 큐빅 비즈십자수 지니맘,지니맘 큐빅십자수  DIY: 21번 별유니콘 (15cm 20cm)
875037738,SELLBLOG,NORMAL,빠른배송과 십자수가 너무 예쁘네요,2020-06-13T03:02:59.000+0000,STOREFARM,4,어린이 보석십자수 DIY 캐릭터 큐빅 비즈십자수 지니맘,지니맘 큐빅십자수  DIY: 21번 별유니콘 (15cm 20cm)
893292604,SELLBLOG,AFTER_USE,좋아요 좋아요~~~~,2020-07-10T07:04:17.000+0000,STOREFARM,4,어린이 보석십자수 DIY 캐릭터 큐빅 비즈십자수 지니맘,지니맘 큐빅십자수  DIY: 21번 별유니콘 (15cm 20cm)
854473029,SELLBLOG,NORMAL,가격이 쪼금 더 착하면 여러작품 해보고싶네요ㅎㅎ 알도 여유지게 주시고 아이들과 잘만들었네요~,2020-05-11T05:56:29.000+0000,STOREFARM,5,어린이 보석십자수 DIY 캐릭터 큐빅 비즈십자수 지니맘,지니맘 큐빅십자수  DIY: 1번 유니콘  (15cm 20cm)
875542566,SELLBLOG,NORMAL,하기쉽고 액자도 있어 좋습니다,2020-06-13T22:14:07.000+0000,STOREFARM,4,어린이 보석십자수 DIY 캐릭터 큐빅 비즈십자수 지니맘,지니맘 큐빅십자수  DIY: 22번 부엉이 (15cm 20cm)
854121837,SELLBLOG,NORMAL,아직 만들기전인데 보석십자수다른것도 같이 만드는데 다 좋아하네요 나름 작품성도 있는거같아요,2020-05-10T15:00:57.000+0000,STOREFARM,5,어린이 보석십자수 DIY 캐릭터 큐빅 비즈십자수 지니맘(입고완료),지니맘 큐빅십자수  DIY: 24번 돌고래 (15cm 20cm)
877458531,SELLBLOG,AFTER_USE,아이가 많이 좋아합니다^^,2020-06-16T15:41:49.000+0000,STOREFARM,5,어린이 보석십자수 DIY 캐릭터 큐빅 비즈십자수 지니맘,지니맘 큐빅십자수  DIY: 20번 거미 (15cm 20cm)
868586238,SELLBLOG,AFTER_USE,성덕초 앞 스쿨존에서 카메라 촬영합니다. 다른 스쿨존에서도 운전 조심하세요,2020-06-03T09:38:26.000+0000,STOREFARM,5,어린이 보석십자수 DIY 캐릭터 큐빅 비즈십자수 지니맘(입고완료),지니맘 큐빅십자수  DIY: 9번 겨울사슴 (15cm 20cm)
868586114,SELLBLOG,AFTER_USE,성덕초 앞 스쿨존에서 카메라 촬영합니다. 다른 스쿨존에서도 운전 조심하세요,2020-06-03T09:38:15.000+0000,STOREFARM,5,어린이 보석십자수 DIY 캐릭터 큐빅 비즈십자수 지니맘(입고완료),지니맘 큐빅십자수  DIY: 10번 안경토끼  (15cm 20cm)
868586039,SELLBLOG,AFTER_USE,성덕초 앞 스쿨존에서 카메라 촬영합니다. 다른 스쿨존에서도 운전 조심하세요,2020-06-03T09:38:07.000+0000,STOREFARM,5,어린이 보석십자수 DIY 캐릭터 큐빅 비즈십자수 지니맘(입고완료),지니맘 큐빅십자수  DIY: 1번 유니콘  (15cm 20cm)
879890027,SELLBLOG,NORMAL,아이들ㅇㅣ너무나좋아해요,2020-06-20T04:42:30.000+0000,STOREFARM,5,어린이 보석십자수 DIY 캐릭터 큐빅 비즈십자수 지니맘,지니맘 큐빅십자수  DIY: 1번 유니콘  (15cm 20cm)
857241330,SELLBLOG,NORMAL,아이가 좋아해서 재구매 했어요~ 액자에 끼워 선물하기도 좋아요~~,2020-05-15T04:28:24.000+0000,STOREFARM,5,어린이 보석십자수 DIY 캐릭터 큐빅 비즈십자수 지니맘,지니맘 큐빅십자수  DIY: 10번 안경토끼  (15cm 20cm)
857240560,SELLBLOG,NORMAL,아이가 좋아해서 재구매 했어요~ 액자에 끼워 선물 하기도 좋아요~~,2020-05-15T04:27:09.000+0000,STOREFARM,5,어린이 보석십자수 DIY 캐릭터 큐빅 비즈십자수 지니맘,지니맘 큐빅십자수  DIY: 7번 소녀2  (15cm 20cm)
857240942,SELLBLOG,NORMAL,아이가 좋아해서 재구매 했어요~~ 액자에 끼워 선물하기도 좋아요~~,2020-05-15T04:27:47.000+0000,STOREFARM,5,어린이 보석십자수 DIY 캐릭터 큐빅 비즈십자수 지니맘,지니맘 큐빅십자수  DIY: 11번 클로버 (15cm 20cm)
843235235,SELLBLOG,NORMAL,스폰지밥 딸이사고싶데서 사줬는데좋아하네요~~^^집중력도좋아질것같아요,2020-04-22T09:09:26.000+0000,STOREFARM,5,어린이 보석십자수 DIY 캐릭터 큐빅 비즈십자수 지니맘(입고완료),지니맘 큐빅십자수  DIY: 13번 스폰지밥 (15cm 20cm)
862779192,SELLBLOG,NORMAL,아이가 너무 재밌어해요,2020-05-24T22:05:32.000+0000,STOREFARM,5,어린이 보석십자수 DIY 캐릭터 큐빅 비즈십자수 지니맘,지니맘 큐빅십자수  DIY: 21번 별유니콘 (15cm 20cm)
874307276,SELLBLOG,NORMAL,보석도 넉넉히 보내주시고 좋습니다,2020-06-12T01:52:58.000+0000,STOREFARM,5,어린이 보석십자수 DIY 캐릭터 큐빅 비즈십자수 지니맘,지니맘 큐빅십자수  DIY: 2번 보라유니콘  (15cm 20cm)
870501453,SELLBLOG,AFTER_USE,좋아요 좋아요 시간 떼우기 좋아요 코로나를 버틸수있게 해주었어요,2020-06-06T07:22:53.000+0000,STOREFARM,4,어린이 보석십자수 DIY 캐릭터 큐빅 비즈십자수 지니맘(입고완료),지니맘 큐빅십자수  DIY: 3번 분홍사슴 (15cm 20cm)
866195889,SELLBLOG,NORMAL,지인이 추천해주셔서 구입했어요. 생각했던 것보다 커서 4등분해서 아들과 함께 만들고 있어요~~,2020-05-30T10:59:36.000+0000,STOREFARM,5,어린이 보석십자수 DIY 캐릭터 큐빅 비즈십자수 지니맘,지니맘 큐빅십자수  DIY: 12번 슈퍼마리오 (15cm 20cm)
855729859,SELLBLOG,NORMAL,"아이 선물로 줬는데 너무 좋아해요~
저도 하나 더 구입해서 해봐야겠어요~",2020-05-13T01:24:54.000+0000,STOREFARM,5,어린이 보석십자수 DIY 캐릭터 큐빅 비즈십자수 지니맘,지니맘 큐빅십자수  DIY: 22번 부엉이 (15cm 20cm)
843233969,SELLBLOG,NORMAL,이쁘네요~~돌고래 귀여워요 집콕하면서 좋은 소일거리네요 시간도 잘 갈것같아요^^,2020-04-22T09:07:55.000+0000,STOREFARM,5,어린이 보석십자수 DIY 캐릭터 큐빅 비즈십자수 지니맘(입고완료),지니맘 큐빅십자수  DIY: 24번 돌고래 (15cm 20cm)
873111869,SELLBLOG,NORMAL,7살조카 선물해줬는데 너무 좋아하더라구요,2020-06-10T10:53:46.000+0000,STOREFARM,5,어린이 보석십자수 DIY 캐릭터 큐빅 비즈십자수 지니맘,지니맘 큐빅십자수  DIY: 1번 유니콘  (15cm 20cm)
871487792,SELLBLOG,AFTER_USE,코로나 덕에 집콕하는 아이들에게 좋은 즐거움이네요.,2020-06-08T07:46:59.000+0000,STOREFARM,5,어린이 보석십자수 DIY 캐릭터 큐빅 비즈십자수 지니맘,지니맘 큐빅십자수  DIY: 7번 소녀2  (15cm 20cm)
871487728,SELLBLOG,AFTER_USE,코로나 덕에 집콕하는 아이들에게 좋은 즐거움이네요.,2020-06-08T07:46:53.000+0000,STOREFARM,5,어린이 보석십자수 DIY 캐릭터 큐빅 비즈십자수 지니맘,지니맘 큐빅십자수  DIY: 17번 가면 (15cm 20cm)
871487671,SELLBLOG,AFTER_USE,코로나 덕에 집콕하는 아이들에게 좋은 즐거움이네요.,2020-06-08T07:46:48.000+0000,STOREFARM,5,어린이 보석십자수 DIY 캐릭터 큐빅 비즈십자수 지니맘,지니맘 큐빅십자수  DIY: 22번 부엉이 (15cm 20cm)
871487593,SELLBLOG,AFTER_USE,코로나 덕에 집콕하는 아이들에게 좋은 즐거움이네요.,2020-06-08T07:46:41.000+0000,STOREFARM,5,어린이 보석십자수 DIY 캐릭터 큐빅 비즈십자수 지니맘,지니맘 큐빅십자수  DIY: 6번 소녀1  (15cm 20cm)
854589248,SELLBLOG,NORMAL,"느무 이뻐요..
일단 2개 사봤는데 아이가 느무 좋아라하네요..
보석비즈도 블링블링하고 귀엽네요",2020-05-11T09:01:33.000+0000,STOREFARM,5,어린이 보석십자수 DIY 캐릭터 큐빅 비즈십자수 지니맘,지니맘 큐빅십자수  DIY: 7번 소녀2  (15cm 20cm)
891307865,SELLBLOG,NORMAL,좋아요좋아요좋아요좋아요,2020-07-07T12:36:22.000+0000,STOREFARM,5,어린이 보석십자수 DIY 캐릭터 큐빅 비즈십자수 지니맘,지니맘 큐빅십자수  DIY: 14번 부엉이 (15cm 20cm)
871640869,SELLBLOG,NORMAL,너무 이뻐요 인테리어에도 좋아요,2020-06-08T11:49:31.000+0000,STOREFARM,5,어린이 보석십자수 DIY 캐릭터 큐빅 비즈십자수 지니맘,지니맘 큐빅십자수  DIY: 20번 거미 (15cm 20cm)
854455336,SELLBLOG,NORMAL,"요즘들어 큐빅십자수를 너무 좋아하네요~
집중력도 좋고 다음에 또 사줄려고요~",2020-05-11T05:30:27.000+0000,STOREFARM,5,어린이 보석십자수 DIY 캐릭터 큐빅 비즈십자수 지니맘,지니맘 큐빅십자수  DIY: 8번 꽃사슴 (15cm 20cm)
862354249,SELLBLOG,NORMAL,"아이가 하루만에 다 해버렸어요~혼자서 시간 보낼 때 좋아요^^만들어진 작품도 봐줄만 합니다.
다만 하루 가지고 놀기엔  액자까지 금액대가 조금 있네요",2020-05-24T00:44:34.000+0000,STOREFARM,4,어린이 보석십자수 DIY 캐릭터 큐빅 비즈십자수 지니맘(입고완료),지니맘 큐빅십자수  DIY: 16번 별  (15cm 20cm)
871652317,SELLBLOG,AFTER_USE,"아이들이 원해 주문했는데 제가 하고있네요
너무 재밋어요 ^^",2020-06-08T12:06:10.000+0000,STOREFARM,5,어린이 보석십자수 DIY 캐릭터 큐빅 비즈십자수 지니맘,지니맘 큐빅십자수  DIY: 8번 꽃사슴 (15cm 20cm)
825998702,SELLBLOG,NORMAL,"사려던게 품절인데 다음날 2시에 입고된다는 글을 보고 알람까지 맞춰놓고 구매했어요!
아이가 집중력있게 하네요 단순하니 어렵지않고요
초반에 아이하는거 보다가 너무 재미있어보여가지고
제가 하고 있네요ㅋㅋㅋ중독성 있어요!
함께 구매한 액자가 아랫부분이 아주 살짝 깨져있는데 그냥 사용하려고요 큐빅은 하다보면 불량이 나와요,그래도 넉넉히 챙겨주셔서 사용상 문제없네요!
블링블링 예쁩니다!",2020-03-26T12:18:30.000+0000,STOREFARM,4,어린이 보석십자수 DIY 캐릭터 큐빅 비즈십자수 지니맘,지니맘 큐빅십자수  DIY: 3번 분홍사슴 (15cm 20cm)
848048704,SELLBLOG,NORMAL,크기가 다르다보니 아이가 지루해하지 않고 집중하네요. 순식간에 끝냈어요. 근데 보석 불량이 너무 많아 별 하나 뺐어요.,2020-04-30T01:02:24.000+0000,STOREFARM,4,어린이 보석십자수 DIY 캐릭터 큐빅 비즈십자수 지니맘(입고완료),지니맘 큐빅십자수  DIY: 18번 망치 (15cm 20cm)
848048483,SELLBLOG,NORMAL,크기가 다르다보니 아이가 지루해하지 않고 집중하네요. 순식간에 끝냈어요. 근데 보석 불량이 너무 많아 별 하나 뺐어요.,2020-04-30T01:01:52.000+0000,STOREFARM,4,어린이 보석십자수 DIY 캐릭터 큐빅 비즈십자수 지니맘(입고완료),지니맘 큐빅십자수  DIY: 20번 거미 (15cm 20cm)
875038000,SELLBLOG,NORMAL,십자수가 너무 예쁘네요,2020-06-13T03:03:25.000+0000,STOREFARM,4,어린이 보석십자수 DIY 캐릭터 큐빅 비즈십자수 지니맘,지니맘 큐빅십자수  DIY: 17번 가면 (15cm 20cm)
871641984,SELLBLOG,NORMAL,액자가 벽에도 걸을수 있음 더 좋을거같아요,2020-06-08T11:51:07.000+0000,STOREFARM,5,어린이 보석십자수 DIY 캐릭터 큐빅 비즈십자수 지니맘,지니맘 큐빅십자수  DIY: 17번 가면 (15cm 20cm)
858532805,SELLBLOG,NORMAL,완성할 때마다 성취감 느껴요. 예뻐요~,2020-05-17T23:03:48.000+0000,STOREFARM,5,어린이 보석십자수 DIY 캐릭터 큐빅 비즈십자수 지니맘,지니맘 큐빅십자수  DIY: 11번 클로버 (15cm 20cm)
859321316,SELLBLOG,NORMAL,11살짜리 아이 혼자서 하기에는 조금 시간이 걸렸어요. 조금 힘들어하기는 햇는데 완성된 걸 보니까 엄청 반짝거리고 예뻐서 아이가 좋아하기는 했습니다. 또 요즘 같이 집에 있는 시간이 많은 경우에는 시간보내기 딱 좋은 것 같습니다.,2020-05-19T05:27:36.000+0000,STOREFARM,4,어린이 보석십자수 DIY 캐릭터 큐빅 비즈십자수 지니맘,
875781218,SELLBLOG,NORMAL,빠른배송 감사합니다^^,2020-06-14T06:46:24.000+0000,STOREFARM,5,어린이 보석십자수 DIY 캐릭터 큐빅 비즈십자수 지니맘,지니맘 큐빅십자수  DIY: 7번 소녀2  (15cm 20cm)
875781121,SELLBLOG,NORMAL,빠른배송 감사합니다^^,2020-06-14T06:46:13.000+0000,STOREFARM,5,어린이 보석십자수 DIY 캐릭터 큐빅 비즈십자수 지니맘,지니맘 큐빅십자수  DIY: 21번 별유니콘 (15cm 20cm)
875780974,SELLBLOG,NORMAL,빠른배송 감사합니다^^,2020-06-14T06:45:57.000+0000,STOREFARM,5,어린이 보석십자수 DIY 캐릭터 큐빅 비즈십자수 지니맘,지니맘 큐빅십자수  DIY: 1번 유니콘  (15cm 20cm)
871478665,SELLBLOG,NORMAL,"아이가 너무좋아하네요
블링블링 이뻐요~~~",2020-06-08T07:33:09.000+0000,STOREFARM,5,어린이 보석십자수 DIY 캐릭터 큐빅 비즈십자수 지니맘,
857115355,SELLBLOG,NORMAL,"아이가 너무 좋아하고 잘 해줬어요
두개 다 만들고 또 구매했습니다",2020-05-15T00:30:55.000+0000,STOREFARM,5,어린이 보석십자수 DIY 캐릭터 큐빅 비즈십자수 지니맘,지니맘 큐빅십자수  DIY: 8번 꽃사슴 (15cm 20cm)
873054962,SELLBLOG,NORMAL,아이들이 재미있어하고 좋아요.,2020-06-10T09:42:24.000+0000,STOREFARM,5,어린이 보석십자수 DIY 캐릭터 큐빅 비즈십자수 지니맘,지니맘 큐빅십자수  DIY: 12번 슈퍼마리오 (15cm 20cm)
870422351,SELLBLOG,NORMAL,아이가 좋아하네요^^집중해서 잘하네요,2020-06-06T04:22:10.000+0000,STOREFARM,5,어린이 보석십자수 DIY 캐릭터 큐빅 비즈십자수 지니맘,지니맘 큐빅십자수  DIY: 13번 스폰지밥 (15cm 20cm)
870710284,SELLBLOG,NORMAL,"제품 배송 완벽합니다.
대박나세요*^^*",2020-06-06T16:29:32.000+0000,STOREFARM,5,어린이 보석십자수 DIY 캐릭터 큐빅 비즈십자수 지니맘,지니맘 큐빅십자수  DIY: 1번 유니콘  (15cm 20cm)
875038290,SELLBLOG,NORMAL,십자수가 너무 예쁘네요~^^,2020-06-13T03:03:54.000+0000,STOREFARM,4,어린이 보석십자수 DIY 캐릭터 큐빅 비즈십자수 지니맘,지니맘 큐빅십자수  DIY: 20번 거미 (15cm 20cm)
858532980,SELLBLOG,NORMAL,"작품 전시 해 놓기 좋으네요~
예뻐요.",2020-05-17T23:04:26.000+0000,STOREFARM,5,어린이 보석십자수 DIY 캐릭터 큐빅 비즈십자수 지니맘,지니맘 큐빅십자수  DIY: 20번 거미 (15cm 20cm)
871032568,SELLBLOG,AFTER_USE,성취감도 느끼고 완성하고나니 뿌듯하네요,2020-06-07T11:51:23.000+0000,STOREFARM,4,어린이 보석십자수 DIY 캐릭터 큐빅 비즈십자수 지니맘(입고완료),지니맘 큐빅십자수  DIY: 3번 분홍사슴 (15cm 20cm)
871032326,SELLBLOG,AFTER_USE,성취감도 느끼고 완성하고나니 뿌듯하네요,2020-06-07T11:50:49.000+0000,STOREFARM,4,어린이 보석십자수 DIY 캐릭터 큐빅 비즈십자수 지니맘(입고완료),지니맘 큐빅십자수  DIY: 20번 거미 (15cm 20cm)
870571350,SELLBLOG,NORMAL,받자마자그자리에서 한개 뚝딱~~금방세개 다하네요,2020-06-06T10:13:03.000+0000,STOREFARM,5,어린이 보석십자수 DIY 캐릭터 큐빅 비즈십자수 지니맘,지니맘 큐빅십자수  DIY: 11번 클로버 (15cm 20cm)
870611314,SELLBLOG,NORMAL,넘 이뻐요. 아이가 너무 좋아하네요.,2020-06-06T11:55:44.000+0000,STOREFARM,4,어린이 보석십자수 DIY 캐릭터 큐빅 비즈십자수 지니맘,지니맘 큐빅십자수  DIY: 9번 겨울사슴 (15cm 20cm)
865632861,SELLBLOG,NORMAL,밖에 나가지 못하는 아이들 집에서 집중력도 키우고 하나하나 완성하는데 성취감을 느끼게 해서 좋은거같아요~^^,2020-05-29T09:51:29.000+0000,STOREFARM,5,어린이 보석십자수 DIY 캐릭터 큐빅 비즈십자수 지니맘,지니맘 큐빅십자수  DIY: 13번 스폰지밥 (15cm 20cm)
870350954,SELLBLOG,NORMAL,아이들이 재미있어합니다 재구매할 예정입니다,2020-06-06T01:45:06.000+0000,STOREFARM,5,어린이 보석십자수 DIY 캐릭터 큐빅 비즈십자수 지니맘,지니맘 큐빅십자수  DIY: 3번 분홍사슴 (15cm 20cm)
873056551,SELLBLOG,NORMAL,예쁘게 만들어봐야겠네요,2020-06-10T09:44:23.000+0000,STOREFARM,5,어린이 보석십자수 DIY 캐릭터 큐빅 비즈십자수 지니맘,지니맘 큐빅십자수  DIY: 8번 꽃사슴 (15cm 20cm)
854454344,SELLBLOG,NORMAL,"요즘 큐빅 십자수에 푹 빠졌어요~
재미있어하니 또 사주고 싶네요~^^",2020-05-11T05:28:56.000+0000,STOREFARM,5,어린이 보석십자수 DIY 캐릭터 큐빅 비즈십자수 지니맘,지니맘 큐빅십자수  DIY: 21번 별유니콘 (15cm 20cm)
869449705,SELLBLOG,NORMAL,"아이가 너무 좋아하네요.
금새 완성",2020-06-04T12:07:26.000+0000,STOREFARM,5,어린이 보석십자수 DIY 캐릭터 큐빅 비즈십자수 지니맘,지니맘 큐빅십자수  DIY: 21번 별유니콘 (15cm 20cm)
872194963,SELLBLOG,AFTER_USE,아이가 잼있어하고 좋아했어요~,2020-06-09T08:29:00.000+0000,STOREFARM,5,어린이 보석십자수 DIY 캐릭터 큐빅 비즈십자수 지니맘,지니맘 큐빅십자수  DIY: 11번 클로버 (15cm 20cm)
848055741,SELLBLOG,NORMAL,"일단 집중하기가 너무 좋고 시간 진짜 잘가요 
초등학교 1학년인 딸과 함께 시작했는데 재밌네요 마무리는 제가 했지만^^
큐빅도 넉넉하고 완성하니 넘 멋져요",2020-04-30T01:19:41.000+0000,STOREFARM,5,어린이 보석십자수 DIY 캐릭터 큐빅 비즈십자수 지니맘(입고완료),지니맘 큐빅십자수  DIY: 1번 유니콘  (15cm 20cm)
866908060,SELLBLOG,AFTER_USE,"아이들이 넘 좋아요.
방콕하는데 좋은 아이템이에요.",2020-06-01T00:42:08.000+0000,STOREFARM,4,어린이 보석십자수 DIY 캐릭터 큐빅 비즈십자수 지니맘,지니맘 큐빅십자수  DIY: 9번 겨울사슴 (15cm 20cm)
847382407,SELLBLOG,NORMAL,"이쁘네요~~
8세 아이 학교 못가서 하루하루 뭐하고 놀아줄지 고민중에 발견 했어요
쉬었다 하고 쉬었다 하고 재밌어해네요",2020-04-28T23:49:37.000+0000,STOREFARM,5,어린이 보석십자수 DIY 캐릭터 큐빅 비즈십자수 지니맘(입고완료),지니맘 큐빅십자수  DIY: 1번 유니콘  (15cm 20cm)
847216191,SELLBLOG,NORMAL,"코로나 때문에 아이랑 집에 있는 찰나에 우연히 알게 되어 구입했어요. 케릭터.색감이 이뻐 아이가 맘에 들어해요. 은근 집중되며 시간도 잘가고...재미있네요.
액자도 살걸 그랬나봐요 ㅎ",2020-04-28T13:33:40.000+0000,STOREFARM,4,어린이 보석십자수 DIY 캐릭터 큐빅 비즈십자수 지니맘(입고완료),지니맘 큐빅십자수  DIY: 3번 분홍사슴 (15cm 20cm)
888907379,SELLBLOG,NORMAL,좋아오ㅡ 좋아요좋아요,2020-07-03T17:47:13.000+0000,STOREFARM,4,어린이 보석십자수 DIY 캐릭터 큐빅 비즈십자수 지니맘,지니맘 큐빅십자수  DIY: 1번 유니콘  (15cm 20cm)
862580703,SELLBLOG,NORMAL,처음 하는거라 간편하고 손 쉽게 할 수 있어 좋아했어요 아이가 좋아하니 주문한 보람이 있었습니다,2020-05-24T09:55:22.000+0000,STOREFARM,4,어린이 보석십자수 DIY 캐릭터 큐빅 비즈십자수 지니맘,지니맘 큐빅십자수  DIY: 22번 부엉이 (15cm 20cm)
868336737,SELLBLOG,NORMAL,아주좋습니다. 아이가하기도쉽고,2020-06-03T03:55:24.000+0000,STOREFARM,3,어린이 보석십자수 DIY 캐릭터 큐빅 비즈십자수 지니맘,지니맘 큐빅십자수  DIY: 1번 유니콘  (15cm 20cm)
871054535,SELLBLOG,NORMAL,비즈도 여유있게 많고 너무 예뻐요,2020-06-07T12:38:02.000+0000,STOREFARM,5,어린이 보석십자수 DIY 캐릭터 큐빅 비즈십자수 지니맘,지니맘 큐빅십자수  DIY: 21번 별유니콘 (15cm 20cm)
862415141,SELLBLOG,NORMAL,아니가 좋아해요~~~,2020-05-24T03:07:59.000+0000,STOREFARM,3,어린이 보석십자수 DIY 캐릭터 큐빅 비즈십자수 지니맘,지니맘 큐빅십자수  DIY: 12번 슈퍼마리오 (15cm 20cm)
858863185,SELLBLOG,NORMAL,"애들이 엄청좋아합니다.
깔끔하네요",2020-05-18T08:51:01.000+0000,STOREFARM,5,어린이 보석십자수 DIY 캐릭터 큐빅 비즈십자수 지니맘,지니맘 큐빅십자수  DIY: 1번 유니콘  (15cm 20cm)
855821156,SELLBLOG,NORMAL,배송도 빠르고 다른제품보다 그림이나 구성이 잘되어있네요,2020-05-13T03:44:51.000+0000,STOREFARM,5,어린이 보석십자수 DIY 캐릭터 큐빅 비즈십자수 지니맘,지니맘 큐빅십자수  DIY: 17번 가면 (15cm 20cm)
868126714,SELLBLOG,AFTER_USE,아이방에 놓으니 이쁘네요!좋습니다!!,2020-06-02T20:31:49.000+0000,STOREFARM,5,어린이 보석십자수 DIY 캐릭터 큐빅 비즈십자수 지니맘,지니맘 큐빅십자수  DIY: 17번 가면 (15cm 20cm)
866645439,SELLBLOG,NORMAL,아이가 금방 끝냈어요. 예쁘고 좋아요. 재미있어합니다.,2020-05-31T10:24:06.000+0000,STOREFARM,5,어린이 보석십자수 DIY 캐릭터 큐빅 비즈십자수 지니맘(입고완료),지니맘 큐빅십자수  DIY: 9번 겨울사슴 (15cm 20cm)
865043407,SELLBLOG,NORMAL,초3 딸 선물로 줬는데 좋아하네요. 집중력도 생기고 좋을듯 합니다,2020-05-28T11:20:10.000+0000,STOREFARM,5,어린이 보석십자수 DIY 캐릭터 큐빅 비즈십자수 지니맘,지니맘 큐빅십자수  DIY: 22번 부엉이 (15cm 20cm)
864928837,SELLBLOG,AFTER_USE,"반짝반짝 넘 예쁘요 
초등1학년이 2틀만에 완성했어요 딱 붙어앉아 열심히 하네요^",2020-05-28T08:19:30.000+0000,STOREFARM,5,어린이 보석십자수 DIY 캐릭터 큐빅 비즈십자수 지니맘 (입고완료),지니맘 큐빅십자수  DIY: 8번 꽃사슴 (15cm 20cm)
869448796,SELLBLOG,NORMAL,"큐빅도 넉넉~~ 불량품도 많이 없었어요
아이가 푹~~ 빠져서 금새 완성~~!!",2020-06-04T12:06:12.000+0000,STOREFARM,5,어린이 보석십자수 DIY 캐릭터 큐빅 비즈십자수 지니맘,지니맘 큐빅십자수  DIY: 1번 유니콘  (15cm 20cm)
864929995,SELLBLOG,AFTER_USE,"반짝반짝 넘 예뻐요~
초등3학년 아이가 2틀만에 완성했어요
성취감 느끼기에도 좋네요^^",2020-05-28T08:21:14.000+0000,STOREFARM,5,어린이 보석십자수 DIY 캐릭터 큐빅 비즈십자수 지니맘 (입고완료),지니맘 큐빅십자수  DIY: 20번 거미 (15cm 20cm)
878522450,SELLBLOG,NORMAL,빠른 배송 감사합ㄴ디ㅏㅇ,2020-06-18T04:47:45.000+0000,STOREFARM,5,어린이 보석십자수 DIY 캐릭터 큐빅 비즈십자수 지니맘,지니맘 큐빅십자수  DIY: 18번 망치 (15cm 20cm)
859708759,SELLBLOG,NORMAL,배송도 빠르고 좋습니다,2020-05-19T14:20:26.000+0000,STOREFARM,5,어린이 보석십자수 DIY 캐릭터 큐빅 비즈십자수 지니맘,지니맘 큐빅십자수  DIY: 9번 겨울사슴 (15cm 20cm)
855820607,SELLBLOG,NORMAL,큐빅도 깨끗하고 크기 종류도 많이와서 아이들이 정말 좋아하네요,2020-05-13T03:43:59.000+0000,STOREFARM,5,어린이 보석십자수 DIY 캐릭터 큐빅 비즈십자수 지니맘,지니맘 큐빅십자수  DIY: 13번 스폰지밥 (15cm 20cm)
851244048,SELLBLOG,NORMAL,배송도 빠르고 아이랑 재미있게 잘 만들었어요..7살 재미있어합니다. 3일만에 완성했어요.,2020-05-06T12:22:24.000+0000,STOREFARM,5,어린이 보석십자수 DIY 캐릭터 큐빅 비즈십자수 지니맘(입고완료),지니맘 큐빅십자수  DIY: 21번 별유니콘 (15cm 20cm)
848339774,SELLBLOG,NORMAL,개학도 못하고 있는 아이 선물로 짱이네요~받고 하루만에 한개 완성~^^,2020-04-30T13:24:49.000+0000,STOREFARM,5,어린이 보석십자수 DIY 캐릭터 큐빅 비즈십자수 지니맘(입고완료),지니맘 큐빅십자수  DIY: 21번 별유니콘 (15cm 20cm)
858863421,SELLBLOG,NORMAL,깔끔하니 애들이 좋아합니다,2020-05-18T08:51:27.000+0000,STOREFARM,5,어린이 보석십자수 DIY 캐릭터 큐빅 비즈십자수 지니맘,지니맘 큐빅십자수  DIY: 17번 가면 (15cm 20cm)
870308477,SELLBLOG,NORMAL,아이가좋아하네요. 예뻐요,2020-06-06T00:00:13.000+0000,STOREFARM,5,어린이 보석십자수 DIY 캐릭터 큐빅 비즈십자수 지니맘,지니맘 큐빅십자수  DIY: 1번 유니콘  (15cm 20cm)
870476246,SELLBLOG,AFTER_USE,배송빠르고 아이혼자하기도 좋아요.,2020-06-06T06:24:47.000+0000,STOREFARM,5,어린이 보석십자수 DIY 캐릭터 큐빅 비즈십자수 지니맘,지니맘 큐빅십자수  DIY: 1번 유니콘  (15cm 20cm)
860070643,SELLBLOG,NORMAL,집생활에 지겨워하는 중등 고등 아이 스트레스 해소용으로 구매했어요.비즈도 이쁘구요.집중력 짱인데요~앉은 자리서 다 해버렸어요~,2020-05-20T06:24:06.000+0000,STOREFARM,5,어린이 보석십자수 DIY 캐릭터 큐빅 비즈십자수 지니맘,지니맘 큐빅십자수  DIY: 20번 거미 (15cm 20cm)
868260784,SELLBLOG,NORMAL,아이가 재미있게 잘하고 완성해서는 이뻐서 좋아해요~,2020-06-03T01:59:46.000+0000,STOREFARM,5,어린이 보석십자수 DIY 캐릭터 큐빅 비즈십자수 지니맘,지니맘 큐빅십자수  DIY: 23번 사자 (15cm 20cm)
857762442,SELLBLOG,NORMAL,"선물용으로 샀어요
굿굿",2020-05-16T05:28:34.000+0000,STOREFARM,5,어린이 보석십자수 DIY 캐릭터 큐빅 비즈십자수 지니맘,지니맘 큐빅십자수  DIY: 3번 분홍사슴 (15cm 20cm)
857762105,SELLBLOG,NORMAL,"선물용으로샀어요
굿굿",2020-05-16T05:27:52.000+0000,STOREFARM,5,어린이 보석십자수 DIY 캐릭터 큐빅 비즈십자수 지니맘,지니맘 큐빅십자수  DIY: 17번 가면 (15cm 20cm)
859546302,SELLBLOG,NORMAL,배송도 빠르고 상품도 좋아요,2020-05-19T10:54:27.000+0000,STOREFARM,5,어린이 보석십자수 DIY 캐릭터 큐빅 비즈십자수 지니맘,지니맘 큐빅십자수  DIY: 1번 유니콘  (15cm 20cm)
868261381,SELLBLOG,NORMAL,아이가 재미있게 잘하고 완성하면 이뻐서 좋아해요~,2020-06-03T02:00:38.000+0000,STOREFARM,5,어린이 보석십자수 DIY 캐릭터 큐빅 비즈십자수 지니맘,지니맘 큐빅십자수  DIY: 22번 부엉이 (15cm 20cm)
874033074,SELLBLOG,NORMAL,아이도 엄마도 만족,2020-06-11T13:13:25.000+0000,STOREFARM,5,어린이 보석십자수 DIY 캐릭터 큐빅 비즈십자수 지니맘,지니맘 큐빅십자수  DIY: 3번 분홍사슴 (15cm 20cm)
866295598,SELLBLOG,NORMAL,아이가 좋아하네요 . 재구매 의사있습니다,2020-05-30T14:15:42.000+0000,STOREFARM,5,어린이 보석십자수 DIY 캐릭터 큐빅 비즈십자수 지니맘,지니맘 큐빅십자수  DIY: 17번 가면 (15cm 20cm)
853399871,SELLBLOG,NORMAL,보석도 넉넉하게 들어있어요 딸아이가 좋아하네요,2020-05-09T11:15:57.000+0000,STOREFARM,5,어린이 보석십자수 DIY 캐릭터 큐빅 비즈십자수 지니맘,지니맘 큐빅십자수  DIY: 1번 유니콘  (15cm 20cm)
862720648,SELLBLOG,NORMAL,"정말 재밌고 하기쉽고 너무 예뻐요~
액자투명판이 깨져서왔지만 한번더 재주문하려구요~",2020-05-24T14:51:36.000+0000,STOREFARM,5,어린이 보석십자수 DIY 캐릭터 큐빅 비즈십자수 지니맘,지니맘 큐빅십자수  DIY: 16번 별  (15cm 20cm)
850292950,SELLBLOG,NORMAL,"아이들이 너무 좋아해요 완성 후 성취감도 up
완전 예뻐요 완성하자마자 바로 재 구매 했어요 ⁼̴̤̆◡⁼̴̤̆ 
많이 파세요~",2020-05-04T13:11:06.000+0000,STOREFARM,5,어린이 보석십자수 DIY 캐릭터 큐빅 비즈십자수 지니맘(입고완료),지니맘 큐빅십자수  DIY: 12번 슈퍼마리오 (15cm 20cm)
858293961,SELLBLOG,NORMAL,"사진과 같고 반짝반짝하네요. 6살아이가하기 괜찮고요 디자인이 더 여러가지 였어도 좋겠어요. 기대할게요.
큐빅 불량이  있었지만  하는데 큰 지장은 없는거 같아요.",2020-05-17T08:33:12.000+0000,STOREFARM,4,어린이 보석십자수 DIY 캐릭터 큐빅 비즈십자수 지니맘,지니맘 큐빅십자수  DIY: 7번 소녀2  (15cm 20cm)
850291768,SELLBLOG,NORMAL,"아이들과 함께 만드니 아이들도 좋아하고 완성 후
너무 예뻐요~~ 재 구매의사 200%에요 많이 파세용",2020-05-04T13:08:21.000+0000,STOREFARM,5,어린이 보석십자수 DIY 캐릭터 큐빅 비즈십자수 지니맘(입고완료),지니맘 큐빅십자수  DIY: 1번 유니콘  (15cm 20cm)
858106911,SELLBLOG,NORMAL,배송도 빠르고 포장도 잘되어 왔어요,2020-05-16T23:42:45.000+0000,STOREFARM,5,어린이 보석십자수 DIY 캐릭터 큐빅 비즈십자수 지니맘,지니맘 큐빅십자수  DIY: 21번 별유니콘 (15cm 20cm)
853580926,SELLBLOG,NORMAL,친구한테 생일선물로 줬는데 심심할때 하기좋구 은근 재밌어서 좋았습니다!,2020-05-09T16:01:31.000+0000,STOREFARM,4,어린이 보석십자수 DIY 캐릭터 큐빅 비즈십자수 지니맘,지니맘 큐빅십자수  DIY: 19번 방패 (15cm 20cm)
848378824,SELLBLOG,NORMAL,"초2 여아 하나뿐인 조카 
어린이날 선물로 구매했어요 
재미있다고 좋아했다는 얘기 듣고 
기분 좋아지는 이모 입니다  ㅎㅎㅎ",2020-04-30T15:03:18.000+0000,STOREFARM,5,어린이 보석십자수 DIY 캐릭터 큐빅 비즈십자수 지니맘(입고완료),지니맘 큐빅십자수  DIY: 9번 겨울사슴 (15cm 20cm)
871558104,SELLBLOG,NORMAL,아이들이 너무너무 좋아해요~,2020-06-08T09:38:59.000+0000,STOREFARM,4,어린이 보석십자수 DIY 캐릭터 큐빅 비즈십자수 지니맘,지니맘 큐빅십자수  DIY: 12번 슈퍼마리오 (15cm 20cm)
871557884,SELLBLOG,NORMAL,아이들이 너무너무 좋아해요~,2020-06-08T09:38:37.000+0000,STOREFARM,4,어린이 보석십자수 DIY 캐릭터 큐빅 비즈십자수 지니맘,지니맘 큐빅십자수  DIY: 10번 안경토끼  (15cm 20cm)
871413724,SELLBLOG,NORMAL,감사합니다 수고하세요^^,2020-06-08T05:50:45.000+0000,STOREFARM,5,어린이 보석십자수 DIY 캐릭터 큐빅 비즈십자수 지니맘,지니맘 큐빅십자수  DIY: 1번 유니콘  (15cm 20cm)
871413468,SELLBLOG,NORMAL,감사합니다 수고하세요^^,2020-06-08T05:50:21.000+0000,STOREFARM,5,어린이 보석십자수 DIY 캐릭터 큐빅 비즈십자수 지니맘,지니맘 큐빅십자수  DIY: 22번 부엉이 (15cm 20cm)
871054246,SELLBLOG,NORMAL,딸이 너무 좋아합니다,2020-06-07T12:37:29.000+0000,STOREFARM,5,어린이 보석십자수 DIY 캐릭터 큐빅 비즈십자수 지니맘,지니맘 큐빅십자수  DIY: 8번 꽃사슴 (15cm 20cm)
865605628,SELLBLOG,NORMAL,쉽고 재밌어요 액자까지 한번에 좋습니다,2020-05-29T09:03:23.000+0000,STOREFARM,5,어린이 보석십자수 DIY 캐릭터 큐빅 비즈십자수 지니맘,지니맘 큐빅십자수  DIY: 12번 슈퍼마리오 (15cm 20cm)
870711188,SELLBLOG,NORMAL,아이가 열심히하니 좋아요.,2020-06-06T16:34:13.000+0000,STOREFARM,5,어린이 보석십자수 DIY 캐릭터 큐빅 비즈십자수 지니맘,지니맘 큐빅십자수  DIY: 6번 소녀1  (15cm 20cm)
870711157,SELLBLOG,NORMAL,아이가 열심히하니 좋아요.,2020-06-06T16:34:06.000+0000,STOREFARM,5,어린이 보석십자수 DIY 캐릭터 큐빅 비즈십자수 지니맘,지니맘 큐빅십자수  DIY: 21번 별유니콘 (15cm 20cm)
870235448,SELLBLOG,NORMAL,쉽고예뻐서 아이가좋아해요,2020-06-05T15:45:06.000+0000,STOREFARM,5,어린이 보석십자수 DIY 캐릭터 큐빅 비즈십자수 지니맘,지니맘 큐빅십자수  DIY: 1번 유니콘  (15cm 20cm)
870499115,SELLBLOG,AFTER_USE,유니콘 좋아요 보석양이 진짜 많아요♡♡,2020-06-06T07:17:23.000+0000,STOREFARM,5,어린이 보석십자수 DIY 캐릭터 큐빅 비즈십자수 지니맘(입고완료),지니맘 큐빅십자수  DIY: 2번 보라유니콘  (15cm 20cm)
870632277,SELLBLOG,AFTER_USE,9살 여아 너무 재밌게 잘해요,2020-06-06T12:46:13.000+0000,STOREFARM,5,어린이 보석십자수 DIY 캐릭터 큐빅 비즈십자수 지니맘,지니맘 큐빅십자수  DIY: 21번 별유니콘 (15cm 20cm)
867723216,SELLBLOG,NORMAL,그냥 그래요.아이가 좋아하네요,2020-06-02T07:40:55.000+0000,STOREFARM,2,어린이 보석십자수 DIY 캐릭터 큐빅 비즈십자수 지니맘,지니맘 큐빅십자수  DIY: 1번 유니콘  (15cm 20cm)
847213576,SELLBLOG,NORMAL,"코로나로 아이랑 집에 있으니 지루할 찰나에 구입하게 되었어요. 아이 집중도 되고 시간도 잘가고...은근 중독...이제는 아이랑 같아 앉아서 저도 하게 되네요 ㅎ
굿!",2020-04-28T13:30:23.000+0000,STOREFARM,4,어린이 보석십자수 DIY 캐릭터 큐빅 비즈십자수 지니맘(입고완료),지니맘 큐빅십자수  DIY: 1번 유니콘  (15cm 20cm)
868302697,SELLBLOG,NORMAL,집 꼭하는 아이들 집에서 집중해서 잘 만드네요.,2020-06-03T03:00:39.000+0000,STOREFARM,4,어린이 보석십자수 DIY 캐릭터 큐빅 비즈십자수 지니맘,지니맘 큐빅십자수  DIY: 7번 소녀2  (15cm 20cm)
848976456,SELLBLOG,NORMAL,아이가  집중해서 꾸준히 작품 만들기를 하네요 작품도 예쁘고 지금 같은 시기에 딱인듯 해요,2020-05-02T00:55:06.000+0000,STOREFARM,5,어린이 보석십자수 DIY 캐릭터 큐빅 비즈십자수 지니맘(입고완료),지니맘 큐빅십자수  DIY: 1번 유니콘  (15cm 20cm)
850535841,SELLBLOG,NORMAL,"시간떼우기 짱인듯요
8살 조카에게 선물했는데 집중해서 잘 노네요",2020-05-05T06:32:25.000+0000,STOREFARM,4,어린이 보석십자수 DIY 캐릭터 큐빅 비즈십자수 지니맘(입고완료),지니맘 큐빅십자수  DIY: 22번 부엉이 (15cm 20cm)
870476349,SELLBLOG,AFTER_USE,아이혼자 할만큼 쉬워요.,2020-06-06T06:25:00.000+0000,STOREFARM,5,어린이 보석십자수 DIY 캐릭터 큐빅 비즈십자수 지니맘,지니맘 큐빅십자수  DIY: 21번 별유니콘 (15cm 20cm)
870571497,SELLBLOG,NORMAL,받자마자. 금방 다하네요,2020-06-06T10:13:26.000+0000,STOREFARM,5,어린이 보석십자수 DIY 캐릭터 큐빅 비즈십자수 지니맘,지니맘 큐빅십자수  DIY: 21번 별유니콘 (15cm 20cm)
853311156,SELLBLOG,NORMAL,초딩 조카선물로 보내줫는데 맘에 든다고 넘 이쁘다고하네요,2020-05-09T09:06:33.000+0000,STOREFARM,5,어린이 보석십자수 DIY 캐릭터 큐빅 비즈십자수 지니맘,지니맘 큐빅십자수  DIY: 6번 소녀1  (15cm 20cm)
866295867,SELLBLOG,NORMAL,좋아해요. 재구매 의사있습니다,2020-05-30T14:16:16.000+0000,STOREFARM,4,어린이 보석십자수 DIY 캐릭터 큐빅 비즈십자수 지니맘,지니맘 큐빅십자수  DIY: 16번 별  (15cm 20cm)
865060670,SELLBLOG,NORMAL,"아이들이 너무좋아해요
하고나니 예쁘고",2020-05-28T11:45:08.000+0000,STOREFARM,5,어린이 보석십자수 DIY 캐릭터 큐빅 비즈십자수 지니맘,지니맘 큐빅십자수  DIY: 17번 가면 (15cm 20cm)
840347955,SELLBLOG,NORMAL,큐빅도 넉넉하게 많고 불량도 별로 없어서 남는 큐빅으로 또 애들끼리 뭐 만들고 놀 정도예요. 재입고 되면 다른것도 사려구요. 9살 7살 둘다 넘 좋아하고 잘해요. 하다보니 제가 제일 열심히 함ㅋㅋㅋ 집콕 기간에 강추입니다. 넘 좋아서 인스타에도 공유ㅋ,2020-04-18T02:00:55.000+0000,STOREFARM,5,어린이 보석십자수 DIY 캐릭터 큐빅 비즈십자수 지니맘,지니맘 큐빅십자수  DIY: 21번 별유니콘 (15cm 20cm)
851842411,SELLBLOG,NORMAL,10살  딸아이 어린이날 선물로 6개 구매했는데 너무 좋아합니다~ 집중력도 좋아지고 블링블링 진짜 너무 예뻐요~~ 시간 가는줄 모르고 집중해서 하고 아이가 완성후 액자에 넣어 자기 책장에 진열해 뒀는데 넘 예쁘다며 신이 났네요 아이는 성취감이 생기고 엄마는 선물해준 보람을 느낍니다.,2020-05-07T09:22:03.000+0000,STOREFARM,5,어린이 보석십자수 DIY 캐릭터 큐빅 비즈십자수 지니맘(입고완료),지니맘 큐빅십자수  DIY: 1번 유니콘  (15cm 20cm)
866703623,SELLBLOG,AFTER_USE,아이가 집중해서 작품을 완성했어요 만족합니다,2020-05-31T12:19:08.000+0000,STOREFARM,5,어린이 보석십자수 DIY 캐릭터 큐빅 비즈십자수 지니맘,지니맘 큐빅십자수  DIY: 25번 미니2  (15cm 20cm)
869821541,SELLBLOG,NORMAL,초등학생이 쓰기에 좋아요.,2020-06-05T04:06:49.000+0000,STOREFARM,4,어린이 보석십자수 DIY 캐릭터 큐빅 비즈십자수 지니맘,지니맘 큐빅십자수  DIY: 11번 클로버 (15cm 20cm)
870632702,SELLBLOG,NORMAL,너무 재밌게 잘하네요~,2020-06-06T12:47:21.000+0000,STOREFARM,5,어린이 보석십자수 DIY 캐릭터 큐빅 비즈십자수 지니맘,지니맘 큐빅십자수  DIY: 7번 소녀2  (15cm 20cm)
852298849,SELLBLOG,NORMAL,선물했는데 좀 어려웠대요 그래도 만족하네요,2020-05-08T01:27:13.000+0000,STOREFARM,5,어린이 보석십자수 DIY 캐릭터 큐빅 비즈십자수 지니맘(입고완료),지니맘 큐빅십자수  DIY: 21번 별유니콘 (15cm 20cm)
852298662,SELLBLOG,NORMAL,선물했는데 좀 어려웠대요 그래도 만족하네요,2020-05-08T01:26:56.000+0000,STOREFARM,5,어린이 보석십자수 DIY 캐릭터 큐빅 비즈십자수 지니맘(입고완료),지니맘 큐빅십자수  DIY: 2번 보라유니콘  (15cm 20cm)
852298429,SELLBLOG,NORMAL,선물했는데 좀 어려웠대요 그래도 만족하네요,2020-05-08T01:26:33.000+0000,STOREFARM,5,어린이 보석십자수 DIY 캐릭터 큐빅 비즈십자수 지니맘(입고완료),지니맘 큐빅십자수  DIY: 12번 슈퍼마리오 (15cm 20cm)
853549345,SELLBLOG,NORMAL,아이들이 엄청 좋아하고 액자에 마무리하니 넘 이쁘네요,2020-05-09T14:49:17.000+0000,STOREFARM,5,어린이 보석십자수 DIY 캐릭터 큐빅 비즈십자수 지니맘,지니맘 큐빅십자수  DIY: 18번 망치 (15cm 20cm)
864977856,SELLBLOG,NORMAL,요기가 그래도 종루가 많아요. 두개 이상 ㅛㅏ면 무료배송이고 아주 좋어용,2020-05-28T09:36:54.000+0000,STOREFARM,5,어린이 보석십자수 DIY 캐릭터 큐빅 비즈십자수 지니맘,지니맘 큐빅십자수  DIY: 9번 겨울사슴 (15cm 20cm)
864977781,SELLBLOG,NORMAL,요기가 그래도 종루가 많아요. 두개 이상 ㅛㅏ면 무료배송이고 아주 좋어용,2020-05-28T09:36:46.000+0000,STOREFARM,5,어린이 보석십자수 DIY 캐릭터 큐빅 비즈십자수 지니맘,지니맘 큐빅십자수  DIY: 17번 가면 (15cm 20cm)
851417465,SELLBLOG,NORMAL,제가해도 재미있을듯요! 8살 조카사줬는데 좋아해요,2020-05-06T16:58:25.000+0000,STOREFARM,5,어린이 보석십자수 DIY 캐릭터 큐빅 비즈십자수 지니맘(입고완료),지니맘 큐빅십자수  DIY: 3번 분홍사슴 (15cm 20cm)
851417367,SELLBLOG,NORMAL,제가해도 재미있을듯요! 8살 조카사줬는데 좋아해요,2020-05-06T16:57:49.000+0000,STOREFARM,5,어린이 보석십자수 DIY 캐릭터 큐빅 비즈십자수 지니맘(입고완료),지니맘 큐빅십자수  DIY: 6번 소녀1  (15cm 20cm)
851417268,SELLBLOG,NORMAL,제가해도 재미있을듯요! 8살 조카사줬는데 좋아해요,2020-05-06T16:57:19.000+0000,STOREFARM,5,어린이 보석십자수 DIY 캐릭터 큐빅 비즈십자수 지니맘(입고완료),지니맘 큐빅십자수  DIY: 1번 유니콘  (15cm 20cm)
851417182,SELLBLOG,NORMAL,제가해도 재미있을듯요! 8살 조카사줬는데 좋아해요,2020-05-06T16:56:51.000+0000,STOREFARM,5,어린이 보석십자수 DIY 캐릭터 큐빅 비즈십자수 지니맘(입고완료),지니맘 큐빅십자수  DIY: 2번 보라유니콘  (15cm 20cm)
851933872,SELLBLOG,NORMAL,화면으로는 아이언맨이 더 예뻤는데 실제로 해보니 스파이더맨이 더 예쁘네요 만족합니다^^,2020-05-07T11:19:30.000+0000,STOREFARM,5,어린이 보석십자수 DIY 캐릭터 큐빅 비즈십자수 지니맘(입고완료),지니맘 큐빅십자수  DIY: 17번 가면 (15cm 20cm)
864969581,SELLBLOG,NORMAL,예뻐요 아이들도 하기 쉽고 남은 비즈도 활용해요ㅎㅎ,2020-05-28T09:22:13.000+0000,STOREFARM,5,어린이 보석십자수 DIY 캐릭터 큐빅 비즈십자수 지니맘(입고완료),지니맘 큐빅십자수  DIY: 21번 별유니콘 (15cm 20cm)
867574842,SELLBLOG,NORMAL,배송도빠르고아이들이좋아해요,2020-06-02T03:51:26.000+0000,STOREFARM,4,어린이 보석십자수 DIY 캐릭터 큐빅 비즈십자수 지니맘(입고완료),지니맘 큐빅십자수  DIY: 22번 부엉이 (15cm 20cm)
857435648,SELLBLOG,NORMAL,조카가 너무 좋아해요,2020-05-15T10:56:12.000+0000,STOREFARM,5,어린이 보석십자수 DIY 캐릭터 큐빅 비즈십자수 지니맘,지니맘 큐빅십자수  DIY: 12번 슈퍼마리오 (15cm 20cm)
857435430,SELLBLOG,NORMAL,조카가 너무 좋아해요,2020-05-15T10:55:48.000+0000,STOREFARM,5,어린이 보석십자수 DIY 캐릭터 큐빅 비즈십자수 지니맘,지니맘 큐빅십자수  DIY: 21번 별유니콘 (15cm 20cm)
844807277,SELLBLOG,NORMAL,"딸이하려고 스파이더맨 하고 반짝이학까지 2개샀어요
아직 다못했지만 너무이쁘네요",2020-04-24T11:24:17.000+0000,STOREFARM,5,어린이 보석십자수 DIY 캐릭터 큐빅 비즈십자수 지니맘(입고완료),지니맘 큐빅십자수  DIY: 5번  반짝이 사슴 (15cm 20cm)
867574637,SELLBLOG,NORMAL,배송도빠르고애들이좋아해요,2020-06-02T03:51:03.000+0000,STOREFARM,4,어린이 보석십자수 DIY 캐릭터 큐빅 비즈십자수 지니맘(입고완료),지니맘 큐빅십자수  DIY: 1번 유니콘  (15cm 20cm)
869449232,SELLBLOG,NORMAL,수량 넉넉하니 좋아요,2020-06-04T12:06:48.000+0000,STOREFARM,5,어린이 보석십자수 DIY 캐릭터 큐빅 비즈십자수 지니맘,지니맘 큐빅십자수  DIY: 3번 분홍사슴 (15cm 20cm)
868973724,SELLBLOG,AFTER_USE,집중하기 너무 좋아요,2020-06-04T00:54:11.000+0000,STOREFARM,3,어린이 보석십자수 DIY 캐릭터 큐빅 비즈십자수 지니맘,지니맘 큐빅십자수  DIY: 6번 소녀1  (15cm 20cm)
868973257,SELLBLOG,AFTER_USE,집중하기 너무 좋아요,2020-06-04T00:53:26.000+0000,STOREFARM,3,어린이 보석십자수 DIY 캐릭터 큐빅 비즈십자수 지니맘,지니맘 큐빅십자수  DIY: 7번 소녀2  (15cm 20cm)
858293367,SELLBLOG,NORMAL,"사진과 같고요  6살아이가 흥미를 갖고잘하고있어요.
간혹 큐빅이 불량이 있긴  하지만  전체적으로 다 맘에듭니다.",2020-05-17T08:31:33.000+0000,STOREFARM,4,어린이 보석십자수 DIY 캐릭터 큐빅 비즈십자수 지니맘,지니맘 큐빅십자수  DIY: 21번 별유니콘 (15cm 20cm)
859846968,SELLBLOG,NORMAL,아이가 너무 기다렸어요. 초등 아이들이 하기에 딱이네요. 액자도 같이 구매 할수 있어서 좋네요,2020-05-20T00:02:37.000+0000,STOREFARM,5,어린이 보석십자수 DIY 캐릭터 큐빅 비즈십자수 지니맘,지니맘 큐빅십자수  DIY: 11번 클로버 (15cm 20cm)
847368602,SELLBLOG,NORMAL,엄청 많이 찾아봤는데 여기가 그림이 제일 예뻐요~ 아이가 히어로들을 좋아해서 신나할 것 같아요~,2020-04-28T23:16:51.000+0000,STOREFARM,5,어린이 보석십자수 DIY 캐릭터 큐빅 비즈십자수 지니맘(입고완료),지니맘 큐빅십자수  DIY: 20번 거미 (15cm 20cm)
847368451,SELLBLOG,NORMAL,엄청 많이 찾아봤는데 여기가 그림이 제일 예뻐요~ 아이가 히어로들을 좋아해서 신나할 것 같아요~,2020-04-28T23:16:27.000+0000,STOREFARM,5,어린이 보석십자수 DIY 캐릭터 큐빅 비즈십자수 지니맘(입고완료),지니맘 큐빅십자수  DIY: 12번 슈퍼마리오 (15cm 20cm)
847368333,SELLBLOG,NORMAL,엄청 많이 찾아봤는데 여기가 그림이 제일 예뻐요~ 아이가 히어로들을 좋아해서 신나할 것 같아요~,2020-04-28T23:16:09.000+0000,STOREFARM,5,어린이 보석십자수 DIY 캐릭터 큐빅 비즈십자수 지니맘(입고완료),지니맘 큐빅십자수  DIY: 17번 가면 (15cm 20cm)
864520139,SELLBLOG,AFTER_USE,"아이들이 좋아해요
색감도 너무 이뻐요",2020-05-27T14:47:31.000+0000,STOREFARM,4,어린이 보석십자수 DIY 캐릭터 큐빅 비즈십자수 지니맘 (입고완료),지니맘 큐빅십자수  DIY: 19번 방패 (15cm 20cm)
866608079,SELLBLOG,NORMAL,이뻐요! 또 구매하러올듯요~~,2020-05-31T08:54:35.000+0000,STOREFARM,5,어린이 보석십자수 DIY 캐릭터 큐빅 비즈십자수 지니맘,지니맘 큐빅십자수  DIY: 12번 슈퍼마리오 (15cm 20cm)
850610816,SELLBLOG,NORMAL,토르 넘이뻐요 아이가좋아해요 다하고나니뿌듯!!!,2020-05-05T10:16:36.000+0000,STOREFARM,5,어린이 보석십자수 DIY 캐릭터 큐빅 비즈십자수 지니맘(입고완료),지니맘 큐빅십자수  DIY: 18번 망치 (15cm 20cm)
854124059,SELLBLOG,NORMAL,딸이 좋아해서 종류별로 구매했어요,2020-05-10T15:05:23.000+0000,STOREFARM,4,어린이 보석십자수 DIY 캐릭터 큐빅 비즈십자수 지니맘(입고완료),지니맘 큐빅십자수  DIY: 1번 유니콘  (15cm 20cm)
866855794,SELLBLOG,NORMAL,액자창이 파란색이라  작품색이 달라보이네요...ㅠ,2020-05-31T22:45:59.000+0000,STOREFARM,3,어린이 보석십자수 DIY 캐릭터 큐빅 비즈십자수 지니맘,지니맘 큐빅십자수  DIY: 9번 겨울사슴 (15cm 20cm)
850610505,SELLBLOG,NORMAL,보석양도 넉넉하게 들어있고 하고나니 뿌듯해서 시리즈로다 갖고싶네요!!,2020-05-05T10:15:31.000+0000,STOREFARM,5,어린이 보석십자수 DIY 캐릭터 큐빅 비즈십자수 지니맘(입고완료),지니맘 큐빅십자수  DIY: 15번 베트맨 (15cm 20cm)
856113806,SELLBLOG,NORMAL,아이들이 넘좋아해요,2020-05-13T10:29:58.000+0000,STOREFARM,5,어린이 보석십자수 DIY 캐릭터 큐빅 비즈십자수 지니맘,지니맘 큐빅십자수  DIY: 22번 부엉이 (15cm 20cm)
851828318,SELLBLOG,NORMAL,아이가좋아하고완성후액자까지끼워놓으니 좋으네요~,2020-05-07T09:02:18.000+0000,STOREFARM,5,어린이 보석십자수 DIY 캐릭터 큐빅 비즈십자수 지니맘(입고완료),지니맘 큐빅십자수  DIY: 21번 별유니콘 (15cm 20cm)
849544961,SELLBLOG,AFTER_USE,"아이들이 집중해서 완성했네요
본인들이 만든거라 뿌듯해하구요",2020-05-03T02:59:23.000+0000,STOREFARM,5,어린이 보석십자수 DIY 캐릭터 큐빅 비즈십자수 지니맘,지니맘 큐빅십자수  DIY: 12번 슈퍼마리오 (15cm 20cm)
867692856,SELLBLOG,AFTER_USE,아이랑 잼있게  했습니다,2020-06-02T06:58:09.000+0000,STOREFARM,4,어린이 보석십자수 DIY 캐릭터 큐빅 비즈십자수 지니맘,지니맘 큐빅십자수  DIY: 2번 보라유니콘 (15cm 20cm)
867448440,SELLBLOG,NORMAL,아이들이 너무좋아해요,2020-06-01T23:35:32.000+0000,STOREFARM,5,어린이 보석십자수 DIY 캐릭터 큐빅 비즈십자수 지니맘,지니맘 큐빅십자수  DIY: 12번 슈퍼마리오 (15cm 20cm)
867448304,SELLBLOG,NORMAL,아이들이너무좋아해요,2020-06-01T23:35:07.000+0000,STOREFARM,5,어린이 보석십자수 DIY 캐릭터 큐빅 비즈십자수 지니맘,지니맘 큐빅십자수  DIY: 9번 겨울사슴 (15cm 20cm)
849090232,SELLBLOG,NORMAL,"소근육키우며 집중력도 키울수 있어서 정말 좋아요
아이들이 다 하고나면 엄청 뿌듯해합니다 ㅎㅎ",2020-05-02T05:00:48.000+0000,STOREFARM,5,어린이 보석십자수 DIY 캐릭터 큐빅 비즈십자수 지니맘(입고완료),지니맘 큐빅십자수  DIY: 12번 슈퍼마리오 (15cm 20cm)
843106975,SELLBLOG,NORMAL,큰아이가 사슴하고싶어했는데 품절이라 유니콘으로 주문했네요. 반짝이는게 예쁘다며 이틀만에 뚝딱ㅎㅎ 액자 주문했는데 도착하면 완성한거 끼워줘야겠어요~,2020-04-22T06:24:36.000+0000,STOREFARM,5,어린이 보석십자수 DIY 캐릭터 큐빅 비즈십자수 지니맘,지니맘 큐빅십자수  DIY: 21번 별유니콘 (15cm 20cm)
862655328,SELLBLOG,NORMAL,아들 하다가 함들어서 제가 해줬어요~아들 엄청 좋아해요,2020-05-24T12:37:50.000+0000,STOREFARM,5,어린이 보석십자수 DIY 캐릭터 큐빅 비즈십자수 지니맘(입고완료),지니맘 큐빅십자수  DIY: 12번 슈퍼마리오 (15cm 20cm)
838410295,SELLBLOG,NORMAL,"오빠 따라 해보고 싶어하는
초1 울 딸이 3일동안 하면서
뿌듯뿌듯하며 완성했어요~
성취감+집중력!!!기르기에 좋았던 상품예요.
재미 있기도 하고 시간도 잘가구요~",2020-04-14T17:53:18.000+0000,STOREFARM,5,어린이 보석십자수 DIY 캐릭터 큐빅 비즈십자수 지니맘,지니맘 큐빅십자수  DIY: 1번 유니콘  (15cm 20cm)
863110245,SELLBLOG,NORMAL,아이가 재미있어합니다~ 비즈도 넉넉하게 보내주셔서 잘 활용했습니다,2020-05-25T08:45:31.000+0000,STOREFARM,4,어린이 보석십자수 DIY 캐릭터 큐빅 비즈십자수 지니맘,지니맘 큐빅십자수  DIY: 9번 겨울사슴 (15cm 20cm)
868393816,SELLBLOG,NORMAL,"빠른배송만족합니다,",2020-06-03T05:18:33.000+0000,STOREFARM,5,어린이 보석십자수 DIY 캐릭터 큐빅 비즈십자수 지니맘,지니맘 큐빅십자수  DIY: 3번 분홍사슴 (15cm 20cm)
854474078,SELLBLOG,NORMAL,아이들과 재밌게 잘만들었어요~,2020-05-11T05:58:03.000+0000,STOREFARM,5,어린이 보석십자수 DIY 캐릭터 큐빅 비즈십자수 지니맘,지니맘 큐빅십자수  DIY: 20번 거미 (15cm 20cm)
863481303,SELLBLOG,NORMAL,아이가 너무 좋아하네요 집중력 올라가요~,2020-05-26T04:41:05.000+0000,STOREFARM,5,어린이 보석십자수 DIY 캐릭터 큐빅 비즈십자수 지니맘,지니맘 큐빅십자수  DIY: 24번 돌고래 (15cm 20cm)
863341156,SELLBLOG,AFTER_USE,"7세아이는 속도가안나니 조금 힘들어하네요
엄마와같이하기좋아요",2020-05-25T22:59:30.000+0000,STOREFARM,3,어린이 보석십자수 DIY 캐릭터 큐빅 비즈십자수 지니맘 (입고완료),지니맘 큐빅십자수  DIY: 2번 보라유니콘  (15cm 20cm)
865498859,SELLBLOG,NORMAL,조카선물로 구매했는데 너무 좋아하네요,2020-05-29T06:17:28.000+0000,STOREFARM,5,어린이 보석십자수 DIY 캐릭터 큐빅 비즈십자수 지니맘,지니맘 큐빅십자수  DIY: 23번 사자 (15cm 20cm)
844956740,SELLBLOG,NORMAL,"집콕하는 큰아이와하려고 구입했는데~가성비 알차네요👍👍👍
초5인데 혼자서도 잘 하더라구여(전에구입해서 해보았기에 재 구입했어요)",2020-04-24T16:31:59.000+0000,STOREFARM,5,어린이 보석십자수 DIY 캐릭터 큐빅 비즈십자수 지니맘,지니맘 큐빅십자수  DIY: 6번 소녀1  (15cm 20cm)
852531739,SELLBLOG,NORMAL,"짱 재미있어요~~
꼭 사세요",2020-05-08T07:18:38.000+0000,STOREFARM,5,어린이 보석십자수 DIY 캐릭터 큐빅 비즈십자수 지니맘(입고완료),지니맘 큐빅십자수  DIY: 22번 부엉이 (15cm 20cm)
843630827,SELLBLOG,NORMAL,아이가 너무 좋아하는데 하루에 만들기에는 좀 힘들것 같아요~끈기있게 하는 모습이 좋네요~다 만들고 액자에 넣어 전시하여구요,2020-04-23T00:09:59.000+0000,STOREFARM,5,어린이 보석십자수 DIY 캐릭터 큐빅 비즈십자수 지니맘,지니맘 큐빅십자수  DIY: 21번 별유니콘 (15cm 20cm)
854123516,SELLBLOG,NORMAL,모양별 세트로 구매했어요,2020-05-10T15:04:20.000+0000,STOREFARM,4,어린이 보석십자수 DIY 캐릭터 큐빅 비즈십자수 지니맘(입고완료),지니맘 큐빅십자수  DIY: 8번 꽃사슴 (15cm 20cm)
853316668,SELLBLOG,NORMAL,애들이 재밌게 만들고 좋아합니다,2020-05-09T09:14:22.000+0000,STOREFARM,4,어린이 보석십자수 DIY 캐릭터 큐빅 비즈십자수 지니맘,지니맘 큐빅십자수  DIY: 10번 안경토끼  (15cm 20cm)
841326974,SELLBLOG,NORMAL,"7세된딸 시간죽이기용으로 구매했어요
아이가 이쁜 도안 너무좋아했는데
보석십자수자체가 진도가 팍팍 나가지지않으니
조금하다 힘들어하긴했어요
초등 이상되면 더 잘할것 같아요.",2020-04-19T13:47:01.000+0000,STOREFARM,3,어린이 보석십자수 DIY 캐릭터 큐빅 비즈십자수 지니맘 (입고완료),지니맘 큐빅십자수  DIY: 8번 꽃사슴 (15cm 20cm)
851935862,SELLBLOG,NORMAL,거미 넘 예뻐요 고급스럽고 액자랑도 잘어울리네요,2020-05-07T11:21:45.000+0000,STOREFARM,5,어린이 보석십자수 DIY 캐릭터 큐빅 비즈십자수 지니맘(입고완료),지니맘 큐빅십자수  DIY: 20번 거미 (15cm 20cm)
850610131,SELLBLOG,NORMAL,좋아요 완성해놓으니 예쁘네요 액자필수!!!,2020-05-05T10:14:17.000+0000,STOREFARM,5,어린이 보석십자수 DIY 캐릭터 큐빅 비즈십자수 지니맘(입고완료),지니맘 큐빅십자수  DIY: 7번 소녀2  (15cm 20cm)
865664747,SELLBLOG,NORMAL,만들기 쉽고 시간도 잘가고 예뻐요,2020-05-29T10:49:44.000+0000,STOREFARM,5,어린이 보석십자수 DIY 캐릭터 큐빅 비즈십자수 지니맘,지니맘 큐빅십자수  DIY: 12번 슈퍼마리오 (15cm 20cm)
865663145,SELLBLOG,NORMAL,두번째 사줍니다 너무감방 끝나서요 ㅠ,2020-05-29T10:46:39.000+0000,STOREFARM,4,어린이 보석십자수 DIY 캐릭터 큐빅 비즈십자수 지니맘,지니맘 큐빅십자수  DIY: 1번 유니콘  (15cm 20cm)
841343741,SELLBLOG,NORMAL,페브릭이 아니라 종이를 코팅한거네요. 그래도 보석붙이니 차이점은 잘 모르겠어요. 큰 보석이 많아서 생각보다 금방했어요. 하고나니 넘 예뻐서 다른것도 더 사려구요,2020-04-19T14:16:57.000+0000,STOREFARM,4,어린이 보석십자수 DIY 캐릭터 큐빅 비즈십자수 지니맘,지니맘 큐빅십자수  DIY: 21번 별유니콘 (15cm 20cm)
845494185,SELLBLOG,NORMAL,8살 남자아이 힘들어하긴하지만 조금씩 모양이 나오고 반짝반짝하니 너무 좋아합니다~~~,2020-04-25T14:42:06.000+0000,STOREFARM,5,어린이 보석십자수 DIY 캐릭터 큐빅 비즈십자수 지니맘(입고완료),지니맘 큐빅십자수  DIY: 21번 별유니콘 (15cm 20cm)
862354611,SELLBLOG,NORMAL,"예쁘고 편하고 시간보내기엔 때 좋습니다.
아이혼자 하는데도  어려움 없어요...",2020-05-24T00:45:30.000+0000,STOREFARM,4,어린이 보석십자수 DIY 캐릭터 큐빅 비즈십자수 지니맘(입고완료),지니맘 큐빅십자수  DIY: 2번 보라유니콘  (15cm 20cm)
866291955,SELLBLOG,NORMAL,액자까지 해서 놓으니 예쁩니다.,2020-05-30T14:08:17.000+0000,STOREFARM,5,어린이 보석십자수 DIY 캐릭터 큐빅 비즈십자수 지니맘,지니맘 큐빅십자수  DIY: 15번 베트맨 (15cm 20cm)
847147782,SELLBLOG,NORMAL,아이들이 좋아해요 배송도빠르고 넉넉하게비즈잘챙겨주셔서감사해요,2020-04-28T12:12:37.000+0000,STOREFARM,5,어린이 보석십자수 DIY 캐릭터 큐빅 비즈십자수 지니맘(입고완료),지니맘 큐빅십자수  DIY: 3번 분홍사슴 (15cm 20cm)
861673060,SELLBLOG,AFTER_USE,좋아요 배송 빠르고 좋네요 추천할만한 제품이예요,2020-05-22T13:16:35.000+0000,STOREFARM,5,어린이 보석십자수 DIY 캐릭터 큐빅 비즈십자수 지니맘,지니맘 큐빅십자수  DIY: 13번 스폰지밥 (15cm 20cm)
861672982,SELLBLOG,AFTER_USE,좋아요 배송 빠르고 좋네요 추천할만한 제품이예요,2020-05-22T13:16:26.000+0000,STOREFARM,5,어린이 보석십자수 DIY 캐릭터 큐빅 비즈십자수 지니맘,지니맘 큐빅십자수  DIY: 9번 겨울사슴 (15cm 20cm)
861672915,SELLBLOG,AFTER_USE,좋아요 배송 빠르고 좋네요 추천할만한 제품이예요,2020-05-22T13:16:18.000+0000,STOREFARM,4,어린이 보석십자수 DIY 캐릭터 큐빅 비즈십자수 지니맘,지니맘 큐빅십자수  DIY: 17번 가면 (15cm 20cm)
835062941,SELLBLOG,NORMAL,"오자마자 뜯어서 또 해요.
몇일전에 산거 금방 해버려서 또 잔뜩 주문했는데 품절중에 이쁜 거는 입고되자마자 또 주문해놨어요 ㅎㅎㅎ
반짝이 사슴은 하나 주문했는데 두개가!! 어머님이랑 딸이랑 사슴 이쁘다고 오자마자 뜯고 시작해서...엥?!! 내가 잘못 주문했나 했는데.....어떡해야할지;;
보석 십자수 사서 하는 거 처음인데.. 지니맘이 가격대가 있긴하지만 제일 이쁘네요~^^",2020-04-09T06:39:50.000+0000,STOREFARM,5,어린이 보석십자수 DIY 캐릭터 큐빅 비즈십자수 지니맘,지니맘 큐빅십자수  DIY: 18번 망치 (15cm 20cm)
854098801,SELLBLOG,NORMAL,부엉이 제일 먼저 완성했어요 열흘 걸렸는데 테이프 힘이 좋아요 금방 떨어질까 걱정했는데 만족합니다 비즈가 엄청 많이 남아서 도안 한개 더 해도되겠어요^^,2020-05-10T14:18:07.000+0000,STOREFARM,5,어린이 보석십자수 DIY 캐릭터 큐빅 비즈십자수 지니맘(입고완료),지니맘 큐빅십자수  DIY: 22번 부엉이 (15cm 20cm)
866743949,SELLBLOG,NORMAL,아이들이 넘 재밌어하네요^^,2020-05-31T13:32:18.000+0000,STOREFARM,5,어린이 보석십자수 DIY 캐릭터 큐빅 비즈십자수 지니맘,지니맘 큐빅십자수  DIY: 6번 소녀1  (15cm 20cm)
851280801,SELLBLOG,NORMAL,잼있어요 시간때우기 좋아요,2020-05-06T13:03:14.000+0000,STOREFARM,4,어린이 보석십자수 DIY 캐릭터 큐빅 비즈십자수 지니맘,지니맘 큐빅십자수  DIY: 21번 별유니콘 (15cm 20cm)
852532913,SELLBLOG,NORMAL,"10개는 구매한듯
선물로주려고 더 샀어요",2020-05-08T07:20:16.000+0000,STOREFARM,5,어린이 보석십자수 DIY 캐릭터 큐빅 비즈십자수 지니맘(입고완료),지니맘 큐빅십자수  DIY: 8번 꽃사슴 (15cm 20cm)
858219048,SELLBLOG,NORMAL,다른 부엉이보다 예뻐서 구매했어요. 그런데 14번을 F로 표기하셨더라구요.찬참을 찾았습니다~~,2020-05-17T05:16:20.000+0000,STOREFARM,3,어린이 보석십자수 DIY 캐릭터 큐빅 비즈십자수 지니맘,지니맘 큐빅십자수  DIY: 22번 부엉이 (15cm 20cm)
881461787,SELLBLOG,NORMAL,아주 조아요 아주 조아요,2020-06-22T21:04:46.000+0000,STOREFARM,5,어린이 보석십자수 DIY 캐릭터 큐빅 비즈십자수 지니맘,지니맘 큐빅십자수  DIY: 22번 부엉이 (15cm 20cm)
856114445,SELLBLOG,NORMAL,아이가 좋아해요^^,2020-05-13T10:30:52.000+0000,STOREFARM,5,어린이 보석십자수 DIY 캐릭터 큐빅 비즈십자수 지니맘,지니맘 큐빅십자수  DIY: 6번 소녀1  (15cm 20cm)
850422223,SELLBLOG,NORMAL,너무 이뻐요 또 구매예정,2020-05-05T00:57:45.000+0000,STOREFARM,5,어린이 보석십자수 DIY 캐릭터 큐빅 비즈십자수 지니맘(입고완료),지니맘 큐빅십자수  DIY: 13번 스폰지밥 (15cm 20cm)
862327988,SELLBLOG,NORMAL,애들이 잠깐 가지고놀았는데 나머지는  엄마거요 재미 네요,2020-05-23T23:14:14.000+0000,STOREFARM,4,어린이 보석십자수 DIY 캐릭터 큐빅 비즈십자수 지니맘,지니맘 큐빅십자수  DIY: 8번 꽃사슴 (15cm 20cm)
865571606,SELLBLOG,NORMAL,초등학교 1학년 아이가 좋아해요,2020-05-29T08:08:57.000+0000,STOREFARM,5,어린이 보석십자수 DIY 캐릭터 큐빅 비즈십자수 지니맘,지니맘 큐빅십자수  DIY: 1번 유니콘  (15cm 20cm)
845337825,SELLBLOG,NORMAL,"아이들이학교를안가서,주문했네요.순식간에두녀석다클리어.담엔좀더큰거사야겠어요^^;;",2020-04-25T09:57:23.000+0000,STOREFARM,5,어린이 보석십자수 DIY 캐릭터 큐빅 비즈십자수 지니맘(입고완료),지니맘 큐빅십자수  DIY: 20번 거미 (15cm 20cm)
862003651,SELLBLOG,NORMAL,"빠른배송과 꼼꼼한 포장 감사합니다 
아이가 예쁘다고 너무 좋아하네요^^",2020-05-23T06:47:20.000+0000,STOREFARM,4,어린이 보석십자수 DIY 캐릭터 큐빅 비즈십자수 지니맘,지니맘 큐빅십자수  DIY: 22번 부엉이 (15cm 20cm)
849751381,SELLBLOG,NORMAL,여덟살 아이가 하기에 힘들지 않을까 했는데 너무 재밌어 하네요~~,2020-05-03T11:39:29.000+0000,STOREFARM,5,어린이 보석십자수 DIY 캐릭터 큐빅 비즈십자수 지니맘(입고완료),지니맘 큐빅십자수  DIY: 11번 클로버 (15cm 20cm)
865522644,SELLBLOG,NORMAL,아이가 너무 좋아하더라구요,2020-05-29T06:54:03.000+0000,STOREFARM,5,어린이 보석십자수 DIY 캐릭터 큐빅 비즈십자수 지니맘,지니맘 큐빅십자수  DIY: 13번 스폰지밥 (15cm 20cm)
864520364,SELLBLOG,AFTER_USE,색감도 이쁘고 만들고 나면 더 이뻐요,2020-05-27T14:47:59.000+0000,STOREFARM,4,어린이 보석십자수 DIY 캐릭터 큐빅 비즈십자수 지니맘 (입고완료),지니맘 큐빅십자수  DIY: 18번 망치 (15cm 20cm)
866289334,SELLBLOG,NORMAL,아이들이 재미있어 해요.,2020-05-30T14:03:04.000+0000,STOREFARM,4,어린이 보석십자수 DIY 캐릭터 큐빅 비즈십자수 지니맘,지니맘 큐빅십자수  DIY: 1번 유니콘  (15cm 20cm)
844771776,SELLBLOG,NORMAL,"돌고래입고되길 기다렸다가
배송비내기싫어 두개주문했어요
완성후 걸어두면 예쁠것같아요",2020-04-24T10:26:06.000+0000,STOREFARM,4,어린이 보석십자수 DIY 캐릭터 큐빅 비즈십자수 지니맘,지니맘 큐빅십자수  DIY: 21번 별유니콘 (15cm 20cm)
848709002,SELLBLOG,NORMAL,넘나넘나 이뻐요~애들도 재미나 하고 조금 힘들긴 하네요 ㅋㅋ,2020-05-01T08:53:45.000+0000,STOREFARM,3,어린이 보석십자수 DIY 캐릭터 큐빅 비즈십자수 지니맘 (입고완료),지니맘 큐빅십자수  DIY: 24번 돌고래 (15cm 20cm)
857884711,SELLBLOG,NORMAL,"아이들이  집중해서 완전 잘해요^^  
아들셋  집안이 조용해 졌어요 !! ㅎㅎ
다음엔 더 큰걸로 사야할듯요 ㅋ",2020-05-16T09:33:59.000+0000,STOREFARM,5,어린이 보석십자수 DIY 캐릭터 큐빅 비즈십자수 지니맘,지니맘 큐빅십자수  DIY: 22번 부엉이 (15cm 20cm)
845622168,SELLBLOG,NORMAL,보석이 커서 금방할것같아요. 종이가 두부분으로 뗄수있어 좋아요. 완성하면 예쁠것같아요.,2020-04-26T01:39:30.000+0000,STOREFARM,4,어린이 보석십자수 DIY 캐릭터 큐빅 비즈십자수 지니맘,지니맘 큐빅십자수  DIY: 22번 부엉이 (15cm 20cm)
866575287,SELLBLOG,NORMAL,그럭저럭 괜찮았어요.,2020-05-31T07:36:03.000+0000,STOREFARM,3,어린이 보석십자수 DIY 캐릭터 큐빅 비즈십자수 지니맘,지니맘 큐빅십자수  DIY: 7번 소녀2  (15cm 20cm)
860644841,SELLBLOG,AFTER_USE,"집콕 하면서 시간 잘 보냈습니다
하고나면 목이 좀 아픈데 그건 제 자세 문제겠죠ㅋ",2020-05-21T03:08:48.000+0000,STOREFARM,5,어린이 보석십자수 DIY 캐릭터 큐빅 비즈십자수 지니맘 (입고완료),지니맘 큐빅십자수  DIY: 8번 꽃사슴 (15cm 20cm)
846798946,SELLBLOG,NORMAL,집콕놀이로 딱이네요 다른곳보다 블링블링해서 아이가 넘좋아해요,2020-04-28T03:51:49.000+0000,STOREFARM,5,어린이 보석십자수 DIY 캐릭터 큐빅 비즈십자수 지니맘 (입고완료),지니맘 큐빅십자수  DIY: 21번 별유니콘 (15cm 20cm)
863481620,SELLBLOG,NORMAL,잘 받았어요~ 아이가 좋아해요,2020-05-26T04:41:42.000+0000,STOREFARM,5,어린이 보석십자수 DIY 캐릭터 큐빅 비즈십자수 지니맘,지니맘 큐빅십자수  DIY: 13번 스폰지밥 (15cm 20cm)
861196850,SELLBLOG,NORMAL,예뻐요..아이가 직접고른거라 좋아합니다,2020-05-21T23:32:03.000+0000,STOREFARM,4,어린이 보석십자수 DIY 캐릭터 큐빅 비즈십자수 지니맘,지니맘 큐빅십자수  DIY: 22번 부엉이 (15cm 20cm)
838097874,SELLBLOG,NORMAL,"자기 침대위에 걸어주니까
엄청 뿌듯해하네요~~
만들면서도 완성 되는 모습 보면서
기대하고 즐겁게 좋은시간 잘 보냈습니다♡",2020-04-14T09:04:30.000+0000,STOREFARM,5,어린이 보석십자수 DIY 캐릭터 큐빅 비즈십자수 지니맘,지니맘 큐빅십자수  DIY: 18번 망치 (15cm 20cm)
864966830,SELLBLOG,NORMAL,배송도빠르고포장도잘되어잇어요,2020-05-28T09:17:50.000+0000,STOREFARM,5,어린이 보석십자수 DIY 캐릭터 큐빅 비즈십자수 지니맘,지니맘 큐빅십자수  DIY: 22번 부엉이 (15cm 20cm)
866607853,SELLBLOG,NORMAL,아이가 좋아하네요!,2020-05-31T08:54:04.000+0000,STOREFARM,5,어린이 보석십자수 DIY 캐릭터 큐빅 비즈십자수 지니맘,지니맘 큐빅십자수  DIY: 13번 스폰지밥 (15cm 20cm)
859135623,SELLBLOG,NORMAL,"보석도 여유있게 들어있고 꼼꼼히 포장되어 왔어요
아이들이 참 좋아하네요
가격이 조금만 착했으면 좋겠어요~",2020-05-19T00:04:23.000+0000,STOREFARM,5,어린이 보석십자수 DIY 캐릭터 큐빅 비즈십자수 지니맘,지니맘 큐빅십자수  DIY: 21번 별유니콘 (15cm 20cm)
847821382,SELLBLOG,NORMAL,"집중력도 높아지고 시간가는줄 모르고 하게 되네요
성취도도 커요",2020-04-29T11:57:09.000+0000,STOREFARM,5,어린이 보석십자수 DIY 캐릭터 큐빅 비즈십자수 지니맘(입고완료),지니맘 큐빅십자수  DIY: 9번 겨울사슴 (15cm 20cm)
835975520,SELLBLOG,NORMAL,"너무너무 이뻐요~
아이들도 좋아하지만 시부모님도 좋아하시네요. 
그림도 아기자기해서..ㅎㅎ 
다른 그림도 또 나오면 좋겠어요. 여기서 파는 건 거의 다해본..ㅎㅎ
집콕 취미활동으로 최고인듯^^",2020-04-10T13:26:47.000+0000,STOREFARM,5,어린이 보석십자수 DIY 캐릭터 큐빅 비즈십자수 지니맘,지니맘 큐빅십자수  DIY: 2번 보라유니콘  (15cm 20cm)
859847270,SELLBLOG,NORMAL,기다리던 제품이에요. 초등 초보가 하기 딱 좋아요.,2020-05-20T00:03:14.000+0000,STOREFARM,5,어린이 보석십자수 DIY 캐릭터 큐빅 비즈십자수 지니맘,지니맘 큐빅십자수  DIY: 1번 유니콘  (15cm 20cm)
862606783,SELLBLOG,NORMAL,"아이가 하루만에 완성ㅡㅡ좀더 하고 시간때우길 바랐으나ㅎ^^;;;,",2020-05-24T10:57:56.000+0000,STOREFARM,5,어린이 보석십자수 DIY 캐릭터 큐빅 비즈십자수 지니맘,지니맘 큐빅십자수  DIY: 13번 스폰지밥 (15cm 20cm)
852531011,SELLBLOG,NORMAL,제가 더 재미있어하네요,2020-05-08T07:17:30.000+0000,STOREFARM,5,어린이 보석십자수 DIY 캐릭터 큐빅 비즈십자수 지니맘(입고완료),지니맘 큐빅십자수  DIY: 3번 분홍사슴 (15cm 20cm)
865664378,SELLBLOG,NORMAL,만들기 넘 쉽고 사간 넘 잘가요,2020-05-29T10:49:04.000+0000,STOREFARM,5,어린이 보석십자수 DIY 캐릭터 큐빅 비즈십자수 지니맘,지니맘 큐빅십자수  DIY: 8번 꽃사슴 (15cm 20cm)
846929585,SELLBLOG,NORMAL,스폰지밥완성하고재구매했어요.아이가좋아합니다^^,2020-04-28T07:24:18.000+0000,STOREFARM,5,어린이 보석십자수 DIY 캐릭터 큐빅 비즈십자수 지니맘(입고완료),지니맘 큐빅십자수  DIY: 12번 슈퍼마리오 (15cm 20cm)
862529901,SELLBLOG,NORMAL,"8잘 아이가 푹 빠져서 잘 하네요
큐빅 사이즈가 다양해서 좋ㅅㅂ니다",2020-05-24T07:48:53.000+0000,STOREFARM,5,어린이 보석십자수 DIY 캐릭터 큐빅 비즈십자수 지니맘,지니맘 큐빅십자수  DIY: 22번 부엉이 (15cm 20cm)
854020904,SELLBLOG,NORMAL,아이가 좋아합니다.,2020-05-10T12:14:32.000+0000,STOREFARM,5,어린이 보석십자수 DIY 캐릭터 큐빅 비즈십자수 지니맘 (입고완료),지니맘 큐빅십자수  DIY: 2번 보라유니콘  (15cm 20cm)
854020525,SELLBLOG,NORMAL,아이가 좋아합니다.,2020-05-10T12:13:51.000+0000,STOREFARM,5,어린이 보석십자수 DIY 캐릭터 큐빅 비즈십자수 지니맘 (입고완료),지니맘 큐빅십자수  DIY: 3번 분홍사슴 (15cm 20cm)
854020177,SELLBLOG,NORMAL,아이가 좋아합니다.,2020-05-10T12:13:18.000+0000,STOREFARM,5,어린이 보석십자수 DIY 캐릭터 큐빅 비즈십자수 지니맘 (입고완료),지니맘 큐빅십자수  DIY: 4번 홍학 (15cm 20cm)
854019865,SELLBLOG,NORMAL,아이가 좋아합니다.,2020-05-10T12:12:47.000+0000,STOREFARM,5,어린이 보석십자수 DIY 캐릭터 큐빅 비즈십자수 지니맘 (입고완료),지니맘 큐빅십자수  DIY: 6번 소녀1  (15cm 20cm)
854019523,SELLBLOG,NORMAL,아이가 좋아합니다.,2020-05-10T12:12:16.000+0000,STOREFARM,5,어린이 보석십자수 DIY 캐릭터 큐빅 비즈십자수 지니맘 (입고완료),지니맘 큐빅십자수  DIY: 8번 꽃사슴 (15cm 20cm)
861522611,SELLBLOG,NORMAL,"재미있고 시간잘가요 
5개째 주문입니다 ㅋㅋㅋ",2020-05-22T08:48:30.000+0000,STOREFARM,5,어린이 보석십자수 DIY 캐릭터 큐빅 비즈십자수 지니맘,지니맘 큐빅십자수  DIY: 13번 스폰지밥 (15cm 20cm)
852534088,SELLBLOG,NORMAL,남자아이들도 좋아해요,2020-05-08T07:21:51.000+0000,STOREFARM,5,어린이 보석십자수 DIY 캐릭터 큐빅 비즈십자수 지니맘(입고완료),지니맘 큐빅십자수  DIY: 18번 망치 (15cm 20cm)
852533662,SELLBLOG,NORMAL,남자아이들도 좋아해요,2020-05-08T07:21:16.000+0000,STOREFARM,5,어린이 보석십자수 DIY 캐릭터 큐빅 비즈십자수 지니맘(입고완료),지니맘 큐빅십자수  DIY: 20번 거미 (15cm 20cm)
865522782,SELLBLOG,NORMAL,아이가 너무 좋아해요,2020-05-29T06:54:16.000+0000,STOREFARM,5,어린이 보석십자수 DIY 캐릭터 큐빅 비즈십자수 지니맘,지니맘 큐빅십자수  DIY: 21번 별유니콘 (15cm 20cm)
852047828,SELLBLOG,NORMAL,"평점
5
딸아이가 직접 골라서 같이 하는데 묘하게 빠져드네요~^.^ 집중력도 높이고 정서안정에도 도움이 될 것 같아요. 무엇보다 함께 하면서 대화하는 시간이 제일 행복하네요~^.^",2020-05-07T13:30:33.000+0000,STOREFARM,5,어린이 보석십자수 DIY 캐릭터 큐빅 비즈십자수 지니맘,지니맘 큐빅십자수  DIY: 20번 거미 (15cm 20cm)
833750212,SELLBLOG,NORMAL,"아이생일선물로 주려고 찾아보던중 여길 알게됐는데, 유니콘이랑 마블시리즈가 이만한데가 없더라구요ㅎ 계속 품절이되서 직접 부탁을 드렸어요;;입고되면 꼭 알려달라고ㅡㅜ 잊지않고 연락을 주셔서 바로 구매를 했죠~~큐빅이 사이즈가 다르게 들어서 훨씬 입체감있고 예뻐요~~맘에들어요~가격이 좀 부담스럽긴하지만;; 좋아요~~^^",2020-04-07T11:58:17.000+0000,STOREFARM,4,어린이 보석십자수 DIY 캐릭터 큐빅 비즈십자수 지니맘 (입고완료),지니맘 큐빅십자수  DIY: 20번 거미 (15cm 20cm)
833749038,SELLBLOG,NORMAL,"아이생일선물로 주려고 찾아보던중 여길 알게됐는데, 유니콘이랑 마블시리즈가 이만한데가 없더라구요ㅎ 계속 품절이되서 직접 부탁을 드렸어요;;입고되면 꼭 알려달라고ㅡㅜ 잊지않고 연락을 주셔서 바로 구매를 했죠~~큐빅이 사이즈가 다르게 들어서 훨씬 입체감있고 예뻐요~~맘에들어요~가격이 좀 부담스럽긴하지만;; 좋아요~~^^",2020-04-07T11:56:57.000+0000,STOREFARM,4,어린이 보석십자수 DIY 캐릭터 큐빅 비즈십자수 지니맘 (입고완료),지니맘 큐빅십자수  DIY: 17번 가면 (15cm 20cm)
833747457,SELLBLOG,NORMAL,"아이생일선물로 주려고 찾아보던중 여길 알게됐는데, 유니콘이랑 마블시리즈가 이만한데가 없더라구요ㅎ 계속 품절이되서 직접 부탁을 드렸어요;;입고되면 꼭 알려달라고ㅡㅜ 잊지않고 연락을 주셔서 바로 구매를 했죠~~큐빅이 사이즈가 다르게 들어서 훨씬 입체감있고 예뻐요~~맘에들어요~가격이 좀 부담스럽긴하지만;; 좋아요~~^^",2020-04-07T11:55:13.000+0000,STOREFARM,4,어린이 보석십자수 DIY 캐릭터 큐빅 비즈십자수 지니맘 (입고완료),지니맘 큐빅십자수  DIY: 1번 유니콘  (15cm 20cm)
833744752,SELLBLOG,NORMAL,"아이생일선물로 주려고 찾아보던중 여길 알게됐는데, 유니콘이랑 마블시리즈가 이만한데가 없더라구요ㅎ 계속 품절이되서 직접 부탁을 드렸어요;;입고되면 꼭 알려달라고ㅡㅜ 잊지않고 연락을 주셔서 바로 구매를 했죠~~큐빅이 사이즈가 다르게 들어서 훨씬 입체감있고 예뻐요~~맘에들어요~가격이 좀 부담스럽긴하지만;; 좋아요~~^^",2020-04-07T11:52:15.000+0000,STOREFARM,4,어린이 보석십자수 DIY 캐릭터 큐빅 비즈십자수 지니맘 (입고완료),지니맘 큐빅십자수  DIY: 18번 망치 (15cm 20cm)
852532300,SELLBLOG,NORMAL,"이뻐요
색이 많아 더 재미있어요",2020-05-08T07:19:28.000+0000,STOREFARM,5,어린이 보석십자수 DIY 캐릭터 큐빅 비즈십자수 지니맘(입고완료),지니맘 큐빅십자수  DIY: 1번 유니콘  (15cm 20cm)
852045741,SELLBLOG,NORMAL,딸아이가 직접 골라서 같이 하는데 묘하게 빠져드네요~^.^ 집중력도 높이고 정서안정에도 도움이 될 것 같아요. 무엇보다 함께 하면서 대화하는 시간이 제일 행복하네요~^.^,2020-05-07T13:28:15.000+0000,STOREFARM,5,어린이 보석십자수 DIY 캐릭터 큐빅 비즈십자수 지니맘,지니맘 큐빅십자수  DIY: 10번 안경토끼  (15cm 20cm)
860867173,SELLBLOG,NORMAL,"아이가너무좋아해요
색감도 좋고 그림도예뻐요",2020-05-21T08:50:08.000+0000,STOREFARM,5,어린이 보석십자수 DIY 캐릭터 큐빅 비즈십자수 지니맘,지니맘 큐빅십자수  DIY: 8번 꽃사슴 (15cm 20cm)
860866903,SELLBLOG,NORMAL,"아이가너무좋아해요
색감도 좋고 그림도예뻐요",2020-05-21T08:49:47.000+0000,STOREFARM,5,어린이 보석십자수 DIY 캐릭터 큐빅 비즈십자수 지니맘,지니맘 큐빅십자수  DIY: 1번 유니콘  (15cm 20cm)
845275506,SELLBLOG,NORMAL,"포장도
꼼꼼히잘되어있고좋아요
근데
큐빅이 불량이좀있어요ㅠ
엄마가해도 재미있어요
큐빅이너무예뻐요",2020-04-25T08:06:30.000+0000,STOREFARM,5,어린이 보석십자수 DIY 캐릭터 큐빅 비즈십자수 지니맘(입고완료),지니맘 큐빅십자수  DIY: 21번 별유니콘 (15cm 20cm)
850580090,SELLBLOG,AFTER_USE,배송빠르고 넘 좋아요. 곳~~~~~,2020-05-05T08:42:48.000+0000,STOREFARM,5,어린이 보석십자수 DIY 캐릭터 큐빅 비즈십자수 지니맘,지니맘 큐빅십자수  DIY: 19번 방패 (15cm 20cm)
861086527,SELLBLOG,NORMAL,애들이 해도 쉬워서 좋아요~반짝반짝 너무 예뻐요^^,2020-05-21T14:29:23.000+0000,STOREFARM,5,어린이 보석십자수 DIY 캐릭터 큐빅 비즈십자수 지니맘(입고완료),지니맘 큐빅십자수  DIY: 24번 돌고래 (15cm 20cm)
846196579,SELLBLOG,AFTER_USE,액자에 끼워 놓으니 넘 예뻐요. 큐빅도 반짝반짝 예쁜 모습입니다.,2020-04-27T02:47:35.000+0000,STOREFARM,4,어린이 보석십자수 DIY 캐릭터 큐빅 비즈십자수 지니맘,지니맘 큐빅십자수  DIY: 20번 거미 (15cm 20cm)
843104934,SELLBLOG,NORMAL,6살 딸내미도 하나하나 꾹꾹 눌러가며 열심히하네요.^^ 칸에 잘안맞춘거같아도 완성하니 너무 예쁘네요~~,2020-04-22T06:21:57.000+0000,STOREFARM,5,어린이 보석십자수 DIY 캐릭터 큐빅 비즈십자수 지니맘,지니맘 큐빅십자수  DIY: 22번 부엉이 (15cm 20cm)
844771035,SELLBLOG,NORMAL,"예쁘고 아이가 좋아해요. 
8세 여아 알아서 혼자 다하니 자유시간이 생겨좋습니다ㅋ",2020-04-24T10:24:54.000+0000,STOREFARM,4,어린이 보석십자수 DIY 캐릭터 큐빅 비즈십자수 지니맘,지니맘 큐빅십자수  DIY: 24번 돌고래 (15cm 20cm)
863073451,SELLBLOG,NORMAL,색도 이쁘고 아이들이 너무 좋아하네요^^,2020-05-25T07:31:24.000+0000,STOREFARM,5,어린이 보석십자수 DIY 캐릭터 큐빅 비즈십자수 지니맘,지니맘 큐빅십자수  DIY: 11번 클로버 (15cm 20cm)
861522111,SELLBLOG,NORMAL,"아이가 너무좋아해요
제가해도 재미있네요^*^",2020-05-22T08:47:43.000+0000,STOREFARM,5,어린이 보석십자수 DIY 캐릭터 큐빅 비즈십자수 지니맘,지니맘 큐빅십자수  DIY: 10번 안경토끼  (15cm 20cm)
865572140,SELLBLOG,NORMAL,8세 아이가 좋아해요,2020-05-29T08:09:46.000+0000,STOREFARM,5,어린이 보석십자수 DIY 캐릭터 큐빅 비즈십자수 지니맘,지니맘 큐빅십자수  DIY: 21번 별유니콘 (15cm 20cm)
859136284,SELLBLOG,NORMAL,"아이들이 아주 좋아해요~
가격이 조금만 착했으면 좋겠어요",2020-05-19T00:05:47.000+0000,STOREFARM,5,어린이 보석십자수 DIY 캐릭터 큐빅 비즈십자수 지니맘,지니맘 큐빅십자수  DIY: 9번 겨울사슴 (15cm 20cm)
859136213,SELLBLOG,NORMAL,"아이들이 아주 좋아해요~
가격이 조금만 착했으면 좋겠어요",2020-05-19T00:05:38.000+0000,STOREFARM,5,어린이 보석십자수 DIY 캐릭터 큐빅 비즈십자수 지니맘,지니맘 큐빅십자수  DIY: 20번 거미 (15cm 20cm)
858402347,SELLBLOG,NORMAL,"아이가 좋아해요.
다하고보니 반짝반짝 빛나서 이쁘고 뿌듯하답니다.",2020-05-17T12:49:43.000+0000,STOREFARM,4,어린이 보석십자수 DIY 캐릭터 큐빅 비즈십자수 지니맘,지니맘 큐빅십자수  DIY: 21번 별유니콘 (15cm 20cm)
861718124,SELLBLOG,NORMAL,심심해하는딸랑구한테선물했어여 재미지대요,2020-05-22T14:49:26.000+0000,STOREFARM,5,어린이 보석십자수 DIY 캐릭터 큐빅 비즈십자수 지니맘,지니맘 큐빅십자수  DIY: 24번 돌고래 (15cm 20cm)
843301813,SELLBLOG,NORMAL,오른쪽 끝부분 부터 해보려구요...다른 보석 십자수 할때 그렇게 하니 더 안전?하더라구용♡,2020-04-22T10:33:46.000+0000,STOREFARM,5,어린이 보석십자수 DIY 캐릭터 큐빅 비즈십자수 지니맘(입고완료),지니맘 큐빅십자수  DIY: 14번 슈퍼맨 (15cm 20cm)
857878418,SELLBLOG,NORMAL,제것 사면서 아이들것도 샀는데 초집중 이네요ㅎㅎ 다음에 또 구매할께요,2020-05-16T09:20:22.000+0000,STOREFARM,4,어린이 보석십자수 DIY 캐릭터 큐빅 비즈십자수 지니맘,지니맘 큐빅십자수  DIY: 1번 유니콘  (15cm 20cm)
862604065,SELLBLOG,NORMAL,조카한테선물했더니너무좋아하네요.,2020-05-24T10:52:10.000+0000,STOREFARM,4,어린이 보석십자수 DIY 캐릭터 큐빅 비즈십자수 지니맘,지니맘 큐빅십자수  DIY: 21번 별유니콘 (15cm 20cm)
863302299,SELLBLOG,AFTER_USE,코로나를 잘보낼수 잇엇어요,2020-05-25T16:14:46.000+0000,STOREFARM,5,어린이 보석십자수 DIY 캐릭터 큐빅 비즈십자수 지니맘,지니맘 큐빅십자수  DIY: 1번 유니콘 (15cm 20cm)
858150484,SELLBLOG,NORMAL,아이가 너무 좋아하네요~ 자재들도 넉넉히 많이 보내주셨어요^^,2020-05-17T02:09:53.000+0000,STOREFARM,5,어린이 보석십자수 DIY 캐릭터 큐빅 비즈십자수 지니맘,지니맘 큐빅십자수  DIY: 24번 돌고래 (15cm 20cm)
851050152,SELLBLOG,NORMAL,선물했는데 만족하네요,2020-05-06T08:00:31.000+0000,STOREFARM,5,어린이 보석십자수 DIY 캐릭터 큐빅 비즈십자수 지니맘(입고완료),지니맘 큐빅십자수  DIY: 12번 슈퍼마리오 (15cm 20cm)
848340320,SELLBLOG,NORMAL,최고에요~아이가 너무 좋아해요~,2020-04-30T13:26:07.000+0000,STOREFARM,5,어린이 보석십자수 DIY 캐릭터 큐빅 비즈십자수 지니맘(입고완료),지니맘 큐빅십자수  DIY: 1번 유니콘  (15cm 20cm)
848549951,SELLBLOG,NORMAL,아이들이 좋아하네요^^,2020-05-01T03:39:17.000+0000,STOREFARM,5,어린이 보석십자수 DIY 캐릭터 큐빅 비즈십자수 지니맘(입고완료),지니맘 큐빅십자수  DIY: 1번 유니콘  (15cm 20cm)
844254355,SELLBLOG,AFTER_USE,"완성하고 장식해 놓으니 인테리어 효과 좋아요.
액자 추가구매 강추합니다.",2020-04-23T14:40:33.000+0000,STOREFARM,4,어린이 보석십자수 DIY 캐릭터 큐빅 비즈십자수 지니맘,지니맘 큐빅십자수  DIY: 7번 소녀2  (15cm 20cm)
844253995,SELLBLOG,AFTER_USE,"완성하고 장식해 놓으니 인테리어 효과 좋아요.
액자 추가구매 강추합니다.",2020-04-23T14:39:53.000+0000,STOREFARM,4,어린이 보석십자수 DIY 캐릭터 큐빅 비즈십자수 지니맘,지니맘 큐빅십자수  DIY: 12번 슈퍼마리오 (15cm 20cm)
844841519,SELLBLOG,NORMAL,"생각보다 배송이 빨리왔네요
주문한 날부터 계속 몇밤자면 오냐고 물었는데 하루 일찍와서 굉장히 좋아했어요",2020-04-24T12:18:17.000+0000,STOREFARM,5,어린이 보석십자수 DIY 캐릭터 큐빅 비즈십자수 지니맘(입고완료),지니맘 큐빅십자수  DIY: 19번 방패 (15cm 20cm)
862707714,SELLBLOG,NORMAL,잘받았습니다 재구매 하겠습니다,2020-05-24T14:21:26.000+0000,STOREFARM,4,어린이 보석십자수 DIY 캐릭터 큐빅 비즈십자수 지니맘,지니맘 큐빅십자수  DIY: 4번 홍학 (15cm 20cm)
862617513,SELLBLOG,NORMAL,아이가 대만족 또 사고싶다고함,2020-05-24T11:21:08.000+0000,STOREFARM,5,어린이 보석십자수 DIY 캐릭터 큐빅 비즈십자수 지니맘,지니맘 큐빅십자수  DIY: 7번 소녀2  (15cm 20cm)
862849396,SELLBLOG,NORMAL,좋아요...강추합니다..,2020-05-25T01:01:10.000+0000,STOREFARM,4,어린이 보석십자수 DIY 캐릭터 큐빅 비즈십자수 지니맘,지니맘 큐빅십자수  DIY: 20번 거미 (15cm 20cm)
862849208,SELLBLOG,NORMAL,좋아요...강추합니다..,2020-05-25T01:00:50.000+0000,STOREFARM,4,어린이 보석십자수 DIY 캐릭터 큐빅 비즈십자수 지니맘,지니맘 큐빅십자수  DIY: 21번 별유니콘 (15cm 20cm)
846919625,SELLBLOG,NORMAL,예뻐요 쉽게할수있네요 쉬워서 금방합니다,2020-04-28T07:09:33.000+0000,STOREFARM,5,어린이 보석십자수 DIY 캐릭터 큐빅 비즈십자수 지니맘(입고완료),지니맘 큐빅십자수  DIY: 21번 별유니콘 (15cm 20cm)
851049878,SELLBLOG,NORMAL,"선물했는데 만족하네요,",2020-05-06T08:00:04.000+0000,STOREFARM,5,어린이 보석십자수 DIY 캐릭터 큐빅 비즈십자수 지니맘(입고완료),지니맘 큐빅십자수  DIY: 9번 겨울사슴 (15cm 20cm)
837904245,SELLBLOG,NORMAL,"불량큐빅이 많지만 여분이 있어 좋습니다
다만 남는 큐빅량도 많아서 도면만 따로 팔면 좋을것같아요
2개 같은걸 했을경우 도면 새로운것까지포함 총3개 가능한 큐빅량입니다. 비즈 가격에 다 포함되는건데 쓸모가 없어 버리게 되네요",2020-04-14T04:14:48.000+0000,STOREFARM,4,어린이 보석십자수 DIY 캐릭터 큐빅 비즈십자수 지니맘 (입고완료),지니맘 큐빅십자수  DIY: 9번 겨울사슴 (15cm 20cm)
850421782,SELLBLOG,NORMAL,배송도 빠르고 너무 이뻐요,2020-05-05T00:56:23.000+0000,STOREFARM,5,어린이 보석십자수 DIY 캐릭터 큐빅 비즈십자수 지니맘(입고완료),지니맘 큐빅십자수  DIY: 10번 안경토끼  (15cm 20cm)
848517784,SELLBLOG,AFTER_USE,쉽고 재밌어요. 하고나니 이쁘네요,2020-05-01T02:28:50.000+0000,STOREFARM,5,어린이 보석십자수 DIY 캐릭터 큐빅 비즈십자수 지니맘,지니맘 큐빅십자수  DIY: 5번  반짝이 사슴 (15cm 20cm)
844840395,SELLBLOG,NORMAL,"저번에 샀던 펜이랑 다르네요
개인적으로 이번에 보내주신 펜이 더 좋네요",2020-04-24T12:16:30.000+0000,STOREFARM,5,어린이 보석십자수 DIY 캐릭터 큐빅 비즈십자수 지니맘(입고완료),지니맘 큐빅십자수  DIY: 14번 슈퍼맨 (15cm 20cm)
854098075,SELLBLOG,NORMAL,생각보다 쉽고 간단하고 재밌어요 6살아이가 하기에도 쉬워요 재밌어서 저도 옆에서 계속 하게되네요,2020-05-10T14:16:57.000+0000,STOREFARM,5,어린이 보석십자수 DIY 캐릭터 큐빅 비즈십자수 지니맘(입고완료),지니맘 큐빅십자수  DIY: 2번 보라유니콘  (15cm 20cm)
847984812,SELLBLOG,NORMAL,"아이들은 역시 빤짝빤짝한걸 좋아하죠~
8세 집중해서 제법해요~",2020-04-29T20:24:12.000+0000,STOREFARM,5,어린이 보석십자수 DIY 캐릭터 큐빅 비즈십자수 지니맘(입고완료),지니맘 큐빅십자수  DIY: 21번 별유니콘 (15cm 20cm)
862849582,SELLBLOG,NORMAL,좋아요...강추합니다...,2020-05-25T01:01:28.000+0000,STOREFARM,4,어린이 보석십자수 DIY 캐릭터 큐빅 비즈십자수 지니맘,지니맘 큐빅십자수  DIY: 1번 유니콘  (15cm 20cm)
845401940,SELLBLOG,AFTER_USE,액자에 넣어두고 잘 보고 있어요. 애들  집중도 잘하고 좋아요.,2020-04-25T11:55:08.000+0000,STOREFARM,5,어린이 보석십자수 DIY 캐릭터 큐빅 비즈십자수 지니맘,지니맘 큐빅십자수  DIY: 6번 소녀1  (15cm 20cm)
846128108,SELLBLOG,NORMAL,선물용으로 해보고 싶어서 구매했어요^^ 너무 예쁘네요~~,2020-04-27T01:06:37.000+0000,STOREFARM,5,어린이 보석십자수 DIY 캐릭터 큐빅 비즈십자수 지니맘(입고완료),지니맘 큐빅십자수  DIY: 11번 클로버 (15cm 20cm)
847984947,SELLBLOG,NORMAL,빤짝빤짝ㅋㅋ집중있게 할수있어서 좋네요~,2020-04-29T20:26:26.000+0000,STOREFARM,5,어린이 보석십자수 DIY 캐릭터 큐빅 비즈십자수 지니맘(입고완료),지니맘 큐빅십자수  DIY: 1번 유니콘  (15cm 20cm)
850422431,SELLBLOG,NORMAL,이뻐요 재구매할거예요,2020-05-05T00:58:24.000+0000,STOREFARM,5,어린이 보석십자수 DIY 캐릭터 큐빅 비즈십자수 지니맘(입고완료),지니맘 큐빅십자수  DIY: 3번 분홍사슴 (15cm 20cm)
862562157,SELLBLOG,AFTER_USE,아이들이 하기 좋게  편하네요,2020-05-24T09:08:20.000+0000,STOREFARM,4,어린이 보석십자수 DIY 캐릭터 큐빅 비즈십자수 지니맘,지니맘 큐빅십자수  DIY: 25번 미니2  (15cm 20cm)
860192415,SELLBLOG,NORMAL,"딸이 하두 보석십자수사달라하여
사줬는데 엄청 좋아라하네용ㅎㅎㅎ",2020-05-20T09:29:00.000+0000,STOREFARM,5,어린이 보석십자수 DIY 캐릭터 큐빅 비즈십자수 지니맘,지니맘 큐빅십자수  DIY: 12번 슈퍼마리오 (15cm 20cm)
850422003,SELLBLOG,NORMAL,배송빠르고 너무이뻐요,2020-05-05T00:57:05.000+0000,STOREFARM,5,어린이 보석십자수 DIY 캐릭터 큐빅 비즈십자수 지니맘(입고완료),지니맘 큐빅십자수  DIY: 24번 돌고래 (15cm 20cm)
844840793,SELLBLOG,NORMAL,"6,7살 아들래미들이 좋아라해요
이거 할때는 집중해서 조용하네요",2020-04-24T12:17:09.000+0000,STOREFARM,5,어린이 보석십자수 DIY 캐릭터 큐빅 비즈십자수 지니맘(입고완료),지니맘 큐빅십자수  DIY: 18번 망치 (15cm 20cm)
861041031,SELLBLOG,AFTER_USE,코로나로 집에 있는 아이들에게 선물했어요.,2020-05-21T13:18:24.000+0000,STOREFARM,5,어린이 보석십자수 DIY 캐릭터 큐빅 비즈십자수 지니맘,지니맘 큐빅십자수  DIY: 3번 분홍사슴 (15cm 20cm)
834904126,SELLBLOG,NORMAL,"배송 빨리해주시고 좋아요
재입고 되길 계속 기다렸다가 샀어요
저번에 샀던 유니콘과 돌고래를 친척에게 양보하고 계속 언제 사줄거냐고 했는데 하필 품절이여서 매일 접속 했네요ㅋㅋ
아이가 택배 뜯어보고 너무 좋아했어요",2020-04-09T02:50:39.000+0000,STOREFARM,5,어린이 보석십자수 DIY 캐릭터 큐빅 비즈십자수 지니맘 (입고완료),지니맘 큐빅십자수  DIY: 21번 별유니콘 (15cm 20cm)
848467130,SELLBLOG,NORMAL,소녀1 소녀2 같이 구매했는데 소녀2는 보석들이 많이 잘못왔어요,2020-05-01T00:34:14.000+0000,STOREFARM,1,어린이 보석십자수 DIY 캐릭터 큐빅 비즈십자수 지니맘(입고완료),지니맘 큐빅십자수  DIY: 6번 소녀1  (15cm 20cm)
862076096,SELLBLOG,NORMAL,아이가 너무 좋아합니다 이쁘네요,2020-05-23T09:02:09.000+0000,STOREFARM,4,어린이 보석십자수 DIY 캐릭터 큐빅 비즈십자수 지니맘,지니맘 큐빅십자수  DIY: 1번 유니콘  (15cm 20cm)
838026559,SELLBLOG,NORMAL,"애들과 함께하려고 구매했어요.
요새 매일 집에서 폰만하는 애들이 매일 요거하려고 책상에 앉아있으니 너무 보기 죠으네요!!^^
생각보다 간단하지만 집중력에 좋은것같아요",2020-04-14T07:27:30.000+0000,STOREFARM,5,어린이 보석십자수 DIY 캐릭터 큐빅 비즈십자수 지니맘 (입고완료),지니맘 큐빅십자수  DIY: 20번 거미 (15cm 20cm)
856227758,SELLBLOG,AFTER_USE,너무 예뻐요. 보는 사람들마다 물어봐서 홍보대사로 활동 중입니다. ㅋㅋ,2020-05-13T12:49:56.000+0000,STOREFARM,5,어린이 보석십자수 DIY 캐릭터 큐빅 비즈십자수 지니맘 (입고완료),지니맘 큐빅십자수  DIY: 2번 보라유니콘  (15cm 20cm)
863381699,SELLBLOG,NORMAL,아이들과 하니 재밌네요^^,2020-05-26T01:04:39.000+0000,STOREFARM,5,어린이 보석십자수 DIY 캐릭터 큐빅 비즈십자수 지니맘,지니맘 큐빅십자수  DIY: 24번 돌고래 (15cm 20cm)
863381667,SELLBLOG,NORMAL,아이들과 하니 재밌네요^^,2020-05-26T01:04:33.000+0000,STOREFARM,5,어린이 보석십자수 DIY 캐릭터 큐빅 비즈십자수 지니맘,지니맘 큐빅십자수  DIY: 3번 분홍사슴 (15cm 20cm)
863381630,SELLBLOG,NORMAL,아이들과 하니 재밌네요^^,2020-05-26T01:04:27.000+0000,STOREFARM,5,어린이 보석십자수 DIY 캐릭터 큐빅 비즈십자수 지니맘,지니맘 큐빅십자수  DIY: 22번 부엉이 (15cm 20cm)
856889673,SELLBLOG,NORMAL,아직 해보지는 않았어요. 아이가 이쁘게 잘 할 수 있음 좋겠어요.,2020-05-14T11:41:10.000+0000,STOREFARM,4,어린이 보석십자수 DIY 캐릭터 큐빅 비즈십자수 지니맘,지니맘 큐빅십자수  DIY: 23번 사자 (15cm 20cm)
846715326,SELLBLOG,NORMAL,"배송 빠르고
안에 하나하나 포장 꼼꼼이 되어있고
너무이쁘네요",2020-04-28T01:18:38.000+0000,STOREFARM,5,어린이 보석십자수 DIY 캐릭터 큐빅 비즈십자수 지니맘(입고완료),지니맘 큐빅십자수  DIY: 1번 유니콘  (15cm 20cm)
860193019,SELLBLOG,NORMAL,딸이 엄청 좋아합니다 나중에 또 사줘야겟어용,2020-05-20T09:29:50.000+0000,STOREFARM,5,어린이 보석십자수 DIY 캐릭터 큐빅 비즈십자수 지니맘,지니맘 큐빅십자수  DIY: 1번 유니콘  (15cm 20cm)
860192823,SELLBLOG,NORMAL,딸이 엄청 좋아합니다 나중에 또 사줘야겟어용,2020-05-20T09:29:34.000+0000,STOREFARM,5,어린이 보석십자수 DIY 캐릭터 큐빅 비즈십자수 지니맘,지니맘 큐빅십자수  DIY: 24번 돌고래 (15cm 20cm)
864380517,SELLBLOG,AFTER_USE,싸고구성품좋고 굿굿,2020-05-27T11:21:51.000+0000,STOREFARM,5,어린이 보석십자수 DIY 캐릭터 큐빅 비즈십자수 지니맘(입고완료),지니맘 큐빅십자수  DIY: 10번 안경토끼  (15cm 20cm)
840129818,SELLBLOG,NORMAL,3개주문해서 2개완성..아직 망치는 못했네요..아이들이 너무 좋아해요~^^,2020-04-17T12:54:49.000+0000,STOREFARM,5,어린이 보석십자수 DIY 캐릭터 큐빅 비즈십자수 지니맘,지니맘 큐빅십자수  DIY: 18번 망치 (15cm 20cm)
860772979,SELLBLOG,NORMAL,아이가 맘에 들어하고 재미있어 하네요,2020-05-21T06:33:00.000+0000,STOREFARM,5,어린이 보석십자수 DIY 캐릭터 큐빅 비즈십자수 지니맘(입고완료),지니맘 큐빅십자수  DIY: 24번 돌고래 (15cm 20cm)
857907562,SELLBLOG,NORMAL,빠른배송 감사합니다. 딸들이 너무 좋아해요^^,2020-05-16T10:26:07.000+0000,STOREFARM,5,어린이 보석십자수 DIY 캐릭터 큐빅 비즈십자수 지니맘,지니맘 큐빅십자수  DIY: 1번 유니콘  (15cm 20cm)
855276657,SELLBLOG,NORMAL,"아이가 좋아해서 
시부모님 어버이날 선물로 두번째
이번이 세번째 구입
 액자 필요해서 사면서 추가 구입
가격도 좋아요",2020-05-12T09:42:18.000+0000,STOREFARM,5,어린이 보석십자수 DIY 캐릭터 큐빅 비즈십자수 지니맘(입고완료),지니맘 큐빅십자수  DIY: 23번 사자 (15cm 20cm)
855276544,SELLBLOG,NORMAL,"아이가 좋아해서 
시부모님 어버이날 선물로 두번째
이번이 세번째 구입
 액자 필요해서 사면서 추가 구입
가격도 좋아요",2020-05-12T09:42:08.000+0000,STOREFARM,5,어린이 보석십자수 DIY 캐릭터 큐빅 비즈십자수 지니맘(입고완료),지니맘 큐빅십자수  DIY: 10번 안경토끼  (15cm 20cm)
848380688,SELLBLOG,NORMAL,조카 선물로 보내주니까 좋아하더라구요,2020-04-30T15:08:42.000+0000,STOREFARM,5,어린이 보석십자수 DIY 캐릭터 큐빅 비즈십자수 지니맘(입고완료),지니맘 큐빅십자수  DIY: 3번 분홍사슴 (15cm 20cm)
848381409,SELLBLOG,NORMAL,조카가 너무 좋아해서 기분이 최고네요,2020-04-30T15:10:46.000+0000,STOREFARM,5,어린이 보석십자수 DIY 캐릭터 큐빅 비즈십자수 지니맘(입고완료),지니맘 큐빅십자수  DIY: 21번 별유니콘 (15cm 20cm)
848331252,SELLBLOG,NORMAL,엄마 선물드렸더니 재밌다고 좋아하셔요,2020-04-30T13:02:37.000+0000,STOREFARM,4,어린이 보석십자수 DIY 캐릭터 큐빅 비즈십자수 지니맘(입고완료),지니맘 큐빅십자수  DIY: 21번 별유니콘 (15cm 20cm)
845338111,SELLBLOG,NORMAL,심심해해서구매해줬는데.금방다했네요,2020-04-25T09:57:59.000+0000,STOREFARM,5,어린이 보석십자수 DIY 캐릭터 큐빅 비즈십자수 지니맘(입고완료),지니맘 큐빅십자수  DIY: 2번 보라유니콘  (15cm 20cm)
823895735,SELLBLOG,NORMAL,이제 4학년 올라가는 여자애 같은 남동생 생일 산물로 사줬는데 너무 좋아해서 만족스러웠어요ㅠㅠ 생각보다 불량 같은것도 별로 없고 큐빅도 넉넉하게 들어있어서 좋았어요!!,2020-03-23T12:58:04.000+0000,STOREFARM,5,어린이 보석십자수 DIY 캐릭터 큐빅 비즈십자수 지니맘,지니맘 큐빅십자수  DIY: 17번 가면 (15cm 20cm)
862320342,SELLBLOG,NORMAL,아이가 너무 좋아하네요,2020-05-23T22:31:06.000+0000,STOREFARM,5,어린이 보석십자수 DIY 캐릭터 큐빅 비즈십자수 지니맘,지니맘 큐빅십자수  DIY: 8번 꽃사슴 (15cm 20cm)
861196627,SELLBLOG,NORMAL,반짝반짝거려서 아이가 좋아해요,2020-05-21T23:31:25.000+0000,STOREFARM,4,어린이 보석십자수 DIY 캐릭터 큐빅 비즈십자수 지니맘,지니맘 큐빅십자수  DIY: 21번 별유니콘 (15cm 20cm)
851358417,SELLBLOG,NORMAL,아이들이 좋아해요 ~~~~,2020-05-06T14:37:18.000+0000,STOREFARM,4,어린이 보석십자수 DIY 캐릭터 큐빅 비즈십자수 지니맘(입고완료),지니맘 큐빅십자수  DIY: 11번 클로버 (15cm 20cm)
863454854,SELLBLOG,NORMAL,아이들이 좋아하넹ᆢㄷ,2020-05-26T03:45:46.000+0000,STOREFARM,5,어린이 보석십자수 DIY 캐릭터 큐빅 비즈십자수 지니맘,지니맘 큐빅십자수  DIY: 21번 별유니콘 (15cm 20cm)
859799692,SELLBLOG,NORMAL,아이들이 재밌게 집중력발휘하며 했네요,2020-05-19T21:08:14.000+0000,STOREFARM,4,어린이 보석십자수 DIY 캐릭터 큐빅 비즈십자수 지니맘(입고완료),지니맘 큐빅십자수  DIY: 17번 가면 (15cm 20cm)
853980400,SELLBLOG,NORMAL,아이가 너무 좋아해요 ^^한번 해보고 좋아하면 더 구입해 주려고 했는데 더 주문 해야할꺼 같아요 ㅎㅎㅎ,2020-05-10T11:06:42.000+0000,STOREFARM,5,어린이 보석십자수 DIY 캐릭터 큐빅 비즈십자수 지니맘,지니맘 큐빅십자수  DIY: 21번 별유니콘 (15cm 20cm)
862615100,SELLBLOG,NORMAL,아이가 너무 좋아함,2020-05-24T11:16:00.000+0000,STOREFARM,5,어린이 보석십자수 DIY 캐릭터 큐빅 비즈십자수 지니맘,지니맘 큐빅십자수  DIY: 2번 보라유니콘  (15cm 20cm)
845495503,SELLBLOG,NORMAL,5살아이도 조금씩 도와주니 잘해네요~~넘 좋아요,2020-04-25T14:44:47.000+0000,STOREFARM,5,어린이 보석십자수 DIY 캐릭터 큐빅 비즈십자수 지니맘(입고완료),지니맘 큐빅십자수  DIY: 20번 거미 (15cm 20cm)
846182760,SELLBLOG,NORMAL,울딸이 다완성하고서 이쁘다고 또하고 싶다고 하네요,2020-04-27T02:26:37.000+0000,STOREFARM,5,어린이 보석십자수 DIY 캐릭터 큐빅 비즈십자수 지니맘(입고완료),지니맘 큐빅십자수  DIY: 7번 소녀2  (15cm 20cm)
861530293,SELLBLOG,NORMAL,"빠른 배송
아이가 만족해 합니다.",2020-05-22T09:01:15.000+0000,STOREFARM,5,어린이 보석십자수 DIY 캐릭터 큐빅 비즈십자수 지니맘,지니맘 큐빅십자수  DIY: 9번 겨울사슴 (15cm 20cm)
858592583,SELLBLOG,AFTER_USE,요새 할일이 많아서 완성은 못했지만 아이들이 좋아하네요 ^^,2020-05-18T01:08:43.000+0000,STOREFARM,5,어린이 보석십자수 DIY 캐릭터 큐빅 비즈십자수 지니맘 (입고완료),지니맘 큐빅십자수  DIY: 8번 꽃사슴 (15cm 20cm)
846870744,SELLBLOG,NORMAL,재밌어요. 시간 가는 줄 모르겠네요.,2020-04-28T05:55:01.000+0000,STOREFARM,5,어린이 보석십자수 DIY 캐릭터 큐빅 비즈십자수 지니맘(입고완료),지니맘 큐빅십자수  DIY: 8번 꽃사슴 (15cm 20cm)
851357758,SELLBLOG,NORMAL,아이가 좋아해요 ~~^^,2020-05-06T14:36:22.000+0000,STOREFARM,4,어린이 보석십자수 DIY 캐릭터 큐빅 비즈십자수 지니맘(입고완료),지니맘 큐빅십자수  DIY: 24번 돌고래 (15cm 20cm)
851357148,SELLBLOG,NORMAL,아이가 좋아해요 ~~^^,2020-05-06T14:35:33.000+0000,STOREFARM,4,어린이 보석십자수 DIY 캐릭터 큐빅 비즈십자수 지니맘(입고완료),지니맘 큐빅십자수  DIY: 16번 별  (15cm 20cm)
848331678,SELLBLOG,NORMAL,조카 자매 선물하려고 소녀1 소녀2 구입했어요 좋아요,2020-04-30T13:03:44.000+0000,STOREFARM,3,어린이 보석십자수 DIY 캐릭터 큐빅 비즈십자수 지니맘(입고완료),지니맘 큐빅십자수  DIY: 7번 소녀2  (15cm 20cm)
847084012,SELLBLOG,AFTER_USE,"코로날 집에 있어 심심해하는 아이들을 위해서 구매했어요.
애들 도와줘야하긴 하지만 시간도 잘 가고 아이들도 좋아했어요.
지금은 다 완성해서 액자에 넣어줬어요.
여유분이 넉넉하게 들어있어 잊어버려도 괜찮아요.",2020-04-28T10:56:52.000+0000,STOREFARM,4,어린이 보석십자수 DIY 캐릭터 큐빅 비즈십자수 지니맘,지니맘 큐빅십자수  DIY: 20번 거미 (15cm 20cm)
846917778,SELLBLOG,NORMAL,예뻐요 쉽게붙일수있어서 애들이 잘하고있어요,2020-04-28T07:06:50.000+0000,STOREFARM,5,어린이 보석십자수 DIY 캐릭터 큐빅 비즈십자수 지니맘(입고완료),지니맘 큐빅십자수  DIY: 12번 슈퍼마리오 (15cm 20cm)
862720791,SELLBLOG,NORMAL,이쁘고 쉽고 재밌고 짱입낟ㅇ,2020-05-24T14:51:56.000+0000,STOREFARM,5,어린이 보석십자수 DIY 캐릭터 큐빅 비즈십자수 지니맘,지니맘 큐빅십자수  DIY: 17번 가면 (15cm 20cm)
849631713,SELLBLOG,NORMAL,다른곳이랑 비교했을때 여기상품이 훨씬  이쁘고 디테일한거 같아요. 아이주려고 산건데 애가 별관심이 없어서ㅜ제가 하려구요 ㅋㅋ 제가 더 재밌게할거같아요.,2020-05-03T06:43:30.000+0000,STOREFARM,5,어린이 보석십자수 DIY 캐릭터 큐빅 비즈십자수 지니맘(입고완료),지니맘 큐빅십자수  DIY: 1번 유니콘  (15cm 20cm)
858689622,SELLBLOG,NORMAL,좋아요 아이가 너무좋아해요,2020-05-18T03:46:24.000+0000,STOREFARM,5,어린이 보석십자수 DIY 캐릭터 큐빅 비즈십자수 지니맘,지니맘 큐빅십자수  DIY: 9번 겨울사슴 (15cm 20cm)
838136707,SELLBLOG,NORMAL,"큐빅이 진짜 블링블링 합니다.
기존 보석십자수는 큐빅이 작은데..이아이는 커서 아이들이 하기 더 좋은거같아요~~사이즈도 작아서 맘먹으면 금방만드네요~~ㅎㅎ",2020-04-14T09:59:31.000+0000,STOREFARM,5,어린이 보석십자수 DIY 캐릭터 큐빅 비즈십자수 지니맘 (입고완료),지니맘 큐빅십자수  DIY: 12번 슈퍼마리오 (15cm 20cm)
858958936,SELLBLOG,NORMAL,선물로 주었는데 아이가 좋아한다고 합니다,2020-05-18T11:58:46.000+0000,STOREFARM,5,어린이 보석십자수 DIY 캐릭터 큐빅 비즈십자수 지니맘,지니맘 큐빅십자수  DIY: 16번 별  (15cm 20cm)
856312396,SELLBLOG,NORMAL,"이뻐요
아이와같이 했어요
큐빅이라 반짝거려 더이쁘네요",2020-05-13T14:36:26.000+0000,STOREFARM,5,어린이 보석십자수 DIY 캐릭터 큐빅 비즈십자수 지니맘,지니맘 큐빅십자수  DIY: 21번 별유니콘 (15cm 20cm)
840127963,SELLBLOG,NORMAL,3개주문해 2개 완성했어요..아이들 시간가는줄 모르고 하네요..너무 예뻐요~좋은상품 감사합니다~~^^,2020-04-17T12:52:15.000+0000,STOREFARM,5,어린이 보석십자수 DIY 캐릭터 큐빅 비즈십자수 지니맘,지니맘 큐빅십자수  DIY: 11번 클로버 (15cm 20cm)
861465733,SELLBLOG,NORMAL,비즈도 이쁘고 도안도 맘에.듭니다.,2020-05-22T07:17:01.000+0000,STOREFARM,5,어린이 보석십자수 DIY 캐릭터 큐빅 비즈십자수 지니맘,지니맘 큐빅십자수  DIY: 4번 홍학 (15cm 20cm)
862320322,SELLBLOG,NORMAL,아이가 너무 좋아해요~^^,2020-05-23T22:30:53.000+0000,STOREFARM,5,어린이 보석십자수 DIY 캐릭터 큐빅 비즈십자수 지니맘,지니맘 큐빅십자수  DIY: 21번 별유니콘 (15cm 20cm)
858528041,SELLBLOG,NORMAL,배송도 빠르고 아이가 넘 조아하니 좋습니다,2020-05-17T22:45:16.000+0000,STOREFARM,5,어린이 보석십자수 DIY 캐릭터 큐빅 비즈십자수 지니맘,지니맘 큐빅십자수  DIY: 24번 돌고래 (15cm 20cm)
861041462,SELLBLOG,AFTER_USE,아이들이 너무 좋아해요,2020-05-21T13:19:03.000+0000,STOREFARM,5,어린이 보석십자수 DIY 캐릭터 큐빅 비즈십자수 지니맘,지니맘 큐빅십자수  DIY: 21번 별유니콘 (15cm 20cm)
843639783,SELLBLOG,NORMAL,엄마와 함께 해야 하긴 하지만 집중력 높여주는데에는 최고일 듯 합니다,2020-04-23T00:24:20.000+0000,STOREFARM,4,어린이 보석십자수 DIY 캐릭터 큐빅 비즈십자수 지니맘,지니맘 큐빅십자수  DIY: 14번 슈퍼맨 (15cm 20cm)
846715874,SELLBLOG,NORMAL,"배송빠르고
하나하나 꼼꼼한 포장
너무 이뻐용~",2020-04-28T01:19:42.000+0000,STOREFARM,5,어린이 보석십자수 DIY 캐릭터 큐빅 비즈십자수 지니맘(입고완료),지니맘 큐빅십자수  DIY: 21번 별유니콘 (15cm 20cm)
850403304,SELLBLOG,AFTER_USE,"액자랑함께주문했어요.1,4학년 남자아이들 집에만있어 시켰는데 너무 재밌어했어요. 1학년은좀힘드네요.그래두좋은상품입니다.",2020-05-04T23:51:04.000+0000,STOREFARM,5,어린이 보석십자수 DIY 캐릭터 큐빅 비즈십자수 지니맘,지니맘 큐빅십자수  DIY: 12번 슈퍼마리오 (15cm 20cm)
856926841,SELLBLOG,NORMAL,비즈 크기가 달라 더 예쁘구요. 비즈 지퍼포장 편하네요.^^,2020-05-14T12:40:03.000+0000,STOREFARM,5,어린이 보석십자수 DIY 캐릭터 큐빅 비즈십자수 지니맘,지니맘 큐빅십자수  DIY: 9번 겨울사슴 (15cm 20cm)
848550301,SELLBLOG,NORMAL,아이들이 집중할 수 있을듯^^,2020-05-01T03:40:05.000+0000,STOREFARM,5,어린이 보석십자수 DIY 캐릭터 큐빅 비즈십자수 지니맘(입고완료),지니맘 큐빅십자수  DIY: 20번 거미 (15cm 20cm)
843446194,SELLBLOG,NORMAL,반짝반짝 너무 예뻐요 비즈도 충분히 넣어서 보내줬어요,2020-04-22T13:23:42.000+0000,STOREFARM,5,어린이 보석십자수 DIY 캐릭터 큐빅 비즈십자수 지니맘,지니맘 큐빅십자수  DIY: 21번 별유니콘 (15cm 20cm)
839745620,SELLBLOG,AFTER_USE,선물용으로 샀고 요즘에 하기딱좋아요 시간가는줄 몰라요 예쁘기도 합니다,2020-04-17T03:23:47.000+0000,STOREFARM,5,어린이 보석십자수 DIY 캐릭터 큐빅 비즈십자수 지니맘,지니맘 큐빅십자수  DIY: 21번 별유니콘 (15cm 20cm)
844839829,SELLBLOG,NORMAL,"기다리고 기다려서 샀어요
오자마자 신나서 뭐 먼저할지 고민 하네요",2020-04-24T12:15:36.000+0000,STOREFARM,5,어린이 보석십자수 DIY 캐릭터 큐빅 비즈십자수 지니맘(입고완료),지니맘 큐빅십자수  DIY: 2번 보라유니콘  (15cm 20cm)
848380360,SELLBLOG,NORMAL,조카 선물로 구매했어요,2020-04-30T15:07:46.000+0000,STOREFARM,5,어린이 보석십자수 DIY 캐릭터 큐빅 비즈십자수 지니맘(입고완료),지니맘 큐빅십자수  DIY: 1번 유니콘  (15cm 20cm)
846919098,SELLBLOG,NORMAL,예뻐요 쉽게할수있어서 애들이 좋아해요,2020-04-28T07:08:45.000+0000,STOREFARM,5,어린이 보석십자수 DIY 캐릭터 큐빅 비즈십자수 지니맘(입고완료),지니맘 큐빅십자수  DIY: 8번 꽃사슴 (15cm 20cm)
855428879,SELLBLOG,NORMAL,"배송이 타제품에 비해 늦네요. ㅠㅠ
상품은 괜찮습니다",2020-05-12T12:37:18.000+0000,STOREFARM,2,어린이 보석십자수 DIY 캐릭터 큐빅 비즈십자수 지니맘,지니맘 큐빅십자수  DIY: 1번 유니콘  (15cm 20cm)
847705098,SELLBLOG,AFTER_USE,아이들이 정말재밌어하네요,2020-04-29T08:55:29.000+0000,STOREFARM,5,어린이 보석십자수 DIY 캐릭터 큐빅 비즈십자수 지니맘,지니맘 큐빅십자수  DIY: 20번 거미 (15cm 20cm)
860634349,SELLBLOG,NORMAL,항상 믿고 재구매 합니다,2020-05-21T02:50:35.000+0000,STOREFARM,5,어린이 보석십자수 DIY 캐릭터 큐빅 비즈십자수 지니맘,지니맘 큐빅십자수  DIY: 1번 유니콘  (15cm 20cm)
860634249,SELLBLOG,NORMAL,항상 믿고 재구매 합니다,2020-05-21T02:50:23.000+0000,STOREFARM,5,어린이 보석십자수 DIY 캐릭터 큐빅 비즈십자수 지니맘,지니맘 큐빅십자수  DIY: 6번 소녀1  (15cm 20cm)
857907993,SELLBLOG,NORMAL,제일작은것 샀는데 빨리끝내고 또 사고싶네요,2020-05-16T10:27:10.000+0000,STOREFARM,5,어린이 보석십자수 DIY 캐릭터 큐빅 비즈십자수 지니맘,지니맘 큐빅십자수  DIY: 7번 소녀2  (15cm 20cm)
846157201,SELLBLOG,NORMAL,"5살 딸아이와 앉아서 이거 붙였어요.
반짝반짝 이쁘다며 집중해서 붙였어요. 붙이는것만 아이가 충분히 할 수 있고 양이 많아서 반은 엄마가 해야할거 같아요.액자구매 함께했다면 더 좋았을껄 깜박했네요.",2020-04-27T01:48:18.000+0000,STOREFARM,5,어린이 보석십자수 DIY 캐릭터 큐빅 비즈십자수 지니맘,지니맘 큐빅십자수  DIY: 1번 유니콘  (15cm 20cm)
856441798,SELLBLOG,NORMAL,"제가해도 재미있어요
너무예쁘요",2020-05-13T23:52:44.000+0000,STOREFARM,5,어린이 보석십자수 DIY 캐릭터 큐빅 비즈십자수 지니맘,지니맘 큐빅십자수  DIY: 4번 홍학 (15cm 20cm)
847822267,SELLBLOG,NORMAL,집중력도 좋아지고 성취감도 크네요,2020-04-29T11:58:29.000+0000,STOREFARM,5,어린이 보석십자수 DIY 캐릭터 큐빅 비즈십자수 지니맘(입고완료),지니맘 큐빅십자수  DIY: 1번 유니콘  (15cm 20cm)
847821807,SELLBLOG,NORMAL,집중력도 좋아지고 성취감도 크네요,2020-04-29T11:57:47.000+0000,STOREFARM,5,어린이 보석십자수 DIY 캐릭터 큐빅 비즈십자수 지니맘(입고완료),지니맘 큐빅십자수  DIY: 7번 소녀2  (15cm 20cm)
848085039,SELLBLOG,NORMAL,아이가 너무 좋아하네요 잘할게요,2020-04-30T02:24:03.000+0000,STOREFARM,5,어린이 보석십자수 DIY 캐릭터 큐빅 비즈십자수 지니맘(입고완료),지니맘 큐빅십자수  DIY: 1번 유니콘  (15cm 20cm)
848381014,SELLBLOG,NORMAL,초2 조카 너무 좋아하네요,2020-04-30T15:09:39.000+0000,STOREFARM,5,어린이 보석십자수 DIY 캐릭터 큐빅 비즈십자수 지니맘(입고완료),지니맘 큐빅십자수  DIY: 8번 꽃사슴 (15cm 20cm)
835106099,SELLBLOG,NORMAL,"이뻐요... 그 전에
하던거랑은
다른데 이게
더 이쁜거 같아요 ^^ 씨리즈별로 다 사고 싶에요 캡틴아메리카 방패도 빨리 들어오면 좋겠어요 아직 만들게
많아서 ^^ 좋아요",2020-04-09T07:38:17.000+0000,STOREFARM,5,어린이 보석십자수 DIY 캐릭터 큐빅 비즈십자수 지니맘 (입고완료),지니맘 큐빅십자수  DIY: 17번 가면 (15cm 20cm)
851936336,SELLBLOG,NORMAL,집콕중인 아이들 심심할까봐 사줬더니 너무 잘하네요 ^^  생각보다 빨리해서 놀랬어요 ㅋㅋ,2020-05-07T11:22:17.000+0000,STOREFARM,5,어린이 보석십자수 DIY 캐릭터 큐빅 비즈십자수 지니맘(입고완료),지니맘 큐빅십자수  DIY: 17번 가면 (15cm 20cm)
843633278,SELLBLOG,NORMAL,상세설명과 같아요~아이가 너무 좋아해요,2020-04-23T00:14:01.000+0000,STOREFARM,5,어린이 보석십자수 DIY 캐릭터 큐빅 비즈십자수 지니맘,지니맘 큐빅십자수  DIY: 22번 부엉이 (15cm 20cm)
851652580,SELLBLOG,AFTER_USE,"학교 안 가는 요즘 
아이들 취미생활로 
정말 좋네요 
엄마인 저도 같이해요 재미있어요^^",2020-05-07T04:42:41.000+0000,STOREFARM,4,어린이 보석십자수 DIY 캐릭터 큐빅 비즈십자수 지니맘,지니맘 큐빅십자수  DIY: 5번  반짝이 사슴 (15cm 20cm)
857522305,SELLBLOG,NORMAL,6세아이 정말 하루종일 붙들고 할정도로 좋아해요,2020-05-15T13:39:20.000+0000,STOREFARM,5,어린이 보석십자수 DIY 캐릭터 큐빅 비즈십자수 지니맘,지니맘 큐빅십자수  DIY: 6번 소녀1  (15cm 20cm)
844842663,SELLBLOG,NORMAL,"6,7살 아들래미들이 좋아해서
기다리고 기다려서 주문했네요",2020-04-24T12:20:07.000+0000,STOREFARM,5,어린이 보석십자수 DIY 캐릭터 큐빅 비즈십자수 지니맘(입고완료),지니맘 큐빅십자수  DIY: 20번 거미 (15cm 20cm)
860179617,SELLBLOG,NORMAL,6살 아이가 하기에 좋아요,2020-05-20T09:09:10.000+0000,STOREFARM,5,어린이 보석십자수 DIY 캐릭터 큐빅 비즈십자수 지니맘(입고완료),지니맘 큐빅십자수  DIY: 3번 분홍사슴 (15cm 20cm)
848379924,SELLBLOG,NORMAL,초2 조카 선물로 좋아요,2020-04-30T15:06:33.000+0000,STOREFARM,5,어린이 보석십자수 DIY 캐릭터 큐빅 비즈십자수 지니맘(입고완료),지니맘 큐빅십자수  DIY: 22번 부엉이 (15cm 20cm)
844806471,SELLBLOG,NORMAL,우리딸이 좋아하네요^^,2020-04-24T11:23:02.000+0000,STOREFARM,5,어린이 보석십자수 DIY 캐릭터 큐빅 비즈십자수 지니맘(입고완료),지니맘 큐빅십자수  DIY: 20번 거미 (15cm 20cm)
858593346,SELLBLOG,AFTER_USE,애들이 좋아하고 짬짬이 하기좋아요 ^^,2020-05-18T01:10:01.000+0000,STOREFARM,5,어린이 보석십자수 DIY 캐릭터 큐빅 비즈십자수 지니맘 (입고완료),지니맘 큐빅십자수  DIY: 21번 별유니콘 (15cm 20cm)
836981695,SELLBLOG,NORMAL,도와줘야하지만 하니 너무 만족스럽네요. 시간보내기좋아요,2020-04-12T11:30:33.000+0000,STOREFARM,5,어린이 보석십자수 DIY 캐릭터 큐빅 비즈십자수 지니맘,지니맘 큐빅십자수  DIY: 21번 별유니콘 (15cm 20cm)
843635694,SELLBLOG,NORMAL,도안이 많이 품절이어 아쉽지만 아이가 너무 만족해합니다,2020-04-23T00:17:56.000+0000,STOREFARM,5,어린이 보석십자수 DIY 캐릭터 큐빅 비즈십자수 지니맘,지니맘 큐빅십자수  DIY: 1번 유니콘  (15cm 20cm)
850559482,SELLBLOG,NORMAL,힘든시간이였지만 아이와 함께 시간보낼수 있어서 뿌듯하네요~ 완성품은 아이가 너무 기뻐합니다,2020-05-05T07:42:13.000+0000,STOREFARM,5,어린이 보석십자수 DIY 캐릭터 큐빅 비즈십자수 지니맘(입고완료),지니맘 큐빅십자수  DIY: 1번 유니콘  (15cm 20cm)
837875393,SELLBLOG,NORMAL,"아이가 너무 좋아해요~
섬세하게 큐빅이 사이즈별로 있어서
라인도 참 이뿌네요!!
추가 구매 합니당",2020-04-14T03:21:23.000+0000,STOREFARM,5,어린이 보석십자수 DIY 캐릭터 큐빅 비즈십자수 지니맘,지니맘 큐빅십자수  DIY: 3번 분홍사슴 (15cm 20cm)
843302368,SELLBLOG,NORMAL,내일 시골가서 오픈하려고 아직 안 뜯어봤는데 넘 예쁠것같아용♡,2020-04-22T10:34:31.000+0000,STOREFARM,5,어린이 보석십자수 DIY 캐릭터 큐빅 비즈십자수 지니맘(입고완료),지니맘 큐빅십자수  DIY: 17번 가면 (15cm 20cm)
847380546,SELLBLOG,NORMAL,하기도 쉽고 참 이쁘네요,2020-04-28T23:45:23.000+0000,STOREFARM,5,어린이 보석십자수 DIY 캐릭터 큐빅 비즈십자수 지니맘(입고완료),지니맘 큐빅십자수  DIY: 3번 분홍사슴 (15cm 20cm)
844573812,SELLBLOG,NORMAL,품절이라 다른걸 먼저 사봐서인지 비교되더라구요 동그라미 도안부분이 너무커사 큐빅을 붙여도 도안이 보여요 도안 동그라미들을 전체적으로 줄여야 도안그림이 안보일것같아요 부엉이도안이 여기뿐이라 샀는데 다른데보다 큐빅 불량도 많았어요,2020-04-24T05:24:08.000+0000,STOREFARM,3,어린이 보석십자수 DIY 캐릭터 큐빅 비즈십자수 지니맘 (입고완료),지니맘 큐빅십자수  DIY: 22번 부엉이 (15cm 20cm)
857711506,SELLBLOG,NORMAL,감사합니다... 대박나세요,2020-05-16T03:32:37.000+0000,STOREFARM,5,어린이 보석십자수 DIY 캐릭터 큐빅 비즈십자수 지니맘,지니맘 큐빅십자수  DIY: 21번 별유니콘 (15cm 20cm)
859090931,SELLBLOG,AFTER_USE,아이들이 너무 좋아하네요,2020-05-18T19:52:58.000+0000,STOREFARM,5,어린이 보석십자수 DIY 캐릭터 큐빅 비즈십자수 지니맘,지니맘 큐빅십자수  DIY: 11번 클로버 (15cm 20cm)
844499467,SELLBLOG,NORMAL,배송 빨랏구요 여러개 섞어서 주문 했는데 잘 챙겨주셨어요!,2020-04-24T03:28:52.000+0000,STOREFARM,5,어린이 보석십자수 DIY 캐릭터 큐빅 비즈십자수 지니맘(입고완료),지니맘 큐빅십자수  DIY: 17번 가면 (15cm 20cm)
839261821,SELLBLOG,NORMAL,"깔끔한 포장상태 좋았어요~
집중해서 하니까 집이 조용해요ㅋㅋ
진작에 사줄껄 그랬어요",2020-04-16T07:32:48.000+0000,STOREFARM,5,어린이 보석십자수 DIY 캐릭터 큐빅 비즈십자수 지니맘,지니맘 큐빅십자수  DIY: 18번 망치 (15cm 20cm)
840604504,SELLBLOG,NORMAL,"추가 구매예요.
목은 아프지만 재밌고 
인테리어 효과도 좋아요.ㅎ",2020-04-18T09:24:46.000+0000,STOREFARM,5,어린이 보석십자수 DIY 캐릭터 큐빅 비즈십자수 지니맘,지니맘 큐빅십자수  DIY: 21번 별유니콘 (15cm 20cm)
849618770,SELLBLOG,NORMAL,어린이날 선물로 조카들 하나씩 줬더니 너무좋아하네요 덕분에 연휴때 완성해서 비교하고 너무좋았어요,2020-05-03T06:10:40.000+0000,STOREFARM,5,어린이 보석십자수 DIY 캐릭터 큐빅 비즈십자수 지니맘(입고완료),지니맘 큐빅십자수  DIY: 2번 보라유니콘  (15cm 20cm)
849618703,SELLBLOG,NORMAL,어린이날 선물로 조카들 하나씩 줬더니 너무좋아하네요 덕분에 연휴때 완성해서 비교하고 너무좋았어요,2020-05-03T06:10:31.000+0000,STOREFARM,5,어린이 보석십자수 DIY 캐릭터 큐빅 비즈십자수 지니맘(입고완료),지니맘 큐빅십자수  DIY: 1번 유니콘  (15cm 20cm)
849618620,SELLBLOG,NORMAL,어린이날 선물로 조카들 하나씩 줬더니 너무좋아하네요 덕분에 연휴때 완성해서 비교하고 너무좋았어요,2020-05-03T06:10:16.000+0000,STOREFARM,5,어린이 보석십자수 DIY 캐릭터 큐빅 비즈십자수 지니맘(입고완료),지니맘 큐빅십자수  DIY: 21번 별유니콘 (15cm 20cm)
849618566,SELLBLOG,NORMAL,어린이날 선물로 조카들 하나씩 줬더니 너무좋아하네요 덕분에 연휴때 완성해서 비교하고 너무좋았어요,2020-05-03T06:10:09.000+0000,STOREFARM,5,어린이 보석십자수 DIY 캐릭터 큐빅 비즈십자수 지니맘(입고완료),지니맘 큐빅십자수  DIY: 22번 부엉이 (15cm 20cm)
857908291,SELLBLOG,NORMAL,귀여워요 ㅋㅋ 화려한게 이쁘네요,2020-05-16T10:27:53.000+0000,STOREFARM,5,어린이 보석십자수 DIY 캐릭터 큐빅 비즈십자수 지니맘,지니맘 큐빅십자수  DIY: 13번 스폰지밥 (15cm 20cm)
860851815,SELLBLOG,NORMAL,만족합니다 배송도굿굿,2020-05-21T08:27:43.000+0000,STOREFARM,5,어린이 보석십자수 DIY 캐릭터 큐빅 비즈십자수 지니맘,지니맘 큐빅십자수  DIY: 21번 별유니콘 (15cm 20cm)
853377964,SELLBLOG,NORMAL,"발송마감이  오전7시 너무  빠른거  빼고  
디자인이랑 큐빅은 마음에들고  딸이 마음에 들어하니 좋네요",2020-05-09T10:45:36.000+0000,STOREFARM,4,어린이 보석십자수 DIY 캐릭터 큐빅 비즈십자수 지니맘,지니맘 큐빅십자수  DIY: 1번 유니콘  (15cm 20cm)
842827796,SELLBLOG,NORMAL,색감도예쁘고 액자까지해두니 인테리어용으로도 딱입니다,2020-04-21T23:03:21.000+0000,STOREFARM,5,어린이 보석십자수 DIY 캐릭터 큐빅 비즈십자수 지니맘 (입고완료),지니맘 큐빅십자수  DIY: 4번 홍학 (15cm 20cm)
841329830,SELLBLOG,NORMAL,",초1 이상되면 더잘할수있을것같아요
도안이 이뻐서 아이가 좋아했어요
번창하세요^^",2020-04-19T13:51:42.000+0000,STOREFARM,4,어린이 보석십자수 DIY 캐릭터 큐빅 비즈십자수 지니맘 (입고완료),지니맘 큐빅십자수  DIY: 2번 보라유니콘  (15cm 20cm)
847908608,SELLBLOG,NORMAL,조카가 너무좋아하네요ㅎㅎ,2020-04-29T14:16:00.000+0000,STOREFARM,5,어린이 보석십자수 DIY 캐릭터 큐빅 비즈십자수 지니맘(입고완료),지니맘 큐빅십자수  DIY: 22번 부엉이 (15cm 20cm)
859027333,SELLBLOG,NORMAL,아이들이 너무 재밌어해요~,2020-05-18T14:09:13.000+0000,STOREFARM,5,어린이 보석십자수 DIY 캐릭터 큐빅 비즈십자수 지니맘,지니맘 큐빅십자수  DIY: 9번 겨울사슴 (15cm 20cm)
858342644,SELLBLOG,AFTER_USE,아이들이 너무 좋아해서. 잘햇어요 ㅎ,2020-05-17T10:40:53.000+0000,STOREFARM,5,어린이 보석십자수 DIY 캐릭터 큐빅 비즈십자수 지니맘,지니맘 큐빅십자수  DIY: 8번 꽃사슴 (15cm 20cm)
850169370,SELLBLOG,NORMAL,"어린이날 선물로 비즈자수 얘기해서 주문했어요.
너무 좋아라합니다 완성하니 반짝반짝 너무 이쁘네요",2020-05-04T08:02:29.000+0000,STOREFARM,5,어린이 보석십자수 DIY 캐릭터 큐빅 비즈십자수 지니맘(입고완료),지니맘 큐빅십자수  DIY: 22번 부엉이 (15cm 20cm)
859090855,SELLBLOG,AFTER_USE,"아이가 너무 좋아합니다.
너무 예쁘네요.",2020-05-18T19:51:31.000+0000,STOREFARM,5,어린이 보석십자수 DIY 캐릭터 큐빅 비즈십자수 지니맘,지니맘 큐빅십자수  DIY: 10번 안경토끼 (15cm 20cm)
853704239,SELLBLOG,NORMAL,예쁘게 잘 만들게요 빠른 배송 감사합니다,2020-05-10T01:59:03.000+0000,STOREFARM,5,어린이 보석십자수 DIY 캐릭터 큐빅 비즈십자수 지니맘(입고완료),지니맘 큐빅십자수  DIY: 2번 보라유니콘  (15cm 20cm)
850687203,SELLBLOG,AFTER_USE,한달이상 집콕생활이 이어지면서 구입하게 되었어요. 정말 유용했답니다.,2020-05-05T13:26:35.000+0000,STOREFARM,5,어린이 보석십자수 DIY 캐릭터 큐빅 비즈십자수 지니맘,지니맘 큐빅십자수  DIY: 5번  반짝이 사슴 (15cm 20cm)
859571196,SELLBLOG,AFTER_USE,배송이빠르고좋아요.,2020-05-19T11:26:49.000+0000,STOREFARM,4,어린이 보석십자수 DIY 캐릭터 큐빅 비즈십자수 지니맘,지니맘 큐빅십자수  DIY: 3번 분홍사슴 (15cm 20cm)
846195761,SELLBLOG,AFTER_USE,액자에 끼워 놓으니 넘 예뻐요.,2020-04-27T02:46:19.000+0000,STOREFARM,4,어린이 보석십자수 DIY 캐릭터 큐빅 비즈십자수 지니맘,지니맘 큐빅십자수  DIY: 21번 별유니콘 (15cm 20cm)
857884905,SELLBLOG,NORMAL,아이들이 완전 집중해서 잘해요,2020-05-16T09:34:25.000+0000,STOREFARM,5,어린이 보석십자수 DIY 캐릭터 큐빅 비즈십자수 지니맘,지니맘 큐빅십자수  DIY: 18번 망치 (15cm 20cm)
853606851,SELLBLOG,NORMAL,"보석이 지퍼백에 담겨져 좋으네요.
아이가 좋아해요",2020-05-09T17:35:13.000+0000,STOREFARM,5,어린이 보석십자수 DIY 캐릭터 큐빅 비즈십자수 지니맘,지니맘 큐빅십자수  DIY: 1번 유니콘  (15cm 20cm)
847380769,SELLBLOG,NORMAL,하기도 쉽고 예쁩니다~,2020-04-28T23:45:57.000+0000,STOREFARM,5,어린이 보석십자수 DIY 캐릭터 큐빅 비즈십자수 지니맘(입고완료),지니맘 큐빅십자수  DIY: 1번 유니콘  (15cm 20cm)
859799628,SELLBLOG,NORMAL,아이들이 재밌게 했어요~~^^,2020-05-19T21:07:40.000+0000,STOREFARM,4,어린이 보석십자수 DIY 캐릭터 큐빅 비즈십자수 지니맘(입고완료),지니맘 큐빅십자수  DIY: 21번 별유니콘 (15cm 20cm)
849514738,SELLBLOG,NORMAL,"아이랑 같이 완성할 때까지 꼼딱 않고 집중했네요
큐빅도 넉넉히 넣어주시고 너무 좋아요
강츄",2020-05-03T01:44:03.000+0000,STOREFARM,5,어린이 보석십자수 DIY 캐릭터 큐빅 비즈십자수 지니맘(입고완료),지니맘 큐빅십자수  DIY: 24번 돌고래 (15cm 20cm)
841350461,SELLBLOG,NORMAL,반짝반짝 예쁘다고 아이가 좋아해요.집중해서 잘하네요,2020-04-19T14:30:05.000+0000,STOREFARM,5,어린이 보석십자수 DIY 캐릭터 큐빅 비즈십자수 지니맘,지니맘 큐빅십자수  DIY: 21번 별유니콘 (15cm 20cm)
859573147,SELLBLOG,AFTER_USE,배송이빠르고좋아요 ~~,2020-05-19T11:29:18.000+0000,STOREFARM,4,어린이 보석십자수 DIY 캐릭터 큐빅 비즈십자수 지니맘,지니맘 큐빅십자수  DIY: 1번 유니콘 (15cm 20cm)
833132062,SELLBLOG,NORMAL,"방학동인 아이들 재밌게 할수있네요.
허리가 아파서 한번에 끝낼수는  없고 
이틀에 걸쳐 해야겠어요.
아이들이 집중하며 할수 있어요.
딸둘이랑 같이하려고 3개 구입했어요.",2020-04-06T12:25:47.000+0000,STOREFARM,4,어린이 보석십자수 DIY 캐릭터 큐빅 비즈십자수 지니맘 (입고완료),지니맘 큐빅십자수  DIY: 1번 유니콘  (15cm 20cm)
832973545,SELLBLOG,NORMAL,"아이랑 제가 하려고 샀어요~
시간도 잘가고 재미있어요
다만 오래하다보면 목과 어깨가 아프다는..ㅎㅎ",2020-04-06T07:16:44.000+0000,STOREFARM,5,어린이 보석십자수 DIY 캐릭터 큐빅 비즈십자수 지니맘 (입고완료),지니맘 큐빅십자수  DIY: 20번 거미 (15cm 20cm)
832797012,SELLBLOG,NORMAL,"재밌게 잘 했어요
양면테이프 면적이 넓어서 위아래 살작 남는게 아쉬웠지만 재밌게 했습니다",2020-04-06T02:19:05.000+0000,STOREFARM,5,어린이 보석십자수 DIY 캐릭터 큐빅 비즈십자수 지니맘 (입고완료),지니맘 큐빅십자수  DIY: 9번 겨울사슴 (15cm 20cm)
842827566,SELLBLOG,NORMAL,좋아요 아이가재밌어합니다 :),2020-04-21T23:02:43.000+0000,STOREFARM,5,어린이 보석십자수 DIY 캐릭터 큐빅 비즈십자수 지니맘 (입고완료),지니맘 큐빅십자수  DIY: 13번 스폰지밥 (15cm 20cm)
841031424,SELLBLOG,NORMAL,선물로 삿는데 금방완성했어요~ 이뻐용,2020-04-19T04:53:22.000+0000,STOREFARM,5,어린이 보석십자수 DIY 캐릭터 큐빅 비즈십자수 지니맘,지니맘 큐빅십자수  DIY: 17번 가면 (15cm 20cm)
859571506,SELLBLOG,AFTER_USE,배송이빠르고좋아요~~~,2020-05-19T11:27:13.000+0000,STOREFARM,5,어린이 보석십자수 DIY 캐릭터 큐빅 비즈십자수 지니맘,지니맘 큐빅십자수  DIY: 8번 꽃사슴 (15cm 20cm)
854293466,SELLBLOG,NORMAL,아이들 집중력 향상에 좋고 일반 비즈놀이보다 이쁘네요,2020-05-11T01:35:41.000+0000,STOREFARM,5,어린이 보석십자수 DIY 캐릭터 큐빅 비즈십자수 지니맘(입고완료),
857885005,SELLBLOG,NORMAL,아이들이 집중해서 잘해요,2020-05-16T09:34:38.000+0000,STOREFARM,5,어린이 보석십자수 DIY 캐릭터 큐빅 비즈십자수 지니맘,지니맘 큐빅십자수  DIY: 1번 유니콘  (15cm 20cm)
857907758,SELLBLOG,NORMAL,여러개 구매했는데 다 예뻐요!,2020-05-16T10:26:35.000+0000,STOREFARM,5,어린이 보석십자수 DIY 캐릭터 큐빅 비즈십자수 지니맘,지니맘 큐빅십자수  DIY: 2번 보라유니콘  (15cm 20cm)
838091916,SELLBLOG,NORMAL,"아들이 하나 완성하고 
또 만들고 싶다고 해서 하나 더 주문했어요~
중독성 있어서 또 하고 싶다고 하네요ㅎㅎ",2020-04-14T08:56:18.000+0000,STOREFARM,5,어린이 보석십자수 DIY 캐릭터 큐빅 비즈십자수 지니맘,지니맘 큐빅십자수  DIY: 17번 가면 (15cm 20cm)
848068720,SELLBLOG,NORMAL,"집중할수있어 완전좋아요.
7세 딸이 하긴 시간이 많이걸리지만 매일 조금씩 완성되어가고있어요. 빨리 액자에 넣고싶네요.",2020-04-30T01:48:16.000+0000,STOREFARM,4,어린이 보석십자수 DIY 캐릭터 큐빅 비즈십자수 지니맘,지니맘 큐빅십자수  DIY: 22번 부엉이 (15cm 20cm)
858592785,SELLBLOG,AFTER_USE,완성을 고대하고있어요 ^^,2020-05-18T01:09:06.000+0000,STOREFARM,5,어린이 보석십자수 DIY 캐릭터 큐빅 비즈십자수 지니맘 (입고완료),지니맘 큐빅십자수  DIY: 20번 거미 (15cm 20cm)
854417653,SELLBLOG,NORMAL,아이들이 아주 좋아합니다. 완성하니 작품으로도 손상 없어요^^,2020-05-11T04:35:58.000+0000,STOREFARM,5,어린이 보석십자수 DIY 캐릭터 큐빅 비즈십자수 지니맘,지니맘 큐빅십자수  DIY: 3번 분홍사슴 (15cm 20cm)
851328816,SELLBLOG,NORMAL,"6살 아이인데 생각보다 넘 잘해요!! ㅎㅎ
조용~ 해서 보면 얌전히 하고있더라구요 ㅎㅎ",2020-05-06T13:59:21.000+0000,STOREFARM,5,어린이 보석십자수 DIY 캐릭터 큐빅 비즈십자수 지니맘(입고완료),지니맘 큐빅십자수  DIY: 21번 별유니콘 (15cm 20cm)
833131822,SELLBLOG,NORMAL,"방학동인 아이들 재밌게 할수있네요.
허리가 아파서 한번에 끝낼수는  없고 
이틀에 걸쳐 해야겠어요.
아이들이 집중하며 할수 있어요.
딸둘이랑 같이하려고 3개 구입했어요.",2020-04-06T12:25:21.000+0000,STOREFARM,4,어린이 보석십자수 DIY 캐릭터 큐빅 비즈십자수 지니맘 (입고완료),지니맘 큐빅십자수  DIY: 3번 분홍사슴 (15cm 20cm)
833131586,SELLBLOG,NORMAL,"방학동인 아이들 재밌게 할수있네요.
허리가 아파서 한번에 끝낼수는  없고 
이틀에 걸쳐 해야겠어요.
아이들이 집중하며 할수 있어요.
딸둘이랑 같이하려고 3개 구입했어요.",2020-04-06T12:24:52.000+0000,STOREFARM,4,어린이 보석십자수 DIY 캐릭터 큐빅 비즈십자수 지니맘 (입고완료),지니맘 큐빅십자수  DIY: 21번 별유니콘 (15cm 20cm)
837284064,SELLBLOG,NORMAL,"아이가 혼자 예쁘게 재밌게하네요.
주말 2일만에 완성해서 액자까지넣으니 더 이쁘네요.",2020-04-13T02:19:54.000+0000,STOREFARM,4,어린이 보석십자수 DIY 캐릭터 큐빅 비즈십자수 지니맘,지니맘 큐빅십자수  DIY: 1번 유니콘  (15cm 20cm)
823935432,SELLBLOG,NORMAL,다하고나면 성취감도있고 애들하라고 사준건데 저도 막 뺏어서 했던기억이^^; 재밌고요 블링블링 예쁩니다 그림도 다양해서 선택폭이 크니 좋았던거같아요,2020-03-23T14:18:01.000+0000,STOREFARM,5,어린이 보석십자수 DIY 캐릭터 큐빅 비즈십자수 지니맘,지니맘 큐빅십자수  DIY: 21번 별유니콘 (15cm 20cm)
858379968,SELLBLOG,NORMAL,빠른배송 감사합니다,2020-05-17T12:04:37.000+0000,STOREFARM,5,어린이 보석십자수 DIY 캐릭터 큐빅 비즈십자수 지니맘(입고완료),지니맘 큐빅십자수  DIY: 11번 클로버 (15cm 20cm)
857149958,SELLBLOG,NORMAL,아이들이 너무 재미있게 하네요,2020-05-15T01:38:33.000+0000,STOREFARM,4,어린이 보석십자수 DIY 캐릭터 큐빅 비즈십자수 지니맘,지니맘 큐빅십자수  DIY: 20번 거미 (15cm 20cm)
855449887,SELLBLOG,NORMAL,"만들기 넘 편리해요
이뽀여~~",2020-05-12T12:59:21.000+0000,STOREFARM,5,어린이 보석십자수 DIY 캐릭터 큐빅 비즈십자수 지니맘,지니맘 큐빅십자수  DIY: 22번 부엉이 (15cm 20cm)
841892811,SELLBLOG,AFTER_USE,반짝이는게 너무이뻐  아이가하다가  저도시작했어요,2020-04-20T11:43:32.000+0000,STOREFARM,5,어린이 보석십자수 DIY 캐릭터 큐빅 비즈십자수 지니맘,지니맘 큐빅십자수  DIY: 1번 유니콘 (15cm 20cm)
849409826,SELLBLOG,NORMAL,"주말 놀이 거리로 완벽합니다.
소분되어 지퍼백에 담아줘 보관이 정말 용이해요^^",2020-05-02T15:31:34.000+0000,STOREFARM,5,어린이 보석십자수 DIY 캐릭터 큐빅 비즈십자수 지니맘(입고완료),지니맘 큐빅십자수  DIY: 23번 사자 (15cm 20cm)
853169367,SELLBLOG,AFTER_USE,좋아하네요 딸이 담에도 사달라고,2020-05-09T05:48:49.000+0000,STOREFARM,4,어린이 보석십자수 DIY 캐릭터 큐빅 비즈십자수 지니맘,지니맘 큐빅십자수  DIY: 9번 겨울사슴 (15cm 20cm)
859027626,SELLBLOG,NORMAL,엄마가해도 재밌네요~^^,2020-05-18T14:09:54.000+0000,STOREFARM,5,어린이 보석십자수 DIY 캐릭터 큐빅 비즈십자수 지니맘,지니맘 큐빅십자수  DIY: 1번 유니콘  (15cm 20cm)
846798505,SELLBLOG,NORMAL,아이가 정말 좋아해요~^^,2020-04-28T03:50:59.000+0000,STOREFARM,5,어린이 보석십자수 DIY 캐릭터 큐빅 비즈십자수 지니맘 (입고완료),지니맘 큐빅십자수  DIY: 3번 분홍사슴 (15cm 20cm)
858592237,SELLBLOG,AFTER_USE,집중력 키우기 좋아요 ^^,2020-05-18T01:08:10.000+0000,STOREFARM,5,어린이 보석십자수 DIY 캐릭터 큐빅 비즈십자수 지니맘 (입고완료),지니맘 큐빅십자수  DIY: 17번 가면 (15cm 20cm)
851937737,SELLBLOG,NORMAL,"아이언맨에 꽂혀서 급구매했네요 ㅋㅋ
재미있어서 금방했어요 ㅋㅋ",2020-05-07T11:23:59.000+0000,STOREFARM,5,어린이 보석십자수 DIY 캐릭터 큐빅 비즈십자수 지니맘(입고완료),지니맘 큐빅십자수  DIY: 1번 유니콘  (15cm 20cm)
847909214,SELLBLOG,NORMAL,조카가좋아해요ㅎㅎㅎ,2020-04-29T14:17:03.000+0000,STOREFARM,5,어린이 보석십자수 DIY 캐릭터 큐빅 비즈십자수 지니맘(입고완료),지니맘 큐빅십자수  DIY: 1번 유니콘  (15cm 20cm)
859027470,SELLBLOG,NORMAL,애들이 즐거워해요~~,2020-05-18T14:09:33.000+0000,STOREFARM,5,어린이 보석십자수 DIY 캐릭터 큐빅 비즈십자수 지니맘,지니맘 큐빅십자수  DIY: 18번 망치 (15cm 20cm)
842561386,SELLBLOG,NORMAL,요즘같은 날 집에서 아이가 집중하기 좋아요,2020-04-21T11:25:29.000+0000,STOREFARM,5,어린이 보석십자수 DIY 캐릭터 큐빅 비즈십자수 지니맘,지니맘 큐빅십자수  DIY: 21번 별유니콘 (15cm 20cm)
843026681,SELLBLOG,NORMAL,"집콕 있는 아이에게 좋네요
집중도 잘하고 반짝반짝 이뻐요",2020-04-22T04:33:45.000+0000,STOREFARM,3,어린이 보석십자수 DIY 캐릭터 큐빅 비즈십자수 지니맘,지니맘 큐빅십자수  DIY: 7번 소녀2  (15cm 20cm)
834899996,SELLBLOG,NORMAL,"큐빅에 기포불량이나 그런것들이 종종 있지만 넉넉히 들어있어서 별 문제는 안되네요
아이들이 집중해서 좋아해요",2020-04-09T02:44:38.000+0000,STOREFARM,5,어린이 보석십자수 DIY 캐릭터 큐빅 비즈십자수 지니맘 (입고완료),지니맘 큐빅십자수  DIY: 24번 돌고래 (15cm 20cm)
858227283,SELLBLOG,NORMAL,아이가 너무 좋아합니다..,2020-05-17T05:39:10.000+0000,STOREFARM,5,어린이 보석십자수 DIY 캐릭터 큐빅 비즈십자수 지니맘,지니맘 큐빅십자수  DIY: 3번 분홍사슴 (15cm 20cm)
848085436,SELLBLOG,NORMAL,아이가좋아해요~~!^^,2020-04-30T02:24:54.000+0000,STOREFARM,5,어린이 보석십자수 DIY 캐릭터 큐빅 비즈십자수 지니맘(입고완료),지니맘 큐빅십자수  DIY: 21번 별유니콘 (15cm 20cm)
854293764,SELLBLOG,NORMAL,일반 비즈놀이보다 이쁘고 집중력 향상에 좋네요,2020-05-11T01:36:05.000+0000,STOREFARM,5,어린이 보석십자수 DIY 캐릭터 큐빅 비즈십자수 지니맘(입고완료),지니맘 큐빅십자수  DIY: 21번 별유니콘 (15cm 20cm)
831030590,SELLBLOG,NORMAL,도안사고싶은거 입고기다리다가드디어 반짝이사슴구매했네요 아이가 재미있어하고 시간이너무잘가네요 보석도 불량없고 분류도잘되어있어서 좋은거같아요 또주문할게요,2020-04-03T02:15:43.000+0000,STOREFARM,5,어린이 보석십자수 DIY 캐릭터 큐빅 비즈십자수 지니맘 (입고완료),지니맘 큐빅십자수  DIY: 3번 분홍사슴 (15cm 20cm)
839390184,SELLBLOG,NORMAL,캐릭터가 너무 귀엽네요ㅎㅎ동상이 엄청 좋아해요,2020-04-16T10:54:58.000+0000,STOREFARM,5,어린이 보석십자수 DIY 캐릭터 큐빅 비즈십자수 지니맘,지니맘 큐빅십자수  DIY: 22번 부엉이 (15cm 20cm)
856526010,SELLBLOG,NORMAL,제품 허접하지 않고 이쁘고 좋아요~,2020-05-14T02:10:03.000+0000,STOREFARM,5,어린이 보석십자수 DIY 캐릭터 큐빅 비즈십자수 지니맘,지니맘 큐빅십자수  DIY: 4번 홍학 (15cm 20cm)
856474642,SELLBLOG,NORMAL,만들기쉽고 아이들이 좋아해요,2020-05-14T00:50:14.000+0000,STOREFARM,5,어린이 보석십자수 DIY 캐릭터 큐빅 비즈십자수 지니맘(입고완료),지니맘 큐빅십자수  DIY: 21번 별유니콘 (15cm 20cm)
844957669,SELLBLOG,NORMAL,가성비 구성품 알차고 좋아요~,2020-04-24T16:35:44.000+0000,STOREFARM,5,어린이 보석십자수 DIY 캐릭터 큐빅 비즈십자수 지니맘,지니맘 큐빅십자수  DIY: 22번 부엉이 (15cm 20cm)
844957551,SELLBLOG,NORMAL,가성비 구성품 알차고 좋아요~,2020-04-24T16:35:17.000+0000,STOREFARM,5,어린이 보석십자수 DIY 캐릭터 큐빅 비즈십자수 지니맘,지니맘 큐빅십자수  DIY: 7번 소녀2  (15cm 20cm)
844957455,SELLBLOG,NORMAL,가성비 구성품 알차고 좋아요~,2020-04-24T16:34:50.000+0000,STOREFARM,5,어린이 보석십자수 DIY 캐릭터 큐빅 비즈십자수 지니맘,지니맘 큐빅십자수  DIY: 21번 별유니콘 (15cm 20cm)
847901662,SELLBLOG,NORMAL,"아이 시간때우긴 너무좋아요^^
근데 사용법도 있었음 좋았을텐데 살짝아쉬워요
넉넉한 보석에 아쉬움은 채워지네요~~~",2020-04-29T14:03:35.000+0000,STOREFARM,4,어린이 보석십자수 DIY 캐릭터 큐빅 비즈십자수 지니맘(입고완료),지니맘 큐빅십자수  DIY: 3번 분홍사슴 (15cm 20cm)
828214418,SELLBLOG,NORMAL,도안 귀엽고 아이들 집에서 하기에 딱 좋아요. 비닐이 투명이면 더 좋았을것 같지만 큐빅색도 예쁘고 넉넉히 들어있네요.,2020-03-30T06:15:24.000+0000,STOREFARM,5,어린이 보석십자수 DIY 캐릭터 큐빅 비즈십자수 지니맘,지니맘 큐빅십자수  DIY: 12번 슈퍼마리오 (15cm 20cm)
838465055,SELLBLOG,NORMAL,아이가 너무 재밌어하며 작품을 완성했습니다. 너무 예쁘네요.,2020-04-14T23:51:58.000+0000,STOREFARM,5,어린이 보석십자수 DIY 캐릭터 큐빅 비즈십자수 지니맘,지니맘 큐빅십자수  DIY: 21번 별유니콘 (15cm 20cm)
849464704,SELLBLOG,AFTER_USE,액자까지 한번에사서 만들고 바로 장식이 가능하네요. 비즈도 넉넉해요,2020-05-02T22:44:53.000+0000,STOREFARM,5,어린이 보석십자수 DIY 캐릭터 큐빅 비즈십자수 지니맘,지니맘 큐빅십자수  DIY: 9번 겨울사슴 (15cm 20cm)
854101165,SELLBLOG,NORMAL,재밌어요 비즈도 많고,2020-05-10T14:22:05.000+0000,STOREFARM,4,어린이 보석십자수 DIY 캐릭터 큐빅 비즈십자수 지니맘(입고완료),지니맘 큐빅십자수  DIY: 3번 분홍사슴 (15cm 20cm)
834933619,SELLBLOG,NORMAL,"아이들이 너무 좋아해요
시간가는 줄 모르고 하네요
엄마가 탐이나네요
액자에 껴놓으면 예쁠거 같아요",2020-04-09T03:37:27.000+0000,STOREFARM,5,어린이 보석십자수 DIY 캐릭터 큐빅 비즈십자수 지니맘,지니맘 큐빅십자수  DIY: 22번 부엉이 (15cm 20cm)
852308332,SELLBLOG,NORMAL,예쁘고 사이즈도 좋고 배송도 빨라요~또 구매할께요^^,2020-05-08T01:41:12.000+0000,STOREFARM,5,어린이 보석십자수 DIY 캐릭터 큐빅 비즈십자수 지니맘,지니맘 큐빅십자수  DIY: 1번 유니콘  (15cm 20cm)
830379434,SELLBLOG,NORMAL,"오아~아이가 너무즐거워해요ㅋ 
미리 액자도사달라고해서 같이 구매했네요~
다하면 다른것도 재구매해보려구요^^
코로나때문에 집콕중인데 이런게있어서 너무 좋아요
많이파세요♡",2020-04-02T05:27:37.000+0000,STOREFARM,5,어린이 보석십자수 DIY 캐릭터 큐빅 비즈십자수 지니맘 (입고완료),지니맘 큐빅십자수  DIY: 2번 보라유니콘  (15cm 20cm)
839744370,SELLBLOG,AFTER_USE,심심풀이로  참좋네요 집중력도 높이구요,2020-04-17T03:21:24.000+0000,STOREFARM,5,어린이 보석십자수 DIY 캐릭터 큐빅 비즈십자수 지니맘,지니맘 큐빅십자수  DIY: 22번 부엉이 (15cm 20cm)
848476235,SELLBLOG,NORMAL,"ㅎㅎ 사슴도 이쁘네요!!!!! 방패는 계속 기다리던 아이구요! 이번엔
초등학생딸이랑 같이 했는데 ^^
아이도 좋아하네요",2020-05-01T00:57:29.000+0000,STOREFARM,5,어린이 보석십자수 DIY 캐릭터 큐빅 비즈십자수 지니맘(입고완료),지니맘 큐빅십자수  DIY: 16번 별  (15cm 20cm)
850272086,SELLBLOG,NORMAL,"코로나로 집에만 있는 조카 선물로 구매했습니다.
너무 좋아핮니다.",2020-05-04T12:20:34.000+0000,STOREFARM,5,어린이 보석십자수 DIY 캐릭터 큐빅 비즈십자수 지니맘(입고완료),지니맘 큐빅십자수  DIY: 12번 슈퍼마리오 (15cm 20cm)
835059707,SELLBLOG,NORMAL,"여아남아 모두 집중하고 잘한네요
천천히 하라고 하니 신중하게 잘 옮기네요",2020-04-09T06:35:32.000+0000,STOREFARM,5,어린이 보석십자수 DIY 캐릭터 큐빅 비즈십자수 지니맘 (입고완료),지니맘 큐빅십자수  DIY: 20번 거미 (15cm 20cm)
839158905,SELLBLOG,NORMAL,애기가 집중을 잘하네요. 완성해놓으니 반짝반짝 이뻐요.,2020-04-16T04:44:30.000+0000,STOREFARM,5,어린이 보석십자수 DIY 캐릭터 큐빅 비즈십자수 지니맘,지니맘 큐빅십자수  DIY: 20번 거미 (15cm 20cm)
834667266,SELLBLOG,NORMAL,"아이들은 유니콘 고르더라구요
포장도 깔끔하고 편하게 할 수 있을거 같아요
액자에 언능 넣어보고싶네요",2020-04-08T14:57:58.000+0000,STOREFARM,5,어린이 보석십자수 DIY 캐릭터 큐빅 비즈십자수 지니맘 (입고완료),지니맘 큐빅십자수  DIY: 1번 유니콘  (15cm 20cm)
847293817,SELLBLOG,NORMAL,"초등2 딸 아이가 너무 좋아해요
도안도 이쁘고
폰, 티비 열심히 보다
아이가 집중해서 하니 저도 기분이 좋아지네요",2020-04-28T15:38:09.000+0000,STOREFARM,5,어린이 보석십자수 DIY 캐릭터 큐빅 비즈십자수 지니맘(입고완료),지니맘 큐빅십자수  DIY: 7번 소녀2  (15cm 20cm)
847293747,SELLBLOG,NORMAL,"초등2 딸 아이가 너무 좋아해요
도안도 이쁘고
폰, 티비 열심히 보다
아이가 집중해서 하니 저도 기분이 좋아지네요",2020-04-28T15:37:59.000+0000,STOREFARM,5,어린이 보석십자수 DIY 캐릭터 큐빅 비즈십자수 지니맘(입고완료),지니맘 큐빅십자수  DIY: 3번 분홍사슴 (15cm 20cm)
847291847,SELLBLOG,NORMAL,"초등2 딸 아이가 너무 좋아해요
도안도 이쁘고
폰, 티비 열심히 보다
아이가 집중해서 하니 저도 기분이 좋아지네요",2020-04-28T15:33:18.000+0000,STOREFARM,5,어린이 보석십자수 DIY 캐릭터 큐빅 비즈십자수 지니맘(입고완료),지니맘 큐빅십자수  DIY: 24번 돌고래 (15cm 20cm)
852252406,SELLBLOG,NORMAL,"아이가너누좋아해요
같이 완성했어요",2020-05-08T00:13:17.000+0000,STOREFARM,5,어린이 보석십자수 DIY 캐릭터 큐빅 비즈십자수 지니맘(입고완료),지니맘 큐빅십자수  DIY: 20번 거미 (15cm 20cm)
855941876,SELLBLOG,AFTER_USE,집중해서 재미있게 했네요,2020-05-13T06:37:10.000+0000,STOREFARM,4,어린이 보석십자수 DIY 캐릭터 큐빅 비즈십자수 지니맘,지니맘 큐빅십자수  DIY: 16번 별 (15cm 20cm)
849420349,SELLBLOG,NORMAL,"넘넘넘 이뻐욧~~^^
블링블링 해서 진짜 이쁘네요~
배송두 빠르고 꼼꼼한 포장에 김사요~",2020-05-02T16:02:29.000+0000,STOREFARM,5,어린이 보석십자수 DIY 캐릭터 큐빅 비즈십자수 지니맘(입고완료),지니맘 큐빅십자수  DIY: 1번 유니콘  (15cm 20cm)
849168598,SELLBLOG,NORMAL,사슴이 반짝이였네요 큐빅만 붙이다가 반짝이 같이오니 아이가 좋아하네요,2020-05-02T07:25:20.000+0000,STOREFARM,5,어린이 보석십자수 DIY 캐릭터 큐빅 비즈십자수 지니맘(입고완료),지니맘 큐빅십자수  DIY: 5번  반짝이 사슴 (15cm 20cm)
850720434,SELLBLOG,NORMAL,아이가 만족하며~ 즐거운 시간을 보냇네요,2020-05-05T14:42:23.000+0000,STOREFARM,4,어린이 보석십자수 DIY 캐릭터 큐빅 비즈십자수 지니맘,지니맘 큐빅십자수  DIY: 21번 별유니콘 (15cm 20cm)
849167676,SELLBLOG,NORMAL,"품절되서 한참 기다렸다 드뎌 구매했네요 ㅎㅎ 
아이들과 함께 잘 하고있어요~",2020-05-02T07:23:35.000+0000,STOREFARM,5,어린이 보석십자수 DIY 캐릭터 큐빅 비즈십자수 지니맘(입고완료),지니맘 큐빅십자수  DIY: 10번 안경토끼  (15cm 20cm)
856722638,SELLBLOG,NORMAL,빠른 배송 감사합니다,2020-05-14T07:13:59.000+0000,STOREFARM,4,어린이 보석십자수 DIY 캐릭터 큐빅 비즈십자수 지니맘,지니맘 큐빅십자수  DIY: 1번 유니콘  (15cm 20cm)
856722533,SELLBLOG,NORMAL,빠른 배송 감사합니다,2020-05-14T07:13:50.000+0000,STOREFARM,4,어린이 보석십자수 DIY 캐릭터 큐빅 비즈십자수 지니맘,지니맘 큐빅십자수  DIY: 20번 거미 (15cm 20cm)
834901723,SELLBLOG,NORMAL,"이건 완성하고 잔다며 잘시간을 훌쩍 넘겨서 완성하고 잠들었네요
이거할때는 조용히 집중해서 좋아요",2020-04-09T02:47:03.000+0000,STOREFARM,5,어린이 보석십자수 DIY 캐릭터 큐빅 비즈십자수 지니맘 (입고완료),지니맘 큐빅십자수  DIY: 17번 가면 (15cm 20cm)
838824492,SELLBLOG,NORMAL,애기가7살 데 집중해서잘하네용~,2020-04-15T12:08:23.000+0000,STOREFARM,4,어린이 보석십자수 DIY 캐릭터 큐빅 비즈십자수 지니맘 (입고완료),지니맘 큐빅십자수  DIY: 12번 슈퍼마리오 (15cm 20cm)
849804177,SELLBLOG,AFTER_USE,"그냥 무조건 예뻐요.
그리 어렵지는 않지만 집중력은 필요해요.",2020-05-03T13:28:05.000+0000,STOREFARM,5,어린이 보석십자수 DIY 캐릭터 큐빅 비즈십자수 지니맘,지니맘 큐빅십자수  DIY: 20번 거미 (15cm 20cm)
847908946,SELLBLOG,NORMAL,좋아요 잘쓸게요ㅎㅎㅎ,2020-04-29T14:16:36.000+0000,STOREFARM,5,어린이 보석십자수 DIY 캐릭터 큐빅 비즈십자수 지니맘(입고완료),지니맘 큐빅십자수  DIY: 20번 거미 (15cm 20cm)
856173492,SELLBLOG,AFTER_USE,아이들이 너무 좋아합니다.,2020-05-13T11:45:03.000+0000,STOREFARM,5,어린이 보석십자수 DIY 캐릭터 큐빅 비즈십자수 지니맘,지니맘 큐빅십자수  DIY: 25번 미니2  (15cm 20cm)
856171691,SELLBLOG,AFTER_USE,아이들이 너무 좋아합니다.,2020-05-13T11:43:00.000+0000,STOREFARM,5,어린이 보석십자수 DIY 캐릭터 큐빅 비즈십자수 지니맘,지니맘 큐빅십자수  DIY: 6번 소녀1  (15cm 20cm)
850688161,SELLBLOG,AFTER_USE,한달이상 집콕생활이 이어지면서 구입하게 되었는데 아이들이 참 좋아했습니다.,2020-05-05T13:28:39.000+0000,STOREFARM,5,어린이 보석십자수 DIY 캐릭터 큐빅 비즈십자수 지니맘,지니맘 큐빅십자수  DIY: 11번 클로버 (15cm 20cm)
834937343,SELLBLOG,NORMAL,"아이들이 너무 좋아하네요
시간가는 줄 모르고 하네요
액자에 넣으면 더 예쁠거 같아요",2020-04-09T03:43:39.000+0000,STOREFARM,5,어린이 보석십자수 DIY 캐릭터 큐빅 비즈십자수 지니맘,지니맘 큐빅십자수  DIY: 3번 분홍사슴 (15cm 20cm)
834936661,SELLBLOG,NORMAL,"아이들이 너무 좋아하네요
시간가는 줄 모르고 하네요
액자에 넣으면 더 예쁠거 같아요",2020-04-09T03:42:34.000+0000,STOREFARM,5,어린이 보석십자수 DIY 캐릭터 큐빅 비즈십자수 지니맘,지니맘 큐빅십자수  DIY: 21번 별유니콘 (15cm 20cm)
850335543,SELLBLOG,NORMAL,"예뻐서
선물용으로샀어요
초등여학생들이
좋아해요",2020-05-04T14:56:35.000+0000,STOREFARM,5,어린이 보석십자수 DIY 캐릭터 큐빅 비즈십자수 지니맘(입고완료),지니맘 큐빅십자수  DIY: 1번 유니콘  (15cm 20cm)
843446522,SELLBLOG,NORMAL,아이들이 정말 좋아해요,2020-04-22T13:24:07.000+0000,STOREFARM,5,어린이 보석십자수 DIY 캐릭터 큐빅 비즈십자수 지니맘,지니맘 큐빅십자수  DIY: 8번 꽃사슴 (15cm 20cm)
853703942,SELLBLOG,NORMAL,반짝반짝해서 아이들이 특히 좋아해요,2020-05-10T01:58:30.000+0000,STOREFARM,5,어린이 보석십자수 DIY 캐릭터 큐빅 비즈십자수 지니맘(입고완료),지니맘 큐빅십자수  DIY: 4번 홍학 (15cm 20cm)
853444329,SELLBLOG,NORMAL,반짝반짝 큐빅이 예뻐서 하면서도 만져보게 되네요,2020-05-09T12:15:22.000+0000,STOREFARM,4,어린이 보석십자수 DIY 캐릭터 큐빅 비즈십자수 지니맘,지니맘 큐빅십자수  DIY: 4번 홍학 (15cm 20cm)
854430587,SELLBLOG,NORMAL,설명서가 동봉되었으면 더 좋아하는듯...,2020-05-11T04:54:44.000+0000,STOREFARM,3,어린이 보석십자수 DIY 캐릭터 큐빅 비즈십자수 지니맘,지니맘 큐빅십자수  DIY: 8번 꽃사슴 (15cm 20cm)
847146635,SELLBLOG,NORMAL,빠른배송감사합니다ㅡㅡ,2020-04-28T12:11:15.000+0000,STOREFARM,5,어린이 보석십자수 DIY 캐릭터 큐빅 비즈십자수 지니맘(입고완료),지니맘 큐빅십자수  DIY: 5번  반짝이 사슴 (15cm 20cm)
840888693,SELLBLOG,AFTER_USE,큐빅이 예쁘고 아이와 좋은시간 보냈어요,2020-04-18T23:15:45.000+0000,STOREFARM,5,어린이 보석십자수 DIY 캐릭터 큐빅 비즈십자수 지니맘,지니맘 큐빅십자수  DIY: 4번 홍학 (15cm 20cm)
839294111,SELLBLOG,NORMAL,애들이너무좋아하네요~~저도넘재밌구요~~,2020-04-16T08:22:02.000+0000,STOREFARM,5,어린이 보석십자수 DIY 캐릭터 큐빅 비즈십자수 지니맘,지니맘 큐빅십자수  DIY: 20번 거미 (15cm 20cm)
856173022,SELLBLOG,AFTER_USE,아이들이 좋아합니다,2020-05-13T11:44:30.000+0000,STOREFARM,5,어린이 보석십자수 DIY 캐릭터 큐빅 비즈십자수 지니맘,지니맘 큐빅십자수  DIY: 2번 보라유니콘 (15cm 20cm)
838491720,SELLBLOG,NORMAL,애들이 좋아하네요 킬링타임에 굿,2020-04-15T00:49:08.000+0000,STOREFARM,5,어린이 보석십자수 DIY 캐릭터 큐빅 비즈십자수 지니맘,지니맘 큐빅십자수  DIY: 7번 소녀2  (15cm 20cm)
856172406,SELLBLOG,AFTER_USE,집중해서 하기 좋습니다.,2020-05-13T11:43:48.000+0000,STOREFARM,5,어린이 보석십자수 DIY 캐릭터 큐빅 비즈십자수 지니맘,지니맘 큐빅십자수  DIY: 7번 소녀2  (15cm 20cm)
852383608,SELLBLOG,NORMAL,잘만들었어요  빨리왔고좋아요,2020-05-08T03:41:42.000+0000,STOREFARM,4,어린이 보석십자수 DIY 캐릭터 큐빅 비즈십자수 지니맘(입고완료),지니맘 큐빅십자수  DIY: 1번 유니콘  (15cm 20cm)
841297941,SELLBLOG,NORMAL,"집중력 짱
틈틈히 아이가 혼자서 잘해요",2020-04-19T12:58:49.000+0000,STOREFARM,5,어린이 보석십자수 DIY 캐릭터 큐빅 비즈십자수 지니맘,지니맘 큐빅십자수  DIY: 22번 부엉이 (15cm 20cm)
850687951,SELLBLOG,AFTER_USE,한달이상 집콕생활이 이어지면서 구입했는데 아이들이 정말 좋아했어요.,2020-05-05T13:28:15.000+0000,STOREFARM,5,어린이 보석십자수 DIY 캐릭터 큐빅 비즈십자수 지니맘,지니맘 큐빅십자수  DIY: 4번 홍학 (15cm 20cm)
853709044,SELLBLOG,AFTER_USE,가정보육기긴동안 재미나게 잘 했어요^^,2020-05-10T02:09:02.000+0000,STOREFARM,4,어린이 보석십자수 DIY 캐릭터 큐빅 비즈십자수 지니맘 (입고완료),지니맘 큐빅십자수  DIY: 12번 슈퍼마리오 (15cm 20cm)
836812969,SELLBLOG,NORMAL,집중력과 재미  남자애들도좋아함 다하고나니 비즈가 반이상이남아 넉넉해서좋음,2020-04-12T05:40:45.000+0000,STOREFARM,5,어린이 보석십자수 DIY 캐릭터 큐빅 비즈십자수 지니맘 (입고완료),지니맘 큐빅십자수  DIY: 21번 별유니콘 (15cm 20cm)
835992946,SELLBLOG,NORMAL,아이랑 재밌게 놀게요~:),2020-04-10T13:59:36.000+0000,STOREFARM,4,어린이 보석십자수 DIY 캐릭터 큐빅 비즈십자수 지니맘 (입고완료),지니맘 큐빅십자수  DIY: 14번 슈퍼맨 (15cm 20cm)
842426565,SELLBLOG,NORMAL,아이들이 재미있게 합니다,2020-04-21T08:43:25.000+0000,STOREFARM,4,어린이 보석십자수 DIY 캐릭터 큐빅 비즈십자수 지니맘,지니맘 큐빅십자수  DIY: 22번 부엉이 (15cm 20cm)
836932603,SELLBLOG,NORMAL,"품절된게 많아서 아이가 하고싶은거는 못샀네요
8살아이 재미있게 앉아서 잘 합니다",2020-04-12T09:52:34.000+0000,STOREFARM,4,어린이 보석십자수 DIY 캐릭터 큐빅 비즈십자수 지니맘,지니맘 큐빅십자수  DIY: 14번 슈퍼맨 (15cm 20cm)
848018559,SELLBLOG,NORMAL,"전체보석이라 반짝거리고 예뻐요~
아이랑 하려고 샀는데 제가 더 많이 했어요",2020-04-29T23:44:01.000+0000,STOREFARM,5,어린이 보석십자수 DIY 캐릭터 큐빅 비즈십자수 지니맘(입고완료),지니맘 큐빅십자수  DIY: 8번 꽃사슴 (15cm 20cm)
836813694,SELLBLOG,NORMAL,좋아요 사이사이공간들이 비니까 먼지가낄거같네요,2020-04-12T05:42:20.000+0000,STOREFARM,5,어린이 보석십자수 DIY 캐릭터 큐빅 비즈십자수 지니맘 (입고완료),지니맘 큐빅십자수  DIY: 20번 거미 (15cm 20cm)
838736293,SELLBLOG,NORMAL,"집중력짱이네요
시간때우기도 좋아요",2020-04-15T08:59:17.000+0000,STOREFARM,5,어린이 보석십자수 DIY 캐릭터 큐빅 비즈십자수 지니맘,지니맘 큐빅십자수  DIY: 1번 유니콘  (15cm 20cm)
853703550,SELLBLOG,NORMAL,두번째 주문이에요 너무 좋아해요,2020-05-10T01:57:44.000+0000,STOREFARM,5,어린이 보석십자수 DIY 캐릭터 큐빅 비즈십자수 지니맘(입고완료),지니맘 큐빅십자수  DIY: 12번 슈퍼마리오 (15cm 20cm)
856455701,SELLBLOG,NORMAL,배송 빠르고 좋네요.,2020-05-14T00:18:54.000+0000,STOREFARM,5,어린이 보석십자수 DIY 캐릭터 큐빅 비즈십자수 지니맘,지니맘 큐빅십자수  DIY: 9번 겨울사슴 (15cm 20cm)
852542244,SELLBLOG,NORMAL,아이가 좋아합니다 완성된걸보니 예뻐요,2020-05-08T07:33:02.000+0000,STOREFARM,5,어린이 보석십자수 DIY 캐릭터 큐빅 비즈십자수 지니맘,지니맘 큐빅십자수  DIY: 1번 유니콘  (15cm 20cm)
853703726,SELLBLOG,NORMAL,저번에 6개 완성하고 또 주문했어요,2020-05-10T01:58:05.000+0000,STOREFARM,5,어린이 보석십자수 DIY 캐릭터 큐빅 비즈십자수 지니맘(입고완료),지니맘 큐빅십자수  DIY: 21번 별유니콘 (15cm 20cm)
842925523,SELLBLOG,NORMAL,만들어놓으니 더 예뻐요~,2020-04-22T01:56:43.000+0000,STOREFARM,3,어린이 보석십자수 DIY 캐릭터 큐빅 비즈십자수 지니맘,지니맘 큐빅십자수  DIY: 21번 별유니콘 (15cm 20cm)
837066450,SELLBLOG,NORMAL,강추합니다. 아이들보다 제가 더 재미있네요,2020-04-12T14:04:14.000+0000,STOREFARM,5,어린이 보석십자수 DIY 캐릭터 큐빅 비즈십자수 지니맘 (입고완료),지니맘 큐빅십자수  DIY: 21번 별유니콘 (15cm 20cm)
839389716,SELLBLOG,NORMAL,"포장이 잘 되어있고, 보석도 넉넉히 담아주셔서 좋아요ㅎㅎ",2020-04-16T10:54:12.000+0000,STOREFARM,5,어린이 보석십자수 DIY 캐릭터 큐빅 비즈십자수 지니맘,지니맘 큐빅십자수  DIY: 1번 유니콘  (15cm 20cm)
850686914,SELLBLOG,AFTER_USE,집콕 생활 한달이상 길어지면서 없어서는 안될 아이템입니다.,2020-05-05T13:25:55.000+0000,STOREFARM,5,어린이 보석십자수 DIY 캐릭터 큐빅 비즈십자수 지니맘,지니맘 큐빅십자수  DIY: 12번 슈퍼마리오 (15cm 20cm)
836537683,SELLBLOG,NORMAL,초4딸이 재미있게 열심히 하네요. 다하고 보니 반짝여서 예뻐요.,2020-04-11T13:34:51.000+0000,STOREFARM,5,어린이 보석십자수 DIY 캐릭터 큐빅 비즈십자수 지니맘,지니맘 큐빅십자수  DIY: 24번 돌고래 (15cm 20cm)
850307978,SELLBLOG,NORMAL,반짝반짝 너무 이쁘네요.또구매의사있습니다.,2020-05-04T13:45:33.000+0000,STOREFARM,4,어린이 보석십자수 DIY 캐릭터 큐빅 비즈십자수 지니맘(입고완료),지니맘 큐빅십자수  DIY: 21번 별유니콘 (15cm 20cm)
841437448,SELLBLOG,NORMAL,아이들집중에좋은듯합니다,2020-04-19T22:48:11.000+0000,STOREFARM,5,어린이 보석십자수 DIY 캐릭터 큐빅 비즈십자수 지니맘,지니맘 큐빅십자수  DIY: 3번 분홍사슴 (15cm 20cm)
839294786,SELLBLOG,NORMAL,너무이쁘네요~~~다른것도사고싶어요~,2020-04-16T08:23:07.000+0000,STOREFARM,5,어린이 보석십자수 DIY 캐릭터 큐빅 비즈십자수 지니맘,지니맘 큐빅십자수  DIY: 16번 별 (15cm 20cm)
856526235,SELLBLOG,NORMAL,아이가 너무너무 좋아하네요~^^,2020-05-14T02:10:24.000+0000,STOREFARM,5,어린이 보석십자수 DIY 캐릭터 큐빅 비즈십자수 지니맘,지니맘 큐빅십자수  DIY: 11번 클로버 (15cm 20cm)
850120838,SELLBLOG,AFTER_USE,빤짝이는 것을 아이가 좋아해서 시켰는데 작품이 되어서 좋으네요,2020-05-04T06:20:11.000+0000,STOREFARM,5,어린이 보석십자수 DIY 캐릭터 큐빅 비즈십자수 지니맘,지니맘 큐빅십자수  DIY: 4번 홍학 (15cm 20cm)
843300426,SELLBLOG,NORMAL,기대되요♡♡♡♡ 완전 완전!,2020-04-22T10:32:00.000+0000,STOREFARM,5,어린이 보석십자수 DIY 캐릭터 큐빅 비즈십자수 지니맘(입고완료),지니맘 큐빅십자수  DIY: 20번 거미 (15cm 20cm)
842926241,SELLBLOG,NORMAL,보석 십자수 좋아요,2020-04-22T01:57:50.000+0000,STOREFARM,3,어린이 보석십자수 DIY 캐릭터 큐빅 비즈십자수 지니맘,지니맘 큐빅십자수  DIY: 1번 유니콘  (15cm 20cm)
841119365,SELLBLOG,NORMAL,가성비가 뛰어난 것이 좋습니다,2020-04-19T07:44:38.000+0000,STOREFARM,5,어린이 보석십자수 DIY 캐릭터 큐빅 비즈십자수 지니맘,지니맘 큐빅십자수  DIY: 18번 망치 (15cm 20cm)
855263401,SELLBLOG,AFTER_USE,좋아요 그리고 좋아요,2020-05-12T09:24:56.000+0000,STOREFARM,4,어린이 보석십자수 DIY 캐릭터 큐빅 비즈십자수 지니맘 (입고완료),지니맘 큐빅십자수  DIY: 24번 돌고래 (15cm 20cm)
831292001,SELLBLOG,NORMAL,"집콕 아이들에게 선물해 주었는데 엄청 좋아하네요~
시부모님께도 드렸어요. 재밌있어 하세요^^
그림도 이쁘고 반짝반짝 큐빅도 이뻐요~",2020-04-03T08:43:08.000+0000,STOREFARM,5,어린이 보석십자수 DIY 캐릭터 큐빅 비즈십자수 지니맘 (입고완료),지니맘 큐빅십자수  DIY: 1번 유니콘  (15cm 20cm)
869120004,SELLBLOG,AFTER_USE,예뻐요 예뻐요 예뻐요,2020-06-04T04:34:47.000+0000,STOREFARM,4,어린이 보석십자수 DIY 캐릭터 큐빅 비즈십자수 지니맘(입고완료),지니맘 큐빅십자수  DIY: 1번 유니콘  (15cm 20cm)
854306773,SELLBLOG,NORMAL,빨리배송와서 좋았어요,2020-05-11T01:54:00.000+0000,STOREFARM,5,어린이 보석십자수 DIY 캐릭터 큐빅 비즈십자수 지니맘(입고완료),지니맘 큐빅십자수  DIY: 2번 보라유니콘  (15cm 20cm)
840128483,SELLBLOG,NORMAL,3개중 2개완성했네요..너무예뻐요,2020-04-17T12:53:00.000+0000,STOREFARM,5,어린이 보석십자수 DIY 캐릭터 큐빅 비즈십자수 지니맘,지니맘 큐빅십자수  DIY: 12번 슈퍼마리오 (15cm 20cm)
853812342,SELLBLOG,NORMAL,넘 이쁘고 아이가 좋아해요,2020-05-10T05:34:38.000+0000,STOREFARM,5,어린이 보석십자수 DIY 캐릭터 큐빅 비즈십자수 지니맘 (입고완료),지니맘 큐빅십자수  DIY: 1번 유니콘  (15cm 20cm)
850809992,SELLBLOG,AFTER_USE,코로나로 집콕 하고 난뒤 샀는데 두개 하고 안 해 지네요,2020-05-06T00:20:55.000+0000,STOREFARM,2,어린이 보석십자수 DIY 캐릭터 큐빅 비즈십자수 지니맘,지니맘 큐빅십자수  DIY: 18번 망치 (15cm 20cm)
851279616,SELLBLOG,NORMAL,잼있어요 시간때우기 좋아요,2020-05-06T13:01:54.000+0000,STOREFARM,4,어린이 보석십자수 DIY 캐릭터 큐빅 비즈십자수 지니맘,지니맘 큐빅십자수  DIY: 22번 부엉이 (15cm 20cm)
836008625,SELLBLOG,NORMAL,잘받았습니다 주문하고 배송도 빠르고 포장도 잘되어왔습니다 좋은상품 좋은가격에잘구매했습니다 좋아요,2020-04-10T14:33:54.000+0000,STOREFARM,5,어린이 보석십자수 DIY 캐릭터 큐빅 비즈십자수 지니맘,지니맘 큐빅십자수  DIY: 24번 돌고래 (15cm 20cm)
836008332,SELLBLOG,NORMAL,잘받았습니다 주문하고 배송도 빠르고 포장도 잘되어왔습니다 좋은상품 좋은가격에 잘구매했습니다 좋아요,2020-04-10T14:33:12.000+0000,STOREFARM,5,어린이 보석십자수 DIY 캐릭터 큐빅 비즈십자수 지니맘,지니맘 큐빅십자수  DIY: 1번 유니콘  (15cm 20cm)
844065623,SELLBLOG,NORMAL,하다가 안하네요ㅜㅜ,2020-04-23T10:22:46.000+0000,STOREFARM,5,어린이 보석십자수 DIY 캐릭터 큐빅 비즈십자수 지니맘 (입고완료),지니맘 큐빅십자수  DIY: 1번 유니콘  (15cm 20cm)
844065357,SELLBLOG,NORMAL,하다가 안하네요ㅜㅜ,2020-04-23T10:22:25.000+0000,STOREFARM,5,어린이 보석십자수 DIY 캐릭터 큐빅 비즈십자수 지니맘 (입고완료),지니맘 큐빅십자수  DIY: 20번 거미 (15cm 20cm)
858171839,SELLBLOG,AFTER_USE,아주 좋아요~~~^^,2020-05-17T03:07:32.000+0000,STOREFARM,4,어린이 보석십자수 DIY 캐릭터 큐빅 비즈십자수 지니맘,지니맘 큐빅십자수  DIY: 24번 미니1 (15cm 20cm)
849624996,SELLBLOG,AFTER_USE,"아이와 재밌게 했어요~
큐빅이 블링블링 너무 이쁘네요~",2020-05-03T06:26:17.000+0000,STOREFARM,5,어린이 보석십자수 DIY 캐릭터 큐빅 비즈십자수 지니맘,지니맘 큐빅십자수  DIY: 2번 보라유니콘 (15cm 20cm)
836286829,SELLBLOG,NORMAL,"아이들이 너무 열심히 하네요^^
이틀만에 다 했어요^^너무 예쁘네요",2020-04-11T06:15:40.000+0000,STOREFARM,5,어린이 보석십자수 DIY 캐릭터 큐빅 비즈십자수 지니맘 (입고완료),지니맘 큐빅십자수  DIY: 20번 거미 (15cm 20cm)
847984859,SELLBLOG,NORMAL,"8세도제법합니다. 6세 곰손 아이는 좀 어려워해요
핫한 아이템답네요",2020-04-29T20:25:05.000+0000,STOREFARM,5,어린이 보석십자수 DIY 캐릭터 큐빅 비즈십자수 지니맘(입고완료),지니맘 큐빅십자수  DIY: 3번 분홍사슴 (15cm 20cm)
832909339,SELLBLOG,NORMAL,"다른 걸 하고 있어서. 아직 못했지만, 아이가 직접 고른 것들이고, 넘 좋아해서~ 좋네요ㅎ",2020-04-06T05:24:17.000+0000,STOREFARM,5,어린이 보석십자수 DIY 캐릭터 큐빅 비즈십자수 지니맘,지니맘 큐빅십자수  DIY: 3번 분홍사슴 (15cm 20cm)
839903386,SELLBLOG,NORMAL,"해놓으니예뻐요
초5좋아행ㆍ느",2020-04-17T07:33:17.000+0000,STOREFARM,5,어린이 보석십자수 DIY 캐릭터 큐빅 비즈십자수 지니맘,지니맘 큐빅십자수  DIY: 8번 꽃사슴 (15cm 20cm)
851563387,SELLBLOG,NORMAL,"아이들이 너무 재밌어하네요.
이뻐요~~~^&amp;",2020-05-07T02:10:20.000+0000,STOREFARM,4,어린이 보석십자수 DIY 캐릭터 큐빅 비즈십자수 지니맘(입고완료),지니맘 큐빅십자수  DIY: 3번 분홍사슴 (15cm 20cm)
851904623,SELLBLOG,NORMAL,아이가 너무 좋아해서 추가로 구입했어요~~,2020-05-07T10:44:16.000+0000,STOREFARM,5,어린이 보석십자수 DIY 캐릭터 큐빅 비즈십자수 지니맘(입고완료),지니맘 큐빅십자수  DIY: 2번 보라유니콘  (15cm 20cm)
822971704,SELLBLOG,NORMAL,넘나 재미있게ㅜ잘 하고 있어요 어른도 재미 있네요~ 코로나방학이ㅜ길어져서 집에서 할 거리들 찾다 입소문으로 구입 했어요. 다른 품절 도안들도 어서 재입고 되었으면 합니다!,2020-03-22T01:38:37.000+0000,STOREFARM,5,어린이 보석십자수 DIY 캐릭터 큐빅 비즈십자수 지니맘,지니맘 큐빅십자수  DIY: 6번 소녀1  (15cm 20cm)
834152050,SELLBLOG,NORMAL,집중력이 길러져서 좋아요. 코로나 땜에 지루해 하던 아이가 좋아했어요 .,2020-04-08T03:40:59.000+0000,STOREFARM,5,어린이 보석십자수 DIY 캐릭터 큐빅 비즈십자수 지니맘 (입고완료),지니맘 큐빅십자수  DIY: 8번 꽃사슴 (15cm 20cm)
839572102,SELLBLOG,NORMAL,반짝반짝 예쁜 보석들같다며 아이들이 너무 좋아합니다,2020-04-16T16:07:45.000+0000,STOREFARM,5,어린이 보석십자수 DIY 캐릭터 큐빅 비즈십자수 지니맘,지니맘 큐빅십자수  DIY: 18번 망치 (15cm 20cm)
840888467,SELLBLOG,AFTER_USE,가격도 좋고 큐빅이 예뻐요,2020-04-18T23:14:49.000+0000,STOREFARM,5,어린이 보석십자수 DIY 캐릭터 큐빅 비즈십자수 지니맘,지니맘 큐빅십자수  DIY: 23번 사자 (15cm 20cm)
839263080,SELLBLOG,NORMAL,"꼼꼼한 포장 고맙습니다
아이들이 좋아해요",2020-04-16T07:34:42.000+0000,STOREFARM,5,어린이 보석십자수 DIY 캐릭터 큐빅 비즈십자수 지니맘,지니맘 큐빅십자수  DIY: 21번 별유니콘 (15cm 20cm)
837664646,SELLBLOG,NORMAL,포장도 잘되있고~  액자까지 같이 구입하면 완전 작품이 됩니다~!,2020-04-13T13:53:16.000+0000,STOREFARM,4,어린이 보석십자수 DIY 캐릭터 큐빅 비즈십자수 지니맘 (입고완료),지니맘 큐빅십자수  DIY: 22번 부엉이 (15cm 20cm)
850809755,SELLBLOG,AFTER_USE,코로나로 집콕할때 샀는데 두개 하고는 안 해요 ㅠㅠ,2020-05-06T00:20:21.000+0000,STOREFARM,3,어린이 보석십자수 DIY 캐릭터 큐빅 비즈십자수 지니맘,지니맘 큐빅십자수  DIY: 20번 거미 (15cm 20cm)
855454564,SELLBLOG,NORMAL,시간 떼우기 좋아요~~,2020-05-12T13:04:10.000+0000,STOREFARM,5,어린이 보석십자수 DIY 캐릭터 큐빅 비즈십자수 지니맘 (입고완료),지니맘 큐빅십자수  DIY: 17번 가면 (15cm 20cm)
833045648,SELLBLOG,NORMAL,"아이가 좋아하는 캐릭터로 구매했어요
시간 잘가고 좋네요~ 반정도 했는데 반짝반짝 이쁘네요~^^",2020-04-06T09:36:02.000+0000,STOREFARM,5,어린이 보석십자수 DIY 캐릭터 큐빅 비즈십자수 지니맘 (입고완료),지니맘 큐빅십자수  DIY: 13번 스폰지밥 (15cm 20cm)
845198643,SELLBLOG,NORMAL,"우선은 아이들이 너무 좋아하고 십자수하면서도 즐거워하니까 제가 더 기분이 좋더라구요, 완성해서 액자에 넣으니 더 이쁘고 상품성 훌륭합니다~",2020-04-25T05:57:02.000+0000,STOREFARM,5,어린이 보석십자수 DIY 캐릭터 큐빅 비즈십자수 지니맘(입고완료),지니맘 큐빅십자수  DIY: 20번 거미 (15cm 20cm)
845198577,SELLBLOG,NORMAL,"우선은 아이들이 너무 좋아하고 십자수하면서도 즐거워하니까 제가 더 기분이 좋더라구요, 완성해서 액자에 넣으니 더 이쁘고 상품성 훌륭합니다~",2020-04-25T05:56:56.000+0000,STOREFARM,5,어린이 보석십자수 DIY 캐릭터 큐빅 비즈십자수 지니맘(입고완료),지니맘 큐빅십자수  DIY: 16번 별  (15cm 20cm)
845198467,SELLBLOG,NORMAL,"우선은 아이들이 너무 좋아하고 십자수하면서도 즐거워하니까 제가 더 기분이 좋더라구요, 완성해서 액자에 넣으니 더 이쁘고 상품성 훌륭합니다~",2020-04-25T05:56:45.000+0000,STOREFARM,5,어린이 보석십자수 DIY 캐릭터 큐빅 비즈십자수 지니맘(입고완료),지니맘 큐빅십자수  DIY: 17번 가면 (15cm 20cm)
845198379,SELLBLOG,NORMAL,"우선은 아이들이 너무 좋아하고 십자수하면서도 즐거워하니까 제가 더 기분이 좋더라구요, 완성해서 액자에 넣으니 더 이쁘고 상품성 훌륭합니다~",2020-04-25T05:56:37.000+0000,STOREFARM,5,어린이 보석십자수 DIY 캐릭터 큐빅 비즈십자수 지니맘(입고완료),지니맘 큐빅십자수  DIY: 18번 망치 (15cm 20cm)
841299371,SELLBLOG,NORMAL,"좋아요
품절이 빨리되어 아쉽네요",2020-04-19T13:01:10.000+0000,STOREFARM,5,어린이 보석십자수 DIY 캐릭터 큐빅 비즈십자수 지니맘,지니맘 큐빅십자수  DIY: 21번 별유니콘 (15cm 20cm)
851563794,SELLBLOG,NORMAL,"아이들이 재밌어하네요.
이뻐요~~^^",2020-05-07T02:10:57.000+0000,STOREFARM,4,어린이 보석십자수 DIY 캐릭터 큐빅 비즈십자수 지니맘(입고완료),지니맘 큐빅십자수  DIY: 21번 별유니콘 (15cm 20cm)
849409603,SELLBLOG,NORMAL,딸이 너무좋아하네요 큐빅도넉넉하고 좋아요^^,2020-05-02T15:30:55.000+0000,STOREFARM,5,어린이 보석십자수 DIY 캐릭터 큐빅 비즈십자수 지니맘(입고완료),지니맘 큐빅십자수  DIY: 21번 별유니콘 (15cm 20cm)
853789336,SELLBLOG,NORMAL,초2여아 집중하는데 최고에요~~,2020-05-10T04:48:23.000+0000,STOREFARM,5,어린이 보석십자수 DIY 캐릭터 큐빅 비즈십자수 지니맘(입고완료),지니맘 큐빅십자수  DIY: 22번 부엉이 (15cm 20cm)
854375441,SELLBLOG,NORMAL,7살 아이가 좋아해요 예쁘네요,2020-05-11T03:35:16.000+0000,STOREFARM,5,어린이 보석십자수 DIY 캐릭터 큐빅 비즈십자수 지니맘,지니맘 큐빅십자수  DIY: 21번 별유니콘 (15cm 20cm)
834296070,SELLBLOG,NORMAL,잘 도착. 아이들 재미있어함요~ 다하고 후기 다시 남길께요,2020-04-08T07:06:40.000+0000,STOREFARM,5,어린이 보석십자수 DIY 캐릭터 큐빅 비즈십자수 지니맘 (입고완료),지니맘 큐빅십자수  DIY: 1번 유니콘  (15cm 20cm)
828660663,SELLBLOG,NORMAL,"아직 완성 못했지만
너무 재밌어요 딸램이랑 누가먼저 완성하나 내기하는데 승부욕 발동~긴긴방학 아이들과 함께 시간보내기 좋은 아이템",2020-03-31T02:28:41.000+0000,STOREFARM,5,어린이 보석십자수 DIY 캐릭터 큐빅 비즈십자수 지니맘,지니맘 큐빅십자수  DIY: 10번 안경토끼 (15cm 20cm)
839388832,SELLBLOG,NORMAL,"포장도 잘 되어있고, 보석들도 반짝반짝하니 이뻐요*^^*",2020-04-16T10:52:50.000+0000,STOREFARM,5,어린이 보석십자수 DIY 캐릭터 큐빅 비즈십자수 지니맘,지니맘 큐빅십자수  DIY: 12번 슈퍼마리오 (15cm 20cm)
842924937,SELLBLOG,NORMAL,아이들이 좋아해요~^^,2020-04-22T01:55:54.000+0000,STOREFARM,3,어린이 보석십자수 DIY 캐릭터 큐빅 비즈십자수 지니맘,지니맘 큐빅십자수  DIY: 7번 소녀2  (15cm 20cm)
852542837,SELLBLOG,NORMAL,아이들이 좋아합니다 반짝반짝 예뻐요,2020-05-08T07:33:53.000+0000,STOREFARM,5,어린이 보석십자수 DIY 캐릭터 큐빅 비즈십자수 지니맘,지니맘 큐빅십자수  DIY: 21번 별유니콘 (15cm 20cm)
849469337,SELLBLOG,NORMAL,"애들이 매우좋아해요
반짝이고  이쁘네요",2020-05-02T23:12:45.000+0000,STOREFARM,5,어린이 보석십자수 DIY 캐릭터 큐빅 비즈십자수 지니맘(입고완료),지니맘 큐빅십자수  DIY: 17번 가면 (15cm 20cm)
853169621,SELLBLOG,AFTER_USE,딸이 좋아하네요 담에도,2020-05-09T05:49:11.000+0000,STOREFARM,4,어린이 보석십자수 DIY 캐릭터 큐빅 비즈십자수 지니맘,지니맘 큐빅십자수  DIY: 1번 유니콘 (15cm 20cm)
836727799,SELLBLOG,NORMAL,"배송이 빨라서 너무 좋네요~~
하루만에 다하네요^^",2020-04-12T02:39:10.000+0000,STOREFARM,5,어린이 보석십자수 DIY 캐릭터 큐빅 비즈십자수 지니맘,지니맘 큐빅십자수  DIY: 12번 슈퍼마리오 (15cm 20cm)
855406516,SELLBLOG,AFTER_USE,조카가 좋아해요ㅎㅎ,2020-05-12T12:13:31.000+0000,STOREFARM,4,어린이 보석십자수 DIY 캐릭터 큐빅 비즈십자수 지니맘,지니맘 큐빅십자수  DIY: 23번 사자 (15cm 20cm)
855406296,SELLBLOG,AFTER_USE,조카가 좋아해요ㅎㅎ,2020-05-12T12:13:17.000+0000,STOREFARM,4,어린이 보석십자수 DIY 캐릭터 큐빅 비즈십자수 지니맘,지니맘 큐빅십자수  DIY: 6번 소녀1  (15cm 20cm)
855406117,SELLBLOG,AFTER_USE,조카가 좋아해요ㅎㅎ,2020-05-12T12:13:05.000+0000,STOREFARM,4,어린이 보석십자수 DIY 캐릭터 큐빅 비즈십자수 지니맘,지니맘 큐빅십자수  DIY: 4번 홍학 (15cm 20cm)
855405998,SELLBLOG,AFTER_USE,조카가 좋아해요ㅎㅎ,2020-05-12T12:12:57.000+0000,STOREFARM,4,어린이 보석십자수 DIY 캐릭터 큐빅 비즈십자수 지니맘,지니맘 큐빅십자수  DIY: 3번 분홍사슴 (15cm 20cm)
853811535,SELLBLOG,NORMAL,아이가 넘 좋아해요,2020-05-10T05:33:03.000+0000,STOREFARM,5,어린이 보석십자수 DIY 캐릭터 큐빅 비즈십자수 지니맘 (입고완료),지니맘 큐빅십자수  DIY: 22번 부엉이 (15cm 20cm)
850497906,SELLBLOG,AFTER_USE,아이가 집중해서 하는데 너무 재밌어하네요,2020-05-05T04:37:24.000+0000,STOREFARM,5,어린이 보석십자수 DIY 캐릭터 큐빅 비즈십자수 지니맘 (입고완료),지니맘 큐빅십자수  DIY: 21번 별유니콘 (15cm 20cm)
839264360,SELLBLOG,NORMAL,"배송빨랐어요
깔끔한 포장
아이들이좋아해요",2020-04-16T07:36:36.000+0000,STOREFARM,5,어린이 보석십자수 DIY 캐릭터 큐빅 비즈십자수 지니맘,지니맘 큐빅십자수  DIY: 22번 부엉이 (15cm 20cm)
850272512,SELLBLOG,NORMAL,"코로나로 집에만 있는 조카 선물로 구입
너무 좋아합니더",2020-05-04T12:21:38.000+0000,STOREFARM,5,어린이 보석십자수 DIY 캐릭터 큐빅 비즈십자수 지니맘(입고완료),지니맘 큐빅십자수  DIY: 10번 안경토끼  (15cm 20cm)
834666558,SELLBLOG,NORMAL,코로나때문에 집 밖으로도 못 나가고 아이들이랑 요거 잠깐씩하며 지루함 달래봅니다,2020-04-08T14:56:38.000+0000,STOREFARM,5,어린이 보석십자수 DIY 캐릭터 큐빅 비즈십자수 지니맘 (입고완료),지니맘 큐빅십자수  DIY: 3번 분홍사슴 (15cm 20cm)
837285761,SELLBLOG,NORMAL,나머지도 작업해서 아이방벽에 걸어놓을예정이예요.,2020-04-13T02:22:20.000+0000,STOREFARM,4,어린이 보석십자수 DIY 캐릭터 큐빅 비즈십자수 지니맘,지니맘 큐빅십자수  DIY: 8번 꽃사슴 (15cm 20cm)
850307742,SELLBLOG,NORMAL,집에서 쉬는 시간에 즐겁게 할수있어서 좋아요.,2020-05-04T13:44:56.000+0000,STOREFARM,4,어린이 보석십자수 DIY 캐릭터 큐빅 비즈십자수 지니맘(입고완료),지니맘 큐빅십자수  DIY: 6번 소녀1  (15cm 20cm)
837151887,SELLBLOG,NORMAL,코로나 집콕으로  아이들과  하루보내기에 최고네요,2020-04-12T21:56:49.000+0000,STOREFARM,5,어린이 보석십자수 DIY 캐릭터 큐빅 비즈십자수 지니맘,지니맘 큐빅십자수  DIY: 23번 사자 (15cm 20cm)
836933173,SELLBLOG,NORMAL,아이들 심심할때 시간 보내기 좋을꺼 같아서 구매합니다,2020-04-12T09:53:48.000+0000,STOREFARM,4,어린이 보석십자수 DIY 캐릭터 큐빅 비즈십자수 지니맘,지니맘 큐빅십자수  DIY: 5번  반짝이 사슴 (15cm 20cm)
837614028,SELLBLOG,AFTER_USE,완성후 만족도가 큽니다. 크기도 적당해서 초등 고학년 혼자 완성해요. 저학년 남자아이는 조금 힘들어하긴 했지만 완성했네요 코팅지 위에 하는건데 스티커처럼 붙이고싶다해서 양면테이프로 붙여줬네요,2020-04-13T12:18:40.000+0000,STOREFARM,5,어린이 보석십자수 DIY 캐릭터 큐빅 비즈십자수 지니맘,지니맘 큐빅십자수  DIY: 20번 거미 (15cm 20cm)
828657725,SELLBLOG,NORMAL,"아이랑 함께하려고 구매했어요.
스마트폰 보는시간 줄여서 좋고.
집중력 향상에도 도움이 되네요.
다만 너무 열심히 했더니 목이 아파요ㅎㅎ",2020-03-31T02:24:07.000+0000,STOREFARM,5,어린이 보석십자수 DIY 캐릭터 큐빅 비즈십자수 지니맘,지니맘 큐빅십자수  DIY: 25번 미니2  (15cm 20cm)
845987602,SELLBLOG,NORMAL,아이가 집중력있게 하고 있어요. 집콕시기에 적당한 만들기입니다.,2020-04-26T14:53:57.000+0000,STOREFARM,5,어린이 보석십자수 DIY 캐릭터 큐빅 비즈십자수 지니맘,지니맘 큐빅십자수  DIY: 21번 별유니콘 (15cm 20cm)
847822233,SELLBLOG,NORMAL,이번에는 조카선물로 구입했어요 좋은제품 감사해요~~,2020-04-29T11:58:26.000+0000,STOREFARM,4,어린이 보석십자수 DIY 캐릭터 큐빅 비즈십자수 지니맘(입고완료),지니맘 큐빅십자수  DIY: 7번 소녀2  (15cm 20cm)
848977055,SELLBLOG,NORMAL,상품은 만족스러워요 아이가 좋아하네요.,2020-05-02T00:56:43.000+0000,STOREFARM,4,어린이 보석십자수 DIY 캐릭터 큐빅 비즈십자수 지니맘(입고완료),지니맘 큐빅십자수  DIY: 10번 안경토끼  (15cm 20cm)
848377807,SELLBLOG,NORMAL,포장도 꼼꼼하고 초딩딸이 집에서 긴~ 시간작업힌기좋은 사이즈입니다,2020-04-30T15:00:16.000+0000,STOREFARM,5,어린이 보석십자수 DIY 캐릭터 큐빅 비즈십자수 지니맘(입고완료),지니맘 큐빅십자수  DIY: 14번 슈퍼맨 (15cm 20cm)
850271812,SELLBLOG,NORMAL,"코로나로 집에만 있는 조카 선물
너무 좋아합니다.",2020-05-04T12:19:53.000+0000,STOREFARM,5,어린이 보석십자수 DIY 캐릭터 큐빅 비즈십자수 지니맘(입고완료),지니맘 큐빅십자수  DIY: 1번 유니콘  (15cm 20cm)
838161883,SELLBLOG,NORMAL,좋아요~아이랑 즐겁게 했네요,2020-04-14T10:33:19.000+0000,STOREFARM,4,어린이 보석십자수 DIY 캐릭터 큐빅 비즈십자수 지니맘 (입고완료),지니맘 큐빅십자수  DIY: 8번 꽃사슴 (15cm 20cm)
849794647,SELLBLOG,NORMAL,재미있어요^^이틀만에 완성했어요,2020-05-03T13:08:57.000+0000,STOREFARM,5,어린이 보석십자수 DIY 캐릭터 큐빅 비즈십자수 지니맘(입고완료),지니맘 큐빅십자수  DIY: 24번 돌고래 (15cm 20cm)
849149774,SELLBLOG,NORMAL,"좋네요~그림과같아요~
큐빅이 많아 풍성하네요~",2020-05-02T06:49:58.000+0000,STOREFARM,5,어린이 보석십자수 DIY 캐릭터 큐빅 비즈십자수 지니맘(입고완료),지니맘 큐빅십자수  DIY: 1번 유니콘  (15cm 20cm)
849702682,SELLBLOG,NORMAL,품절인걸 기다리다 구매했는데 아이가 좋아해요,2020-05-03T09:44:27.000+0000,STOREFARM,5,어린이 보석십자수 DIY 캐릭터 큐빅 비즈십자수 지니맘,지니맘 큐빅십자수  DIY: 21번 별유니콘 (15cm 20cm)
833748068,SELLBLOG,NORMAL,"아이생일선물로 주려고 찾아보던중 여길 알게됐는데, 유니콘이랑 마블시리즈가 이만한데가 없더라구요ㅎ 계속 품절이되서 직접 부탁을 드렸어요;;입고되면 꼭 알려달라고ㅡㅜ 잊지않고 연락을 주셔서 바로 구매를 했죠~~큐빅이 사이즈가 다르게 들어서 훨씬 입체감있고 예뻐요~~맘에들어요~가격이 좀 부담스럽긴하지만;; 좋아요~~^^",2020-04-07T11:55:53.000+0000,STOREFARM,4,어린이 보석십자수 DIY 캐릭터 큐빅 비즈십자수 지니맘 (입고완료),지니맘 큐빅십자수  DIY: 2번 보라유니콘  (15cm 20cm)
833747737,SELLBLOG,NORMAL,"아이생일선물로 주려고 찾아보던중 여길 알게됐는데, 유니콘이랑 마블시리즈가 이만한데가 없더라구요ㅎ 계속 품절이되서 직접 부탁을 드렸어요;;입고되면 꼭 알려달라고ㅡㅜ 잊지않고 연락을 주셔서 바로 구매를 했죠~~큐빅이 사이즈가 다르게 들어서 훨씬 입체감있고 예뻐요~~맘에들어요~가격이 좀 부담스럽긴하지만;; 좋아요~~^^",2020-04-07T11:55:31.000+0000,STOREFARM,3,어린이 보석십자수 DIY 캐릭터 큐빅 비즈십자수 지니맘 (입고완료),지니맘 큐빅십자수  DIY: 21번 별유니콘 (15cm 20cm)
852047916,SELLBLOG,NORMAL,아이들이 너무 좋아합니다,2020-05-07T13:30:39.000+0000,STOREFARM,4,어린이 보석십자수 DIY 캐릭터 큐빅 비즈십자수 지니맘,지니맘 큐빅십자수  DIY: 12번 슈퍼마리오 (15cm 20cm)
839902941,SELLBLOG,NORMAL,아이가하기에 적합해요,2020-04-17T07:32:36.000+0000,STOREFARM,5,어린이 보석십자수 DIY 캐릭터 큐빅 비즈십자수 지니맘,지니맘 큐빅십자수  DIY: 6번 소녀1  (15cm 20cm)
850119223,SELLBLOG,AFTER_USE,아이들이 쉽게 했는데 결과가 만족스럽네요.,2020-05-04T06:16:52.000+0000,STOREFARM,5,어린이 보석십자수 DIY 캐릭터 큐빅 비즈십자수 지니맘,지니맘 큐빅십자수  DIY: 8번 꽃사슴 (15cm 20cm)
854014729,SELLBLOG,NORMAL,아이가 좋아합니다~~,2020-05-10T12:04:34.000+0000,STOREFARM,5,어린이 보석십자수 DIY 캐릭터 큐빅 비즈십자수 지니맘 (입고완료),지니맘 큐빅십자수  DIY: 21번 별유니콘 (15cm 20cm)
836933763,SELLBLOG,NORMAL,"품절된게 좀 많아서 살수있는게 없네요
품절상품도 빨리 살수있음 좋겠어요",2020-04-12T09:55:03.000+0000,STOREFARM,4,어린이 보석십자수 DIY 캐릭터 큐빅 비즈십자수 지니맘,지니맘 큐빅십자수  DIY: 4번 홍학 (15cm 20cm)
831107915,SELLBLOG,NORMAL,"딸램이 좋아하는데 다하거 떠 사달라할까봐 잔뜩시켰어요
무기한연장에 한숨만",2020-04-03T04:19:20.000+0000,STOREFARM,5,어린이 보석십자수 DIY 캐릭터 큐빅 비즈십자수 지니맘 (입고완료),지니맘 큐빅십자수  DIY: 3번 분홍사슴 (15cm 20cm)
840604776,SELLBLOG,NORMAL,시간도 잘가고 예뻐요.,2020-04-18T09:25:12.000+0000,STOREFARM,5,어린이 보석십자수 DIY 캐릭터 큐빅 비즈십자수 지니맘,지니맘 큐빅십자수  DIY: 22번 부엉이 (15cm 20cm)
836489707,SELLBLOG,NORMAL,캐릭터가 색이 선명해서 집에 걸어놓으니 꽤 괜찮아요,2020-04-11T12:11:15.000+0000,STOREFARM,5,어린이 보석십자수 DIY 캐릭터 큐빅 비즈십자수 지니맘 (입고완료),지니맘 큐빅십자수  DIY: 11번 클로버 (15cm 20cm)
850267060,SELLBLOG,NORMAL,"딸이 너무좋아합니다.
사달랫니 사주엇더니..
초집중^^",2020-05-04T12:08:03.000+0000,STOREFARM,4,어린이 보석십자수 DIY 캐릭터 큐빅 비즈십자수 지니맘(입고완료),지니맘 큐빅십자수  DIY: 8번 꽃사슴 (15cm 20cm)
850267019,SELLBLOG,NORMAL,"딸이 너무좋아합니다.
사달랫니 사주엇더니..
초집중^^",2020-05-04T12:07:57.000+0000,STOREFARM,4,어린이 보석십자수 DIY 캐릭터 큐빅 비즈십자수 지니맘(입고완료),지니맘 큐빅십자수  DIY: 16번 별  (15cm 20cm)
850266954,SELLBLOG,NORMAL,"딸이 너무좋아합니다.
사달랫니 사주엇더니..
초집중^^",2020-05-04T12:07:49.000+0000,STOREFARM,4,어린이 보석십자수 DIY 캐릭터 큐빅 비즈십자수 지니맘(입고완료),지니맘 큐빅십자수  DIY: 21번 별유니콘 (15cm 20cm)
840891063,SELLBLOG,NORMAL,아이가 재미잏어해요~~,2020-04-18T23:26:04.000+0000,STOREFARM,5,어린이 보석십자수 DIY 캐릭터 큐빅 비즈십자수 지니맘,지니맘 큐빅십자수  DIY: 21번 별유니콘 (15cm 20cm)
851904260,SELLBLOG,NORMAL,아이가 너무 좋아합니다~~ 예뻐요 ^^,2020-05-07T10:43:46.000+0000,STOREFARM,5,어린이 보석십자수 DIY 캐릭터 큐빅 비즈십자수 지니맘(입고완료),지니맘 큐빅십자수  DIY: 1번 유니콘  (15cm 20cm)
848476442,SELLBLOG,NORMAL,역시!! 좋아요 디자인이 더 나오며누좋겠어요 ^^,2020-05-01T00:57:59.000+0000,STOREFARM,5,어린이 보석십자수 DIY 캐릭터 큐빅 비즈십자수 지니맘(입고완료),지니맘 큐빅십자수  DIY: 3번 분홍사슴 (15cm 20cm)
818715098,SELLBLOG,NORMAL,"미디어줄이려고 주문했는데
아이들이 집중하면서 너무 이쁘다 난리입니다~
첨엔 힘들다하더니 하나하나 열심히하네요^^
지퍼팩 열고 꺼내기 어려워해서 통에 담아주었더니
혼자서 잘하네요~~~ 
다하고 추가 주문해야할것같아요~~~",2020-03-15T14:21:29.000+0000,STOREFARM,5,어린이 보석십자수 DIY 캐릭터 큐빅 비즈십자수 지니맘,지니맘 큐빅십자수  DIY: 22번 부엉이 (15cm 20cm)
818714570,SELLBLOG,NORMAL,"미디어줄이려고 주문했는데
아이들이 집중하면서 너무 이쁘다 난리입니다~
첨엔 힘들다하더니 하나하나 열심히하네요^^
지퍼팩 열고 꺼내기 어려워해서 통에 담아주었더니
혼자서 잘하네요~~~ 
다하고 추가 주문해야할것같아요~~~",2020-03-15T14:20:31.000+0000,STOREFARM,5,어린이 보석십자수 DIY 캐릭터 큐빅 비즈십자수 지니맘,지니맘 큐빅십자수  DIY: 6번 소녀1  (15cm 20cm)
850308237,SELLBLOG,NORMAL,3시간을 한자리에서 집중해서만들었어요.,2020-05-04T13:46:08.000+0000,STOREFARM,4,어린이 보석십자수 DIY 캐릭터 큐빅 비즈십자수 지니맘(입고완료),지니맘 큐빅십자수  DIY: 13번 스폰지밥 (15cm 20cm)
839767114,SELLBLOG,NORMAL,아이들이 재미있어해요.,2020-04-17T04:02:22.000+0000,STOREFARM,5,어린이 보석십자수 DIY 캐릭터 큐빅 비즈십자수 지니맘,지니맘 큐빅십자수  DIY: 19번 방패 (15cm 20cm)
839572477,SELLBLOG,NORMAL,아이들이 너무 좋아해요,2020-04-16T16:09:18.000+0000,STOREFARM,5,어린이 보석십자수 DIY 캐릭터 큐빅 비즈십자수 지니맘,지니맘 큐빅십자수  DIY: 6번 소녀1  (15cm 20cm)
839572619,SELLBLOG,NORMAL,집중하기에 최고입니다,2020-04-16T16:09:51.000+0000,STOREFARM,5,어린이 보석십자수 DIY 캐릭터 큐빅 비즈십자수 지니맘,지니맘 큐빅십자수  DIY: 1번 유니콘  (15cm 20cm)
848976711,SELLBLOG,NORMAL,상품은 만족하는데 설명서가 없어 조금 아쉬웠어요,2020-05-02T00:55:46.000+0000,STOREFARM,4,어린이 보석십자수 DIY 캐릭터 큐빅 비즈십자수 지니맘(입고완료),지니맘 큐빅십자수  DIY: 3번 분홍사슴 (15cm 20cm)
839767597,SELLBLOG,NORMAL,아이들이 즐거워해요,2020-04-17T04:03:10.000+0000,STOREFARM,5,어린이 보석십자수 DIY 캐릭터 큐빅 비즈십자수 지니맘,지니맘 큐빅십자수  DIY: 11번 클로버 (15cm 20cm)
832342551,SELLBLOG,NORMAL,애들이너무이쁘대요  코로나때문에 집에서 집중하기 딱좋네요,2020-04-05T04:45:46.000+0000,STOREFARM,5,어린이 보석십자수 DIY 캐릭터 큐빅 비즈십자수 지니맘,지니맘 큐빅십자수  DIY: 3번 분홍사슴 (15cm 20cm)
848378559,SELLBLOG,NORMAL,초2 여아 선물해주니ㅜ너무 좋아해요,2020-04-30T15:02:34.000+0000,STOREFARM,5,어린이 보석십자수 DIY 캐릭터 큐빅 비즈십자수 지니맘(입고완료),지니맘 큐빅십자수  DIY: 3번 분홍사슴 (15cm 20cm)
831186221,SELLBLOG,NORMAL,"집중력에 최고예요ㅋㅋ
코로나때문에 집에서 텝이나 티비만
봤는데 재밌어하네요 좋아용ㅋㅋ",2020-04-03T06:13:31.000+0000,STOREFARM,5,어린이 보석십자수 DIY 캐릭터 큐빅 비즈십자수 지니맘 (입고완료),지니맘 큐빅십자수  DIY: 9번 겨울사슴 (15cm 20cm)
833907913,SELLBLOG,NORMAL,"이쁘네요. 비즈크기가 달라서 입체감이있네요.그래서 3D인가봐요. 반씩 때어서 붙이게 되어있어서 하루에 반쪽씩 했어요.초,중학생과 음악들으면서 하니 재미있게 잘했습니다. 작품같은 느낌이들어서 만족도도 높아요. 완성하면 아이들이 엄청좋아합니다.배송도 빠르네요.",2020-04-07T15:31:53.000+0000,STOREFARM,5,어린이 보석십자수 DIY 캐릭터 큐빅 비즈십자수 지니맘 (입고완료),지니맘 큐빅십자수  DIY: 17번 가면 (15cm 20cm)
819765969,SELLBLOG,NORMAL,"두번째 구매합니다
아이들이 넘 좋아해요~
택배 받자마자 시작해서 완성해 버렸네요 ^^
큐빅 크기가 다양해 더 좋아하는듯요
큐빅을 넉넉히 보내 주셔서 좋아요

돌고래는 도안이랑 다르게 하양이로 채워 봤어요
하루종일 폰만 들고 있던 아이들이
오늘은 요고 덕분에 폰을 멀리하고 즐거운 시간 보냈어요 ^^",2020-03-17T09:17:33.000+0000,STOREFARM,5,어린이 보석십자수 DIY 캐릭터 큐빅 비즈십자수 지니맘,지니맘 큐빅십자수  DIY: 26번 돌고래(15cm 20cm)
825988307,SELLBLOG,NORMAL,코로나 때문에 집에만 있는 아이들도 하고 친구들 선물도 주려고 구매했는데 아이들이 정말 좋아하네요. 품절 상품도 재입고 되었으면 좋겠어요. 아이들이 유니콘을 기대하고 있어요. 재입고 부탁드려요!,2020-03-26T12:04:34.000+0000,STOREFARM,5,어린이 보석십자수 DIY 캐릭터 큐빅 비즈십자수 지니맘,지니맘 큐빅십자수  DIY: 6번 소녀1  (15cm 20cm)
848018815,SELLBLOG,NORMAL,완성작 예뻐요~ 아이랑 시간 떼우기 좋아요,2020-04-29T23:44:50.000+0000,STOREFARM,5,어린이 보석십자수 DIY 캐릭터 큐빅 비즈십자수 지니맘(입고완료),지니맘 큐빅십자수  DIY: 1번 유니콘  (15cm 20cm)
836723049,SELLBLOG,NORMAL,마음에 드는 도안 사려고 입고 기다려서 샀어요,2020-04-12T02:29:22.000+0000,STOREFARM,5,어린이 보석십자수 DIY 캐릭터 큐빅 비즈십자수 지니맘 (입고완료),지니맘 큐빅십자수  DIY: 13번 스폰지밥 (15cm 20cm)
821666609,SELLBLOG,NORMAL,으 6세가 하기엔 ..  3분의 1은 아이가 했지만 ㅎㅎ 나머진 엄마아빠 다 시킴요 ㅎㅎㅎ 근데 같이 산 동료 딸들은 (초1~2) 엄청 열심히 한대요. 어른들도 시간 때우기 좋아요. 저희는 요새 코로나 기간에 이런 놀이들 서너개 두고 돌려가며 하고 있어요. 온갖 비즈들 ㅎㅎ,2020-03-19T23:27:23.000+0000,STOREFARM,4,어린이 보석십자수 DIY 캐릭터 큐빅 비즈십자수 지니맘,지니맘 큐빅십자수  DIY: 22번 부엉이 (15cm 20cm)
836711234,SELLBLOG,NORMAL,너무 이뻐요  시간 순삭이네요,2020-04-12T02:05:33.000+0000,STOREFARM,5,어린이 보석십자수 DIY 캐릭터 큐빅 비즈십자수 지니맘,지니맘 큐빅십자수  DIY: 12번 슈퍼마리오 (15cm 20cm)
834295416,SELLBLOG,NORMAL,잘 받았습니다..아이들 좋아라하며 열심히 합니다. 다하면 후기 다시 남기겠습니다~,2020-04-08T07:05:47.000+0000,STOREFARM,5,어린이 보석십자수 DIY 캐릭터 큐빅 비즈십자수 지니맘 (입고완료),지니맘 큐빅십자수  DIY: 8번 꽃사슴 (15cm 20cm)
836721423,SELLBLOG,NORMAL,아이가 좋아하길래 조카들한테 선물도 했어요~,2020-04-12T02:26:07.000+0000,STOREFARM,5,어린이 보석십자수 DIY 캐릭터 큐빅 비즈십자수 지니맘 (입고완료),지니맘 큐빅십자수  DIY: 1번 유니콘  (15cm 20cm)
852541819,SELLBLOG,NORMAL,아이가 좋아하네요 예뻐요,2020-05-08T07:32:30.000+0000,STOREFARM,5,어린이 보석십자수 DIY 캐릭터 큐빅 비즈십자수 지니맘,지니맘 큐빅십자수  DIY: 8번 꽃사슴 (15cm 20cm)
850831643,SELLBLOG,NORMAL,잘 받았습니다 수고하세요,2020-05-06T01:14:43.000+0000,STOREFARM,5,어린이 보석십자수 DIY 캐릭터 큐빅 비즈십자수 지니맘(입고완료),지니맘 큐빅십자수  DIY: 21번 별유니콘 (15cm 20cm)
836609659,SELLBLOG,NORMAL,재구매의사 있습니다. 집에서 시간보내기 좋아요,2020-04-11T16:39:48.000+0000,STOREFARM,5,어린이 보석십자수 DIY 캐릭터 큐빅 비즈십자수 지니맘 (입고완료),지니맘 큐빅십자수  DIY: 24번 돌고래 (15cm 20cm)
836813915,SELLBLOG,NORMAL,재밌어요 애들이좋아해요,2020-04-12T05:42:49.000+0000,STOREFARM,5,어린이 보석십자수 DIY 캐릭터 큐빅 비즈십자수 지니맘 (입고완료),지니맘 큐빅십자수  DIY: 1번 유니콘  (15cm 20cm)
849794806,SELLBLOG,NORMAL,재밌어요~ 아이가 좋아하네요.,2020-05-03T13:09:14.000+0000,STOREFARM,5,어린이 보석십자수 DIY 캐릭터 큐빅 비즈십자수 지니맘(입고완료),지니맘 큐빅십자수  DIY: 21번 별유니콘 (15cm 20cm)
850960918,SELLBLOG,NORMAL,조카가 엄청 좋아하네요,2020-05-06T05:34:14.000+0000,STOREFARM,4,어린이 보석십자수 DIY 캐릭터 큐빅 비즈십자수 지니맘(입고완료),지니맘 큐빅십자수  DIY: 21번 별유니콘 (15cm 20cm)
839842682,SELLBLOG,NORMAL,"도안,보석비즈. 넘 좋아요.
싼 비즈도 사봤지만 역쉬퀄리티 좋아요.
요거 하구 다른비즈 못하겠어요. 허접해보여서..
코로나로 새로운 취미가 생겼어요.",2020-04-17T06:03:41.000+0000,STOREFARM,5,어린이 보석십자수 DIY 캐릭터 큐빅 비즈십자수 지니맘,지니맘 큐빅십자수  DIY: 1번 유니콘  (15cm 20cm)
838491992,SELLBLOG,NORMAL,애들이 정말오 좋아합니다,2020-04-15T00:49:39.000+0000,STOREFARM,5,어린이 보석십자수 DIY 캐릭터 큐빅 비즈십자수 지니맘,지니맘 큐빅십자수  DIY: 21번 별유니콘 (15cm 20cm)
851206995,SELLBLOG,NORMAL,아이들이 너무 좋아합니다~~,2020-05-06T11:39:40.000+0000,STOREFARM,5,어린이 보석십자수 DIY 캐릭터 큐빅 비즈십자수 지니맘(입고완료),지니맘 큐빅십자수  DIY: 22번 부엉이 (15cm 20cm)
832907638,SELLBLOG,NORMAL,"아이가 집중도 할수있고, 넘 좋아해요~~ 진짜 잘 산것 같아요^^",2020-04-06T05:21:30.000+0000,STOREFARM,5,어린이 보석십자수 DIY 캐릭터 큐빅 비즈십자수 지니맘,지니맘 큐빅십자수  DIY: 22번 부엉이 (15cm 20cm)
842823915,SELLBLOG,AFTER_USE,"코로나극복에 탁월 아이들이 너무 집중해서 잘하네요
보석사이도느커서 6.8세 애들이 하기에 적절했어요~",2020-04-21T22:51:44.000+0000,STOREFARM,5,어린이 보석십자수 DIY 캐릭터 큐빅 비즈십자수 지니맘,지니맘 큐빅십자수  DIY: 16번 별 (15cm 20cm)
828215827,SELLBLOG,NORMAL,클로버 완성해놓으니 더 예뻐요. 집에서 시간보내기도 좋고 아이들이 큐빅색도 잘 찾고 알아서 잘 만들어서 좋아요^^,2020-03-30T06:17:43.000+0000,STOREFARM,5,어린이 보석십자수 DIY 캐릭터 큐빅 비즈십자수 지니맘,지니맘 큐빅십자수  DIY: 11번 클로버 (15cm 20cm)
850702011,SELLBLOG,NORMAL,귀엽습니다~ 재밌게 잘 했어요!,2020-05-05T13:59:27.000+0000,STOREFARM,4,어린이 보석십자수 DIY 캐릭터 큐빅 비즈십자수 지니맘 (입고완료),지니맘 큐빅십자수  DIY: 24번 돌고래 (15cm 20cm)
850309269,SELLBLOG,NORMAL,가성비 좋아요 확인했습니다,2020-05-04T13:48:23.000+0000,STOREFARM,4,어린이 보석십자수 DIY 캐릭터 큐빅 비즈십자수 지니맘(입고완료),지니맘 큐빅십자수  DIY: 21번 별유니콘 (15cm 20cm)
846809232,SELLBLOG,NORMAL,열심히하더니완성하믄서ᆢᆢ뿌듯해하네요ㅋ,2020-04-28T04:10:35.000+0000,STOREFARM,4,어린이 보석십자수 DIY 캐릭터 큐빅 비즈십자수 지니맘(입고완료),지니맘 큐빅십자수  DIY: 21번 별유니콘 (15cm 20cm)
849496807,SELLBLOG,NORMAL,반짝반짝 예뻐요~ 아이가 좋아해요~~,2020-05-03T00:54:33.000+0000,STOREFARM,5,어린이 보석십자수 DIY 캐릭터 큐빅 비즈십자수 지니맘 (입고완료),지니맘 큐빅십자수  DIY: 16번 별  (15cm 20cm)
849495971,SELLBLOG,NORMAL,반짝반짝 예뻐요~아이가 좋아해요~~,2020-05-03T00:52:10.000+0000,STOREFARM,5,어린이 보석십자수 DIY 캐릭터 큐빅 비즈십자수 지니맘 (입고완료),지니맘 큐빅십자수  DIY: 15번 베트맨 (15cm 20cm)
850335387,SELLBLOG,NORMAL,"큐빅도
아주
넉넉히들어있어요",2020-05-04T14:56:07.000+0000,STOREFARM,5,어린이 보석십자수 DIY 캐릭터 큐빅 비즈십자수 지니맘(입고완료),지니맘 큐빅십자수  DIY: 9번 겨울사슴 (15cm 20cm)
850559563,SELLBLOG,NORMAL,친구들에게 선물합니다,2020-05-05T07:42:28.000+0000,STOREFARM,5,어린이 보석십자수 DIY 캐릭터 큐빅 비즈십자수 지니맘(입고완료),지니맘 큐빅십자수  DIY: 20번 거미 (15cm 20cm)
836721117,SELLBLOG,NORMAL,재미있어요~ 그림도 예쁘네요~~,2020-04-12T02:25:25.000+0000,STOREFARM,5,어린이 보석십자수 DIY 캐릭터 큐빅 비즈십자수 지니맘 (입고완료),지니맘 큐빅십자수  DIY: 9번 겨울사슴 (15cm 20cm)
836342568,SELLBLOG,NORMAL,"아이들이 너무 좋아해요
너무 예쁘네요~^^",2020-04-11T07:48:51.000+0000,STOREFARM,5,어린이 보석십자수 DIY 캐릭터 큐빅 비즈십자수 지니맘 (입고완료),지니맘 큐빅십자수  DIY: 8번 꽃사슴 (15cm 20cm)
836721720,SELLBLOG,NORMAL,큐빅 불량이 좀 있지만 넉넉하게 들었어요~~,2020-04-12T02:26:40.000+0000,STOREFARM,5,어린이 보석십자수 DIY 캐릭터 큐빅 비즈십자수 지니맘 (입고완료),지니맘 큐빅십자수  DIY: 3번 분홍사슴 (15cm 20cm)
849487109,SELLBLOG,AFTER_USE,코로나로 인헌 긴 방학 비즈로 잘 보냈어요,2020-05-03T00:25:08.000+0000,STOREFARM,5,어린이 보석십자수 DIY 캐릭터 큐빅 비즈십자수 지니맘,지니맘 큐빅십자수  DIY: 21번 별유니콘 (15cm 20cm)
849487050,SELLBLOG,AFTER_USE,코로나로 인헌 긴 방학 비즈로 잘 보냈어요,2020-05-03T00:24:56.000+0000,STOREFARM,5,어린이 보석십자수 DIY 캐릭터 큐빅 비즈십자수 지니맘,지니맘 큐빅십자수  DIY: 10번 안경토끼 (15cm 20cm)
849486994,SELLBLOG,AFTER_USE,코로나로 인헌 긴 방학 비즈로 잘 보냈어요,2020-05-03T00:24:45.000+0000,STOREFARM,5,어린이 보석십자수 DIY 캐릭터 큐빅 비즈십자수 지니맘,지니맘 큐빅십자수  DIY: 1번 유니콘 (15cm 20cm)
827260413,SELLBLOG,NORMAL,"둘째도 완성했어요! 코로나 땜에 집에만 있는 아이들, 완성하는 재미가 있었어요. 완성하고는 예쁘다고 방문에 나란히 붙여두더라구요.",2020-03-28T11:59:38.000+0000,STOREFARM,5,어린이 보석십자수 DIY 캐릭터 큐빅 비즈십자수 지니맘,지니맘 큐빅십자수  DIY: 10번 안경토끼 (15cm 20cm)
828558451,SELLBLOG,NORMAL,"애들집에서 하라고삿는데 금방해버리네요ㅋㅋㅋ
배송도빠르고 좀더큰거구매해야겠어요",2020-03-30T23:15:39.000+0000,STOREFARM,5,어린이 보석십자수 DIY 캐릭터 큐빅 비즈십자수 지니맘,지니맘 큐빅십자수  DIY: 15번 베트맨 (15cm 20cm)
828558262,SELLBLOG,NORMAL,"애들집에서 하라고삿는데 금방해버리네요ㅋㅋㅋ
배송도빠르고 좀더큰거구매해야겠어요",2020-03-30T23:15:06.000+0000,STOREFARM,5,어린이 보석십자수 DIY 캐릭터 큐빅 비즈십자수 지니맘,지니맘 큐빅십자수  DIY: 19번 방패 (15cm 20cm)
831558011,SELLBLOG,NORMAL,아이가 너무 좋아해요 시간가는줄 모르고 둘이 늦은시간까지 했네요,2020-04-03T16:40:14.000+0000,STOREFARM,5,어린이 보석십자수 DIY 캐릭터 큐빅 비즈십자수 지니맘 (입고완료),지니맘 큐빅십자수  DIY: 5번  반짝이 사슴 (15cm 20cm)
822485434,SELLBLOG,NORMAL,"인기있는 도안들 몇번 놓친 후,입고시간에 맞춰 알람까지 맞춘후에야 겨우 주문했어요^^
아이할때 함께 하려고 액자까지 포함해서 주문했는데 액자까지 하길 참 잘한듯요ㅎ아이도 초집중해서 끝까지 끝내고 뿌뜻해합니다^^",2020-03-21T04:42:24.000+0000,STOREFARM,5,어린이 보석십자수 DIY 캐릭터 큐빅 비즈십자수 지니맘,지니맘 큐빅십자수  DIY: 21번 별유니콘 (15cm 20cm)
848674086,SELLBLOG,NORMAL,크기가 커서 하기 편하고 애들이 좋아해요,2020-05-01T07:46:29.000+0000,STOREFARM,5,어린이 보석십자수 DIY 캐릭터 큐빅 비즈십자수 지니맘(입고완료),지니맘 큐빅십자수  DIY: 21번 별유니콘 (15cm 20cm)
838071873,SELLBLOG,NORMAL,집중력도 생기고 좋아요,2020-04-14T08:30:01.000+0000,STOREFARM,5,어린이 보석십자수 DIY 캐릭터 큐빅 비즈십자수 지니맘,지니맘 큐빅십자수  DIY: 8번 꽃사슴 (15cm 20cm)
849514868,SELLBLOG,NORMAL,구성도 좋고 재미고 있고 좋아용,2020-05-03T01:44:23.000+0000,STOREFARM,5,어린이 보석십자수 DIY 캐릭터 큐빅 비즈십자수 지니맘(입고완료),지니맘 큐빅십자수  DIY: 1번 유니콘  (15cm 20cm)
841012627,SELLBLOG,NORMAL,딸아이가 너무 좋아해서 사준 엄마도 뿌듯합니다. 이번엔 좀더 큰걸로 하나 구매해야겠어요,2020-04-19T04:15:15.000+0000,STOREFARM,5,어린이 보석십자수 DIY 캐릭터 큐빅 비즈십자수 지니맘,지니맘 큐빅십자수  DIY: 22번 부엉이 (15cm 20cm)
829497108,SELLBLOG,NORMAL,완성작은 멋들어지는데 그 과정이 험난하네요 처음해봐서 더 그럴 수도 있고요 ㅠㅠ,2020-04-01T03:12:53.000+0000,STOREFARM,3,어린이 보석십자수 DIY 캐릭터 큐빅 비즈십자수 지니맘,지니맘 큐빅십자수  DIY: 19번 방패 (15cm 20cm)
833596729,SELLBLOG,NORMAL,"아이가 엄청 좋아해요
집중력 쫭입니다 ㅎㅎ",2020-04-07T08:48:39.000+0000,STOREFARM,5,어린이 보석십자수 DIY 캐릭터 큐빅 비즈십자수 지니맘 (입고완료),지니맘 큐빅십자수  DIY: 1번 유니콘  (15cm 20cm)
833044769,SELLBLOG,NORMAL,"남자아이인데도 재미있어하네요~ㅎㅎ
집중해서 잘하고 있어요~",2020-04-06T09:34:08.000+0000,STOREFARM,5,어린이 보석십자수 DIY 캐릭터 큐빅 비즈십자수 지니맘 (입고완료),지니맘 큐빅십자수  DIY: 10번 안경토끼  (15cm 20cm)
839109750,SELLBLOG,NORMAL,아이가 집중해서 작품을 완성해가는게 기특하네요. 비즈 크기가 다양해서 더 예쁜거 같아요. 며칠에 걸쳐서 완성하고 성취감이 생겨서 뿌듯해해요.,2020-04-16T03:18:45.000+0000,STOREFARM,5,어린이 보석십자수 DIY 캐릭터 큐빅 비즈십자수 지니맘,지니맘 큐빅십자수  DIY: 19번 방패 (15cm 20cm)
850335648,SELLBLOG,NORMAL,"예뻐요
포장도깔끔하구
너무좋아요",2020-05-04T14:56:53.000+0000,STOREFARM,5,어린이 보석십자수 DIY 캐릭터 큐빅 비즈십자수 지니맘(입고완료),지니맘 큐빅십자수  DIY: 11번 클로버 (15cm 20cm)
838071501,SELLBLOG,NORMAL,8살아이가 너무 좋아합니다,2020-04-14T08:29:28.000+0000,STOREFARM,5,어린이 보석십자수 DIY 캐릭터 큐빅 비즈십자수 지니맘,지니맘 큐빅십자수  DIY: 21번 별유니콘 (15cm 20cm)
843301035,SELLBLOG,NORMAL,ㅂㅐ송 빠르고 좋네요^^,2020-04-22T10:32:45.000+0000,STOREFARM,5,어린이 보석십자수 DIY 캐릭터 큐빅 비즈십자수 지니맘(입고완료),지니맘 큐빅십자수  DIY: 15번 베트맨 (15cm 20cm)
834296766,SELLBLOG,NORMAL,잘 도착하여 아이들 바로 집중 모드..재미있어합니다. 5세 남아들도 잘함..,2020-04-08T07:07:34.000+0000,STOREFARM,5,어린이 보석십자수 DIY 캐릭터 큐빅 비즈십자수 지니맘 (입고완료),지니맘 큐빅십자수  DIY: 20번 거미 (15cm 20cm)
838437355,SELLBLOG,AFTER_USE,아이들이 너무너무 좋아해요,2020-04-14T22:23:33.000+0000,STOREFARM,5,어린이 보석십자수 DIY 캐릭터 큐빅 비즈십자수 지니맘,지니맘 큐빅십자수  DIY: 11번 클로버 (15cm 20cm)
838437264,SELLBLOG,AFTER_USE,아이들이 너무너무 좋아해요,2020-04-14T22:23:08.000+0000,STOREFARM,5,어린이 보석십자수 DIY 캐릭터 큐빅 비즈십자수 지니맘,지니맘 큐빅십자수  DIY: 8번 꽃사슴 (15cm 20cm)
838437150,SELLBLOG,AFTER_USE,아이들이 너무너무 좋아해요,2020-04-14T22:22:40.000+0000,STOREFARM,5,어린이 보석십자수 DIY 캐릭터 큐빅 비즈십자수 지니맘,지니맘 큐빅십자수  DIY: 3번 분홍사슴 (15cm 20cm)
828658768,SELLBLOG,NORMAL,"햇빛에 비춰보면 반짝반짝 너무 예뻐요.
재구매시 액자구매해서 보관해야겠어요
만족합니다~",2020-03-31T02:25:44.000+0000,STOREFARM,5,어린이 보석십자수 DIY 캐릭터 큐빅 비즈십자수 지니맘,지니맘 큐빅십자수  DIY: 16번 별 (15cm 20cm)
822474577,SELLBLOG,NORMAL,아이와 함께 하려고 주문했는데..인기 많은 도안은 알람까지 맞추며 입고 시간에 맞춰서 주문했네요^^아이와 각각 하면서도 보석들이 블링블링해서 이쁘다고ㅎ액자까지 구입하길 잘한것 같아요~깔끔합니다^^,2020-03-21T04:23:47.000+0000,STOREFARM,5,어린이 보석십자수 DIY 캐릭터 큐빅 비즈십자수 지니맘,지니맘 큐빅십자수  DIY: 9번 겨울사슴 (15cm 20cm)
850308488,SELLBLOG,NORMAL,딸아이가 너무 좋아합니다.,2020-05-04T13:46:41.000+0000,STOREFARM,4,어린이 보석십자수 DIY 캐릭터 큐빅 비즈십자수 지니맘(입고완료),지니맘 큐빅십자수  DIY: 2번 보라유니콘  (15cm 20cm)
820089036,SELLBLOG,NORMAL,아이들이 성취감에 좋아했고 퀄리티도 괜찮구 여분이 많아 만족합니당,2020-03-17T16:56:39.000+0000,STOREFARM,4,어린이 보석십자수 DIY 캐릭터 큐빅 비즈십자수 지니맘,지니맘 큐빅십자수  DIY: 14번 슈퍼맨 (15cm 20cm)
850162036,SELLBLOG,NORMAL,초딸5학년 아이가 너무 좋아해요~~~,2020-05-04T07:46:10.000+0000,STOREFARM,5,어린이 보석십자수 DIY 캐릭터 큐빅 비즈십자수 지니맘,지니맘 큐빅십자수  DIY: 22번 부엉이 (15cm 20cm)
845226479,SELLBLOG,NORMAL,아이가 좋아해요  큐빅 불량이 서너개정도 나오네요,2020-04-25T06:44:47.000+0000,STOREFARM,4,어린이 보석십자수 DIY 캐릭터 큐빅 비즈십자수 지니맘(입고완료),지니맘 큐빅십자수  DIY: 21번 별유니콘 (15cm 20cm)
850054584,SELLBLOG,NORMAL,늦지않게 배송되어서 좋네요^^,2020-05-04T04:08:58.000+0000,STOREFARM,5,어린이 보석십자수 DIY 캐릭터 큐빅 비즈십자수 지니맘(입고완료),지니맘 큐빅십자수  DIY: 10번 안경토끼  (15cm 20cm)
849625332,SELLBLOG,AFTER_USE,한번 시작하면 멈출 수가 없네요 ㅎㅎ,2020-05-03T06:27:03.000+0000,STOREFARM,5,어린이 보석십자수 DIY 캐릭터 큐빅 비즈십자수 지니맘,지니맘 큐빅십자수  DIY: 9번 겨울사슴 (15cm 20cm)
828406323,SELLBLOG,NORMAL,아이들이 집중력있게 열심히 하더라구요..도안 없는것들이 많던대. 빨리 입고됐으면 좋겠어요.,2020-03-30T12:20:29.000+0000,STOREFARM,5,어린이 보석십자수 DIY 캐릭터 큐빅 비즈십자수 지니맘,지니맘 큐빅십자수  DIY: 6번 소녀1  (15cm 20cm)
844576112,SELLBLOG,NORMAL,5월 연휴에 아이와 해보려고 구매했어요. 아이가 좋아했음 좋겠어요.,2020-04-24T05:27:29.000+0000,STOREFARM,5,어린이 보석십자수 DIY 캐릭터 큐빅 비즈십자수 지니맘(입고완료),지니맘 큐빅십자수  DIY: 22번 부엉이 (15cm 20cm)
835512095,SELLBLOG,AFTER_USE,아이들이 정말 시간 가는지 모르고 했어요,2020-04-10T00:22:31.000+0000,STOREFARM,5,어린이 보석십자수 DIY 캐릭터 큐빅 비즈십자수 지니맘,지니맘 큐빅십자수  DIY: 8번 꽃사슴 (15cm 20cm)
836608815,SELLBLOG,NORMAL,제품들어오기 기다렸다가 샀어요,2020-04-11T16:36:00.000+0000,STOREFARM,5,어린이 보석십자수 DIY 캐릭터 큐빅 비즈십자수 지니맘 (입고완료),지니맘 큐빅십자수  DIY: 1번 유니콘  (15cm 20cm)
835372103,SELLBLOG,NORMAL,빠르고 정확한 상품과 배송이 만족스럽습니다.,2020-04-09T14:00:10.000+0000,STOREFARM,4,어린이 보석십자수 DIY 캐릭터 큐빅 비즈십자수 지니맘,지니맘 큐빅십자수  DIY: 5번  반짝이 사슴 (15cm 20cm)
823779137,SELLBLOG,NORMAL,액자가 좀 부실해보이기는 한데...ㅠㅠ가격에비해요... 블링블링하니 이쁘긴 하네요! 큐빅도 굉장히 많아요,2020-03-23T09:02:53.000+0000,STOREFARM,4,어린이 보석십자수 DIY 캐릭터 큐빅 비즈십자수 지니맘,지니맘 큐빅십자수  DIY: 23번 사자 (15cm 20cm)
850054407,SELLBLOG,NORMAL,조카들 선물로 주문했어요^^,2020-05-04T04:08:35.000+0000,STOREFARM,4,어린이 보석십자수 DIY 캐릭터 큐빅 비즈십자수 지니맘(입고완료),지니맘 큐빅십자수  DIY: 9번 겨울사슴 (15cm 20cm)
831109275,SELLBLOG,NORMAL,시간 아주잘감요 잔뜩 약통에 큐빅 정리해줬더니 좋네요,2020-04-03T04:21:27.000+0000,STOREFARM,5,어린이 보석십자수 DIY 캐릭터 큐빅 비즈십자수 지니맘 (입고완료),지니맘 큐빅십자수  DIY: 2번 보라유니콘  (15cm 20cm)
827257097,SELLBLOG,NORMAL,"첫째가 한동안 보석 십자수 하는 재미에, 아침에 일어나면 이것부터 잡고있다가 금새 완성했네요. 아이가 즐거워했어요.",2020-03-28T11:54:36.000+0000,STOREFARM,5,어린이 보석십자수 DIY 캐릭터 큐빅 비즈십자수 지니맘,지니맘 큐빅십자수  DIY: 8번 꽃사슴 (15cm 20cm)
832826460,SELLBLOG,NORMAL,아이들에 좋아하네요. 완성된 모습 기대되요!,2020-04-06T03:05:17.000+0000,STOREFARM,5,어린이 보석십자수 DIY 캐릭터 큐빅 비즈십자수 지니맘,지니맘 큐빅십자수  DIY: 19번 방패 (15cm 20cm)
845804225,SELLBLOG,NORMAL,2번째 구입하네요 딸 친구 생일선물로 구입했어요,2020-04-26T08:56:49.000+0000,STOREFARM,4,어린이 보석십자수 DIY 캐릭터 큐빅 비즈십자수 지니맘(입고완료),지니맘 큐빅십자수  DIY: 22번 부엉이 (15cm 20cm)
849167975,SELLBLOG,NORMAL,그림도 예쁘고 큐빅도 넉넉하니 좋아요,2020-05-02T07:24:11.000+0000,STOREFARM,5,어린이 보석십자수 DIY 캐릭터 큐빅 비즈십자수 지니맘(입고완료),지니맘 큐빅십자수  DIY: 9번 겨울사슴 (15cm 20cm)
836609420,SELLBLOG,NORMAL,여기 도안이 제일 맘에 들어요,2020-04-11T16:38:47.000+0000,STOREFARM,5,어린이 보석십자수 DIY 캐릭터 큐빅 비즈십자수 지니맘 (입고완료),지니맘 큐빅십자수  DIY: 23번 사자 (15cm 20cm)
849464884,SELLBLOG,AFTER_USE,반짝발짝이뿌고 참 조아요,2020-05-02T22:45:56.000+0000,STOREFARM,4,어린이 보석십자수 DIY 캐릭터 큐빅 비즈십자수 지니맘,지니맘 큐빅십자수  DIY: 15번 베트맨 (15cm 20cm)
832449675,SELLBLOG,NORMAL,"아직 개봉은 안 했어요
불량없었으면 좋겠어요",2020-04-05T09:04:35.000+0000,STOREFARM,4,어린이 보석십자수 DIY 캐릭터 큐빅 비즈십자수 지니맘 (입고완료),지니맘 큐빅십자수  DIY: 3번 분홍사슴 (15cm 20cm)
845466245,SELLBLOG,NORMAL,"아이가 너무 좋아해요
큐빅도 여유있고 너무 예뻐요",2020-04-25T13:46:18.000+0000,STOREFARM,5,어린이 보석십자수 DIY 캐릭터 큐빅 비즈십자수 지니맘(입고완료),지니맘 큐빅십자수  DIY: 21번 별유니콘 (15cm 20cm)
836209063,SELLBLOG,NORMAL,애들이 너무 재미있어합니다. 완성하고나니 반짝반짝 너무 이뿌네요 ㅎㅎ 큐빅도 넉넉하고 만들기도 쉬워요. 다른거 더 해보고싶은데 하고싶은건 모두 품절이네요. 품절풀리면 또 할거예요~,2020-04-11T03:55:49.000+0000,STOREFARM,5,어린이 보석십자수 DIY 캐릭터 큐빅 비즈십자수 지니맘,지니맘 큐빅십자수  DIY: 11번 클로버 (15cm 20cm)
834697653,SELLBLOG,AFTER_USE,"보석십자수 너무고급스럽고
예뻐요
인테리어도 되네요",2020-04-08T16:11:05.000+0000,STOREFARM,5,어린이 보석십자수 DIY 캐릭터 큐빅 비즈십자수 지니맘,지니맘 큐빅십자수  DIY: 3번 분홍사슴 (15cm 20cm)
834697509,SELLBLOG,AFTER_USE,"보석십자수 너무고급스럽고
예뻐요
인테리어도 되네요",2020-04-08T16:10:34.000+0000,STOREFARM,5,어린이 보석십자수 DIY 캐릭터 큐빅 비즈십자수 지니맘,지니맘 큐빅십자수  DIY: 21번 별유니콘 (15cm 20cm)
834697344,SELLBLOG,AFTER_USE,"보석십자수 너무고급스럽고
예뻐요
인테리어도 되네요",2020-04-08T16:10:02.000+0000,STOREFARM,5,어린이 보석십자수 DIY 캐릭터 큐빅 비즈십자수 지니맘,지니맘 큐빅십자수  DIY: 9번 겨울사슴 (15cm 20cm)
848674374,SELLBLOG,NORMAL,크기가 커서 하기 편하고 이뻐요,2020-05-01T07:47:06.000+0000,STOREFARM,5,어린이 보석십자수 DIY 캐릭터 큐빅 비즈십자수 지니맘(입고완료),지니맘 큐빅십자수  DIY: 9번 겨울사슴 (15cm 20cm)
831558342,SELLBLOG,NORMAL,"아이랑 시간가는줄 모르고 했어요
집중력 짱",2020-04-03T16:41:47.000+0000,STOREFARM,5,어린이 보석십자수 DIY 캐릭터 큐빅 비즈십자수 지니맘 (입고완료),지니맘 큐빅십자수  DIY: 1번 유니콘  (15cm 20cm)
848378794,SELLBLOG,NORMAL,5세 여아 신나게 집중도 제법 잘하네요,2020-04-30T15:03:14.000+0000,STOREFARM,5,어린이 보석십자수 DIY 캐릭터 큐빅 비즈십자수 지니맘(입고완료),지니맘 큐빅십자수  DIY: 4번 홍학 (15cm 20cm)
849956608,SELLBLOG,NORMAL,아이가 넘 좋아했습니다^^,2020-05-04T00:58:03.000+0000,STOREFARM,5,어린이 보석십자수 DIY 캐릭터 큐빅 비즈십자수 지니맘,지니맘 큐빅십자수  DIY: 20번 거미 (15cm 20cm)
836609892,SELLBLOG,NORMAL,아이랑 시간보내기 좋아요,2020-04-11T16:40:50.000+0000,STOREFARM,5,어린이 보석십자수 DIY 캐릭터 큐빅 비즈십자수 지니맘 (입고완료),지니맘 큐빅십자수  DIY: 21번 별유니콘 (15cm 20cm)
845001336,SELLBLOG,NORMAL,아이들이  너무 좋아해요.    제가봐도 재미있네요.,2020-04-24T23:04:38.000+0000,STOREFARM,4,어린이 보석십자수 DIY 캐릭터 큐빅 비즈십자수 지니맘,지니맘 큐빅십자수  DIY: 7번 소녀2  (15cm 20cm)
850985091,SELLBLOG,NORMAL,이뻐요 이뻐요 이뻐요,2020-05-06T06:15:44.000+0000,STOREFARM,5,어린이 보석십자수 DIY 캐릭터 큐빅 비즈십자수 지니맘(입고완료),지니맘 큐빅십자수  DIY: 17번 가면 (15cm 20cm)
850984804,SELLBLOG,NORMAL,이뻐요 이뻐요 이뻐요,2020-05-06T06:15:14.000+0000,STOREFARM,5,어린이 보석십자수 DIY 캐릭터 큐빅 비즈십자수 지니맘(입고완료),지니맘 큐빅십자수  DIY: 20번 거미 (15cm 20cm)
850984482,SELLBLOG,NORMAL,이뻐요 이뻐요 이뻐요,2020-05-06T06:14:43.000+0000,STOREFARM,5,어린이 보석십자수 DIY 캐릭터 큐빅 비즈십자수 지니맘(입고완료),지니맘 큐빅십자수  DIY: 21번 별유니콘 (15cm 20cm)
850984157,SELLBLOG,NORMAL,이뻐요 이뻐요 이뻐요,2020-05-06T06:14:12.000+0000,STOREFARM,5,어린이 보석십자수 DIY 캐릭터 큐빅 비즈십자수 지니맘(입고완료),지니맘 큐빅십자수  DIY: 22번 부엉이 (15cm 20cm)
822791827,SELLBLOG,NORMAL,아이들 집콕시간에 하라고 주문했는데 받자마자 잘하네요~ 포장상태랑 배송시간이랑 다 만족해요,2020-03-21T13:16:32.000+0000,STOREFARM,5,어린이 보석십자수 DIY 캐릭터 큐빅 비즈십자수 지니맘,지니맘 큐빅십자수  DIY: 12번 슈퍼마리오 (15cm 20cm)
849625189,SELLBLOG,AFTER_USE,아이와 즐겁게 했습니다~,2020-05-03T06:26:42.000+0000,STOREFARM,5,어린이 보석십자수 DIY 캐릭터 큐빅 비즈십자수 지니맘,지니맘 큐빅십자수  DIY: 4번 홍학 (15cm 20cm)
833597083,SELLBLOG,NORMAL,"재미있어요
재구매각입니다 ㅎㅎ",2020-04-07T08:49:07.000+0000,STOREFARM,5,어린이 보석십자수 DIY 캐릭터 큐빅 비즈십자수 지니맘 (입고완료),지니맘 큐빅십자수  DIY: 3번 분홍사슴 (15cm 20cm)
828661732,SELLBLOG,NORMAL,"여러개 구매했는데 아주 만족해요.
다하고 액자에 넣으면 더 멋질듯",2020-03-31T02:30:23.000+0000,STOREFARM,5,어린이 보석십자수 DIY 캐릭터 큐빅 비즈십자수 지니맘,지니맘 큐빅십자수  DIY: 23번 사자 (15cm 20cm)
843047493,SELLBLOG,NORMAL,"아이가 너무 좋아해요.
액자에 넣어서 보관할 수 있어서 좋네요",2020-04-22T05:04:13.000+0000,STOREFARM,5,어린이 보석십자수 DIY 캐릭터 큐빅 비즈십자수 지니맘,지니맘 큐빅십자수  DIY: 1번 유니콘  (15cm 20cm)
834154179,SELLBLOG,NORMAL,하얀 바탕이 좀 난이도 있긴한데 재밌다네요.,2020-04-08T03:44:14.000+0000,STOREFARM,5,어린이 보석십자수 DIY 캐릭터 큐빅 비즈십자수 지니맘 (입고완료),지니맘 큐빅십자수  DIY: 2번 보라유니콘  (15cm 20cm)
831509660,SELLBLOG,NORMAL,아이랑 둘이서 시간가는줄 모르고 하네요 11시라 반만 하고 애기 자로 갔어요 덜덜,2020-04-03T14:22:53.000+0000,STOREFARM,5,어린이 보석십자수 DIY 캐릭터 큐빅 비즈십자수 지니맘 (입고완료),지니맘 큐빅십자수  DIY: 21번 별유니콘 (15cm 20cm)
839758775,SELLBLOG,NORMAL,"아이가 넘 갖고싶어해서 액자포함 2개샀어요
크기도 다르고 반짝이고...  완성하면
엄청 예쁘겠어용",2020-04-17T03:48:00.000+0000,STOREFARM,4,어린이 보석십자수 DIY 캐릭터 큐빅 비즈십자수 지니맘,지니맘 큐빅십자수  DIY: 7번 소녀2  (15cm 20cm)
845276835,SELLBLOG,NORMAL,"큐빅이 너무 예쁘고
재밌어요
엄마가하고있네요
포장도 꼼꼼히잘되어있어요",2020-04-25T08:08:37.000+0000,STOREFARM,5,어린이 보석십자수 DIY 캐릭터 큐빅 비즈십자수 지니맘(입고완료),지니맘 큐빅십자수  DIY: 22번 부엉이 (15cm 20cm)
844080865,SELLBLOG,NORMAL,집콕하는 조카 선물로 구입했어요. 재미있어하네요,2020-04-23T10:43:40.000+0000,STOREFARM,5,어린이 보석십자수 DIY 캐릭터 큐빅 비즈십자수 지니맘,지니맘 큐빅십자수  DIY: 19번 방패 (15cm 20cm)
849514951,SELLBLOG,NORMAL,또 구매하고 싶어요,2020-05-03T01:44:34.000+0000,STOREFARM,5,어린이 보석십자수 DIY 캐릭터 큐빅 비즈십자수 지니맘(입고완료),지니맘 큐빅십자수  DIY: 22번 부엉이 (15cm 20cm)
847560718,SELLBLOG,NORMAL,배송 빠르고 2개 주문했는데 마음에 들어요.,2020-04-29T05:04:28.000+0000,STOREFARM,5,어린이 보석십자수 DIY 캐릭터 큐빅 비즈십자수 지니맘(입고완료),지니맘 큐빅십자수  DIY: 17번 가면 (15cm 20cm)
836115083,SELLBLOG,NORMAL,아이가 엄청 좋아했어요. 큐빅 품딜 우수하고 재료들 마감도 다 훌륭해요! 눈이 빠져라 집중해서 합니다. 요새같은때 시간보내기 아이템으로 완전 훌륭 ㅋㅋ,2020-04-11T00:39:32.000+0000,STOREFARM,5,어린이 보석십자수 DIY 캐릭터 큐빅 비즈십자수 지니맘 (입고완료),지니맘 큐빅십자수  DIY: 8번 꽃사슴 (15cm 20cm)
830629957,SELLBLOG,NORMAL,배송오자마자 딸이랑 같이 했어요 넘재밌어하네요,2020-04-02T10:59:11.000+0000,STOREFARM,5,어린이 보석십자수 DIY 캐릭터 큐빅 비즈십자수 지니맘 (입고완료),지니맘 큐빅십자수  DIY: 21번 별유니콘 (15cm 20cm)
834458396,SELLBLOG,NORMAL,아직 해보진 않았는데 좋아할것 같아요,2020-04-08T10:37:32.000+0000,STOREFARM,4,어린이 보석십자수 DIY 캐릭터 큐빅 비즈십자수 지니맘,지니맘 큐빅십자수  DIY: 3번 분홍사슴 (15cm 20cm)
842824922,SELLBLOG,AFTER_USE,"이틀만에 애들이 뚝딱 완성해내네요
만족합니다",2020-04-21T22:54:52.000+0000,STOREFARM,5,어린이 보석십자수 DIY 캐릭터 큐빅 비즈십자수 지니맘,지니맘 큐빅십자수  DIY: 17번 가면 (15cm 20cm)
823805793,SELLBLOG,NORMAL,애들이 너무 좋아합니다. 또 사고 싶데요. 다른 것들도 입고되면 좋겠어요.,2020-03-23T09:59:11.000+0000,STOREFARM,5,어린이 보석십자수 DIY 캐릭터 큐빅 비즈십자수 지니맘,지니맘 큐빅십자수  DIY: 6번 소녀1  (15cm 20cm)
836608076,SELLBLOG,NORMAL,아이가 너무 좋아해요,2020-04-11T16:32:40.000+0000,STOREFARM,4,어린이 보석십자수 DIY 캐릭터 큐빅 비즈십자수 지니맘 (입고완료),지니맘 큐빅십자수  DIY: 8번 꽃사슴 (15cm 20cm)
849895342,SELLBLOG,NORMAL,아이가 좋아해요 좋아요,2020-05-03T20:38:35.000+0000,STOREFARM,5,어린이 보석십자수 DIY 캐릭터 큐빅 비즈십자수 지니맘(입고완료),지니맘 큐빅십자수  DIY: 24번 돌고래 (15cm 20cm)
849895328,SELLBLOG,NORMAL,아이가 좋아해요 좋아요,2020-05-03T20:38:21.000+0000,STOREFARM,5,어린이 보석십자수 DIY 캐릭터 큐빅 비즈십자수 지니맘(입고완료),지니맘 큐빅십자수  DIY: 5번  반짝이 사슴 (15cm 20cm)
849895317,SELLBLOG,NORMAL,아이가 좋아해요 좋아요,2020-05-03T20:38:07.000+0000,STOREFARM,5,어린이 보석십자수 DIY 캐릭터 큐빅 비즈십자수 지니맘(입고완료),지니맘 큐빅십자수  DIY: 10번 안경토끼  (15cm 20cm)
823936432,SELLBLOG,NORMAL,예뻐요 애들이 집중해서 잘하고요 이거하라고하면 조용해집니다 얼른사서셔 코로나 땜시 집에있는 심심한 아이들 놀아주세용 ㅎ,2020-03-23T14:20:21.000+0000,STOREFARM,5,어린이 보석십자수 DIY 캐릭터 큐빅 비즈십자수 지니맘,지니맘 큐빅십자수  DIY: 1번 유니콘 (15cm 20cm)
831149858,SELLBLOG,NORMAL,"에구..액자를 안샀네요...ㅜㅜ
여튼 빠른배송 감사합니다",2020-04-03T05:21:30.000+0000,STOREFARM,5,어린이 보석십자수 DIY 캐릭터 큐빅 비즈십자수 지니맘 (입고완료),지니맘 큐빅십자수  DIY: 3번 분홍사슴 (15cm 20cm)
825992677,SELLBLOG,NORMAL,아이들이 너무  좋아해요!  품절상품 재입고 부탁드려요! 딸아이와 친구들 선물용으로 구매했습니다.,2020-03-26T12:10:11.000+0000,STOREFARM,5,어린이 보석십자수 DIY 캐릭터 큐빅 비즈십자수 지니맘,지니맘 큐빅십자수  DIY: 22번 부엉이 (15cm 20cm)
827259166,SELLBLOG,NORMAL,아이가 보석 색이 밝을 수록 품질 떨어지는 보석이 눈에 띈다고 하네요. 그래도 즐겁게 완성했어요.,2020-03-28T11:57:44.000+0000,STOREFARM,4,어린이 보석십자수 DIY 캐릭터 큐빅 비즈십자수 지니맘,지니맘 큐빅십자수  DIY: 3번 분홍사슴 (15cm 20cm)
835591646,SELLBLOG,NORMAL,빠른배송으로 잘 받았습니다,2020-04-10T02:49:20.000+0000,STOREFARM,5,어린이 보석십자수 DIY 캐릭터 큐빅 비즈십자수 지니맘 (입고완료),지니맘 큐빅십자수  DIY: 20번 거미 (15cm 20cm)
835591367,SELLBLOG,NORMAL,빠른배송으로 잘 받았습니다,2020-04-10T02:48:50.000+0000,STOREFARM,5,어린이 보석십자수 DIY 캐릭터 큐빅 비즈십자수 지니맘 (입고완료),지니맘 큐빅십자수  DIY: 17번 가면 (15cm 20cm)
824958362,SELLBLOG,NORMAL,"애들이 너무 좋아해요
둘이서 같은거 하려고 해서 더 주문하려했더니 품절이네요ㅠㅠ
어서 재입고 되면좋겠네요~",2020-03-25T05:52:25.000+0000,STOREFARM,5,어린이 보석십자수 DIY 캐릭터 큐빅 비즈십자수 지니맘,지니맘 큐빅십자수  DIY: 16번 별 (15cm 20cm)
845831914,SELLBLOG,NORMAL,십자수부자재품도다들어있고너무좋은것같아요,2020-04-26T10:01:49.000+0000,STOREFARM,5,어린이 보석십자수 DIY 캐릭터 큐빅 비즈십자수 지니맘(입고완료),지니맘 큐빅십자수  DIY: 13번 스폰지밥 (15cm 20cm)
836728074,SELLBLOG,NORMAL,크기도 적당하고 좋네요~~,2020-04-12T02:39:44.000+0000,STOREFARM,5,어린이 보석십자수 DIY 캐릭터 큐빅 비즈십자수 지니맘,지니맘 큐빅십자수  DIY: 17번 가면 (15cm 20cm)
849734825,SELLBLOG,NORMAL,딸아이가 넘 좋아해요^-^,2020-05-03T11:03:36.000+0000,STOREFARM,5,어린이 보석십자수 DIY 캐릭터 큐빅 비즈십자수 지니맘(입고완료),지니맘 큐빅십자수  DIY: 7번 소녀2  (15cm 20cm)
848378920,SELLBLOG,NORMAL,딸 선물하니 너무 좋아해요,2020-04-30T15:03:35.000+0000,STOREFARM,5,어린이 보석십자수 DIY 캐릭터 큐빅 비즈십자수 지니맘(입고완료),지니맘 큐빅십자수  DIY: 21번 별유니콘 (15cm 20cm)
820623611,SELLBLOG,NORMAL,"비즈 순서에 맞게 넣어주시고, 하나하나 지퍼백에 담겨 있어 남아도 관리가 편해요~
다른 사이트에서도 구매했는데 이곳이 더 하기 편해요~
그런데 클로버는 테두리가 없어서 덜 예쁜거 같아요..",2020-03-18T11:06:40.000+0000,STOREFARM,4,어린이 보석십자수 DIY 캐릭터 큐빅 비즈십자수 지니맘,지니맘 큐빅십자수  DIY: 11번 클로버 (15cm 20cm)
818715359,SELLBLOG,NORMAL,"미디어줄이려고 주문했는데
아이들이 집중하면서 너무 이쁘다 난리입니다~
첨엔 힘들다하더니 하나하나 열심히하네요^^
지퍼팩 열고 꺼내기 어려워해서 통에 담아주었더니
혼자서 잘하네요~~~ 
다하고 추가 주문해야할것같아요~~~",2020-03-15T14:22:00.000+0000,STOREFARM,5,어린이 보석십자수 DIY 캐릭터 큐빅 비즈십자수 지니맘,지니맘 큐빅십자수  DIY: 26번 돌고래(15cm 20cm)
836216141,SELLBLOG,NORMAL,아이가 잼있어 합니다,2020-04-11T04:09:47.000+0000,STOREFARM,5,어린이 보석십자수 DIY 캐릭터 큐빅 비즈십자수 지니맘 (입고완료),지니맘 큐빅십자수  DIY: 2번 보라유니콘  (15cm 20cm)
848512188,SELLBLOG,NORMAL,빠른 배송에 감사드립니다.,2020-05-01T02:16:36.000+0000,STOREFARM,5,어린이 보석십자수 DIY 캐릭터 큐빅 비즈십자수 지니맘(입고완료),지니맘 큐빅십자수  DIY: 21번 별유니콘 (15cm 20cm)
848512013,SELLBLOG,NORMAL,빠른 배송에 감사드립니다.,2020-05-01T02:16:15.000+0000,STOREFARM,5,어린이 보석십자수 DIY 캐릭터 큐빅 비즈십자수 지니맘(입고완료),지니맘 큐빅십자수  DIY: 9번 겨울사슴 (15cm 20cm)
848511828,SELLBLOG,NORMAL,빠른 배송에 감사드립니다.,2020-05-01T02:15:53.000+0000,STOREFARM,5,어린이 보석십자수 DIY 캐릭터 큐빅 비즈십자수 지니맘(입고완료),지니맘 큐빅십자수  DIY: 3번 분홍사슴 (15cm 20cm)
846321271,SELLBLOG,NORMAL,"아이언맨가면..완성후 재주문입니다..
만족도높아요",2020-04-27T06:15:01.000+0000,STOREFARM,5,어린이 보석십자수 DIY 캐릭터 큐빅 비즈십자수 지니맘(입고완료),지니맘 큐빅십자수  DIY: 18번 망치 (15cm 20cm)
834459481,SELLBLOG,NORMAL,해보진 않았지만 좋아할것 같아요,2020-04-08T10:38:59.000+0000,STOREFARM,4,어린이 보석십자수 DIY 캐릭터 큐빅 비즈십자수 지니맘,지니맘 큐빅십자수  DIY: 22번 부엉이 (15cm 20cm)
834458844,SELLBLOG,NORMAL,해보진 않았지만 좋아할것 같아요,2020-04-08T10:38:11.000+0000,STOREFARM,4,어린이 보석십자수 DIY 캐릭터 큐빅 비즈십자수 지니맘,지니맘 큐빅십자수  DIY: 13번 스폰지밥 (15cm 20cm)
848674211,SELLBLOG,NORMAL,애들이 너무 좋아해요,2020-05-01T07:46:44.000+0000,STOREFARM,5,어린이 보석십자수 DIY 캐릭터 큐빅 비즈십자수 지니맘(입고완료),지니맘 큐빅십자수  DIY: 1번 유니콘  (15cm 20cm)
827737709,SELLBLOG,AFTER_USE,"받자마자 다 했어요 
전시해 놓으니 예뻐요 
요즘 같은 때에 시간 보내기 좋아요",2020-03-29T10:27:53.000+0000,STOREFARM,5,어린이 보석십자수 DIY 캐릭터 큐빅 비즈십자수 지니맘,지니맘 큐빅십자수  DIY: 20번 거미 (15cm 20cm)
825993124,SELLBLOG,NORMAL,아이들이 너무  좋아해요!  품절상품 재입고 부탁드려요! 딸아이와 친구들 선물용으로 구매했습니다.,2020-03-26T12:10:45.000+0000,STOREFARM,5,어린이 보석십자수 DIY 캐릭터 큐빅 비즈십자수 지니맘,지니맘 큐빅십자수  DIY: 7번 소녀2  (15cm 20cm)
825992909,SELLBLOG,NORMAL,아이들이 너무  좋아해요!  품절상품 재입고 부탁드려요! 딸아이와 친구들 선물용으로 구매했습니다.,2020-03-26T12:10:28.000+0000,STOREFARM,5,어린이 보석십자수 DIY 캐릭터 큐빅 비즈십자수 지니맘,지니맘 큐빅십자수  DIY: 17번 가면 (15cm 20cm)
833830953,SELLBLOG,NORMAL,핸드폰 안하고 요거 집중 하니 넘 이쁘네요 ㅋㅋ,2020-04-07T13:31:47.000+0000,STOREFARM,5,어린이 보석십자수 DIY 캐릭터 큐빅 비즈십자수 지니맘 (입고완료),지니맘 큐빅십자수  DIY: 9번 겨울사슴 (15cm 20cm)
836216744,SELLBLOG,NORMAL,아이가 재미있어해요.,2020-04-11T04:10:58.000+0000,STOREFARM,5,어린이 보석십자수 DIY 캐릭터 큐빅 비즈십자수 지니맘 (입고완료),지니맘 큐빅십자수  DIY: 21번 별유니콘 (15cm 20cm)
836217161,SELLBLOG,NORMAL,좋아요 젛아요 좋아요,2020-04-11T04:11:45.000+0000,STOREFARM,5,어린이 보석십자수 DIY 캐릭터 큐빅 비즈십자수 지니맘 (입고완료),지니맘 큐빅십자수  DIY: 1번 유니콘  (15cm 20cm)
830014408,SELLBLOG,NORMAL,너무 맘에 들어요~#아이들 쉬는데 재밋게 잘했어요 ㅎ,2020-04-01T14:19:39.000+0000,STOREFARM,5,어린이 보석십자수 DIY 캐릭터 큐빅 비즈십자수 지니맘,지니맘 큐빅십자수  DIY: 25번 미니2  (15cm 20cm)
829497591,SELLBLOG,NORMAL,7세가 하기엔 어려움이 따르는 작품이었습니다 물론 완성작은 멋지지만요,2020-04-01T03:13:38.000+0000,STOREFARM,3,어린이 보석십자수 DIY 캐릭터 큐빅 비즈십자수 지니맘,지니맘 큐빅십자수  DIY: 16번 별 (15cm 20cm)
826413261,SELLBLOG,NORMAL,"아이들이 하는 것 보고 저도 좀 도와 했는데 시간 가는 지 모르겠어요~^^ 5살 아이는 하기는 하는데 정확성은 떨어져요. 그래도  장난쳐가면서 하더라구요. 9살 아이는 아주 재밌어합니다. 
보관상자가 있으면 매번 할 때마다 편하게 준비할 수 있을 것 같아요. 그리고 한 번에 다 완성하기 힘들어서 스티커 종이를 다시 덮어놔도 먼지가 붙어요. 좋은 방법 있으면 알려주세요.",2020-03-27T05:33:41.000+0000,STOREFARM,4,어린이 보석십자수 DIY 캐릭터 큐빅 비즈십자수 지니맘,지니맘 큐빅십자수  DIY: 23번 사자 (15cm 20cm)
826413103,SELLBLOG,NORMAL,"아이들이 하는 것 보고 저도 좀 도와 했는데 시간 가는 지 모르겠어요~^^ 5살 아이는 하기는 하는데 정확성은 떨어져요. 그래도  장난쳐가면서 하더라구요. 9살 아이는 아주 재밌어합니다. 
보관상자가 있으면 매번 할 때마다 편하게 준비할 수 있을 것 같아요. 그리고 한 번에 다 완성하기 힘들어서 스티커 종이를 다시 덮어놔도 먼지가 붙어요. 좋은 방법 있으면 알려주세요.",2020-03-27T05:33:26.000+0000,STOREFARM,4,어린이 보석십자수 DIY 캐릭터 큐빅 비즈십자수 지니맘,지니맘 큐빅십자수  DIY: 12번 슈퍼마리오 (15cm 20cm)
830575088,SELLBLOG,NORMAL,재구매입니다. 아이가 너무 좋아해요. 반짝반짝 예뻐요~,2020-04-02T09:44:36.000+0000,STOREFARM,5,어린이 보석십자수 DIY 캐릭터 큐빅 비즈십자수 지니맘 (입고완료),지니맘 큐빅십자수  DIY: 9번 겨울사슴 (15cm 20cm)
830574227,SELLBLOG,NORMAL,재구매입니다. 아이가 너무 좋아해요. 반짝반짝 예뻐요~,2020-04-02T09:43:27.000+0000,STOREFARM,5,어린이 보석십자수 DIY 캐릭터 큐빅 비즈십자수 지니맘 (입고완료),지니맘 큐빅십자수  DIY: 21번 별유니콘 (15cm 20cm)
826411591,SELLBLOG,NORMAL,"아이들이 하는 것 보고 저도 좀 도와 했는데 시건 가는 지 모르겠어요~^^ 5살 아이는 하기는 하는데 정확성은 떨어져요. 그래도  장난쳐가면서 하더라구요. 9살 아이는 아주 재밌어합니다. 
보관상자가 있으면 매번 할 때마다 편하게 준비할 수 있을 것 같아요. 그리고 한 번에 다 완성하기 힘들어서 스티커 종이를 다시 덮어놔도 먼지가 붙어요. 좋은 방법 있으면 알려주세요.",2020-03-27T05:31:09.000+0000,STOREFARM,4,어린이 보석십자수 DIY 캐릭터 큐빅 비즈십자수 지니맘,지니맘 큐빅십자수  DIY: 14번 슈퍼맨 (15cm 20cm)
830573250,SELLBLOG,NORMAL,재구매입니다. 아이가 너무 좋아해요. 반짝반짝 예뻐요~,2020-04-02T09:42:15.000+0000,STOREFARM,5,어린이 보석십자수 DIY 캐릭터 큐빅 비즈십자수 지니맘 (입고완료),지니맘 큐빅십자수  DIY: 3번 분홍사슴 (15cm 20cm)
842737825,SELLBLOG,NORMAL,포장깔끔하고 실물이 이뻐요 재구매 의사 있어요,2020-04-21T14:57:29.000+0000,STOREFARM,5,어린이 보석십자수 DIY 캐릭터 큐빅 비즈십자수 지니맘,지니맘 큐빅십자수  DIY: 21번 별유니콘 (15cm 20cm)
837578910,SELLBLOG,NORMAL,애가 너무 좋아하네요~~동생 때문에 더 하고 싶어하는데 못해서 아쉬워 하는거 보니 넘 안타까울 정도에요~~,2020-04-13T11:10:47.000+0000,STOREFARM,5,어린이 보석십자수 DIY 캐릭터 큐빅 비즈십자수 지니맘,지니맘 큐빅십자수  DIY: 24번 돌고래 (15cm 20cm)
832342118,SELLBLOG,NORMAL,애들이집에서 시간때우기용으로딱좋아요,2020-04-05T04:44:44.000+0000,STOREFARM,5,어린이 보석십자수 DIY 캐릭터 큐빅 비즈십자수 지니맘,지니맘 큐빅십자수  DIY: 13번 스폰지밥 (15cm 20cm)
844825732,SELLBLOG,NORMAL,"예뻐요 블링블링~~
6살 저희집아이는 좀 어려워해서 거의 같이해줫네요
ㅜㅜ",2020-04-24T11:53:09.000+0000,STOREFARM,4,어린이 보석십자수 DIY 캐릭터 큐빅 비즈십자수 지니맘,지니맘 큐빅십자수  DIY: 21번 별유니콘 (15cm 20cm)
835012418,SELLBLOG,NORMAL,아이와 시간보낼때 최고예요~!,2020-04-09T05:31:10.000+0000,STOREFARM,5,어린이 보석십자수 DIY 캐릭터 큐빅 비즈십자수 지니맘,지니맘 큐빅십자수  DIY: 20번 거미 (15cm 20cm)
848085157,SELLBLOG,NORMAL,아닌가 너무 좋아합니다,2020-04-30T02:24:18.000+0000,STOREFARM,5,어린이 보석십자수 DIY 캐릭터 큐빅 비즈십자수 지니맘(입고완료),지니맘 큐빅십자수  DIY: 8번 꽃사슴 (15cm 20cm)
845088063,SELLBLOG,NORMAL,배송도 빠르고 보석십자수가 너무 예쁘고아이도 참 좋아해요~^^,2020-04-25T02:31:16.000+0000,STOREFARM,5,어린이 보석십자수 DIY 캐릭터 큐빅 비즈십자수 지니맘,지니맘 큐빅십자수  DIY: 1번 유니콘  (15cm 20cm)
848578981,SELLBLOG,NORMAL,아이들이 좋아해요 좋아요,2020-05-01T04:41:17.000+0000,STOREFARM,5,어린이 보석십자수 DIY 캐릭터 큐빅 비즈십자수 지니맘(입고완료),지니맘 큐빅십자수  DIY: 8번 꽃사슴 (15cm 20cm)
848578877,SELLBLOG,NORMAL,아이들이 좋아해요 좋아요,2020-05-01T04:41:04.000+0000,STOREFARM,5,어린이 보석십자수 DIY 캐릭터 큐빅 비즈십자수 지니맘(입고완료),지니맘 큐빅십자수  DIY: 12번 슈퍼마리오 (15cm 20cm)
848578778,SELLBLOG,NORMAL,아이들이 좋아해요 좋아요,2020-05-01T04:40:52.000+0000,STOREFARM,5,어린이 보석십자수 DIY 캐릭터 큐빅 비즈십자수 지니맘(입고완료),지니맘 큐빅십자수  DIY: 9번 겨울사슴 (15cm 20cm)
827884325,SELLBLOG,NORMAL,"받자마자 애들하고 붙어서 뚝딱 만들었어요
너무 재밌고, 예뻐요",2020-03-29T15:01:24.000+0000,STOREFARM,5,어린이 보석십자수 DIY 캐릭터 큐빅 비즈십자수 지니맘,지니맘 큐빅십자수  DIY: 25번 미니2  (15cm 20cm)
840888511,SELLBLOG,NORMAL,아이가 좋아하내요 액자를같이 구매안해서 다시 주문해야겠어요ㅜㅜ,2020-04-18T23:14:59.000+0000,STOREFARM,3,어린이 보석십자수 DIY 캐릭터 큐빅 비즈십자수 지니맘,지니맘 큐빅십자수  DIY: 22번 부엉이 (15cm 20cm)
832908677,SELLBLOG,NORMAL,아이가 너무 좋아해요!!! 진짜 좋아요~~^^,2020-04-06T05:23:08.000+0000,STOREFARM,5,어린이 보석십자수 DIY 캐릭터 큐빅 비즈십자수 지니맘,지니맘 큐빅십자수  DIY: 9번 겨울사슴 (15cm 20cm)
837264390,SELLBLOG,NORMAL,인터넷검색하다가 평이좋아 구입했어요. 색상도 화려하고 그림도 예뻐서 아이가 좋아하네요. 다른그림으로 더 구매할께요~,2020-04-13T01:51:19.000+0000,STOREFARM,5,어린이 보석십자수 DIY 캐릭터 큐빅 비즈십자수 지니맘,지니맘 큐빅십자수  DIY: 26번 돌고래(15cm 20cm)
839988277,SELLBLOG,NORMAL,보석도 넉넉하고 아이들이 너무 재미있어해요.  재구매 의향 있습니다.,2020-04-17T09:35:17.000+0000,STOREFARM,5,어린이 보석십자수 DIY 캐릭터 큐빅 비즈십자수 지니맘,지니맘 큐빅십자수  DIY: 1번 유니콘  (15cm 20cm)
846193381,SELLBLOG,AFTER_USE,온라인개학동안 시간보내기 좋아요,2020-04-27T02:42:36.000+0000,STOREFARM,4,어린이 보석십자수 DIY 캐릭터 큐빅 비즈십자수 지니맘,지니맘 큐빅십자수  DIY: 5번  반짝이 사슴 (15cm 20cm)
836218224,SELLBLOG,NORMAL,조하아요 좋아요좋아요,2020-04-11T04:13:41.000+0000,STOREFARM,5,어린이 보석십자수 DIY 캐릭터 큐빅 비즈십자수 지니맘 (입고완료),지니맘 큐빅십자수  DIY: 24번 돌고래 (15cm 20cm)
845748049,SELLBLOG,NORMAL,좋네요 낙넉히 들어있어요,2020-04-26T06:47:03.000+0000,STOREFARM,5,어린이 보석십자수 DIY 캐릭터 큐빅 비즈십자수 지니맘(입고완료),지니맘 큐빅십자수  DIY: 24번 돌고래 (15cm 20cm)
842307224,SELLBLOG,NORMAL,배송이 며칠 걸리긴 했지만 아이들이 초집중해서 붙히니 시간도 잘 가고 좋아해요.,2020-04-21T06:12:07.000+0000,STOREFARM,5,어린이 보석십자수 DIY 캐릭터 큐빅 비즈십자수 지니맘,지니맘 큐빅십자수  DIY: 22번 부엉이 (15cm 20cm)
842307102,SELLBLOG,NORMAL,배송이 며칠 걸리긴 했지만 아이들이 초집중해서 붙히니 시간도 잘 가고 좋아해요.,2020-04-21T06:11:56.000+0000,STOREFARM,5,어린이 보석십자수 DIY 캐릭터 큐빅 비즈십자수 지니맘,지니맘 큐빅십자수  DIY: 21번 별유니콘 (15cm 20cm)
819264375,SELLBLOG,NORMAL,"도안이 참 마음에 들어요 
딸아이가  3~4시간 집중해서 하네요
큐빅도 넉넉하게 들어있어 좋아요
완성해서 액자에 넣으니 더욱 예뻐요",2020-03-16T12:16:46.000+0000,STOREFARM,5,어린이 보석십자수 DIY 캐릭터 큐빅 비즈십자수 지니맘,지니맘 큐빅십자수  DIY: 8번 꽃사슴 (15cm 20cm)
820354516,SELLBLOG,NORMAL,"방콕놀이로 참 좋네요
8살 딸 너무좋아해서 계속사고 있어요
친구들한테도 소문내서 여럿샀네요
비즈가 많이 남는데 도안만 따로팔면 더좋겠어요
번창하세요",2020-03-18T05:09:04.000+0000,STOREFARM,5,어린이 보석십자수 DIY 캐릭터 큐빅 비즈십자수 지니맘,지니맘 큐빅십자수  DIY: 12번 슈퍼마리오 (15cm 20cm)
836205230,SELLBLOG,NORMAL,"아이랑 함께 하니 차분해지네요.
보석수를 좀 줄여서 가격 낮추는 게 좋을 것 같아요. 남은 보석을 어떻게 처리해야할지~~",2020-04-11T03:48:11.000+0000,STOREFARM,5,어린이 보석십자수 DIY 캐릭터 큐빅 비즈십자수 지니맘 (입고완료),지니맘 큐빅십자수  DIY: 22번 부엉이 (15cm 20cm)
833720798,SELLBLOG,NORMAL,"잘만들었어요
재밌대요",2020-04-07T11:26:00.000+0000,STOREFARM,5,어린이 보석십자수 DIY 캐릭터 큐빅 비즈십자수 지니맘,지니맘 큐빅십자수  DIY: 3번 분홍사슴 (15cm 20cm)
825937220,SELLBLOG,NORMAL,"벌써 9개째 했어요
8살 딸아이 참 좋아합니다
시간잘가요
비즈가 많이 남네요 도안만 팔면 참 좋겠어요",2020-03-26T10:58:56.000+0000,STOREFARM,5,어린이 보석십자수 DIY 캐릭터 큐빅 비즈십자수 지니맘,지니맘 큐빅십자수  DIY: 17번 가면 (15cm 20cm)
825936540,SELLBLOG,NORMAL,"벌써 9개째 했어요
8살 딸아이 참 좋아합니다
시간잘가요
비즈가 많이 남네요 도안만 팔면 참 좋겠어요",2020-03-26T10:58:05.000+0000,STOREFARM,5,어린이 보석십자수 DIY 캐릭터 큐빅 비즈십자수 지니맘,지니맘 큐빅십자수  DIY: 9번 겨울사슴 (15cm 20cm)
825927420,SELLBLOG,NORMAL,"벌써 9개째 했어요
8살 딸아이 참 좋아합니다
시간잘가요
비즈가 많이 남네요 도안만 팔면 참 좋겠어요",2020-03-26T10:46:08.000+0000,STOREFARM,5,어린이 보석십자수 DIY 캐릭터 큐빅 비즈십자수 지니맘,지니맘 큐빅십자수  DIY: 15번 베트맨 (15cm 20cm)
846159515,SELLBLOG,NORMAL,아이들이 집중해서 너무 잘하네요,2020-04-27T01:51:33.000+0000,STOREFARM,4,어린이 보석십자수 DIY 캐릭터 큐빅 비즈십자수 지니맘(입고완료),지니맘 큐빅십자수  DIY: 3번 분홍사슴 (15cm 20cm)
846159219,SELLBLOG,NORMAL,아이들이 너무 집중해서 잘하네요,2020-04-27T01:51:10.000+0000,STOREFARM,4,어린이 보석십자수 DIY 캐릭터 큐빅 비즈십자수 지니맘(입고완료),지니맘 큐빅십자수  DIY: 20번 거미 (15cm 20cm)
836723311,SELLBLOG,NORMAL,아이가 좋아해요~~,2020-04-12T02:29:54.000+0000,STOREFARM,5,어린이 보석십자수 DIY 캐릭터 큐빅 비즈십자수 지니맘 (입고완료),지니맘 큐빅십자수  DIY: 10번 안경토끼  (15cm 20cm)
823069093,SELLBLOG,NORMAL,아이가 집에만 있기 심심해해서 구매했는데 너무 좋아하네요~완성하고 보니 더 예뻐요~ 또 하고 싶다고해서 다른 제품으로 또 구매했어요~,2020-03-22T05:11:27.000+0000,STOREFARM,5,어린이 보석십자수 DIY 캐릭터 큐빅 비즈십자수 지니맘,지니맘 큐빅십자수  DIY: 21번 별유니콘 (15cm 20cm)
827608774,SELLBLOG,NORMAL,"배송이 늦어서 별 3개했어요.
그래도 아이는 재밌다고 좋아하네요",2020-03-29T05:43:44.000+0000,STOREFARM,3,어린이 보석십자수 DIY 캐릭터 큐빅 비즈십자수 지니맘,지니맘 큐빅십자수  DIY: 19번 방패 (15cm 20cm)
839404613,SELLBLOG,NORMAL,"아들은 아이언맨 딸은 부엉이..
이튼은 꼼짝않고 요것만했네요, .요거할동안 티비도  안보고..ㅋㅋ",2020-04-16T11:16:32.000+0000,STOREFARM,5,어린이 보석십자수 DIY 캐릭터 큐빅 비즈십자수 지니맘,지니맘 큐빅십자수  DIY: 22번 부엉이 (15cm 20cm)
843355756,SELLBLOG,NORMAL,울딸이 넘좋아해요 또 사달라하네요,2020-04-22T11:38:16.000+0000,STOREFARM,5,어린이 보석십자수 DIY 캐릭터 큐빅 비즈십자수 지니맘,지니맘 큐빅십자수  DIY: 21번 별유니콘 (15cm 20cm)
833777275,SELLBLOG,NORMAL,아이들이 재밌다고 좋아해요,2020-04-07T12:29:06.000+0000,STOREFARM,4,어린이 보석십자수 DIY 캐릭터 큐빅 비즈십자수 지니맘,지니맘 큐빅십자수  DIY: 1번 유니콘 (15cm 20cm)
833776496,SELLBLOG,NORMAL,아이들이 재밌다고 좋아해요,2020-04-07T12:28:14.000+0000,STOREFARM,4,어린이 보석십자수 DIY 캐릭터 큐빅 비즈십자수 지니맘,지니맘 큐빅십자수  DIY: 2번 보라유니콘 (15cm 20cm)
833830201,SELLBLOG,NORMAL,종일 핸드폰 안하고 이것만 했네요 ㅋㅋㅋ,2020-04-07T13:30:50.000+0000,STOREFARM,5,어린이 보석십자수 DIY 캐릭터 큐빅 비즈십자수 지니맘 (입고완료),지니맘 큐빅십자수  DIY: 21번 별유니콘 (15cm 20cm)
849168763,SELLBLOG,NORMAL,귀여워요  잘 받았어요,2020-05-02T07:25:39.000+0000,STOREFARM,5,어린이 보석십자수 DIY 캐릭터 큐빅 비즈십자수 지니맘(입고완료),지니맘 큐빅십자수  DIY: 3번 분홍사슴 (15cm 20cm)
827738226,SELLBLOG,AFTER_USE,"중독성이
있어여~ 
한번 잡으면 계속하고 싶어지네요~ 
좋아요 예뻐요",2020-03-29T10:28:50.000+0000,STOREFARM,5,어린이 보석십자수 DIY 캐릭터 큐빅 비즈십자수 지니맘,지니맘 큐빅십자수  DIY: 12번 슈퍼마리오 (15cm 20cm)
845334179,SELLBLOG,NORMAL,넘 이뿌네요~ 마니 파세요~~,2020-04-25T09:50:09.000+0000,STOREFARM,5,어린이 보석십자수 DIY 캐릭터 큐빅 비즈십자수 지니맘,지니맘 큐빅십자수  DIY: 18번 망치 (15cm 20cm)
820354241,SELLBLOG,NORMAL,"방콕놀이로 참 좋네요
8살 딸 너무좋아해서 계속사고 있어요
친구들한테도 소문내서 여럿샀네요
비즈가 많이 남는데 도안만 따로팔면 더좋겠어요
번창하세요",2020-03-18T05:08:39.000+0000,STOREFARM,5,어린이 보석십자수 DIY 캐릭터 큐빅 비즈십자수 지니맘,지니맘 큐빅십자수  DIY: 1번 유니콘 (15cm 20cm)
820353938,SELLBLOG,NORMAL,"방콕놀이로 참 좋네요
8살 딸 너무좋아해서 계속사고 있어요
친구들한테도 소문내서 여럿샀네요
비즈가 많이 남는데 도안만 따로팔면 더좋겠어요
번창하세요",2020-03-18T05:08:09.000+0000,STOREFARM,5,어린이 보석십자수 DIY 캐릭터 큐빅 비즈십자수 지니맘,지니맘 큐빅십자수  DIY: 4번 홍학 (15cm 20cm)
837065368,SELLBLOG,NORMAL,조카랑 하다가 제가 더 재밌어서 재구매했어요. 도안도 예쁘고 시간보내기도 좋아요. 큐빅도 여유있어서 굳입니다,2020-04-12T14:02:10.000+0000,STOREFARM,5,어린이 보석십자수 DIY 캐릭터 큐빅 비즈십자수 지니맘 (입고완료),지니맘 큐빅십자수  DIY: 12번 슈퍼마리오 (15cm 20cm)
832082235,SELLBLOG,NORMAL,"빠른배송 감사합니다~
아이랑 재밌게 만들어볼게요~^^",2020-04-04T13:19:28.000+0000,STOREFARM,4,어린이 보석십자수 DIY 캐릭터 큐빅 비즈십자수 지니맘 (입고완료),지니맘 큐빅십자수  DIY: 24번 돌고래 (15cm 20cm)
832377648,SELLBLOG,NORMAL,일반보석십자수보다 특이하고 이뻐요,2020-04-05T06:11:35.000+0000,STOREFARM,5,어린이 보석십자수 DIY 캐릭터 큐빅 비즈십자수 지니맘 (입고완료),지니맘 큐빅십자수  DIY: 9번 겨울사슴 (15cm 20cm)
837095348,SELLBLOG,AFTER_USE,"초1 여아랑 잼있게 했어요
생각보다 오래 걸려서 조금 힘들어하기도했지만 해놓으니 예뻐서 뿌듯해하네요",2020-04-12T15:04:06.000+0000,STOREFARM,4,어린이 보석십자수 DIY 캐릭터 큐빅 비즈십자수 지니맘,지니맘 큐빅십자수  DIY: 4번 홍학 (15cm 20cm)
834203612,SELLBLOG,NORMAL,완성하니 너무 예쁘네요,2020-04-08T04:58:58.000+0000,STOREFARM,5,어린이 보석십자수 DIY 캐릭터 큐빅 비즈십자수 지니맘,지니맘 큐빅십자수  DIY: 21번 별유니콘 (15cm 20cm)
834203218,SELLBLOG,NORMAL,완성하니 너무 예쁘네요,2020-04-08T04:58:23.000+0000,STOREFARM,5,어린이 보석십자수 DIY 캐릭터 큐빅 비즈십자수 지니맘,지니맘 큐빅십자수  DIY: 3번 분홍사슴 (15cm 20cm)
845832174,SELLBLOG,NORMAL,좋아요 애가좋아해요,2020-04-26T10:02:26.000+0000,STOREFARM,5,어린이 보석십자수 DIY 캐릭터 큐빅 비즈십자수 지니맘(입고완료),지니맘 큐빅십자수  DIY: 10번 안경토끼  (15cm 20cm)
840412348,SELLBLOG,NORMAL,"퀄리티가 좋아요
다른 디자인도 사고싶은데 품절된게 많네요",2020-04-18T04:03:15.000+0000,STOREFARM,5,어린이 보석십자수 DIY 캐릭터 큐빅 비즈십자수 지니맘,지니맘 큐빅십자수  DIY: 21번 별유니콘 (15cm 20cm)
833455890,SELLBLOG,NORMAL,아이가 좋아해서 재구매 합니다.,2020-04-07T05:25:03.000+0000,STOREFARM,5,어린이 보석십자수 DIY 캐릭터 큐빅 비즈십자수 지니맘 (입고완료),지니맘 큐빅십자수  DIY: 8번 꽃사슴 (15cm 20cm)
831111981,SELLBLOG,NORMAL,아이들이 집중하면서 재미있고 예쁜 작품이 완성되네요,2020-04-03T04:25:28.000+0000,STOREFARM,5,어린이 보석십자수 DIY 캐릭터 큐빅 비즈십자수 지니맘,지니맘 큐빅십자수  DIY: 4번 홍학 (15cm 20cm)
830550058,SELLBLOG,NORMAL,두번째 구매요.심심할때 하니 좋아요,2020-04-02T09:09:21.000+0000,STOREFARM,4,어린이 보석십자수 DIY 캐릭터 큐빅 비즈십자수 지니맘 (입고완료),지니맘 큐빅십자수  DIY: 5번  반짝이 사슴 (15cm 20cm)
831110453,SELLBLOG,NORMAL,시간 무지 잘가요 집이 조용..,2020-04-03T04:23:08.000+0000,STOREFARM,5,어린이 보석십자수 DIY 캐릭터 큐빅 비즈십자수 지니맘 (입고완료),지니맘 큐빅십자수  DIY: 4번 홍학 (15cm 20cm)
846895175,SELLBLOG,NORMAL,아이들이 재밌어하네요,2020-04-28T06:33:34.000+0000,STOREFARM,5,어린이 보석십자수 DIY 캐릭터 큐빅 비즈십자수 지니맘(입고완료),지니맘 큐빅십자수  DIY: 19번 방패 (15cm 20cm)
846620643,SELLBLOG,NORMAL,집중하기도좋고 재밌네요,2020-04-27T16:54:20.000+0000,STOREFARM,5,어린이 보석십자수 DIY 캐릭터 큐빅 비즈십자수 지니맘(입고완료),지니맘 큐빅십자수  DIY: 8번 꽃사슴 (15cm 20cm)
842037667,SELLBLOG,NORMAL,"아이들이 집중해서 잘하더라구요
너무 좋아요",2020-04-20T18:07:43.000+0000,STOREFARM,5,어린이 보석십자수 DIY 캐릭터 큐빅 비즈십자수 지니맘,지니맘 큐빅십자수  DIY: 20번 거미 (15cm 20cm)
844543445,SELLBLOG,AFTER_USE,예쁘고 시간 보내기도 좋아요 비싼것 빼고 굿,2020-04-24T04:39:13.000+0000,STOREFARM,5,어린이 보석십자수 DIY 캐릭터 큐빅 비즈십자수 지니맘,지니맘 큐빅십자수  DIY: 1번 유니콘 (15cm 20cm)
844543341,SELLBLOG,AFTER_USE,예쁘고 시간 보내기도 좋아요 비싼것 빼고 굿,2020-04-24T04:39:03.000+0000,STOREFARM,4,어린이 보석십자수 DIY 캐릭터 큐빅 비즈십자수 지니맘,지니맘 큐빅십자수  DIY: 20번 거미 (15cm 20cm)
825552972,SELLBLOG,NORMAL,아이들이 좋아해요. 반짝반짝해서 좋아하고 또 보석도 크기가 한가지가 아니라서 좋아해요.,2020-03-26T02:10:44.000+0000,STOREFARM,5,어린이 보석십자수 DIY 캐릭터 큐빅 비즈십자수 지니맘,지니맘 큐빅십자수  DIY: 22번 부엉이 (15cm 20cm)
832619512,SELLBLOG,NORMAL,조카선물로 보냈는데 너무 좋아해요.,2020-04-05T14:56:08.000+0000,STOREFARM,5,어린이 보석십자수 DIY 캐릭터 큐빅 비즈십자수 지니맘 (입고완료),지니맘 큐빅십자수  DIY: 8번 꽃사슴 (15cm 20cm)
826275755,SELLBLOG,NORMAL,"성인용보다 쉬워서 아이보다 제가 더 많이했어요 ㅎㅎㅎ
넘 재밌고 시간보내기 좋네요.",2020-03-27T01:58:35.000+0000,STOREFARM,5,어린이 보석십자수 DIY 캐릭터 큐빅 비즈십자수 지니맘,지니맘 큐빅십자수  DIY: 13번 스폰지밥 (15cm 20cm)
826429787,SELLBLOG,NORMAL,"집콕중 아이가 하고싶다고해서 배송빠르고좋아요
품절상품이많아서 아쉬움 다른걸로또주문할까해요",2020-03-27T05:57:39.000+0000,STOREFARM,5,어린이 보석십자수 DIY 캐릭터 큐빅 비즈십자수 지니맘,지니맘 큐빅십자수  DIY: 12번 슈퍼마리오 (15cm 20cm)
830604500,SELLBLOG,NORMAL,아이가 좋아하네요.. 근데 설명서가 따로 없어요..,2020-04-02T10:25:05.000+0000,STOREFARM,3,어린이 보석십자수 DIY 캐릭터 큐빅 비즈십자수 지니맘 (입고완료),지니맘 큐빅십자수  DIY: 2번 보라유니콘  (15cm 20cm)
838029746,SELLBLOG,AFTER_USE,유니콘은 드문디자인이라 품절되기전에 지켜섰다구매했어요 ㅋㅋ 아이가 넘 좋아해요,2020-04-14T07:32:02.000+0000,STOREFARM,5,어린이 보석십자수 DIY 캐릭터 큐빅 비즈십자수 지니맘,지니맘 큐빅십자수  DIY: 8번 꽃사슴 (15cm 20cm)
846620591,SELLBLOG,NORMAL,싸게 잘구입한거같아요,2020-04-27T16:53:59.000+0000,STOREFARM,5,어린이 보석십자수 DIY 캐릭터 큐빅 비즈십자수 지니맘(입고완료),지니맘 큐빅십자수  DIY: 4번 홍학 (15cm 20cm)
832376780,SELLBLOG,NORMAL,다른 디자인들도 구매하고싶네요,2020-04-05T06:09:26.000+0000,STOREFARM,5,어린이 보석십자수 DIY 캐릭터 큐빅 비즈십자수 지니맘 (입고완료),지니맘 큐빅십자수  DIY: 24번 돌고래 (15cm 20cm)
831107016,SELLBLOG,NORMAL,으 꽃사슴 시킨다는게.이걸 2개나 시켰네요 에휴 ㅡㅡ,2020-04-03T04:17:56.000+0000,STOREFARM,5,어린이 보석십자수 DIY 캐릭터 큐빅 비즈십자수 지니맘 (입고완료),지니맘 큐빅십자수  DIY: 5번  반짝이 사슴 (15cm 20cm)
838734754,SELLBLOG,NORMAL,"막내가 받자마자 신나서 바로 뜯어서 하네요
다음에 또 구매하러 올게요~!",2020-04-15T08:55:52.000+0000,STOREFARM,5,어린이 보석십자수 DIY 캐릭터 큐빅 비즈십자수 지니맘,지니맘 큐빅십자수  DIY: 11번 클로버 (15cm 20cm)
820621958,SELLBLOG,NORMAL,"비즈 순서에 맞게 넣어주시고, 하나하나 지퍼백에 담겨 있어 남아도 관리가 편해요~
다른 사이트에서도 구매했는데 이곳이 더 하기 편해요~
비즈도 불량도 많이 없고 좋네요^^",2020-03-18T11:04:45.000+0000,STOREFARM,5,어린이 보석십자수 DIY 캐릭터 큐빅 비즈십자수 지니맘,지니맘 큐빅십자수  DIY: 19번 방패 (15cm 20cm)
846895362,SELLBLOG,NORMAL,집중력 기르기 짱이네요~,2020-04-28T06:33:51.000+0000,STOREFARM,5,어린이 보석십자수 DIY 캐릭터 큐빅 비즈십자수 지니맘(입고완료),지니맘 큐빅십자수  DIY: 20번 거미 (15cm 20cm)
835992219,SELLBLOG,NORMAL,아이가 좋아해요^^,2020-04-10T13:58:07.000+0000,STOREFARM,4,어린이 보석십자수 DIY 캐릭터 큐빅 비즈십자수 지니맘 (입고완료),지니맘 큐빅십자수  DIY: 1번 유니콘  (15cm 20cm)
845320781,SELLBLOG,AFTER_USE,아이가 집중해서 잘 할 수 있었네요,2020-04-25T09:25:01.000+0000,STOREFARM,5,어린이 보석십자수 DIY 캐릭터 큐빅 비즈십자수 지니맘,지니맘 큐빅십자수  DIY: 17번 가면 (15cm 20cm)
824961449,SELLBLOG,NORMAL,"애들이 좋아해요
큐빅도 넉넉하게 들어있어서 큐빅을 조금 잊어버렸는데도 모자르지 않네요",2020-03-25T05:57:02.000+0000,STOREFARM,5,어린이 보석십자수 DIY 캐릭터 큐빅 비즈십자수 지니맘,지니맘 큐빅십자수  DIY: 15번 베트맨 (15cm 20cm)
840884019,SELLBLOG,NORMAL,"집콕하는딸위해
샀어요 품절제품이많아 아쉽네요",2020-04-18T22:52:52.000+0000,STOREFARM,5,어린이 보석십자수 DIY 캐릭터 큐빅 비즈십자수 지니맘,지니맘 큐빅십자수  DIY: 22번 부엉이 (15cm 20cm)
830921937,SELLBLOG,NORMAL,만들면서 애들이랑 예쁘게 좋은시간보냈어요,2020-04-02T23:14:59.000+0000,STOREFARM,5,어린이 보석십자수 DIY 캐릭터 큐빅 비즈십자수 지니맘,지니맘 큐빅십자수  DIY: 2번 보라유니콘 (15cm 20cm)
845334010,SELLBLOG,NORMAL,아이들이 재밌어해서 재주문했어요~,2020-04-25T09:49:47.000+0000,STOREFARM,5,어린이 보석십자수 DIY 캐릭터 큐빅 비즈십자수 지니맘,지니맘 큐빅십자수  DIY: 14번 슈퍼맨 (15cm 20cm)
836280929,SELLBLOG,NORMAL,푹 빠져서 하다 보니 금방 완성했어요 큐빅도 많이 반짝 거리고 크기가 일정하지 않은게 더 이쁜듯해요~,2020-04-11T06:05:21.000+0000,STOREFARM,5,어린이 보석십자수 DIY 캐릭터 큐빅 비즈십자수 지니맘 (입고완료),지니맘 큐빅십자수  DIY: 3번 분홍사슴 (15cm 20cm)
846809375,SELLBLOG,NORMAL,뿌듯해하며완성했어여ㅋ,2020-04-28T04:10:51.000+0000,STOREFARM,4,어린이 보석십자수 DIY 캐릭터 큐빅 비즈십자수 지니맘(입고완료),지니맘 큐빅십자수  DIY: 1번 유니콘  (15cm 20cm)
835998623,SELLBLOG,NORMAL,완성하면 이쁠것 같아요..액자와 함께 팔아서 액자를 별도로 구매해야하는 번거로움을 덜었구요..장식해두기도 좋네요.,2020-04-10T14:11:00.000+0000,STOREFARM,5,어린이 보석십자수 DIY 캐릭터 큐빅 비즈십자수 지니맘 (입고완료),지니맘 큐빅십자수  DIY: 21번 별유니콘 (15cm 20cm)
844279541,SELLBLOG,NORMAL,ㅈ아주 좋아요 집중력 최고인듯,2020-04-23T15:32:33.000+0000,STOREFARM,3,어린이 보석십자수 DIY 캐릭터 큐빅 비즈십자수 지니맘,지니맘 큐빅십자수  DIY: 22번 부엉이 (15cm 20cm)
834153686,SELLBLOG,NORMAL,블랑블링하니 예뻐요.,2020-04-08T03:43:28.000+0000,STOREFARM,5,어린이 보석십자수 DIY 캐릭터 큐빅 비즈십자수 지니맘 (입고완료),지니맘 큐빅십자수  DIY: 20번 거미 (15cm 20cm)
842306234,SELLBLOG,NORMAL,배송이 며칠 걸리긴 했지만 아이들이 좋아하며 초집중해서 붙혔어요.,2020-04-21T06:10:46.000+0000,STOREFARM,5,어린이 보석십자수 DIY 캐릭터 큐빅 비즈십자수 지니맘,지니맘 큐빅십자수  DIY: 1번 유니콘  (15cm 20cm)
828905966,SELLBLOG,AFTER_USE,비즈크기도 다르고 색상도 예쁘고 액자까지 더하니 퀄리티가 좋네요,2020-03-31T08:30:04.000+0000,STOREFARM,5,어린이 보석십자수 DIY 캐릭터 큐빅 비즈십자수 지니맘,지니맘 큐빅십자수  DIY: 19번 방패 (15cm 20cm)
828907466,SELLBLOG,AFTER_USE,"비즈크기가 달라서 더 돋보이는 것 같아요
액자까지 있으니 퀄리티가 좋네요",2020-03-31T08:31:58.000+0000,STOREFARM,5,어린이 보석십자수 DIY 캐릭터 큐빅 비즈십자수 지니맘,지니맘 큐빅십자수  DIY: 10번 안경토끼 (15cm 20cm)
844278552,SELLBLOG,NORMAL,잘받았어요. 아이가 좋아해요,2020-04-23T15:30:04.000+0000,STOREFARM,5,어린이 보석십자수 DIY 캐릭터 큐빅 비즈십자수 지니맘,지니맘 큐빅십자수  DIY: 7번 소녀2  (15cm 20cm)
834135442,SELLBLOG,NORMAL,쉽고 재밌어요 예쁘기도 하구요^^,2020-04-08T03:14:42.000+0000,STOREFARM,5,어린이 보석십자수 DIY 캐릭터 큐빅 비즈십자수 지니맘 (입고완료),지니맘 큐빅십자수  DIY: 21번 별유니콘 (15cm 20cm)
835997306,SELLBLOG,NORMAL,"애들이 집중해서 시간보내기 좋아요..
근데 설명서가 안들어있어서 하는 요령이라던지 그런게 들어있었으면 좋겠어요.",2020-04-10T14:08:05.000+0000,STOREFARM,5,어린이 보석십자수 DIY 캐릭터 큐빅 비즈십자수 지니맘 (입고완료),지니맘 큐빅십자수  DIY: 1번 유니콘  (15cm 20cm)
845566924,SELLBLOG,NORMAL,딸아이가 아주 만족해하네요,2020-04-25T22:17:54.000+0000,STOREFARM,5,어린이 보석십자수 DIY 캐릭터 큐빅 비즈십자수 지니맘,지니맘 큐빅십자수  DIY: 18번 망치 (15cm 20cm)
845390952,SELLBLOG,NORMAL,배송도빠르고 아이가좋아해요,2020-04-25T11:36:16.000+0000,STOREFARM,5,어린이 보석십자수 DIY 캐릭터 큐빅 비즈십자수 지니맘,지니맘 큐빅십자수  DIY: 22번 부엉이 (15cm 20cm)
837724898,SELLBLOG,NORMAL,사이즈가 적당해서 부담없이 할 수 있어서 좋네요 액자까지 같이 해서 완성도가 높아요,2020-04-13T17:11:58.000+0000,STOREFARM,5,어린이 보석십자수 DIY 캐릭터 큐빅 비즈십자수 지니맘,지니맘 큐빅십자수  DIY: 21번 별유니콘 (15cm 20cm)
844467653,SELLBLOG,NORMAL,아이가 너무 좋아하고 집중해서 잘해요,2020-04-24T02:33:15.000+0000,STOREFARM,4,어린이 보석십자수 DIY 캐릭터 큐빅 비즈십자수 지니맘(입고완료),지니맘 큐빅십자수  DIY: 1번 유니콘  (15cm 20cm)
844081076,SELLBLOG,NORMAL,재미있어해요. 어렵지 않아요,2020-04-23T10:43:58.000+0000,STOREFARM,5,어린이 보석십자수 DIY 캐릭터 큐빅 비즈십자수 지니맘,지니맘 큐빅십자수  DIY: 7번 소녀2  (15cm 20cm)
838849267,SELLBLOG,NORMAL,간단하게 재미있게 할 수 있어요.설명서 한장이 있음 좋았을 것 같아요.,2020-04-15T12:54:33.000+0000,STOREFARM,4,어린이 보석십자수 DIY 캐릭터 큐빅 비즈십자수 지니맘,지니맘 큐빅십자수  DIY: 3번 분홍사슴 (15cm 20cm)
831347546,SELLBLOG,NORMAL,코로나를 보석십자수로 이겨내고 있답니다ㅜㅜ,2020-04-03T10:06:48.000+0000,STOREFARM,5,어린이 보석십자수 DIY 캐릭터 큐빅 비즈십자수 지니맘,지니맘 큐빅십자수  DIY: 25번 미니2  (15cm 20cm)
831347235,SELLBLOG,NORMAL,코로나를 보석십자수로 이겨내고 있답니다ㅜㅜ,2020-04-03T10:06:19.000+0000,STOREFARM,5,어린이 보석십자수 DIY 캐릭터 큐빅 비즈십자수 지니맘,지니맘 큐빅십자수  DIY: 19번 방패 (15cm 20cm)
836813351,SELLBLOG,NORMAL,재미있고 좋아요 ~/~^;:---/,2020-04-12T05:41:33.000+0000,STOREFARM,5,어린이 보석십자수 DIY 캐릭터 큐빅 비즈십자수 지니맘 (입고완료),지니맘 큐빅십자수  DIY: 17번 가면 (15cm 20cm)
836798118,SELLBLOG,NORMAL,저희 아이랑 해보고 재미있어서 조카들한테도 보내줬어요~ 반짝 반짝 예쁘다고 올케가 더 좋아하네요ㅎㅎ,2020-04-12T05:08:23.000+0000,STOREFARM,4,어린이 보석십자수 DIY 캐릭터 큐빅 비즈십자수 지니맘,지니맘 큐빅십자수  DIY: 16번 별  (15cm 20cm)
835512063,SELLBLOG,NORMAL,"이거 생각보다 중독되는듯ㅋㅋ
애들이 안할때는 내가 하고싶어 근질근질 하네요ㅋㅋㅋ 완성되면 너무 멋질꺼 같아요~",2020-04-10T00:22:26.000+0000,STOREFARM,4,어린이 보석십자수 DIY 캐릭터 큐빅 비즈십자수 지니맘,지니맘 큐빅십자수  DIY: 17번 가면 (15cm 20cm)
837724986,SELLBLOG,NORMAL,아이가 시간 가는줄 모르고 하네요 다음엔 좀 더 큰 사이즈를 구입해야겠어요,2020-04-13T17:12:39.000+0000,STOREFARM,5,어린이 보석십자수 DIY 캐릭터 큐빅 비즈십자수 지니맘,지니맘 큐빅십자수  DIY: 17번 가면 (15cm 20cm)
840884126,SELLBLOG,NORMAL,"우리딸이 너무 좋아하네요
품절제품이많아 아쉽네요",2020-04-18T22:53:28.000+0000,STOREFARM,5,어린이 보석십자수 DIY 캐릭터 큐빅 비즈십자수 지니맘,지니맘 큐빅십자수  DIY: 1번 유니콘  (15cm 20cm)
840884095,SELLBLOG,NORMAL,"우리딸이 너무 좋아하네요
품절제품이많아 아쉽네요",2020-04-18T22:53:21.000+0000,STOREFARM,5,어린이 보석십자수 DIY 캐릭터 큐빅 비즈십자수 지니맘,지니맘 큐빅십자수  DIY: 21번 별유니콘 (15cm 20cm)
843181726,SELLBLOG,NORMAL,"잘받았어요
감사합니다",2020-04-22T08:00:20.000+0000,STOREFARM,3,어린이 보석십자수 DIY 캐릭터 큐빅 비즈십자수 지니맘,지니맘 큐빅십자수  DIY: 22번 부엉이 (15cm 20cm)
834473228,SELLBLOG,NORMAL,배송 아주 빨라요 조아요,2020-04-08T10:56:10.000+0000,STOREFARM,5,어린이 보석십자수 DIY 캐릭터 큐빅 비즈십자수 지니맘,지니맘 큐빅십자수  DIY: 1번 유니콘  (15cm 20cm)
841215923,SELLBLOG,NORMAL,배송도빠르고잘샀어요 아이가좋아해요,2020-04-19T10:48:18.000+0000,STOREFARM,5,어린이 보석십자수 DIY 캐릭터 큐빅 비즈십자수 지니맘,지니맘 큐빅십자수  DIY: 1번 유니콘  (15cm 20cm)
841215839,SELLBLOG,NORMAL,배송도빠르고잘샀어요 아이가좋아해요,2020-04-19T10:48:11.000+0000,STOREFARM,5,어린이 보석십자수 DIY 캐릭터 큐빅 비즈십자수 지니맘,지니맘 큐빅십자수  DIY: 22번 부엉이 (15cm 20cm)
836078296,SELLBLOG,NORMAL,"잘 받았어요
아이들이 너무 좋아하네요
액자가 조금 깨져서 왔었는데 사후처리도
너무 잘 해주셔서 감사합니다",2020-04-10T22:22:16.000+0000,STOREFARM,5,어린이 보석십자수 DIY 캐릭터 큐빅 비즈십자수 지니맘 (입고완료),지니맘 큐빅십자수  DIY: 22번 부엉이 (15cm 20cm)
845391186,SELLBLOG,NORMAL,배송빠르고 아이가 좋아해요,2020-04-25T11:36:40.000+0000,STOREFARM,5,어린이 보석십자수 DIY 캐릭터 큐빅 비즈십자수 지니맘,지니맘 큐빅십자수  DIY: 6번 소녀1  (15cm 20cm)
826271527,SELLBLOG,NORMAL,블링블링 이쁩니다. 너무 재밌어요. 아이보다 제가 더 열심히했어요.,2020-03-27T01:52:01.000+0000,STOREFARM,5,어린이 보석십자수 DIY 캐릭터 큐빅 비즈십자수 지니맘,지니맘 큐빅십자수  DIY: 23번 사자 (15cm 20cm)
832376516,SELLBLOG,NORMAL,선물용도 같이 구입했어요,2020-04-05T06:08:46.000+0000,STOREFARM,5,어린이 보석십자수 DIY 캐릭터 큐빅 비즈십자수 지니맘 (입고완료),지니맘 큐빅십자수  DIY: 1번 유니콘  (15cm 20cm)
841064249,SELLBLOG,NORMAL,"애들이랑 재밌게 잘 만들었어요~
은근히 재밌네요^^",2020-04-19T06:00:09.000+0000,STOREFARM,5,어린이 보석십자수 DIY 캐릭터 큐빅 비즈십자수 지니맘,지니맘 큐빅십자수  DIY: 17번 가면 (15cm 20cm)
823371962,SELLBLOG,NORMAL,주말동안 아이들이 집중해서 하더라구요..덕분에 미디어 노출 시간이 줄어 만족스러웠습니다^^,2020-03-22T15:51:12.000+0000,STOREFARM,5,어린이 보석십자수 DIY 캐릭터 큐빅 비즈십자수 지니맘,지니맘 큐빅십자수  DIY: 19번 방패 (15cm 20cm)
831112496,SELLBLOG,NORMAL,아이들이 집중하면서 재미있고 예쁜 작품이 완성되네요ㆍ,2020-04-03T04:26:17.000+0000,STOREFARM,3,어린이 보석십자수 DIY 캐릭터 큐빅 비즈십자수 지니맘,지니맘 큐빅십자수  DIY: 12번 슈퍼마리오 (15cm 20cm)
819226712,SELLBLOG,NORMAL,긴긴 방학 게임보다 낫겠다 싶어 구매했어요. 남자 아인데도 재밌어하고 액자로 만들고 뿌듯해 하더군요. 그런데 가격은 좀더 저렴했으면 좋겠어요,2020-03-16T11:08:25.000+0000,STOREFARM,4,어린이 보석십자수 DIY 캐릭터 큐빅 비즈십자수 지니맘,지니맘 큐빅십자수  DIY: 16번 별 (15cm 20cm)
846620536,SELLBLOG,NORMAL,아이가 재밌어해요.,2020-04-27T16:53:32.000+0000,STOREFARM,5,어린이 보석십자수 DIY 캐릭터 큐빅 비즈십자수 지니맘(입고완료),지니맘 큐빅십자수  DIY: 3번 분홍사슴 (15cm 20cm)
838869157,SELLBLOG,NORMAL,"아이들이 너무 좋아하네요 ㅋ
즐겁게 잘활용하고 있습니다",2020-04-15T13:29:39.000+0000,STOREFARM,5,어린이 보석십자수 DIY 캐릭터 큐빅 비즈십자수 지니맘,지니맘 큐빅십자수  DIY: 1번 유니콘  (15cm 20cm)
831186612,SELLBLOG,NORMAL,"배송빠르고 좋아요 
아이도 재밌어하고 저도 즐겁네요ㅋㅋㅋ",2020-04-03T06:14:05.000+0000,STOREFARM,5,어린이 보석십자수 DIY 캐릭터 큐빅 비즈십자수 지니맘 (입고완료),지니맘 큐빅십자수  DIY: 21번 별유니콘 (15cm 20cm)
835511535,SELLBLOG,NORMAL,"아이들이 집중해서 잘 하고 있어요~
엄청 기다리던거라 눈뜨자마자 하고 있네요~
완성되면 너무 예쁠꺼 같아요~",2020-04-10T00:21:22.000+0000,STOREFARM,4,어린이 보석십자수 DIY 캐릭터 큐빅 비즈십자수 지니맘,지니맘 큐빅십자수  DIY: 20번 거미 (15cm 20cm)
832375912,SELLBLOG,NORMAL,너무 예뻐요 더 커도 좋으듯해요,2020-04-05T06:07:10.000+0000,STOREFARM,4,어린이 보석십자수 DIY 캐릭터 큐빅 비즈십자수 지니맘 (입고완료),지니맘 큐빅십자수  DIY: 8번 꽃사슴 (15cm 20cm)
832375100,SELLBLOG,NORMAL,너무 예뻐요 더 커도 좋으듯해요,2020-04-05T06:05:10.000+0000,STOREFARM,4,어린이 보석십자수 DIY 캐릭터 큐빅 비즈십자수 지니맘 (입고완료),지니맘 큐빅십자수  DIY: 11번 클로버 (15cm 20cm)
842802406,SELLBLOG,AFTER_USE,"전 맘에 드는데
아이는 좀 어려워 하는거 같네요 ㅎㅎ",2020-04-21T20:54:35.000+0000,STOREFARM,4,어린이 보석십자수 DIY 캐릭터 큐빅 비즈십자수 지니맘,지니맘 큐빅십자수  DIY: 21번 별유니콘 (15cm 20cm)
842802385,SELLBLOG,AFTER_USE,"전 맘에 드는데
아이는 좀 어려워 하는거 같네요 ㅎㅎ",2020-04-21T20:54:22.000+0000,STOREFARM,4,어린이 보석십자수 DIY 캐릭터 큐빅 비즈십자수 지니맘,지니맘 큐빅십자수  DIY: 1번 유니콘 (15cm 20cm)
842802373,SELLBLOG,AFTER_USE,"전 맘에 드는데
아이는 좀 어려워 하는거 같네요 ㅎㅎ",2020-04-21T20:54:10.000+0000,STOREFARM,4,어린이 보석십자수 DIY 캐릭터 큐빅 비즈십자수 지니맘,지니맘 큐빅십자수  DIY: 7번 소녀2  (15cm 20cm)
839843349,SELLBLOG,NORMAL,"도안,비즈  퀄리티좋아요.
다른거랑 확실히차이나네요.",2020-04-17T06:04:44.000+0000,STOREFARM,5,어린이 보석십자수 DIY 캐릭터 큐빅 비즈십자수 지니맘,지니맘 큐빅십자수  DIY: 22번 부엉이 (15cm 20cm)
844402279,SELLBLOG,AFTER_USE,아이가 아직도 너무 좋아합니다,2020-04-24T00:51:15.000+0000,STOREFARM,5,어린이 보석십자수 DIY 캐릭터 큐빅 비즈십자수 지니맘,지니맘 큐빅십자수  DIY: 12번 슈퍼마리오 (15cm 20cm)
841063476,SELLBLOG,NORMAL,"애들이 집에서 재밌게 했어요~
반짝반짝 예쁘네요^^",2020-04-19T05:58:34.000+0000,STOREFARM,5,어린이 보석십자수 DIY 캐릭터 큐빅 비즈십자수 지니맘,지니맘 큐빅십자수  DIY: 21번 별유니콘 (15cm 20cm)
846320913,SELLBLOG,NORMAL,"재주문이예요..
만족합니다..",2020-04-27T06:14:26.000+0000,STOREFARM,5,어린이 보석십자수 DIY 캐릭터 큐빅 비즈십자수 지니맘(입고완료),지니맘 큐빅십자수  DIY: 7번 소녀2  (15cm 20cm)
841892731,SELLBLOG,NORMAL,재밌게잘했어요아이가좋아해요,2020-04-20T11:43:23.000+0000,STOREFARM,5,어린이 보석십자수 DIY 캐릭터 큐빅 비즈십자수 지니맘,지니맘 큐빅십자수  DIY: 1번 유니콘  (15cm 20cm)
810940906,SELLBLOG,NORMAL,"초1 부터 중3까지 아이들이 모두 재밌게 했어요~ 중3  조카도 작품 완성하고 뿌듯해하네요.
도안  그림이 예뻐서 작품완성 후 만족도가 더 큰 거 같아요.",2020-03-04T02:40:06.000+0000,STOREFARM,5,어린이 보석십자수 DIY 캐릭터 큐빅 비즈십자수 지니맘,지니맘 큐빅십자수  DIY: 12번 슈퍼마리오 (15cm 20cm)
838774500,SELLBLOG,NORMAL,"역시 아이꺼가 더 예쁘고 반짝반짝ㅎ 재밌어해용
6세아이가 좋아라합니다.",2020-04-15T10:28:33.000+0000,STOREFARM,5,어린이 보석십자수 DIY 캐릭터 큐빅 비즈십자수 지니맘,지니맘 큐빅십자수  DIY: 15번 베트맨 (15cm 20cm)
820512686,SELLBLOG,NORMAL,"아이가 너무 좋아해요:)
입고시간 맞춰서 겨우 주문한 보람이 느껴지네요 
집중력도 키우고 ㅋㅋ 지루한 방학도 이겨내봅니다~",2020-03-18T08:41:22.000+0000,STOREFARM,5,어린이 보석십자수 DIY 캐릭터 큐빅 비즈십자수 지니맘,지니맘 큐빅십자수  DIY: 21번 별유니콘 (15cm 20cm)
822699375,SELLBLOG,NORMAL,넘좋아해요 코로나땜에 바깥활동못하니깐 집에서 할수있는 걸 찾다가 구매했어요,2020-03-21T10:42:46.000+0000,STOREFARM,5,어린이 보석십자수 DIY 캐릭터 큐빅 비즈십자수 지니맘,지니맘 큐빅십자수  DIY: 2번 보라유니콘 (15cm 20cm)
824112118,SELLBLOG,NORMAL,코로나때문에 밖에나가지도 못하고 있는데 요거 주문해서 할수있게 해줬더니 너무 좋아하그 집중도도 짱입니다,2020-03-24T02:52:56.000+0000,STOREFARM,4,어린이 보석십자수 DIY 캐릭터 큐빅 비즈십자수 지니맘,지니맘 큐빅십자수  DIY: 17번 가면 (15cm 20cm)
834103961,SELLBLOG,NORMAL,학교못가는어린이들에게 정말최고네요^^근데비즈가많이남아서 도안만따로판매해주셔도좋을꺼같아요,2020-04-08T02:26:43.000+0000,STOREFARM,5,어린이 보석십자수 DIY 캐릭터 큐빅 비즈십자수 지니맘,지니맘 큐빅십자수  DIY: 1번 유니콘  (15cm 20cm)
834103887,SELLBLOG,NORMAL,학교못가는어린이들에게 정말최고네요^^근데비즈가많이남아서 도안만따로판매해주셔도좋을꺼같아요,2020-04-08T02:26:37.000+0000,STOREFARM,5,어린이 보석십자수 DIY 캐릭터 큐빅 비즈십자수 지니맘,지니맘 큐빅십자수  DIY: 8번 꽃사슴 (15cm 20cm)
834103805,SELLBLOG,NORMAL,학교못가는어린이들에게 정말최고네요^^근데비즈가많이남아서 도안만따로판매해주셔도좋을꺼같아요,2020-04-08T02:26:31.000+0000,STOREFARM,5,어린이 보석십자수 DIY 캐릭터 큐빅 비즈십자수 지니맘,지니맘 큐빅십자수  DIY: 22번 부엉이 (15cm 20cm)
836000812,SELLBLOG,NORMAL,조카들 집에 갇혀있으니 시간보내라고 보내줬어요..완성하면 장식해놓기도 괜찮을듯해요.,2020-04-10T14:15:55.000+0000,STOREFARM,5,어린이 보석십자수 DIY 캐릭터 큐빅 비즈십자수 지니맘 (입고완료),지니맘 큐빅십자수  DIY: 13번 스폰지밥 (15cm 20cm)
834473593,SELLBLOG,NORMAL,배송 빨라요 조아요,2020-04-08T10:56:37.000+0000,STOREFARM,5,어린이 보석십자수 DIY 캐릭터 큐빅 비즈십자수 지니맘,지니맘 큐빅십자수  DIY: 3번 분홍사슴 (15cm 20cm)
843963586,SELLBLOG,NORMAL,조아요딴생각안나서조아요ㅋ,2020-04-23T08:03:46.000+0000,STOREFARM,4,어린이 보석십자수 DIY 캐릭터 큐빅 비즈십자수 지니맘(입고완료),지니맘 큐빅십자수  DIY: 22번 부엉이 (15cm 20cm)
836643559,SELLBLOG,NORMAL,"완젼~~맘에 들어요
아이랑 같이 할수 있어서 좋았구요
보석도 넉넉해서 강추합니다",2020-04-11T22:40:55.000+0000,STOREFARM,5,어린이 보석십자수 DIY 캐릭터 큐빅 비즈십자수 지니맘,지니맘 큐빅십자수  DIY: 26번 돌고래(15cm 20cm)
833909050,SELLBLOG,NORMAL,"초등생이 하기엔 조금 크네요.
그래도 끝까지 완성하는걸 보니 잼있었나봐요.
이쁘고.배송도 총알입니다",2020-04-07T15:34:41.000+0000,STOREFARM,5,어린이 보석십자수 DIY 캐릭터 큐빅 비즈십자수 지니맘 (입고완료),지니맘 큐빅십자수  DIY: 13번 스폰지밥 (15cm 20cm)
823778219,SELLBLOG,NORMAL,실제로도 빤짝거리구 이뻐요~ 근데 풀이 잘 안붙어요 .. 빨리완성해보고싶네요,2020-03-23T09:01:04.000+0000,STOREFARM,4,어린이 보석십자수 DIY 캐릭터 큐빅 비즈십자수 지니맘,지니맘 큐빅십자수  DIY: 22번 부엉이 (15cm 20cm)
833603178,SELLBLOG,NORMAL,애기들완전 좋아해요 집중엄청 열심히 하더라구요 인기가많아서 거의품절이라 다른것도 구매됫음 좋겠어용ㅠㅠ,2020-04-07T08:56:54.000+0000,STOREFARM,5,어린이 보석십자수 DIY 캐릭터 큐빅 비즈십자수 지니맘,지니맘 큐빅십자수  DIY: 5번  반짝이 사슴 (15cm 20cm)
832449856,SELLBLOG,NORMAL,아직 개봉전 입니다,2020-04-05T09:05:07.000+0000,STOREFARM,4,어린이 보석십자수 DIY 캐릭터 큐빅 비즈십자수 지니맘 (입고완료),지니맘 큐빅십자수  DIY: 1번 유니콘  (15cm 20cm)
827884760,SELLBLOG,NORMAL,쉽고 예쁘고...노력에 비해 완성도가 좋아서 애들이 좋아해요.,2020-03-29T15:02:34.000+0000,STOREFARM,5,어린이 보석십자수 DIY 캐릭터 큐빅 비즈십자수 지니맘,지니맘 큐빅십자수  DIY: 14번 슈퍼맨 (15cm 20cm)
842824745,SELLBLOG,AFTER_USE,"굿굿~~보석십자수의 첫 스타트
매력에 빠져드네요",2020-04-21T22:54:22.000+0000,STOREFARM,5,어린이 보석십자수 DIY 캐릭터 큐빅 비즈십자수 지니맘,지니맘 큐빅십자수  DIY: 20번 거미 (15cm 20cm)
844081262,SELLBLOG,NORMAL,배송 빠르고 재미있어하네요,2020-04-23T10:44:13.000+0000,STOREFARM,5,어린이 보석십자수 DIY 캐릭터 큐빅 비즈십자수 지니맘,지니맘 큐빅십자수  DIY: 18번 망치 (15cm 20cm)
843776147,SELLBLOG,NORMAL,초5딸이 구매해서 잘하고 있어요,2020-04-23T03:51:26.000+0000,STOREFARM,4,어린이 보석십자수 DIY 캐릭터 큐빅 비즈십자수 지니맘,지니맘 큐빅십자수  DIY: 21번 별유니콘 (15cm 20cm)
839141314,SELLBLOG,AFTER_USE,예뻐요. 그런데 유치원생 하려니 다 엄마 몫이네요,2020-04-16T04:15:23.000+0000,STOREFARM,4,어린이 보석십자수 DIY 캐릭터 큐빅 비즈십자수 지니맘,지니맘 큐빅십자수  DIY: 21번 별유니콘 (15cm 20cm)
836788095,SELLBLOG,NORMAL,아이의집중력향상에 좋아요 집에서시가보내기에도 좋습니다,2020-04-12T04:46:58.000+0000,STOREFARM,5,어린이 보석십자수 DIY 캐릭터 큐빅 비즈십자수 지니맘,지니맘 큐빅십자수  DIY: 21번 별유니콘 (15cm 20cm)
837263453,SELLBLOG,NORMAL,6살조카가 좋아해요. 처음엔 같이 해야 흥미를 느끼는데 금새. 적응하네요♡,2020-04-13T01:49:59.000+0000,STOREFARM,5,어린이 보석십자수 DIY 캐릭터 큐빅 비즈십자수 지니맘,지니맘 큐빅십자수  DIY: 7번 소녀2  (15cm 20cm)
841841398,SELLBLOG,AFTER_USE,예뻐요~~ 벽에 걸어두니 화사하네요^^,2020-04-20T10:03:22.000+0000,STOREFARM,5,어린이 보석십자수 DIY 캐릭터 큐빅 비즈십자수 지니맘,지니맘 큐빅십자수  DIY: 20번 거미 (15cm 20cm)
820528839,SELLBLOG,NORMAL,"큐빅도 넉넉히 들어있고 예쁘네요. 
이거 하면서 하루 시간 잘 보냈어요~
엄마가 도와주긴 했지만 6세 여아도 재미있게 잘 했어요~",2020-03-18T09:02:53.000+0000,STOREFARM,5,어린이 보석십자수 DIY 캐릭터 큐빅 비즈십자수 지니맘,지니맘 큐빅십자수  DIY: 21번 별유니콘 (15cm 20cm)
839404040,SELLBLOG,NORMAL,"도착하자마자 이틀만에..완성..
아이언맨은  골드가 많아서 완성해놓으니 더 블링블링하네요..",2020-04-16T11:15:39.000+0000,STOREFARM,5,어린이 보석십자수 DIY 캐릭터 큐빅 비즈십자수 지니맘,지니맘 큐빅십자수  DIY: 17번 가면 (15cm 20cm)
832098923,SELLBLOG,NORMAL,타사이트에서 보석십자수를 사줬더니 너무재미있어해서 요번에는 이곳에서 주문했어요~ 아이들이 정말잼있어하네요^^ 집콕에 시간때우기 좋아요!!,2020-04-04T13:46:17.000+0000,STOREFARM,4,어린이 보석십자수 DIY 캐릭터 큐빅 비즈십자수 지니맘 (입고완료),지니맘 큐빅십자수  DIY: 1번 유니콘  (15cm 20cm)
819505587,SELLBLOG,NORMAL,긴방학이라심심해 하는  아이들에게 딱 입니다.,2020-03-17T02:36:48.000+0000,STOREFARM,5,어린이 보석십자수 DIY 캐릭터 큐빅 비즈십자수 지니맘,지니맘 큐빅십자수  DIY: 10번 안경토끼 (15cm 20cm)
839141108,SELLBLOG,AFTER_USE,재밌어요. 그런데 아이 혼자 하긴 힘듷어요,2020-04-16T04:14:59.000+0000,STOREFARM,4,어린이 보석십자수 DIY 캐릭터 큐빅 비즈십자수 지니맘,지니맘 큐빅십자수  DIY: 2번 보라유니콘 (15cm 20cm)
831332816,SELLBLOG,NORMAL,7살 여자아이 초집중이네요,2020-04-03T09:43:43.000+0000,STOREFARM,5,어린이 보석십자수 DIY 캐릭터 큐빅 비즈십자수 지니맘 (입고완료),지니맘 큐빅십자수  DIY: 22번 부엉이 (15cm 20cm)
822890704,SELLBLOG,NORMAL,방콕중 두녀석이 집중해서 멋진 작품을 완성했네요~시간 떼우기 넘 좋아요,2020-03-21T17:26:47.000+0000,STOREFARM,5,어린이 보석십자수 DIY 캐릭터 큐빅 비즈십자수 지니맘,지니맘 큐빅십자수  DIY: 9번 겨울사슴 (15cm 20cm)
822699982,SELLBLOG,NORMAL,그림도 이쁘고 7살 아이가 잘 따라하네요 ㅎㅎ얼른완성 되면 액자에 넣어줘야겠어요,2020-03-21T10:43:54.000+0000,STOREFARM,5,어린이 보석십자수 DIY 캐릭터 큐빅 비즈십자수 지니맘,지니맘 큐빅십자수  DIY: 21번 별유니콘 (15cm 20cm)
845002898,SELLBLOG,NORMAL,보석이라 반짝반짝 이쁘네요,2020-04-24T23:10:45.000+0000,STOREFARM,5,어린이 보석십자수 DIY 캐릭터 큐빅 비즈십자수 지니맘(입고완료),지니맘 큐빅십자수  DIY: 16번 별  (15cm 20cm)
845002852,SELLBLOG,NORMAL,보석이라 반짝반짝 이쁘네요,2020-04-24T23:10:32.000+0000,STOREFARM,5,어린이 보석십자수 DIY 캐릭터 큐빅 비즈십자수 지니맘(입고완료),지니맘 큐빅십자수  DIY: 21번 별유니콘 (15cm 20cm)
845002828,SELLBLOG,NORMAL,보석이라 반짝반짝 이쁘네요,2020-04-24T23:10:26.000+0000,STOREFARM,5,어린이 보석십자수 DIY 캐릭터 큐빅 비즈십자수 지니맘(입고완료),지니맘 큐빅십자수  DIY: 7번 소녀2  (15cm 20cm)
839295025,SELLBLOG,NORMAL,애들이 너무좋아해요~~~다양한게있어서 좋네요~,2020-04-16T08:23:29.000+0000,STOREFARM,5,어린이 보석십자수 DIY 캐릭터 큐빅 비즈십자수 지니맘,지니맘 큐빅십자수  DIY: 12번 슈퍼마리오 (15cm 20cm)
837165487,SELLBLOG,NORMAL,"아이들이 너무 재미있어하고 좋아해요!
엄청 집중해서 합니다~^^",2020-04-12T22:56:54.000+0000,STOREFARM,5,어린이 보석십자수 DIY 캐릭터 큐빅 비즈십자수 지니맘,지니맘 큐빅십자수  DIY: 22번 부엉이 (15cm 20cm)
844109911,SELLBLOG,NORMAL,아이가 좋아하니 좋네요,2020-04-23T11:22:12.000+0000,STOREFARM,5,어린이 보석십자수 DIY 캐릭터 큐빅 비즈십자수 지니맘,지니맘 큐빅십자수  DIY: 22번 부엉이 (15cm 20cm)
822421794,SELLBLOG,NORMAL,"아이들 집중해서 만들기 좋아요.
액자까지 넣으니 깔끔하고 이뻐요.
액자에 비닐은 떼야해요.",2020-03-21T02:49:38.000+0000,STOREFARM,5,어린이 보석십자수 DIY 캐릭터 큐빅 비즈십자수 지니맘,지니맘 큐빅십자수  DIY: 1번 유니콘 (15cm 20cm)
844109764,SELLBLOG,NORMAL,아이가 많이좋아합니다,2020-04-23T11:22:00.000+0000,STOREFARM,5,어린이 보석십자수 DIY 캐릭터 큐빅 비즈십자수 지니맘,지니맘 큐빅십자수  DIY: 21번 별유니콘 (15cm 20cm)
844109589,SELLBLOG,NORMAL,아이가 많이좋아합니다,2020-04-23T11:21:47.000+0000,STOREFARM,5,어린이 보석십자수 DIY 캐릭터 큐빅 비즈십자수 지니맘,지니맘 큐빅십자수  DIY: 7번 소녀2  (15cm 20cm)
840888636,SELLBLOG,NORMAL,예뻐요 액자를 같이 구매 안해서 다시 주문해야겠어요,2020-04-18T23:15:26.000+0000,STOREFARM,3,어린이 보석십자수 DIY 캐릭터 큐빅 비즈십자수 지니맘,지니맘 큐빅십자수  DIY: 21번 별유니콘 (15cm 20cm)
818902887,SELLBLOG,NORMAL,"집에있는시간이많아지니
아이가너무심심해해서 사줬는데
너무좋아했어요~~집중력있게 잘하더라구요
시간가는줄모르고 재미있게잘했어요~~",2020-03-16T01:53:56.000+0000,STOREFARM,5,어린이 보석십자수 DIY 캐릭터 큐빅 비즈십자수 지니맘,지니맘 큐빅십자수  DIY: 26번 돌고래(15cm 20cm)
845837011,SELLBLOG,NORMAL,아이가 좋아합니다~~~,2020-04-26T10:13:20.000+0000,STOREFARM,5,어린이 보석십자수 DIY 캐릭터 큐빅 비즈십자수 지니맘 (입고완료),지니맘 큐빅십자수  DIY: 23번 사자 (15cm 20cm)
836078352,SELLBLOG,NORMAL,큐빅자수 너무 재미있고 크기가 다른 반짝 큐빅이 너무 예뻐요. 사이즈가 다양했으면 좋겠어요.,2020-04-10T22:22:42.000+0000,STOREFARM,5,어린이 보석십자수 DIY 캐릭터 큐빅 비즈십자수 지니맘 (입고완료),지니맘 큐빅십자수  DIY: 7번 소녀2  (15cm 20cm)
835193778,SELLBLOG,NORMAL,"지난번에 이어 두번째 주문했어요 
6번7번 소녀 주문했는데 6번만2개가 왔네요
반품 귀찮아서 그냥 할께요~",2020-04-09T09:43:08.000+0000,STOREFARM,4,어린이 보석십자수 DIY 캐릭터 큐빅 비즈십자수 지니맘,지니맘 큐빅십자수  DIY: 6번 소녀1  (15cm 20cm)
842469135,SELLBLOG,NORMAL,완전예쁘고 큐빅종류가 많네요,2020-04-21T09:35:52.000+0000,STOREFARM,5,어린이 보석십자수 DIY 캐릭터 큐빅 비즈십자수 지니맘,지니맘 큐빅십자수  DIY: 21번 별유니콘 (15cm 20cm)
836526517,SELLBLOG,NORMAL,집중하다봄 목아픈데 시간가는줄 모르고 햇어요 아이도 좋아해요,2020-04-11T13:15:08.000+0000,STOREFARM,5,어린이 보석십자수 DIY 캐릭터 큐빅 비즈십자수 지니맘,지니맘 큐빅십자수  DIY: 24번 돌고래 (15cm 20cm)
836526454,SELLBLOG,NORMAL,집중하다봄 목아픈데 시간가는줄 모르고 햇어요 아이도 좋아해요,2020-04-11T13:15:01.000+0000,STOREFARM,5,어린이 보석십자수 DIY 캐릭터 큐빅 비즈십자수 지니맘,지니맘 큐빅십자수  DIY: 8번 꽃사슴 (15cm 20cm)
836526375,SELLBLOG,NORMAL,집중하다봄 목아픈데 시간가는줄 모르고 햇어요 아이도 좋아해요,2020-04-11T13:14:53.000+0000,STOREFARM,5,어린이 보석십자수 DIY 캐릭터 큐빅 비즈십자수 지니맘,지니맘 큐빅십자수  DIY: 2번 보라유니콘  (15cm 20cm)
819089587,SELLBLOG,NORMAL,좋아요 애들이 너무 좋아해요~~,2020-03-16T06:47:57.000+0000,STOREFARM,5,어린이 보석십자수 DIY 캐릭터 큐빅 비즈십자수 지니맘,지니맘 큐빅십자수  DIY: 10번 안경토끼 (15cm 20cm)
834681313,SELLBLOG,NORMAL,"재입고돼 어렵게 구매했네요.
배송은 좀 늦아 별 하나 뺐어요 ㅎ
내일 아이랑 만들어보려고요.",2020-04-08T15:27:36.000+0000,STOREFARM,4,어린이 보석십자수 DIY 캐릭터 큐빅 비즈십자수 지니맘 (입고완료),지니맘 큐빅십자수  DIY: 21번 별유니콘 (15cm 20cm)
832759835,SELLBLOG,NORMAL,아이들이 좋아해요~~~~~~,2020-04-06T01:22:16.000+0000,STOREFARM,5,어린이 보석십자수 DIY 캐릭터 큐빅 비즈십자수 지니맘,지니맘 큐빅십자수  DIY: 2번 보라유니콘 (15cm 20cm)
843443254,SELLBLOG,NORMAL,배송도 빠르고 상품도 잘 왔어요,2020-04-22T13:19:46.000+0000,STOREFARM,5,어린이 보석십자수 DIY 캐릭터 큐빅 비즈십자수 지니맘(입고완료),지니맘 큐빅십자수  DIY: 8번 꽃사슴 (15cm 20cm)
843443156,SELLBLOG,NORMAL,배송도 빠르고 상품도 잘 왔어요,2020-04-22T13:19:39.000+0000,STOREFARM,5,어린이 보석십자수 DIY 캐릭터 큐빅 비즈십자수 지니맘(입고완료),지니맘 큐빅십자수  DIY: 21번 별유니콘 (15cm 20cm)
843443041,SELLBLOG,NORMAL,배송도 빠르고 상품도 잘 왔어요,2020-04-22T13:19:30.000+0000,STOREFARM,5,어린이 보석십자수 DIY 캐릭터 큐빅 비즈십자수 지니맘(입고완료),지니맘 큐빅십자수  DIY: 1번 유니콘  (15cm 20cm)
833098071,SELLBLOG,NORMAL,예쁘고 좋은데 사달라고 조른 6살 딸아이는 열심히 하다가도 금방 지쳐하네요 ㅋ 결국 엄마가 다합니다 ㅋ,2020-04-06T11:24:28.000+0000,STOREFARM,4,어린이 보석십자수 DIY 캐릭터 큐빅 비즈십자수 지니맘 (입고완료),지니맘 큐빅십자수  DIY: 8번 꽃사슴 (15cm 20cm)
822792505,SELLBLOG,NORMAL,아이들이 좋아하고 생각보다 멋지네요 배송도 만족 합니다,2020-03-21T13:17:41.000+0000,STOREFARM,5,어린이 보석십자수 DIY 캐릭터 큐빅 비즈십자수 지니맘,지니맘 큐빅십자수  DIY: 25번 미니2  (15cm 20cm)
845837146,SELLBLOG,NORMAL,아기가 좋아해요~~~~,2020-04-26T10:13:38.000+0000,STOREFARM,5,어린이 보석십자수 DIY 캐릭터 큐빅 비즈십자수 지니맘 (입고완료),지니맘 큐빅십자수  DIY: 21번 별유니콘 (15cm 20cm)
836643692,SELLBLOG,NORMAL,"도안 보석 모두 너무 맘에 들었어요
아이도 즐겁게 완성♡",2020-04-11T22:41:48.000+0000,STOREFARM,5,어린이 보석십자수 DIY 캐릭터 큐빅 비즈십자수 지니맘,지니맘 큐빅십자수  DIY: 11번 클로버 (15cm 20cm)
843442672,SELLBLOG,NORMAL,배송도 빠르고 상품도 잘 왔어요.,2020-04-22T13:19:01.000+0000,STOREFARM,5,어린이 보석십자수 DIY 캐릭터 큐빅 비즈십자수 지니맘(입고완료),지니맘 큐빅십자수  DIY: 3번 분홍사슴 (15cm 20cm)
836103070,SELLBLOG,NORMAL,7개나살때는 그만한이유가있겠지요?ㅋㅋㅋ애들이 하루종일 요것만하네요^^,2020-04-11T00:06:41.000+0000,STOREFARM,5,어린이 보석십자수 DIY 캐릭터 큐빅 비즈십자수 지니맘,지니맘 큐빅십자수  DIY: 21번 별유니콘 (15cm 20cm)
831109718,SELLBLOG,NORMAL,시간아주 잘가요 잔뜩..,2020-04-03T04:22:06.000+0000,STOREFARM,5,어린이 보석십자수 DIY 캐릭터 큐빅 비즈십자수 지니맘 (입고완료),지니맘 큐빅십자수  DIY: 6번 소녀1  (15cm 20cm)
842426853,SELLBLOG,NORMAL,아이들이 재미있게 합니다,2020-04-21T08:43:46.000+0000,STOREFARM,4,어린이 보석십자수 DIY 캐릭터 큐빅 비즈십자수 지니맘,지니맘 큐빅십자수  DIY: 21번 별유니콘 (15cm 20cm)
813275348,SELLBLOG,NORMAL,다 완성하니 뿌듯합니다. 그러나 생각보다 집중력이 필요하고 어깨도 아파서 쉬엄쉬엄 해야 지치지 않아요. 아이가 이거 어른용 아니냐며...둘이 이틀 걸렸어요. 코로나땜에 집에 있는 아이들에게 좋은것 같아요.,2020-03-07T07:23:58.000+0000,STOREFARM,4,어린이 보석십자수 DIY 캐릭터 큐빅 비즈십자수 지니맘,지니맘 큐빅십자수  DIY: 16번 별 (15cm 20cm)
835964475,SELLBLOG,NORMAL,초등 고학년인 아이도 도안을 마음에 들어하네요. 만족합니다.,2020-04-10T13:07:02.000+0000,STOREFARM,5,어린이 보석십자수 DIY 캐릭터 큐빅 비즈십자수 지니맘,지니맘 큐빅십자수  DIY: 3번 분홍사슴 (15cm 20cm)
836095267,SELLBLOG,NORMAL,아이들이 너무 좋아하네요. 시간가는줄 모르게 집중한답니다^^,2020-04-10T23:41:29.000+0000,STOREFARM,5,어린이 보석십자수 DIY 캐릭터 큐빅 비즈십자수 지니맘 (입고완료),지니맘 큐빅십자수  DIY: 1번 유니콘  (15cm 20cm)
837650659,SELLBLOG,NORMAL,아이때문에 주문했는데 6세 딸아이껀 제가하고 11살 아들은 본인이 잘하더라구요~,2020-04-13T13:27:09.000+0000,STOREFARM,5,어린이 보석십자수 DIY 캐릭터 큐빅 비즈십자수 지니맘,지니맘 큐빅십자수  DIY: 15번 베트맨 (15cm 20cm)
831110088,SELLBLOG,NORMAL,시간잘가서 조아용 ㅎ,2020-04-03T04:22:37.000+0000,STOREFARM,5,어린이 보석십자수 DIY 캐릭터 큐빅 비즈십자수 지니맘 (입고완료),지니맘 큐빅십자수  DIY: 7번 소녀2  (15cm 20cm)
843121026,SELLBLOG,NORMAL,불량도 없고 좋으네요,2020-04-22T06:43:07.000+0000,STOREFARM,5,어린이 보석십자수 DIY 캐릭터 큐빅 비즈십자수 지니맘,지니맘 큐빅십자수  DIY: 1번 유니콘  (15cm 20cm)
845748179,SELLBLOG,NORMAL,넉넉히들어있고 조효ㅡㅂ니다,2020-04-26T06:47:21.000+0000,STOREFARM,5,어린이 보석십자수 DIY 캐릭터 큐빅 비즈십자수 지니맘(입고완료),지니맘 큐빅십자수  DIY: 21번 별유니콘 (15cm 20cm)
833909597,SELLBLOG,NORMAL,"중학생이 완성했네요.
자기만족 만탕입니다. 완성하니 더 화려하구 이뻐요.
배송도 빠르네요.",2020-04-07T15:36:01.000+0000,STOREFARM,5,어린이 보석십자수 DIY 캐릭터 큐빅 비즈십자수 지니맘 (입고완료),지니맘 큐빅십자수  DIY: 12번 슈퍼마리오 (15cm 20cm)
841987863,SELLBLOG,NORMAL,쉽고재밋어욕또주문할께요,2020-04-20T14:34:44.000+0000,STOREFARM,5,어린이 보석십자수 DIY 캐릭터 큐빅 비즈십자수 지니맘,지니맘 큐빅십자수  DIY: 20번 거미 (15cm 20cm)
837165648,SELLBLOG,NORMAL,"아이들이 무척 집중해서 하네요~
너무 잘 산것 같아요~",2020-04-12T22:57:25.000+0000,STOREFARM,5,어린이 보석십자수 DIY 캐릭터 큐빅 비즈십자수 지니맘,지니맘 큐빅십자수  DIY: 20번 거미 (15cm 20cm)
833689495,SELLBLOG,NORMAL,배송도빠르고무엇보다포장이꼼꼼하게잘되어있네요. 시간가는줄모르고하고있어요.,2020-04-07T10:49:12.000+0000,STOREFARM,5,어린이 보석십자수 DIY 캐릭터 큐빅 비즈십자수 지니맘,지니맘 큐빅십자수  DIY: 22번 부엉이 (15cm 20cm)
833689334,SELLBLOG,NORMAL,배송도빠르고무엇보다포장이꼼꼼하게잘되어있네요. 시간가는줄모르고하고있어요.,2020-04-07T10:49:02.000+0000,STOREFARM,5,어린이 보석십자수 DIY 캐릭터 큐빅 비즈십자수 지니맘,지니맘 큐빅십자수  DIY: 16번 별  (15cm 20cm)
830016256,SELLBLOG,NORMAL,아이들이 너무 좋아해요~,2020-04-01T14:22:20.000+0000,STOREFARM,5,어린이 보석십자수 DIY 캐릭터 큐빅 비즈십자수 지니맘,지니맘 큐빅십자수  DIY: 4번 홍학 (15cm 20cm)
827068528,SELLBLOG,NORMAL,비즈 사이즈 다양하고 집중 놀이 최고입니다,2020-03-28T06:57:05.000+0000,STOREFARM,5,어린이 보석십자수 DIY 캐릭터 큐빅 비즈십자수 지니맘,지니맘 큐빅십자수  DIY: 25번 미니2  (15cm 20cm)
843117452,SELLBLOG,AFTER_USE,최고로좋아요 넘만족행ᆢㄷ,2020-04-22T06:38:29.000+0000,STOREFARM,5,어린이 보석십자수 DIY 캐릭터 큐빅 비즈십자수 지니맘,지니맘 큐빅십자수  DIY: 4번 홍학 (15cm 20cm)
845677991,SELLBLOG,NORMAL,좋아요~~~~~굿굿,2020-04-26T03:52:06.000+0000,STOREFARM,4,어린이 보석십자수 DIY 캐릭터 큐빅 비즈십자수 지니맘,지니맘 큐빅십자수  DIY: 24번 미니1 (15cm 20cm)
839141510,SELLBLOG,AFTER_USE,초등학교 고학년은 되야 혼자 할수 있을 것 같아요,2020-04-16T04:15:44.000+0000,STOREFARM,4,어린이 보석십자수 DIY 캐릭터 큐빅 비즈십자수 지니맘,지니맘 큐빅십자수  DIY: 2번 보라유니콘 (15cm 20cm)
815880492,SELLBLOG,NORMAL,"배송도 빠르고 아이들이 너무 재미 있어하고 
2시간 만에 다 완성 했어요
저두 옆에서 같이 했는데 재미가 있어서 
다음엔 더 큰 그림으로 도전할려구요^^",2020-03-11T08:12:13.000+0000,STOREFARM,5,어린이 보석십자수 DIY 캐릭터 큐빅 비즈십자수 지니맘,지니맘 큐빅십자수  DIY: 17번 가면 (15cm 20cm)
841437588,SELLBLOG,NORMAL,아이들집중에좋은듯합니다,2020-04-19T22:48:46.000+0000,STOREFARM,5,어린이 보석십자수 DIY 캐릭터 큐빅 비즈십자수 지니맘,지니맘 큐빅십자수  DIY: 22번 부엉이 (15cm 20cm)
841437540,SELLBLOG,NORMAL,아이들집중에좋은듯합니다,2020-04-19T22:48:32.000+0000,STOREFARM,5,어린이 보석십자수 DIY 캐릭터 큐빅 비즈십자수 지니맘,지니맘 큐빅십자수  DIY: 21번 별유니콘 (15cm 20cm)
841437502,SELLBLOG,NORMAL,아이들집중에좋은듯합니다,2020-04-19T22:48:23.000+0000,STOREFARM,5,어린이 보석십자수 DIY 캐릭터 큐빅 비즈십자수 지니맘,지니맘 큐빅십자수  DIY: 12번 슈퍼마리오 (15cm 20cm)
841437282,SELLBLOG,NORMAL,아이들집중에좋은듯합니다,2020-04-19T22:47:34.000+0000,STOREFARM,5,어린이 보석십자수 DIY 캐릭터 큐빅 비즈십자수 지니맘,지니맘 큐빅십자수  DIY: 1번 유니콘  (15cm 20cm)
844109393,SELLBLOG,NORMAL,아이가 좋아하네요^^,2020-04-23T11:21:31.000+0000,STOREFARM,5,어린이 보석십자수 DIY 캐릭터 큐빅 비즈십자수 지니맘,지니맘 큐빅십자수  DIY: 6번 소녀1  (15cm 20cm)
837165851,SELLBLOG,NORMAL,"아이들이 너무 좋아해요~
집중해서 엄청 열심히 해요~~",2020-04-12T22:58:04.000+0000,STOREFARM,5,어린이 보석십자수 DIY 캐릭터 큐빅 비즈십자수 지니맘,지니맘 큐빅십자수  DIY: 21번 별유니콘 (15cm 20cm)
841119477,SELLBLOG,NORMAL,가성비가 뛰어난 것이 좋습니다,2020-04-19T07:44:50.000+0000,STOREFARM,5,어린이 보석십자수 DIY 캐릭터 큐빅 비즈십자수 지니맘,지니맘 큐빅십자수  DIY: 22번 부엉이 (15cm 20cm)
819944737,SELLBLOG,NORMAL,완전 허접하네요. 5천원 더 주고 액자까지 있는 십자수 구매할 꺼 그랬어요.  진짜 돈 아까워요.,2020-03-17T12:49:19.000+0000,STOREFARM,3,어린이 보석십자수 DIY 캐릭터 큐빅 비즈십자수 지니맘,지니맘 큐빅십자수  DIY: 21번 별유니콘 (15cm 20cm)
831707102,SELLBLOG,NORMAL,6살조카가 엄청좋아해요^^처음에 방법만 알려주면 주거니받거니하다 완성되는 모습에 욕심도내고 집중도 잘하네요♡,2020-04-04T03:06:20.000+0000,STOREFARM,5,어린이 보석십자수 DIY 캐릭터 큐빅 비즈십자수 지니맘,지니맘 큐빅십자수  DIY: 22번 부엉이 (15cm 20cm)
841987623,SELLBLOG,NORMAL,애기들하기좋은사이즈,2020-04-20T14:34:13.000+0000,STOREFARM,5,어린이 보석십자수 DIY 캐릭터 큐빅 비즈십자수 지니맘,지니맘 큐빅십자수  DIY: 21번 별유니콘 (15cm 20cm)
836800614,SELLBLOG,NORMAL,"심심해하는 조카들한테 보내줬어요~
 맘에 들어하네요~ ^^",2020-04-12T05:13:58.000+0000,STOREFARM,4,어린이 보석십자수 DIY 캐릭터 큐빅 비즈십자수 지니맘,지니맘 큐빅십자수  DIY: 22번 부엉이 (15cm 20cm)
837199279,SELLBLOG,NORMAL,"기다렸다가 바로구매했어요
애들이 좋아해요",2020-04-13T00:12:38.000+0000,STOREFARM,5,어린이 보석십자수 DIY 캐릭터 큐빅 비즈십자수 지니맘 (입고완료),지니맘 큐빅십자수  DIY: 6번 소녀1  (15cm 20cm)
819103859,SELLBLOG,NORMAL,기대만큼 재미있어하네요~액자를 주문안해서 담번에 다른것도 주문하면서 같이 시켜야겠어요,2020-03-16T07:13:08.000+0000,STOREFARM,4,어린이 보석십자수 DIY 캐릭터 큐빅 비즈십자수 지니맘,지니맘 큐빅십자수  DIY: 21번 별유니콘 (15cm 20cm)
841891513,SELLBLOG,AFTER_USE,반짝거림이 너무예뻐요,2020-04-20T11:41:20.000+0000,STOREFARM,5,어린이 보석십자수 DIY 캐릭터 큐빅 비즈십자수 지니맘,지니맘 큐빅십자수  DIY: 21번 별유니콘 (15cm 20cm)
834491296,SELLBLOG,NORMAL,"예뻐요.
코로나로 잠시동안 조용히 각자의 시간을 보내기 딱이예요",2020-04-08T11:17:59.000+0000,STOREFARM,5,어린이 보석십자수 DIY 캐릭터 큐빅 비즈십자수 지니맘 (입고완료),지니맘 큐빅십자수  DIY: 3번 분홍사슴 (15cm 20cm)
836209580,SELLBLOG,NORMAL,"큐빅도 넉넉하고 만들어 액자에 넣어두니 이뿌네요
아이들이 다른것도 더 해보고싶어하네요 ㅎㅎ",2020-04-11T03:56:50.000+0000,STOREFARM,5,어린이 보석십자수 DIY 캐릭터 큐빅 비즈십자수 지니맘,지니맘 큐빅십자수  DIY: 1번 유니콘  (15cm 20cm)
840755680,SELLBLOG,NORMAL,"하고나면 이뻐요
엄마빠가
다했지만",2020-04-18T13:20:06.000+0000,STOREFARM,5,어린이 보석십자수 DIY 캐릭터 큐빅 비즈십자수 지니맘 (입고완료),지니맘 큐빅십자수  DIY: 1번 유니콘  (15cm 20cm)
839758980,SELLBLOG,NORMAL,아이가 집중해서 하니...코로나집콕에 딱입니다ㅋ,2020-04-17T03:48:21.000+0000,STOREFARM,5,어린이 보석십자수 DIY 캐릭터 큐빅 비즈십자수 지니맘,지니맘 큐빅십자수  DIY: 6번 소녀1  (15cm 20cm)
838906610,SELLBLOG,NORMAL,길어진 방학(ㅜ)으로 따분해 하는 아이와 함께 하면 좋아요,2020-04-15T14:41:30.000+0000,STOREFARM,5,어린이 보석십자수 DIY 캐릭터 큐빅 비즈십자수 지니맘,
838906855,SELLBLOG,NORMAL,"비교적 쉽게 할 수 있어서
아이와 함께 하기 좋아요",2020-04-15T14:42:00.000+0000,STOREFARM,5,어린이 보석십자수 DIY 캐릭터 큐빅 비즈십자수 지니맘,지니맘 큐빅십자수  DIY: 10번 안경토끼  (15cm 20cm)
821507487,SELLBLOG,NORMAL,"5살7살 너무좋아하네요
특히 7살아이는 혼자스스로 번호찾아가며
혼자 다합니다~",2020-03-19T13:09:20.000+0000,STOREFARM,5,어린이 보석십자수 DIY 캐릭터 큐빅 비즈십자수 지니맘,지니맘 큐빅십자수  DIY: 1번 유니콘 (15cm 20cm)
842649044,SELLBLOG,NORMAL,"반짝반짝예뻐요
애들이좋아해요",2020-04-21T13:01:35.000+0000,STOREFARM,5,어린이 보석십자수 DIY 캐릭터 큐빅 비즈십자수 지니맘,지니맘 큐빅십자수  DIY: 1번 유니콘  (15cm 20cm)
842648334,SELLBLOG,NORMAL,"반짝반짝예뻐요
애들이좋아해요",2020-04-21T13:00:52.000+0000,STOREFARM,5,어린이 보석십자수 DIY 캐릭터 큐빅 비즈십자수 지니맘,지니맘 큐빅십자수  DIY: 20번 거미 (15cm 20cm)
822852303,SELLBLOG,NORMAL,아이가 너무 좋아하네요. 액자를 구매했어야했는데..ㅠ,2020-03-21T15:12:39.000+0000,STOREFARM,5,어린이 보석십자수 DIY 캐릭터 큐빅 비즈십자수 지니맘,지니맘 큐빅십자수  DIY: 3번 분홍사슴 (15cm 20cm)
817822740,SELLBLOG,NORMAL,재미있어요 보석사이즈들이 넘 작지않아 편하게 재미있게했어요.완성하고나니 생각한데로 만족이에요^^,2020-03-14T04:13:43.000+0000,STOREFARM,5,어린이 보석십자수 DIY 캐릭터 큐빅 비즈십자수 지니맘,지니맘 큐빅십자수  DIY: 22번 부엉이 (15cm 20cm)
838030456,SELLBLOG,AFTER_USE,3개구매해 마지막 부엉이 하는중인데 곧 또구매가지싶네요~^^,2020-04-14T07:33:01.000+0000,STOREFARM,5,어린이 보석십자수 DIY 캐릭터 큐빅 비즈십자수 지니맘,지니맘 큐빅십자수  DIY: 22번 부엉이 (15cm 20cm)
836798465,SELLBLOG,NORMAL,"조카들한테 보내줬어요~
반짝반짝 이쁘다고 좋아하네요",2020-04-12T05:09:13.000+0000,STOREFARM,4,어린이 보석십자수 DIY 캐릭터 큐빅 비즈십자수 지니맘,지니맘 큐빅십자수  DIY: 20번 거미 (15cm 20cm)
824775855,SELLBLOG,NORMAL,다음엔 아이들이 원하는 상품으로 일찍 사야겠어요,2020-03-25T01:12:43.000+0000,STOREFARM,5,어린이 보석십자수 DIY 캐릭터 큐빅 비즈십자수 지니맘,지니맘 큐빅십자수  DIY: 3번 분홍사슴 (15cm 20cm)
833603588,SELLBLOG,NORMAL,다시말씀 드려도최곱니다ㅎㅎ 많이파세요~~ 다른것도 구매하루잇게 해주세요~~,2020-04-07T08:57:25.000+0000,STOREFARM,5,어린이 보석십자수 DIY 캐릭터 큐빅 비즈십자수 지니맘,지니맘 큐빅십자수  DIY: 19번 방패 (15cm 20cm)
823239021,SELLBLOG,NORMAL,비즈도 많이 남아요 여유롭게 주시네요~재미있어요~,2020-03-22T11:25:01.000+0000,STOREFARM,5,어린이 보석십자수 DIY 캐릭터 큐빅 비즈십자수 지니맘,지니맘 큐빅십자수  DIY: 22번 부엉이 (15cm 20cm)
824815355,SELLBLOG,AFTER_USE,아이들이 하고싶어하는거  싸게 사서 너무 좋아요,2020-03-25T02:12:43.000+0000,STOREFARM,5,어린이 보석십자수 DIY 캐릭터 큐빅 비즈십자수 지니맘,지니맘 큐빅십자수  DIY: 8번 꽃사슴 (15cm 20cm)
824815073,SELLBLOG,AFTER_USE,아이들이 하고싶어하는거  싸게 사서 너무 좋아요,2020-03-25T02:12:17.000+0000,STOREFARM,5,어린이 보석십자수 DIY 캐릭터 큐빅 비즈십자수 지니맘,지니맘 큐빅십자수  DIY: 3번 분홍사슴 (15cm 20cm)
840227207,SELLBLOG,AFTER_USE,요즘같은 시기에 잘사용하네요,2020-04-17T16:19:18.000+0000,STOREFARM,5,어린이 보석십자수 DIY 캐릭터 큐빅 비즈십자수 지니맘,지니맘 큐빅십자수  DIY: 16번 별 (15cm 20cm)
843186041,SELLBLOG,NORMAL,"좋아요
아이가좋아해요",2020-04-22T08:05:41.000+0000,STOREFARM,5,어린이 보석십자수 DIY 캐릭터 큐빅 비즈십자수 지니맘(입고완료),지니맘 큐빅십자수  DIY: 22번 부엉이 (15cm 20cm)
821652129,SELLBLOG,NORMAL,"친절한 응대.빠른배송.감사합니다.
아이가.넘 좋아해요^^",2020-03-19T22:37:10.000+0000,STOREFARM,5,어린이 보석십자수 DIY 캐릭터 큐빅 비즈십자수 지니맘,지니맘 큐빅십자수  DIY: 8번 꽃사슴 (15cm 20cm)
822706830,SELLBLOG,NORMAL,"집에서 즐겁게하고있어요~^^
너무빨리해서 또사야되요ㅎ",2020-03-21T10:56:07.000+0000,STOREFARM,5,어린이 보석십자수 DIY 캐릭터 큐빅 비즈십자수 지니맘,지니맘 큐빅십자수  DIY: 21번 별유니콘 (15cm 20cm)
841349804,SELLBLOG,NORMAL,7세아이 너무 재밌어하네요~,2020-04-19T14:28:47.000+0000,STOREFARM,5,어린이 보석십자수 DIY 캐릭터 큐빅 비즈십자수 지니맘,지니맘 큐빅십자수  DIY: 22번 부엉이 (15cm 20cm)
821652428,SELLBLOG,NORMAL,두개주문했는데.. 둘다 아이가 선택했어요.넘좋아하네요,2020-03-19T22:38:28.000+0000,STOREFARM,5,어린이 보석십자수 DIY 캐릭터 큐빅 비즈십자수 지니맘,지니맘 큐빅십자수  DIY: 21번 별유니콘 (15cm 20cm)
834284926,SELLBLOG,NORMAL,블링블링 이쁘네요..저도 한번씩 해보는데 재밌어요..아이가 좋아합니다,2020-04-08T06:52:14.000+0000,STOREFARM,5,어린이 보석십자수 DIY 캐릭터 큐빅 비즈십자수 지니맘 (입고완료),지니맘 큐빅십자수  DIY: 5번  반짝이 사슴 (15cm 20cm)
826023048,SELLBLOG,NORMAL,액자에 끼워주니 더 멋진 작품이 되었어요.,2020-03-26T12:53:09.000+0000,STOREFARM,4,어린이 보석십자수 DIY 캐릭터 큐빅 비즈십자수 지니맘,지니맘 큐빅십자수  DIY: 20번 거미 (15cm 20cm)
826022545,SELLBLOG,NORMAL,작품 완성하고 액자에 끼워주니 더 멋져요~,2020-03-26T12:52:28.000+0000,STOREFARM,4,어린이 보석십자수 DIY 캐릭터 큐빅 비즈십자수 지니맘,지니맘 큐빅십자수  DIY: 21번 별유니콘 (15cm 20cm)
843432249,SELLBLOG,AFTER_USE,즐겁게 했습니다..,2020-04-22T13:06:35.000+0000,STOREFARM,5,어린이 보석십자수 DIY 캐릭터 큐빅 비즈십자수 지니맘,지니맘 큐빅십자수  DIY: 3번 분홍사슴 (15cm 20cm)
828883934,SELLBLOG,NORMAL,아이가 넘 좋아하네요^^,2020-03-31T08:01:47.000+0000,STOREFARM,5,어린이 보석십자수 DIY 캐릭터 큐빅 비즈십자수 지니맘,지니맘 큐빅십자수  DIY: 19번 방패 (15cm 20cm)
832500244,SELLBLOG,NORMAL,조카랑 아들꺼 주문했어요..게임만 하는거같아 주문했는데 가만히 앉아 집중있게 잘하네요..,2020-04-05T11:03:16.000+0000,STOREFARM,4,어린이 보석십자수 DIY 캐릭터 큐빅 비즈십자수 지니맘 (입고완료),지니맘 큐빅십자수  DIY: 17번 가면 (15cm 20cm)
811837383,SELLBLOG,NORMAL,"5살 아이가 하는 중인데 힘들다고 하면서 계속 하겠다고 하네요
옆에서 같이 붙어 앉아서 봐줘야 하지만 하루종일 집 어지른거 치우는 일보단 할만 합니다ㅋ
완성하면 반짝반짝 넘 이쁠것같아요",2020-03-05T05:29:54.000+0000,STOREFARM,5,어린이 보석십자수 DIY 캐릭터 큐빅 비즈십자수 지니맘,지니맘 큐빅십자수  DIY: 5번  반짝이 사슴 (15cm 20cm)
839629843,SELLBLOG,NORMAL,아이들이 너무 재미있어하네요,2020-04-16T23:36:59.000+0000,STOREFARM,5,어린이 보석십자수 DIY 캐릭터 큐빅 비즈십자수 지니맘,지니맘 큐빅십자수  DIY: 18번 망치 (15cm 20cm)
820441326,SELLBLOG,NORMAL,시간가는줄 모르고 집중하며 하네요. 품절 풀리면 더 구매하려구요,2020-03-18T07:09:13.000+0000,STOREFARM,5,어린이 보석십자수 DIY 캐릭터 큐빅 비즈십자수 지니맘,지니맘 큐빅십자수  DIY: 3번 분홍사슴 (15cm 20cm)
841340220,SELLBLOG,NORMAL,아이가너무좋아해요 이뻐요,2020-04-19T14:10:26.000+0000,STOREFARM,5,어린이 보석십자수 DIY 캐릭터 큐빅 비즈십자수 지니맘,지니맘 큐빅십자수  DIY: 21번 별유니콘 (15cm 20cm)
823238686,SELLBLOG,NORMAL,너무 이뻐요. 한번시작하면 멈출수가없네요ㅎㅎ,2020-03-22T11:24:21.000+0000,STOREFARM,5,어린이 보석십자수 DIY 캐릭터 큐빅 비즈십자수 지니맘,지니맘 큐빅십자수  DIY: 12번 슈퍼마리오 (15cm 20cm)
836528161,SELLBLOG,NORMAL,애들이 푹빠졌어요 너무 이쁘고 재밌어요,2020-04-11T13:17:56.000+0000,STOREFARM,5,어린이 보석십자수 DIY 캐릭터 큐빅 비즈십자수 지니맘,지니맘 큐빅십자수  DIY: 6번 소녀1  (15cm 20cm)
826270789,SELLBLOG,NORMAL,시간가는줄 모르고 재미있게 했어요.,2020-03-27T01:50:50.000+0000,STOREFARM,5,어린이 보석십자수 DIY 캐릭터 큐빅 비즈십자수 지니맘,지니맘 큐빅십자수  DIY: 12번 슈퍼마리오 (15cm 20cm)
819770452,SELLBLOG,NORMAL,"지루해하는아이들을위해서~좀작네요..
큰거살껄하고살짝후회됨~",2020-03-17T09:23:37.000+0000,STOREFARM,5,어린이 보석십자수 DIY 캐릭터 큐빅 비즈십자수 지니맘,지니맘 큐빅십자수  DIY: 14번 슈퍼맨 (15cm 20cm)
830015652,SELLBLOG,NORMAL,너무너무 맘에 들어요~,2020-04-01T14:21:31.000+0000,STOREFARM,5,어린이 보석십자수 DIY 캐릭터 큐빅 비즈십자수 지니맘,지니맘 큐빅십자수  DIY: 21번 별유니콘 (15cm 20cm)
843432415,SELLBLOG,AFTER_USE,즐겁게 했습니다...,2020-04-22T13:06:46.000+0000,STOREFARM,5,어린이 보석십자수 DIY 캐릭터 큐빅 비즈십자수 지니맘,지니맘 큐빅십자수  DIY: 8번 꽃사슴 (15cm 20cm)
824775386,SELLBLOG,NORMAL,구성이 좋아요 아이들이 좋아해요,2020-03-25T01:11:59.000+0000,STOREFARM,5,어린이 보석십자수 DIY 캐릭터 큐빅 비즈십자수 지니맘,지니맘 큐빅십자수  DIY: 9번 겨울사슴 (15cm 20cm)
822144001,SELLBLOG,NORMAL,"코로나로 집콕중인데.아이와 집중해서 완성하고
벽에걸어두니,성취감도 느끼고 인테리어 효과까지 ~~~ㄴ",2020-03-20T12:01:12.000+0000,STOREFARM,5,어린이 보석십자수 DIY 캐릭터 큐빅 비즈십자수 지니맘,지니맘 큐빅십자수  DIY: 20번 거미 (15cm 20cm)
855263174,SELLBLOG,AFTER_USE,좋아요 좋아요 좋아요 좋아요,2020-05-12T09:24:41.000+0000,STOREFARM,4,어린이 보석십자수 DIY 캐릭터 큐빅 비즈십자수 지니맘 (입고완료),지니맘 큐빅십자수  DIY: 9번 겨울사슴 (15cm 20cm)
838699326,SELLBLOG,NORMAL,반짝반짝 예뻐요 ㅎㅎ 아이가 넘 좋아해요 ㅎㅎ,2020-04-15T07:39:28.000+0000,STOREFARM,5,어린이 보석십자수 DIY 캐릭터 큐빅 비즈십자수 지니맘 (입고완료),지니맘 큐빅십자수  DIY: 9번 겨울사슴 (15cm 20cm)
838699258,SELLBLOG,NORMAL,반짝반짝 예뻐요 ㅎㅎ 아이가 넘 좋아해요 ㅎㅎ,2020-04-15T07:39:20.000+0000,STOREFARM,5,어린이 보석십자수 DIY 캐릭터 큐빅 비즈십자수 지니맘 (입고완료),지니맘 큐빅십자수  DIY: 1번 유니콘  (15cm 20cm)
821907988,SELLBLOG,NORMAL,"집중해서 너무 잘해요!
좋은 시간이 되었습니다",2020-03-20T06:14:11.000+0000,STOREFARM,5,어린이 보석십자수 DIY 캐릭터 큐빅 비즈십자수 지니맘,지니맘 큐빅십자수  DIY: 25번 미니2  (15cm 20cm)
827069030,SELLBLOG,NORMAL,구성 가격 재구매의사 추천,2020-03-28T06:57:53.000+0000,STOREFARM,4,어린이 보석십자수 DIY 캐릭터 큐빅 비즈십자수 지니맘,지니맘 큐빅십자수  DIY: 5번  반짝이 사슴 (15cm 20cm)
843431792,SELLBLOG,AFTER_USE,즐겁게 했습니다  ....,2020-04-22T13:06:04.000+0000,STOREFARM,5,어린이 보석십자수 DIY 캐릭터 큐빅 비즈십자수 지니맘,지니맘 큐빅십자수  DIY: 6번 소녀1  (15cm 20cm)
821230471,SELLBLOG,NORMAL,"시간보내용으로 최적의 상품입니다
이거 하느라 핸드폰 하는 시간이 줄어들어 너무 좋네요",2020-03-19T07:13:20.000+0000,STOREFARM,5,어린이 보석십자수 DIY 캐릭터 큐빅 비즈십자수 지니맘,지니맘 큐빅십자수  DIY: 24번 미니1 (15cm 20cm)
839464776,SELLBLOG,NORMAL,큐빅이 엄청 반짝거리고 이뻐요,2020-04-16T12:40:57.000+0000,STOREFARM,5,어린이 보석십자수 DIY 캐릭터 큐빅 비즈십자수 지니맘,지니맘 큐빅십자수  DIY: 1번 유니콘  (15cm 20cm)
839464257,SELLBLOG,NORMAL,큐빅이 엄청 반짝거리고 이뻐요,2020-04-16T12:40:11.000+0000,STOREFARM,5,어린이 보석십자수 DIY 캐릭터 큐빅 비즈십자수 지니맘,지니맘 큐빅십자수  DIY: 21번 별유니콘 (15cm 20cm)
823239345,SELLBLOG,NORMAL,이뻐요.인테리어용으로도 손색이 없네요~,2020-03-22T11:25:36.000+0000,STOREFARM,5,어린이 보석십자수 DIY 캐릭터 큐빅 비즈십자수 지니맘,지니맘 큐빅십자수  DIY: 4번 홍학 (15cm 20cm)
820442072,SELLBLOG,NORMAL,아이가 좋아해요. 액자는 사이즈가 안맞아서 테두리 자르니 들어가네요.,2020-03-18T07:10:09.000+0000,STOREFARM,5,어린이 보석십자수 DIY 캐릭터 큐빅 비즈십자수 지니맘,지니맘 큐빅십자수  DIY: 22번 부엉이 (15cm 20cm)
833760065,SELLBLOG,NORMAL,"아이가 재미있게 해요
코로나로 심심해 하다 재밌는 놀이가 생겼어요",2020-04-07T12:09:11.000+0000,STOREFARM,5,어린이 보석십자수 DIY 캐릭터 큐빅 비즈십자수 지니맘 (입고완료),지니맘 큐빅십자수  DIY: 12번 슈퍼마리오 (15cm 20cm)
837199778,SELLBLOG,NORMAL,"아주 만족해요
딸애가 좋아하네요",2020-04-13T00:13:28.000+0000,STOREFARM,5,어린이 보석십자수 DIY 캐릭터 큐빅 비즈십자수 지니맘 (입고완료),지니맘 큐빅십자수  DIY: 22번 부엉이 (15cm 20cm)
816873088,SELLBLOG,NORMAL,"큰아이가 좋아하는 네이클로버 반나절만에 뚝딱했네요
완성작품보고 너무 좋아했어요~
좋은질에 예쁜상품 강추~!!",2020-03-12T12:35:32.000+0000,STOREFARM,5,어린이 보석십자수 DIY 캐릭터 큐빅 비즈십자수 지니맘,지니맘 큐빅십자수  DIY: 11번 클로버 (15cm 20cm)
824960430,SELLBLOG,NORMAL,애들이 집에서 심심해했는데 좋아해요,2020-03-25T05:55:36.000+0000,STOREFARM,5,어린이 보석십자수 DIY 캐릭터 큐빅 비즈십자수 지니맘,지니맘 큐빅십자수  DIY: 14번 슈퍼맨 (15cm 20cm)
838990571,SELLBLOG,NORMAL,구성좋고예쁘고배송무난합니다,2020-04-15T23:30:10.000+0000,STOREFARM,5,어린이 보석십자수 DIY 캐릭터 큐빅 비즈십자수 지니맘,지니맘 큐빅십자수  DIY: 1번 유니콘  (15cm 20cm)
838990479,SELLBLOG,NORMAL,구성좋고예쁘고배송무난합니다,2020-04-15T23:29:55.000+0000,STOREFARM,5,어린이 보석십자수 DIY 캐릭터 큐빅 비즈십자수 지니맘,지니맘 큐빅십자수  DIY: 8번 꽃사슴 (15cm 20cm)
833774950,SELLBLOG,NORMAL,계속앉아서 하려니 좀힘들긴한데 아이가 넘 좋아하고 조금씩 완성되는거 보니 너무 예뻐요^^,2020-04-07T12:26:32.000+0000,STOREFARM,5,어린이 보석십자수 DIY 캐릭터 큐빅 비즈십자수 지니맘,지니맘 큐빅십자수  DIY: 1번 유니콘  (15cm 20cm)
840189703,SELLBLOG,NORMAL,시간가는줄 모르겠네요,2020-04-17T14:37:18.000+0000,STOREFARM,5,어린이 보석십자수 DIY 캐릭터 큐빅 비즈십자수 지니맘 (입고완료),지니맘 큐빅십자수  DIY: 23번 사자 (15cm 20cm)
840189556,SELLBLOG,NORMAL,시간가는줄모르겠네요,2020-04-17T14:36:54.000+0000,STOREFARM,5,어린이 보석십자수 DIY 캐릭터 큐빅 비즈십자수 지니맘 (입고완료),지니맘 큐빅십자수  DIY: 8번 꽃사슴 (15cm 20cm)
827281931,SELLBLOG,NORMAL,아이가 집중잘하네요,2020-03-28T12:34:51.000+0000,STOREFARM,5,어린이 보석십자수 DIY 캐릭터 큐빅 비즈십자수 지니맘,지니맘 큐빅십자수  DIY: 22번 부엉이 (15cm 20cm)
824959699,SELLBLOG,NORMAL,"애들이 좋아해요
다른것도 하고 싶어하네요",2020-03-25T05:54:28.000+0000,STOREFARM,5,어린이 보석십자수 DIY 캐릭터 큐빅 비즈십자수 지니맘,지니맘 큐빅십자수  DIY: 21번 별유니콘 (15cm 20cm)
828024561,SELLBLOG,NORMAL,"받자마자  아이들의 놀라운 집중력 ㅎㅎㅎ하루만에 끝낼듯했으나 몇일 잼있게 시간보냈어요 ㅎㅎ
품절이 너무 많아 별두개빼요 ㅠㅠ",2020-03-30T01:15:58.000+0000,STOREFARM,3,어린이 보석십자수 DIY 캐릭터 큐빅 비즈십자수 지니맘,지니맘 큐빅십자수  DIY: 6번 소녀1  (15cm 20cm)
816452573,SELLBLOG,NORMAL,비즈가 막 섞여있어서 찾기 힘들었어요 ㅜ 작은사이즈 핑크 부족해서 봤더니 큰사이즈 핑크에 들어가 있더라고여.,2020-03-12T03:18:17.000+0000,STOREFARM,4,어린이 보석십자수 DIY 캐릭터 큐빅 비즈십자수 지니맘,지니맘 큐빅십자수  DIY: 1번 유니콘 (15cm 20cm)
817186353,SELLBLOG,NORMAL,원래 사고싶어했는데 품절이였다가 재고있길레 다시 재구입했네요 아이가 좋아라합니다~^^,2020-03-13T03:20:22.000+0000,STOREFARM,5,어린이 보석십자수 DIY 캐릭터 큐빅 비즈십자수 지니맘,지니맘 큐빅십자수  DIY: 1번 유니콘 (15cm 20cm)
831279107,SELLBLOG,NORMAL,아이가 작은것을 해보고.더큰것을 하고싶어해서 사봤어여.배송빠르고 너무 재미있어해요,2020-04-03T08:24:42.000+0000,STOREFARM,5,어린이 보석십자수 DIY 캐릭터 큐빅 비즈십자수 지니맘 (입고완료),지니맘 큐빅십자수  DIY: 23번 사자 (15cm 20cm)
811757921,SELLBLOG,NORMAL,"선생님 마음 모르는거 아닙니다..
하지만 어제 저희 아파트 어린 아이가 확진이 되면서 겁도 나고 저희가 옮는것도 싫지만  옮기는건 더 무섭고 싫은 상황까지 왔네요..소문과 저희 부모님과 애들 아빠까지",2020-03-05T03:36:41.000+0000,STOREFARM,5,어린이 보석십자수 DIY 캐릭터 큐빅 비즈십자수 지니맘,지니맘 큐빅십자수  DIY: 18번 망치 (15cm 20cm)
839207654,SELLBLOG,NORMAL,초등5학년 여아 잘 사용중입니다.,2020-04-16T06:06:42.000+0000,STOREFARM,3,어린이 보석십자수 DIY 캐릭터 큐빅 비즈십자수 지니맘,
839207518,SELLBLOG,NORMAL,초등5학년 여아 잘 사용중입니다.,2020-04-16T06:06:28.000+0000,STOREFARM,3,어린이 보석십자수 DIY 캐릭터 큐빅 비즈십자수 지니맘,
839207394,SELLBLOG,NORMAL,초등5학년 여아 잘 사용중입니다.,2020-04-16T06:06:15.000+0000,STOREFARM,3,어린이 보석십자수 DIY 캐릭터 큐빅 비즈십자수 지니맘,
839207212,SELLBLOG,NORMAL,초등5학년 여아 잘 사용중입니다.,2020-04-16T06:05:55.000+0000,STOREFARM,3,어린이 보석십자수 DIY 캐릭터 큐빅 비즈십자수 지니맘,
836113532,SELLBLOG,NORMAL,아이랑 코로나 때문에 지루하고 갑갑했는데 너무 이쁘네요,2020-04-11T00:35:48.000+0000,STOREFARM,5,어린이 보석십자수 DIY 캐릭터 큐빅 비즈십자수 지니맘,지니맘 큐빅십자수  DIY: 21번 별유니콘 (15cm 20cm)
820089289,SELLBLOG,NORMAL,ㅡ남자아이가 좋아하고 시간이 잘~가네요 집중도 잘하고 만족합니다,2020-03-17T16:57:55.000+0000,STOREFARM,4,어린이 보석십자수 DIY 캐릭터 큐빅 비즈십자수 지니맘,지니맘 큐빅십자수  DIY: 17번 가면 (15cm 20cm)
820282498,SELLBLOG,NORMAL,택배 받자마자 열심히 하고 있습니다. 색감이 좋네요.,2020-03-18T03:19:34.000+0000,STOREFARM,3,어린이 보석십자수 DIY 캐릭터 큐빅 비즈십자수 지니맘,지니맘 큐빅십자수  DIY: 7번 소녀2  (15cm 20cm)
839811864,SELLBLOG,NORMAL,애들이 꽤 만족해합니다.,2020-04-17T05:16:10.000+0000,STOREFARM,5,어린이 보석십자수 DIY 캐릭터 큐빅 비즈십자수 지니맘,지니맘 큐빅십자수  DIY: 24번 미니1 (15cm 20cm)
837580386,SELLBLOG,NORMAL,애한테 성취감을 줄 수 있어 더 좋은거 같아요~^^,2020-04-13T11:13:40.000+0000,STOREFARM,5,어린이 보석십자수 DIY 캐릭터 큐빅 비즈십자수 지니맘,지니맘 큐빅십자수  DIY: 2번 보라유니콘  (15cm 20cm)
837580207,SELLBLOG,NORMAL,애한테 성취감을 줄 수 있어 더 좋은거 같아요~^^,2020-04-13T11:13:20.000+0000,STOREFARM,5,어린이 보석십자수 DIY 캐릭터 큐빅 비즈십자수 지니맘,지니맘 큐빅십자수  DIY: 8번 꽃사슴 (15cm 20cm)
818828596,SELLBLOG,NORMAL,"아이가 너무 이쁘다며 하루만에 다 했어요~
햇빛 받으니 반짝반짝 더 이뻐요",2020-03-15T23:57:30.000+0000,STOREFARM,5,어린이 보석십자수 DIY 캐릭터 큐빅 비즈십자수 지니맘,지니맘 큐빅십자수  DIY: 3번 분홍사슴 (15cm 20cm)
839842970,SELLBLOG,NORMAL,도안.비즈 퀄리티 좋아요,2020-04-17T06:04:10.000+0000,STOREFARM,5,어린이 보석십자수 DIY 캐릭터 큐빅 비즈십자수 지니맘,지니맘 큐빅십자수  DIY: 18번 망치 (15cm 20cm)
822944612,SELLBLOG,NORMAL,요새같은때에 아이들이 집에서 하기 너무 좋아요,2020-03-22T00:35:04.000+0000,STOREFARM,5,어린이 보석십자수 DIY 캐릭터 큐빅 비즈십자수 지니맘,지니맘 큐빅십자수  DIY: 22번 부엉이 (15cm 20cm)
822944396,SELLBLOG,NORMAL,요새같은때에 아이들이 집에서 하기 너무 좋아요,2020-03-22T00:34:25.000+0000,STOREFARM,5,어린이 보석십자수 DIY 캐릭터 큐빅 비즈십자수 지니맘,지니맘 큐빅십자수  DIY: 21번 별유니콘 (15cm 20cm)
822944255,SELLBLOG,NORMAL,요새같은때에 아이들이 집에서 하기 너무 좋아요,2020-03-22T00:34:04.000+0000,STOREFARM,5,어린이 보석십자수 DIY 캐릭터 큐빅 비즈십자수 지니맘,지니맘 큐빅십자수  DIY: 17번 가면 (15cm 20cm)
836491147,SELLBLOG,NORMAL,유아들이 좋아하는 부엉이~알록달록해서 더 좋아해요,2020-04-11T12:13:51.000+0000,STOREFARM,5,어린이 보석십자수 DIY 캐릭터 큐빅 비즈십자수 지니맘 (입고완료),지니맘 큐빅십자수  DIY: 22번 부엉이 (15cm 20cm)
836205618,SELLBLOG,NORMAL,좋아요  아이랑 차분한 시간보냈어요.,2020-04-11T03:49:02.000+0000,STOREFARM,5,어린이 보석십자수 DIY 캐릭터 큐빅 비즈십자수 지니맘 (입고완료),지니맘 큐빅십자수  DIY: 21번 별유니콘 (15cm 20cm)
834088675,SELLBLOG,NORMAL,완성하고 나서 너무이뻐 책상에 두었네요... 너무 이쁨니다.,2020-04-08T02:05:09.000+0000,STOREFARM,5,어린이 보석십자수 DIY 캐릭터 큐빅 비즈십자수 지니맘,지니맘 큐빅십자수  DIY: 20번 거미 (15cm 20cm)
836490210,SELLBLOG,NORMAL,아이들이 좋아하는 스파이더맨이라 즐겁게 하네요,2020-04-11T12:12:03.000+0000,STOREFARM,5,어린이 보석십자수 DIY 캐릭터 큐빅 비즈십자수 지니맘 (입고완료),지니맘 큐빅십자수  DIY: 20번 거미 (15cm 20cm)
832991404,SELLBLOG,NORMAL,집놀이로 최고인듯 싶습니다~ 아이가 집중해서 잘하고 몇시간은 편히 쉴수있을것 같습니다^^;;,2020-04-06T07:49:23.000+0000,STOREFARM,5,어린이 보석십자수 DIY 캐릭터 큐빅 비즈십자수 지니맘 (입고완료),
832991352,SELLBLOG,NORMAL,집놀이로 최고인듯 싶습니다~ 아이가 집중해서 잘하고 몇시간은 편히 쉴수있을것 같습니다^^;;,2020-04-06T07:49:17.000+0000,STOREFARM,5,어린이 보석십자수 DIY 캐릭터 큐빅 비즈십자수 지니맘 (입고완료),지니맘 큐빅십자수  DIY: 2번 보라유니콘  (15cm 20cm)
832991307,SELLBLOG,NORMAL,집놀이로 최고인듯 싶습니다~ 아이가 집중해서 잘하고 몇시간은 편히 쉴수있을것 같습니다^^;;,2020-04-06T07:49:13.000+0000,STOREFARM,5,어린이 보석십자수 DIY 캐릭터 큐빅 비즈십자수 지니맘 (입고완료),지니맘 큐빅십자수  DIY: 3번 분홍사슴 (15cm 20cm)
836113601,SELLBLOG,NORMAL,시간가는줄 모르겟어요 만족해요,2020-04-11T00:36:00.000+0000,STOREFARM,5,어린이 보석십자수 DIY 캐릭터 큐빅 비즈십자수 지니맘,지니맘 큐빅십자수  DIY: 3번 분홍사슴 (15cm 20cm)
815670135,SELLBLOG,NORMAL,"코로나19로 집에만 있는 아이들에게 놀거리가 필요해서 선택했는데요, 시간가는 줄 모르고 집중해서 잘 노네요~",2020-03-11T03:27:22.000+0000,STOREFARM,5,어린이 보석십자수 DIY 캐릭터 큐빅 비즈십자수 지니맘,지니맘 큐빅십자수  DIY: 2번 보라유니콘 (15cm 20cm)
815669507,SELLBLOG,NORMAL,"코로나19로 집에만 있는 아이들에게 놀거리가 필요해서 선택했는데요, 시간가는 줄 모르고 집중해서 잘 노네요~",2020-03-11T03:26:22.000+0000,STOREFARM,5,어린이 보석십자수 DIY 캐릭터 큐빅 비즈십자수 지니맘,지니맘 큐빅십자수  DIY: 16번 별 (15cm 20cm)
823734163,SELLBLOG,NORMAL,"나가기도 힘들어서 아이들 놀라고 구매했는데
어린 아이들이 하기엔 생각보다 어려웠던거 같아요 
그래서 ... 제가 더 많이 하게 된거 같아요^^;; 
구매 후 하루인가 이틀 뒤 더 다양하게 재고가 들어왔길래 추가 주문 했습니다~다 하고 나면 더 이쁠거 같아요~",2020-03-23T07:44:12.000+0000,STOREFARM,4,어린이 보석십자수 DIY 캐릭터 큐빅 비즈십자수 지니맘,지니맘 큐빅십자수  DIY: 16번 별 (15cm 20cm)
837580052,SELLBLOG,NORMAL,애한테 성취감을 줄 수 있어 좋은거 같아요~^^,2020-04-13T11:13:04.000+0000,STOREFARM,5,어린이 보석십자수 DIY 캐릭터 큐빅 비즈십자수 지니맘,지니맘 큐빅십자수  DIY: 22번 부엉이 (15cm 20cm)
836001093,SELLBLOG,NORMAL,"조카들 선물로 보내줌
집콕하느라 심심할텐데 집중하라고..",2020-04-10T14:16:28.000+0000,STOREFARM,5,어린이 보석십자수 DIY 캐릭터 큐빅 비즈십자수 지니맘 (입고완료),지니맘 큐빅십자수  DIY: 3번 분홍사슴 (15cm 20cm)
838869602,SELLBLOG,NORMAL,아이들이 너무 좋아합니디,2020-04-15T13:30:29.000+0000,STOREFARM,5,어린이 보석십자수 DIY 캐릭터 큐빅 비즈십자수 지니맘,지니맘 큐빅십자수  DIY: 4번 홍학 (15cm 20cm)
836205919,SELLBLOG,NORMAL,좋아요. 아이랑 차분한 시간 보냈어요.,2020-04-11T03:49:40.000+0000,STOREFARM,5,어린이 보석십자수 DIY 캐릭터 큐빅 비즈십자수 지니맘 (입고완료),지니맘 큐빅십자수  DIY: 3번 분홍사슴 (15cm 20cm)
836205795,SELLBLOG,NORMAL,좋아요. 아이랑 차분한 시간보냈어요.,2020-04-11T03:49:22.000+0000,STOREFARM,5,어린이 보석십자수 DIY 캐릭터 큐빅 비즈십자수 지니맘 (입고완료),지니맘 큐빅십자수  DIY: 8번 꽃사슴 (15cm 20cm)
834652694,SELLBLOG,NORMAL,시간가는줄 모르고 했네요 하고나니 예뻐요,2020-04-08T14:33:46.000+0000,STOREFARM,4,어린이 보석십자수 DIY 캐릭터 큐빅 비즈십자수 지니맘,지니맘 큐빅십자수  DIY: 20번 거미 (15cm 20cm)
843432031,SELLBLOG,AFTER_USE,즐겁게 했습니다 ㆍ...,2020-04-22T13:06:20.000+0000,STOREFARM,5,어린이 보석십자수 DIY 캐릭터 큐빅 비즈십자수 지니맘,지니맘 큐빅십자수  DIY: 1번 유니콘 (15cm 20cm)
838870292,SELLBLOG,NORMAL,아이들이 너무 좋아합니다,2020-04-15T13:31:47.000+0000,STOREFARM,5,어린이 보석십자수 DIY 캐릭터 큐빅 비즈십자수 지니맘,지니맘 큐빅십자수  DIY: 24번 돌고래 (15cm 20cm)
838870186,SELLBLOG,NORMAL,아이들이 너무좋아합니다,2020-04-15T13:31:35.000+0000,STOREFARM,5,어린이 보석십자수 DIY 캐릭터 큐빅 비즈십자수 지니맘,지니맘 큐빅십자수  DIY: 12번 슈퍼마리오 (15cm 20cm)
838870058,SELLBLOG,NORMAL,아이들이너무좋아합니다,2020-04-15T13:31:21.000+0000,STOREFARM,5,어린이 보석십자수 DIY 캐릭터 큐빅 비즈십자수 지니맘,지니맘 큐빅십자수  DIY: 21번 별유니콘 (15cm 20cm)
838869949,SELLBLOG,NORMAL,아이들이 너무 좋아합니다,2020-04-15T13:31:08.000+0000,STOREFARM,5,어린이 보석십자수 DIY 캐릭터 큐빅 비즈십자수 지니맘,지니맘 큐빅십자수  DIY: 22번 부엉이 (15cm 20cm)
838869744,SELLBLOG,NORMAL,아이들이 너무 좋아합니다,2020-04-15T13:30:44.000+0000,STOREFARM,5,어린이 보석십자수 DIY 캐릭터 큐빅 비즈십자수 지니맘,지니맘 큐빅십자수  DIY: 22번 부엉이 (15cm 20cm)
838869461,SELLBLOG,NORMAL,아이들이 너무 좋아합니다,2020-04-15T13:30:12.000+0000,STOREFARM,5,어린이 보석십자수 DIY 캐릭터 큐빅 비즈십자수 지니맘,지니맘 큐빅십자수  DIY: 21번 별유니콘 (15cm 20cm)
838869316,SELLBLOG,NORMAL,아이들이 너무 좋아합니다,2020-04-15T13:29:55.000+0000,STOREFARM,5,어린이 보석십자수 DIY 캐릭터 큐빅 비즈십자수 지니맘,지니맘 큐빅십자수  DIY: 23번 사자 (15cm 20cm)
819444613,SELLBLOG,NORMAL,사진과 같아요 아이랑같이 하다가 제가 더 빠져서 했네요 ㅋㅋ,2020-03-17T00:41:08.000+0000,STOREFARM,5,어린이 보석십자수 DIY 캐릭터 큐빅 비즈십자수 지니맘,지니맘 큐빅십자수  DIY: 9번 겨울사슴 (15cm 20cm)
836761648,SELLBLOG,NORMAL,감사합니다~~ 대박나셔요,2020-04-12T03:50:41.000+0000,STOREFARM,5,어린이 보석십자수 DIY 캐릭터 큐빅 비즈십자수 지니맘,지니맘 큐빅십자수  DIY: 1번 유니콘  (15cm 20cm)
836761590,SELLBLOG,NORMAL,감사합니다~~ 대박나셔요,2020-04-12T03:50:32.000+0000,STOREFARM,5,어린이 보석십자수 DIY 캐릭터 큐빅 비즈십자수 지니맘,지니맘 큐빅십자수  DIY: 2번 보라유니콘  (15cm 20cm)
836761534,SELLBLOG,NORMAL,감사합니다~~ 대박나셔요,2020-04-12T03:50:24.000+0000,STOREFARM,5,어린이 보석십자수 DIY 캐릭터 큐빅 비즈십자수 지니맘,지니맘 큐빅십자수  DIY: 10번 안경토끼  (15cm 20cm)
837117594,SELLBLOG,NORMAL,애들이 쉽게 할수있고 너무 좋아하네요,2020-04-12T16:11:43.000+0000,STOREFARM,4,어린이 보석십자수 DIY 캐릭터 큐빅 비즈십자수 지니맘 (입고완료),지니맘 큐빅십자수  DIY: 12번 슈퍼마리오 (15cm 20cm)
833981525,SELLBLOG,NORMAL,일반 보석 십자수보다 보석의 크기가 다양해서 아이들이 넘 집중해서 재밌게하네요~,2020-04-07T23:05:23.000+0000,STOREFARM,4,어린이 보석십자수 DIY 캐릭터 큐빅 비즈십자수 지니맘 (입고완료),지니맘 큐빅십자수  DIY: 17번 가면 (15cm 20cm)
833688695,SELLBLOG,NORMAL,배송도빠르고 포장도꼼꼼하게되어왔어요. 재미있게할게요~,2020-04-07T10:48:15.000+0000,STOREFARM,5,어린이 보석십자수 DIY 캐릭터 큐빅 비즈십자수 지니맘,지니맘 큐빅십자수  DIY: 1번 유니콘  (15cm 20cm)
837650099,SELLBLOG,NORMAL,아이때문에 주문했는데 제가하고 있어요~ㅎㅎ,2020-04-13T13:26:07.000+0000,STOREFARM,5,어린이 보석십자수 DIY 캐릭터 큐빅 비즈십자수 지니맘,지니맘 큐빅십자수  DIY: 1번 유니콘  (15cm 20cm)
819104603,SELLBLOG,NORMAL,아이들이 좋아해요 끝내고 다른것도 주문할렵니다,2020-03-16T07:14:25.000+0000,STOREFARM,4,어린이 보석십자수 DIY 캐릭터 큐빅 비즈십자수 지니맘,지니맘 큐빅십자수  DIY: 22번 부엉이 (15cm 20cm)
835964829,SELLBLOG,NORMAL,제 취향으로 고른 건데 아이가 더 마음에 들어하네요.,2020-04-10T13:07:38.000+0000,STOREFARM,5,어린이 보석십자수 DIY 캐릭터 큐빅 비즈십자수 지니맘,지니맘 큐빅십자수  DIY: 5번  반짝이 사슴 (15cm 20cm)
817696466,SELLBLOG,NORMAL,"품절된 거 풀리자마자 샀어요
딸도 이쁘다고 좋아하고
제가 해도 재미나네요",2020-03-13T23:27:25.000+0000,STOREFARM,5,어린이 보석십자수 DIY 캐릭터 큐빅 비즈십자수 지니맘,지니맘 큐빅십자수  DIY: 22번 부엉이 (15cm 20cm)
817696388,SELLBLOG,NORMAL,"품절된 거 풀리자마자 샀어요
딸도 이쁘다고 좋아하고
제가 해도 재미나네요",2020-03-13T23:27:06.000+0000,STOREFARM,5,어린이 보석십자수 DIY 캐릭터 큐빅 비즈십자수 지니맘,지니맘 큐빅십자수  DIY: 26번 돌고래(15cm 20cm)
817696310,SELLBLOG,NORMAL,"품절된 거 풀리자마자 샀어요
딸도 이쁘다고 좋아하고
제가 해도 재미나네요",2020-03-13T23:26:50.000+0000,STOREFARM,5,어린이 보석십자수 DIY 캐릭터 큐빅 비즈십자수 지니맘,지니맘 큐빅십자수  DIY: 1번 유니콘 (15cm 20cm)
836528657,SELLBLOG,NORMAL,첨에 기호보는것만 알려주니 너무 잘하네요,2020-04-11T13:18:49.000+0000,STOREFARM,5,어린이 보석십자수 DIY 캐릭터 큐빅 비즈십자수 지니맘,지니맘 큐빅십자수  DIY: 1번 유니콘  (15cm 20cm)
822355361,SELLBLOG,NORMAL,"애들이 좋아해요
함께하기 좋아요",2020-03-21T00:45:47.000+0000,STOREFARM,5,어린이 보석십자수 DIY 캐릭터 큐빅 비즈십자수 지니맘,지니맘 큐빅십자수  DIY: 3번 분홍사슴 (15cm 20cm)
836660744,SELLBLOG,NORMAL,"너무너무좋아해요!!
또구매할꺼같아요!!",2020-04-11T23:59:21.000+0000,STOREFARM,5,어린이 보석십자수 DIY 캐릭터 큐빅 비즈십자수 지니맘 (입고완료),지니맘 큐빅십자수  DIY: 1번 유니콘  (15cm 20cm)
814953027,SELLBLOG,NORMAL,아이들 집중해서 잘하네요 이뻐요 배송도 빠르게 왔어요,2020-03-10T05:00:38.000+0000,STOREFARM,5,어린이 보석십자수 DIY 캐릭터 큐빅 비즈십자수 지니맘,지니맘 큐빅십자수  DIY: 20번 거미 (15cm 20cm)
833981793,SELLBLOG,NORMAL,보석크기가 다양해서 아이들이 집중해서 넘 재미있게 잘 하는것 같아요,2020-04-07T23:06:07.000+0000,STOREFARM,4,어린이 보석십자수 DIY 캐릭터 큐빅 비즈십자수 지니맘 (입고완료),지니맘 큐빅십자수  DIY: 21번 별유니콘 (15cm 20cm)
823456174,SELLBLOG,NORMAL,재입고 기다렸다 받았는데 너무 좋아해요,2020-03-23T00:18:47.000+0000,STOREFARM,5,어린이 보석십자수 DIY 캐릭터 큐빅 비즈십자수 지니맘,지니맘 큐빅십자수  DIY: 11번 클로버 (15cm 20cm)
823456011,SELLBLOG,NORMAL,재입고 기다렸다 받았는데 너무 좋아해요,2020-03-23T00:18:31.000+0000,STOREFARM,5,어린이 보석십자수 DIY 캐릭터 큐빅 비즈십자수 지니맘,지니맘 큐빅십자수  DIY: 12번 슈퍼마리오 (15cm 20cm)
823455841,SELLBLOG,NORMAL,재입고 기다렸다 받았는데 너무 좋아해요,2020-03-23T00:18:13.000+0000,STOREFARM,5,어린이 보석십자수 DIY 캐릭터 큐빅 비즈십자수 지니맘,지니맘 큐빅십자수  DIY: 9번 겨울사슴 (15cm 20cm)
822795582,SELLBLOG,AFTER_USE,딸아이가 열심히 만들어서 방에 전시해놨네요,2020-03-21T13:22:38.000+0000,STOREFARM,5,어린이 보석십자수 DIY 캐릭터 큐빅 비즈십자수 지니맘,지니맘 큐빅십자수  DIY: 6번 소녀1  (15cm 20cm)
811153536,SELLBLOG,NORMAL,집중력 좋은 아이들이 하기엔 좋지만 오래 못하는 아이들 것은 거의 엄마나 아빠의 몫이에요ㅠ 그래도 심심할 때마다 하기엔 좋아요 코로나바이러스 때문에 아이들 힘든데 시간 보내기 좋아요,2020-03-04T07:41:04.000+0000,STOREFARM,5,어린이 보석십자수 DIY 캐릭터 큐빅 비즈십자수 지니맘,지니맘 큐빅십자수  DIY: 12번 슈퍼마리오 (15cm 20cm)
824823877,SELLBLOG,AFTER_USE,최고예요 진짜 너무 좋아요,2020-03-25T02:24:38.000+0000,STOREFARM,5,어린이 보석십자수 DIY 캐릭터 큐빅 비즈십자수 지니맘,지니맘 큐빅십자수  DIY: 22번 부엉이 (15cm 20cm)
824823560,SELLBLOG,AFTER_USE,최고예요 진짜 너무 좋아요,2020-03-25T02:24:11.000+0000,STOREFARM,5,어린이 보석십자수 DIY 캐릭터 큐빅 비즈십자수 지니맘,지니맘 큐빅십자수  DIY: 3번 분홍사슴 (15cm 20cm)
821908365,SELLBLOG,NORMAL,"좋아요!^^ 
애들재우고 저도 해보고 싶어요 ㅎ",2020-03-20T06:14:44.000+0000,STOREFARM,5,어린이 보석십자수 DIY 캐릭터 큐빅 비즈십자수 지니맘,지니맘 큐빅십자수  DIY: 3번 분홍사슴 (15cm 20cm)
832101915,SELLBLOG,AFTER_USE,애들이  즐거워하네요 시간가는줄 몰라요~집콕 필수템~,2020-04-04T13:51:13.000+0000,STOREFARM,5,어린이 보석십자수 DIY 캐릭터 큐빅 비즈십자수 지니맘,지니맘 큐빅십자수  DIY: 8번 꽃사슴 (15cm 20cm)
814931795,SELLBLOG,NORMAL,"애들이 넘 좋아 하네요~ 
이렇게라도 티비와폰과 게임기를 멀리할수잇게 할수있네요 ㅋㅋ 더 주문할께요~~~~",2020-03-10T04:26:51.000+0000,STOREFARM,5,어린이 보석십자수 DIY 캐릭터 큐빅 비즈십자수 지니맘,지니맘 큐빅십자수  DIY: 2번 보라유니콘 (15cm 20cm)
836490765,SELLBLOG,NORMAL,빨강 파랑 보색이라 완성하고나면 예뻐요,2020-04-11T12:13:07.000+0000,STOREFARM,5,어린이 보석십자수 DIY 캐릭터 큐빅 비즈십자수 지니맘 (입고완료),지니맘 큐빅십자수  DIY: 16번 별  (15cm 20cm)
834159962,SELLBLOG,NORMAL,해놓고보니 알록달록한게 더 예쁜것같아요 액자로 하면 그럴싸해요,2020-04-08T03:53:30.000+0000,STOREFARM,5,어린이 보석십자수 DIY 캐릭터 큐빅 비즈십자수 지니맘 (입고완료),지니맘 큐빅십자수  DIY: 14번 슈퍼맨 (15cm 20cm)
824959312,SELLBLOG,NORMAL,"애들이 좋아해요
집중해서 하네요",2020-03-25T05:53:53.000+0000,STOREFARM,5,어린이 보석십자수 DIY 캐릭터 큐빅 비즈십자수 지니맘,지니맘 큐빅십자수  DIY: 26번 돌고래(15cm 20cm)
822354206,SELLBLOG,NORMAL,코로나 집콕 아이템ㅎㅎ 좋아요,2020-03-21T00:43:12.000+0000,STOREFARM,5,어린이 보석십자수 DIY 캐릭터 큐빅 비즈십자수 지니맘,지니맘 큐빅십자수  DIY: 22번 부엉이 (15cm 20cm)
836346718,SELLBLOG,NORMAL,아이들이 좋아해서 자꾸 사달라고 하네요,2020-04-11T07:55:07.000+0000,STOREFARM,5,어린이 보석십자수 DIY 캐릭터 큐빅 비즈십자수 지니맘,지니맘 큐빅십자수  DIY: 20번 거미 (15cm 20cm)
819420012,SELLBLOG,NORMAL,"하루만에 다 했는데 넘 이뻐요~
애들방에 걸려고 샀어요~",2020-03-16T23:39:34.000+0000,STOREFARM,5,어린이 보석십자수 DIY 캐릭터 큐빅 비즈십자수 지니맘,지니맘 큐빅십자수  DIY: 18번 망치 (15cm 20cm)
843117876,SELLBLOG,AFTER_USE,아주만족해요ㅎㅎㄹ ㅎㅎ,2020-04-22T06:39:03.000+0000,STOREFARM,5,어린이 보석십자수 DIY 캐릭터 큐빅 비즈십자수 지니맘,지니맘 큐빅십자수  DIY: 9번 겨울사슴 (15cm 20cm)
819844402,SELLBLOG,NORMAL,너무좋아요! 다음에 또구매하고 싶네용,2020-03-17T10:57:20.000+0000,STOREFARM,5,어린이 보석십자수 DIY 캐릭터 큐빅 비즈십자수 지니맘,지니맘 큐빅십자수  DIY: 12번 슈퍼마리오 (15cm 20cm)
851944228,SELLBLOG,NORMAL,재밋어요 즐거워요~,2020-05-07T11:31:28.000+0000,STOREFARM,4,어린이 보석십자수 DIY 캐릭터 큐빅 비즈십자수 지니맘(입고완료),지니맘 큐빅십자수  DIY: 8번 꽃사슴 (15cm 20cm)
837674248,SELLBLOG,AFTER_USE,시간 금방가고 너무 이쁘네요,2020-04-13T14:12:24.000+0000,STOREFARM,5,어린이 보석십자수 DIY 캐릭터 큐빅 비즈십자수 지니맘,지니맘 큐빅십자수  DIY: 22번 부엉이 (15cm 20cm)
834652989,SELLBLOG,NORMAL,아이들도  조아해요  또 사달라해요,2020-04-08T14:34:16.000+0000,STOREFARM,4,어린이 보석십자수 DIY 캐릭터 큐빅 비즈십자수 지니맘,지니맘 큐빅십자수  DIY: 12번 슈퍼마리오 (15cm 20cm)
837139464,SELLBLOG,NORMAL,5살아이기 하기에 적절하니 좋네요,2020-04-12T19:01:03.000+0000,STOREFARM,5,어린이 보석십자수 DIY 캐릭터 큐빅 비즈십자수 지니맘,지니맘 큐빅십자수  DIY: 22번 부엉이 (15cm 20cm)
819045285,SELLBLOG,NORMAL,코로나 때문에 집에서 할 수 있는 것만 찾게 되는데 시간은 좀 걸려도 좋아하네요:),2020-03-16T05:35:57.000+0000,STOREFARM,5,어린이 보석십자수 DIY 캐릭터 큐빅 비즈십자수 지니맘,지니맘 큐빅십자수  DIY: 17번 가면 (15cm 20cm)
821508874,SELLBLOG,NORMAL,"5살 7살 너무좋아합니다
특히 7살아이는 혼자 번호찾아가며
스스로 다해요ㅎ",2020-03-19T13:11:19.000+0000,STOREFARM,5,어린이 보석십자수 DIY 캐릭터 큐빅 비즈십자수 지니맘,지니맘 큐빅십자수  DIY: 7번 소녀2  (15cm 20cm)
821508680,SELLBLOG,NORMAL,"5살 7살 너무좋아합니다
특히 7살아이는 혼자 번호찾아가며
스스로 다해요~",2020-03-19T13:11:01.000+0000,STOREFARM,5,어린이 보석십자수 DIY 캐릭터 큐빅 비즈십자수 지니맘,지니맘 큐빅십자수  DIY: 21번 별유니콘 (15cm 20cm)
824774828,SELLBLOG,NORMAL,"색상이 너무 예뻐요 
아이들이 좋아해요",2020-03-25T01:11:08.000+0000,STOREFARM,5,어린이 보석십자수 DIY 캐릭터 큐빅 비즈십자수 지니맘,지니맘 큐빅십자수  DIY: 5번  반짝이 사슴 (15cm 20cm)
820912865,SELLBLOG,NORMAL,"보석십자수 여러번 해봤는데
그중에서 제일 재미있어요",2020-03-18T23:46:32.000+0000,STOREFARM,5,어린이 보석십자수 DIY 캐릭터 큐빅 비즈십자수 지니맘,지니맘 큐빅십자수  DIY: 3번 분홍사슴 (15cm 20cm)
823068459,SELLBLOG,NORMAL,아이들이 집중해서 하루만에 끝냈어요~ㅋ,2020-03-22T05:10:00.000+0000,STOREFARM,5,어린이 보석십자수 DIY 캐릭터 큐빅 비즈십자수 지니맘,지니맘 큐빅십자수  DIY: 7번 소녀2  (15cm 20cm)
811156805,SELLBLOG,NORMAL,"액자를 더 추가해야할까봐요~~^^
집중력 좋은 큰아이는 힘드니까 그만 하래도 끝까지 하네요 어른들도 잡생각 없애고 싶으시면 하는 것도 도움되구요~~ 반짝반짝 예뻐요!!",2020-03-04T07:44:55.000+0000,STOREFARM,5,어린이 보석십자수 DIY 캐릭터 큐빅 비즈십자수 지니맘,지니맘 큐빅십자수  DIY: 3번 분홍사슴 (15cm 20cm)
834491544,SELLBLOG,NORMAL,"좋아요.
가성비 딱인 제품이예요.",2020-04-08T11:18:17.000+0000,STOREFARM,5,어린이 보석십자수 DIY 캐릭터 큐빅 비즈십자수 지니맘 (입고완료),지니맘 큐빅십자수  DIY: 11번 클로버 (15cm 20cm)
822636714,SELLBLOG,NORMAL,이뻐요 너무 맘에 들어요,2020-03-21T08:49:21.000+0000,STOREFARM,5,어린이 보석십자수 DIY 캐릭터 큐빅 비즈십자수 지니맘,지니맘 큐빅십자수  DIY: 16번 별 (15cm 20cm)
815761127,SELLBLOG,NORMAL,아이들 집중해서 하기 좋아요~ 미취학은 힘들어해서 엄마와 함께.. 완성하고 나니 더 멋지네요^^,2020-03-11T05:39:53.000+0000,STOREFARM,5,어린이 보석십자수 DIY 캐릭터 큐빅 비즈십자수 지니맘,지니맘 큐빅십자수  DIY: 18번 망치 (15cm 20cm)
815760806,SELLBLOG,NORMAL,아이들 집중해서 하기 좋아요~ 미취학은 힘들어해서 엄마와 함께.. 완성하고 나니 더 멋지네요^^,2020-03-11T05:39:25.000+0000,STOREFARM,5,어린이 보석십자수 DIY 캐릭터 큐빅 비즈십자수 지니맘,지니맘 큐빅십자수  DIY: 17번 가면 (15cm 20cm)
822144732,SELLBLOG,NORMAL,아이와함께 성취감도 느끼고 인테리어효과까지~~,2020-03-20T12:02:16.000+0000,STOREFARM,4,어린이 보석십자수 DIY 캐릭터 큐빅 비즈십자수 지니맘,지니맘 큐빅십자수  DIY: 14번 슈퍼맨 (15cm 20cm)
819411956,SELLBLOG,NORMAL,"아이들이 좋아해요, 저도 재미있네오",2020-03-16T23:11:24.000+0000,STOREFARM,4,어린이 보석십자수 DIY 캐릭터 큐빅 비즈십자수 지니맘,지니맘 큐빅십자수  DIY: 18번 망치 (15cm 20cm)
815741765,SELLBLOG,NORMAL,좋아요 요즘 같은 집콕하는 날이 많은 날에 아이가 엄청 좋아합니다 감사합니다,2020-03-11T05:13:01.000+0000,STOREFARM,5,어린이 보석십자수 DIY 캐릭터 큐빅 비즈십자수 지니맘,지니맘 큐빅십자수  DIY: 2번 보라유니콘 (15cm 20cm)
835372967,SELLBLOG,NORMAL,빠르고 정확한 상품과 배송이 만족스럽습니다,2020-04-09T14:01:30.000+0000,STOREFARM,4,어린이 보석십자수 DIY 캐릭터 큐빅 비즈십자수 지니맘,지니맘 큐빅십자수  DIY: 1번 유니콘  (15cm 20cm)
819089951,SELLBLOG,NORMAL,딸아이가 너무 좋아해요 하기도 쉽고 집중하기좋아요,2020-03-16T06:48:38.000+0000,STOREFARM,5,어린이 보석십자수 DIY 캐릭터 큐빅 비즈십자수 지니맘,지니맘 큐빅십자수  DIY: 11번 클로버 (15cm 20cm)
815759530,SELLBLOG,NORMAL,아이들 집중해서 하기 좋아요~ 미취학은 힘들어해서 엄마와 함께.. 완성하고 나니 더 멋지네요~^^,2020-03-11T05:37:43.000+0000,STOREFARM,5,어린이 보석십자수 DIY 캐릭터 큐빅 비즈십자수 지니맘,지니맘 큐빅십자수  DIY: 1번 유니콘 (15cm 20cm)
825210892,SELLBLOG,NORMAL,"아이들이 넘 좋아해요..
코로나때문에 집콕 중인데 시간떼우기도 좋고
집중력도 좋아지는것 같아요
작품도 반짝반짝 이쁘니 아이들이 넘 소중하게 다루는것 같네요..감사합니다",2020-03-25T11:34:45.000+0000,STOREFARM,5,어린이 보석십자수 DIY 캐릭터 큐빅 비즈십자수 지니맘,지니맘 큐빅십자수  DIY: 12번 슈퍼마리오 (15cm 20cm)
816568227,SELLBLOG,NORMAL,"일단 그림도 예쁘고 비즈가 반짝반짝해요~

아이가 재미있다고 집중해서 잘해주네요^^",2020-03-12T06:02:45.000+0000,STOREFARM,5,어린이 보석십자수 DIY 캐릭터 큐빅 비즈십자수 지니맘,지니맘 큐빅십자수  DIY: 4번 홍학 (15cm 20cm)
817185677,SELLBLOG,NORMAL,아이가 너무 좋아해 다른 디자인으로 재구매했어요 시간보내기 좋아요~^^,2020-03-13T03:19:12.000+0000,STOREFARM,5,어린이 보석십자수 DIY 캐릭터 큐빅 비즈십자수 지니맘,지니맘 큐빅십자수  DIY: 22번 부엉이 (15cm 20cm)
834294921,SELLBLOG,NORMAL,"아이들이너무좋아해요~
또구매할께요^^",2020-04-08T07:05:06.000+0000,STOREFARM,5,어린이 보석십자수 DIY 캐릭터 큐빅 비즈십자수 지니맘,지니맘 큐빅십자수  DIY: 24번 돌고래 (15cm 20cm)
815689937,SELLBLOG,NORMAL,"반짝반짝한 스톤이라 아이가 너무좋아하네요~
액자도 함께 구매할수있어 좋았구요~",2020-03-11T03:58:32.000+0000,STOREFARM,5,어린이 보석십자수 DIY 캐릭터 큐빅 비즈십자수 지니맘,지니맘 큐빅십자수  DIY: 2번 보라유니콘 (15cm 20cm)
832099739,SELLBLOG,NORMAL,아이들이 정말잼있어합니다~ 코로나때문에 집에서 시간때우며 아이들집중력에도 으뜸!입니다^^,2020-04-04T13:47:41.000+0000,STOREFARM,4,어린이 보석십자수 DIY 캐릭터 큐빅 비즈십자수 지니맘 (입고완료),지니맘 큐빅십자수  DIY: 8번 꽃사슴 (15cm 20cm)
832099683,SELLBLOG,NORMAL,아이들이 정말잼있어합니다~ 코로나때문에 집에서 시간때우며 아이들집중력에도 으뜸!입니다^^,2020-04-04T13:47:34.000+0000,STOREFARM,4,어린이 보석십자수 DIY 캐릭터 큐빅 비즈십자수 지니맘 (입고완료),지니맘 큐빅십자수  DIY: 9번 겨울사슴 (15cm 20cm)
832099589,SELLBLOG,NORMAL,아이들이 정말잼있어합니다~ 코로나때문에 집에서 시간때우며 아이들집중력에도 으뜸!입니다^^,2020-04-04T13:47:25.000+0000,STOREFARM,4,어린이 보석십자수 DIY 캐릭터 큐빅 비즈십자수 지니맘 (입고완료),지니맘 큐빅십자수  DIY: 11번 클로버 (15cm 20cm)
815236343,SELLBLOG,NORMAL,"배송은빠르게 받았어요~
아이가 원하는 디자인이 계속 품절되어 다른디자인으로 구입했어요",2020-03-10T11:05:44.000+0000,STOREFARM,4,어린이 보석십자수 DIY 캐릭터 큐빅 비즈십자수 지니맘,지니맘 큐빅십자수  DIY: 13번 스폰지밥 (15cm 20cm)
820529629,SELLBLOG,NORMAL,"배송도 빠르고 큐빅도 넉넉해요. 
하루 잘 했어요~",2020-03-18T09:03:59.000+0000,STOREFARM,5,어린이 보석십자수 DIY 캐릭터 큐빅 비즈십자수 지니맘,지니맘 큐빅십자수  DIY: 19번 방패 (15cm 20cm)
837175639,SELLBLOG,NORMAL,아이가 집중해서 잘하네요,2020-04-12T23:25:53.000+0000,STOREFARM,4,어린이 보석십자수 DIY 캐릭터 큐빅 비즈십자수 지니맘 (입고완료),지니맘 큐빅십자수  DIY: 9번 겨울사슴 (15cm 20cm)
831759351,SELLBLOG,AFTER_USE,아이들 너무너무좋아하네요!!... 재구매의사있음...부담없이해보기좋아요~~,2020-04-04T04:42:15.000+0000,STOREFARM,5,어린이 보석십자수 DIY 캐릭터 큐빅 비즈십자수 지니맘,지니맘 큐빅십자수  DIY: 18번 망치 (15cm 20cm)
831759226,SELLBLOG,AFTER_USE,아이들 너무너무좋아하네요!!... 재구매의사있음...부담없이해보기좋아요~~,2020-04-04T04:42:02.000+0000,STOREFARM,5,어린이 보석십자수 DIY 캐릭터 큐빅 비즈십자수 지니맘,지니맘 큐빅십자수  DIY: 20번 거미 (15cm 20cm)
816389210,SELLBLOG,NORMAL,코로나때문에 방콕하면서 하루를 시간가는줄 모르고 보냈어요..재밌어요,2020-03-12T01:45:11.000+0000,STOREFARM,5,어린이 보석십자수 DIY 캐릭터 큐빅 비즈십자수 지니맘,지니맘 큐빅십자수  DIY: 21번 별유니콘 (15cm 20cm)
836245038,SELLBLOG,NORMAL,두번째 재구매..8살 딸아이가 너무 좋아합니다..,2020-04-11T05:02:24.000+0000,STOREFARM,5,어린이 보석십자수 DIY 캐릭터 큐빅 비즈십자수 지니맘 (입고완료),지니맘 큐빅십자수  DIY: 17번 가면 (15cm 20cm)
819422006,SELLBLOG,NORMAL,엄청 이뻐요~ 애들 방에 걸어줄꺼에요^^,2020-03-16T23:46:03.000+0000,STOREFARM,5,어린이 보석십자수 DIY 캐릭터 큐빅 비즈십자수 지니맘,지니맘 큐빅십자수  DIY: 17번 가면 (15cm 20cm)
822438728,SELLBLOG,NORMAL,이뻐요 잼나게 붙엿어요,2020-03-21T03:19:57.000+0000,STOREFARM,5,어린이 보석십자수 DIY 캐릭터 큐빅 비즈십자수 지니맘,지니맘 큐빅십자수  DIY: 18번 망치 (15cm 20cm)
823372604,SELLBLOG,NORMAL,아이들과 즐거운 시간 보냈습니다^^,2020-03-22T15:53:22.000+0000,STOREFARM,5,어린이 보석십자수 DIY 캐릭터 큐빅 비즈십자수 지니맘,지니맘 큐빅십자수  DIY: 6번 소녀1  (15cm 20cm)
833908342,SELLBLOG,NORMAL,이쁘고 완성하면 만족도가 올라가 아이들이 좋아합니다.,2020-04-07T15:32:55.000+0000,STOREFARM,5,어린이 보석십자수 DIY 캐릭터 큐빅 비즈십자수 지니맘 (입고완료),지니맘 큐빅십자수  DIY: 16번 별  (15cm 20cm)
815691044,SELLBLOG,NORMAL,"패키지가 간단해서 여행갈때 가지고가기에도 
좋을것같아요.
만족합니다.",2020-03-11T04:00:10.000+0000,STOREFARM,5,어린이 보석십자수 DIY 캐릭터 큐빅 비즈십자수 지니맘,지니맘 큐빅십자수  DIY: 24번 미니1 (15cm 20cm)
819090299,SELLBLOG,NORMAL,애들이 집중해서 잘하네요 작품도 예뻐요,2020-03-16T06:49:18.000+0000,STOREFARM,5,어린이 보석십자수 DIY 캐릭터 큐빅 비즈십자수 지니맘,지니맘 큐빅십자수  DIY: 20번 거미 (15cm 20cm)
838030040,SELLBLOG,AFTER_USE,디자인이 엄청 예뻐요!,2020-04-14T07:32:27.000+0000,STOREFARM,5,어린이 보석십자수 DIY 캐릭터 큐빅 비즈십자수 지니맘,지니맘 큐빅십자수  DIY: 21번 별유니콘 (15cm 20cm)
837664760,SELLBLOG,NORMAL,완벽하게 맘에듭니다,2020-04-13T13:53:31.000+0000,STOREFARM,4,어린이 보석십자수 DIY 캐릭터 큐빅 비즈십자수 지니맘 (입고완료),지니맘 큐빅십자수  DIY: 23번 사자 (15cm 20cm)
836103175,SELLBLOG,NORMAL,만족해요 좋아요 반짝반짝,2020-04-11T00:06:59.000+0000,STOREFARM,5,어린이 보석십자수 DIY 캐릭터 큐빅 비즈십자수 지니맘,지니맘 큐빅십자수  DIY: 2번 보라유니콘  (15cm 20cm)
816388527,SELLBLOG,NORMAL,시간가는줄 모르고햇어요..애들도 너무 재밌어하고 좋았습니다,2020-03-12T01:44:12.000+0000,STOREFARM,5,어린이 보석십자수 DIY 캐릭터 큐빅 비즈십자수 지니맘,지니맘 큐빅십자수  DIY: 1번 유니콘 (15cm 20cm)
817186119,SELLBLOG,NORMAL,완성품이 예뻐요. 유치원생은 조금 힘들어하지만 초등생은 즐겁게 했어요.,2020-03-13T03:19:59.000+0000,STOREFARM,5,어린이 보석십자수 DIY 캐릭터 큐빅 비즈십자수 지니맘,지니맘 큐빅십자수  DIY: 17번 가면 (15cm 20cm)
813139535,SELLBLOG,NORMAL,예뻐서 마음에 들어요~~ 아이가 단숨에 끝내고 싶어할정도로 너무 좋아해서 일부러 눈쉬는 시간을 갖고있어요 ㅋㅋ,2020-03-07T03:49:14.000+0000,STOREFARM,5,어린이 보석십자수 DIY 캐릭터 큐빅 비즈십자수 지니맘,지니맘 큐빅십자수  DIY: 22번 부엉이 (15cm 20cm)
821818477,SELLBLOG,NORMAL,아이들이랑 이번기회에 잼나게 했네요,2020-03-20T04:00:02.000+0000,STOREFARM,5,어린이 보석십자수 DIY 캐릭터 큐빅 비즈십자수 지니맘,지니맘 큐빅십자수  DIY: 3번 분홍사슴 (15cm 20cm)
817185189,SELLBLOG,NORMAL,완성품이 예쁘고 어렵지 않고 시간은 꽤 걸려서 집콕해야 하는 시기에 괜찮은 아이템이네요^^,2020-03-13T03:18:20.000+0000,STOREFARM,5,어린이 보석십자수 DIY 캐릭터 큐빅 비즈십자수 지니맘,지니맘 큐빅십자수  DIY: 16번 별 (15cm 20cm)
836031689,SELLBLOG,NORMAL,아이들이 좋아하고 재밋어 하네요,2020-04-10T15:42:20.000+0000,STOREFARM,4,어린이 보석십자수 DIY 캐릭터 큐빅 비즈십자수 지니맘,지니맘 큐빅십자수  DIY: 22번 부엉이 (15cm 20cm)
823068800,SELLBLOG,NORMAL,넘 좋아해서 또 구매해야겠어요ㅋ,2020-03-22T05:10:47.000+0000,STOREFARM,5,어린이 보석십자수 DIY 캐릭터 큐빅 비즈십자수 지니맘,지니맘 큐빅십자수  DIY: 9번 겨울사슴 (15cm 20cm)
837453567,SELLBLOG,NORMAL,너무 재밌게 잘했어요,2020-04-13T06:57:27.000+0000,STOREFARM,5,어린이 보석십자수 DIY 캐릭터 큐빅 비즈십자수 지니맘,지니맘 큐빅십자수  DIY: 20번 거미 (15cm 20cm)
815762324,SELLBLOG,NORMAL,하루하나씩 완성했고 벽에 걸어 장식할 거에요 중독적입니다,2020-03-11T05:41:23.000+0000,STOREFARM,5,어린이 보석십자수 DIY 캐릭터 큐빅 비즈십자수 지니맘,지니맘 큐빅십자수  DIY: 21번 별유니콘 (15cm 20cm)
807371472,SELLBLOG,NORMAL,요즘 유치원도 못 가고 밖에도 못 나가서 주문했는데 아이가 재미있어 하네요~~이거 하면서 놀 수 있겠어요~^^ 다 완성하고 재미있어하면 또 주문할게요~ㅎ,2020-02-27T06:46:17.000+0000,STOREFARM,5,어린이 보석십자수 DIY 캐릭터 큐빅 비즈십자수 지니맘,지니맘 큐빅십자수  DIY: 16번 별 (15cm 20cm)
825212416,SELLBLOG,NORMAL,"친구네꺼랑 같이 주문했어요
친구네도 아이들 넝 잘한다고..집중력이 장난아니라고하네요..
직접하는거라 뿌듯함이 큰것같아요",2020-03-25T11:36:38.000+0000,STOREFARM,5,어린이 보석십자수 DIY 캐릭터 큐빅 비즈십자수 지니맘,지니맘 큐빅십자수  DIY: 1번 유니콘 (15cm 20cm)
821229029,SELLBLOG,NORMAL,코로나로 집콕하는 아이들에게 추천합니다,2020-03-19T07:11:30.000+0000,STOREFARM,5,어린이 보석십자수 DIY 캐릭터 큐빅 비즈십자수 지니맘,지니맘 큐빅십자수  DIY: 6번 소녀1  (15cm 20cm)
840227344,SELLBLOG,AFTER_USE,잘쓰고있어요~~^^,2020-04-17T16:19:47.000+0000,STOREFARM,5,어린이 보석십자수 DIY 캐릭터 큐빅 비즈십자수 지니맘,지니맘 큐빅십자수  DIY: 17번 가면 (15cm 20cm)
820912409,SELLBLOG,NORMAL,보석십자수 몇번해봤는데 제일 재미있어요,2020-03-18T23:45:26.000+0000,STOREFARM,5,어린이 보석십자수 DIY 캐릭터 큐빅 비즈십자수 지니맘,지니맘 큐빅십자수  DIY: 26번 돌고래(15cm 20cm)
836666504,SELLBLOG,NORMAL,아이가 너무나 좋아합니다,2020-04-12T00:18:13.000+0000,STOREFARM,5,어린이 보석십자수 DIY 캐릭터 큐빅 비즈십자수 지니맘 (입고완료),지니맘 큐빅십자수  DIY: 8번 꽃사슴 (15cm 20cm)
818550794,SELLBLOG,NORMAL,집에서 지루할 때 하면 좋아요. 아이가 좋아해요~,2020-03-15T09:22:02.000+0000,STOREFARM,5,어린이 보석십자수 DIY 캐릭터 큐빅 비즈십자수 지니맘,지니맘 큐빅십자수  DIY: 1번 유니콘 (15cm 20cm)
836078382,SELLBLOG,NORMAL,배송도 빠르고 싸게 잘 샀어요,2020-04-10T22:22:53.000+0000,STOREFARM,5,어린이 보석십자수 DIY 캐릭터 큐빅 비즈십자수 지니맘 (입고완료),지니맘 큐빅십자수  DIY: 14번 슈퍼맨 (15cm 20cm)
815656809,SELLBLOG,NORMAL,"아이들이 집중해서 잘해요
어렵지 않고 금새하네요 시간떼우기도 좋아요",2020-03-11T03:05:13.000+0000,STOREFARM,4,어린이 보석십자수 DIY 캐릭터 큐빅 비즈십자수 지니맘,지니맘 큐빅십자수  DIY: 16번 별 (15cm 20cm)
836966610,SELLBLOG,NORMAL,아이가 재미있어하네요.,2020-04-12T11:02:46.000+0000,STOREFARM,3,어린이 보석십자수 DIY 캐릭터 큐빅 비즈십자수 지니맘 (입고완료),지니맘 큐빅십자수  DIY: 12번 슈퍼마리오 (15cm 20cm)
836491536,SELLBLOG,NORMAL,액자로 걸어두니 블링블링 예쁩니다,2020-04-11T12:14:36.000+0000,STOREFARM,5,어린이 보석십자수 DIY 캐릭터 큐빅 비즈십자수 지니맘 (입고완료),지니맘 큐빅십자수  DIY: 4번 홍학 (15cm 20cm)
836966196,SELLBLOG,NORMAL,아이가 재미있어하너요.,2020-04-12T11:02:03.000+0000,STOREFARM,3,어린이 보석십자수 DIY 캐릭터 큐빅 비즈십자수 지니맘 (입고완료),지니맘 큐빅십자수  DIY: 13번 스폰지밥 (15cm 20cm)
835280810,SELLBLOG,NORMAL,아이들 집중력이 좋아질것같아요,2020-04-09T11:48:21.000+0000,STOREFARM,5,어린이 보석십자수 DIY 캐릭터 큐빅 비즈십자수 지니맘,지니맘 큐빅십자수  DIY: 1번 유니콘  (15cm 20cm)
837139436,SELLBLOG,NORMAL,5살아이인데 재밌어하네요^^,2020-04-12T19:00:39.000+0000,STOREFARM,5,어린이 보석십자수 DIY 캐릭터 큐빅 비즈십자수 지니맘,지니맘 큐빅십자수  DIY: 23번 사자 (15cm 20cm)
840227290,SELLBLOG,AFTER_USE,잘하고있어요......,2020-04-17T16:19:33.000+0000,STOREFARM,5,어린이 보석십자수 DIY 캐릭터 큐빅 비즈십자수 지니맘,지니맘 큐빅십자수  DIY: 20번 거미 (15cm 20cm)
822421910,SELLBLOG,NORMAL,조카가 심심해해서 사줫어요,2020-03-21T02:49:52.000+0000,STOREFARM,5,어린이 보석십자수 DIY 캐릭터 큐빅 비즈십자수 지니맘,지니맘 큐빅십자수  DIY: 13번 스폰지밥 (15cm 20cm)
811666760,SELLBLOG,NORMAL,"이뻐요 촘촘하니
7살여자아이가 열심히하고있어요",2020-03-05T01:18:47.000+0000,STOREFARM,5,어린이 보석십자수 DIY 캐릭터 큐빅 비즈십자수 지니맘,지니맘 큐빅십자수  DIY: 13번 스폰지밥 (15cm 20cm)
818541440,SELLBLOG,NORMAL,예뻐요 반짝반짝하고 아이들이 좋아해요,2020-03-15T09:00:41.000+0000,STOREFARM,4,어린이 보석십자수 DIY 캐릭터 큐빅 비즈십자수 지니맘,지니맘 큐빅십자수  DIY: 6번 소녀1  (15cm 20cm)
837665052,SELLBLOG,NORMAL,맘에들어요 맘에들어요,2020-04-13T13:54:03.000+0000,STOREFARM,4,어린이 보석십자수 DIY 캐릭터 큐빅 비즈십자수 지니맘 (입고완료),지니맘 큐빅십자수  DIY: 21번 별유니콘 (15cm 20cm)
837664938,SELLBLOG,NORMAL,맘에들어요 맘에들어요,2020-04-13T13:53:50.000+0000,STOREFARM,4,어린이 보석십자수 DIY 캐릭터 큐빅 비즈십자수 지니맘 (입고완료),지니맘 큐빅십자수  DIY: 3번 분홍사슴 (15cm 20cm)
813426975,SELLBLOG,NORMAL,가격이 3일사이 오른건 속상하지만 그만큼 인기가있다는소리겠죠 넘이뻐요 강추요,2020-03-07T11:07:50.000+0000,STOREFARM,5,어린이 보석십자수 DIY 캐릭터 큐빅 비즈십자수 지니맘,지니맘 큐빅십자수  DIY: 17번 가면 (15cm 20cm)
821907583,SELLBLOG,NORMAL,"집중해서 잘하네요!
좋아요!",2020-03-20T06:13:36.000+0000,STOREFARM,5,어린이 보석십자수 DIY 캐릭터 큐빅 비즈십자수 지니맘,지니맘 큐빅십자수  DIY: 21번 별유니콘 (15cm 20cm)
821017308,SELLBLOG,NORMAL,요즘같이 집콕하는 때에 고마운상품이에요.^^,2020-03-19T02:25:54.000+0000,STOREFARM,5,어린이 보석십자수 DIY 캐릭터 큐빅 비즈십자수 지니맘,지니맘 큐빅십자수  DIY: 23번 사자 (15cm 20cm)
821017003,SELLBLOG,NORMAL,요즘같이 집콕하는 때에 고마운상품이에요.^^,2020-03-19T02:25:29.000+0000,STOREFARM,5,어린이 보석십자수 DIY 캐릭터 큐빅 비즈십자수 지니맘,지니맘 큐빅십자수  DIY: 6번 소녀1  (15cm 20cm)
821016615,SELLBLOG,NORMAL,요즘같이 집콕하는 때에 고마운상품이에요.^^,2020-03-19T02:25:00.000+0000,STOREFARM,5,어린이 보석십자수 DIY 캐릭터 큐빅 비즈십자수 지니맘,지니맘 큐빅십자수  DIY: 17번 가면 (15cm 20cm)
821016184,SELLBLOG,NORMAL,요즘같이 집콕하는 때에 고마운상품이에요.^^,2020-03-19T02:24:26.000+0000,STOREFARM,5,어린이 보석십자수 DIY 캐릭터 큐빅 비즈십자수 지니맘,지니맘 큐빅십자수  DIY: 19번 방패 (15cm 20cm)
834514732,SELLBLOG,NORMAL,요즘 집에서 아이들이하기에 좋네요,2020-04-08T11:45:13.000+0000,STOREFARM,5,어린이 보석십자수 DIY 캐릭터 큐빅 비즈십자수 지니맘 (입고완료),지니맘 큐빅십자수  DIY: 3번 분홍사슴 (15cm 20cm)
833565466,SELLBLOG,NORMAL,요즘 집에만 있는데 아이들이 너무 좋아해요,2020-04-07T08:07:44.000+0000,STOREFARM,5,어린이 보석십자수 DIY 캐릭터 큐빅 비즈십자수 지니맘 (입고완료),지니맘 큐빅십자수  DIY: 1번 유니콘  (15cm 20cm)
833565292,SELLBLOG,NORMAL,요즘 집에만 있는데 아이들이 너무 좋아해요,2020-04-07T08:07:31.000+0000,STOREFARM,5,어린이 보석십자수 DIY 캐릭터 큐빅 비즈십자수 지니맘 (입고완료),지니맘 큐빅십자수  DIY: 18번 망치 (15cm 20cm)
833565226,SELLBLOG,NORMAL,요즘 집에만 있는데 아이들이 너무 좋아해요,2020-04-07T08:07:26.000+0000,STOREFARM,5,어린이 보석십자수 DIY 캐릭터 큐빅 비즈십자수 지니맘 (입고완료),지니맘 큐빅십자수  DIY: 16번 별  (15cm 20cm)
833565060,SELLBLOG,NORMAL,요즘 집에만 있는데 아이들이 너무 좋아해요,2020-04-07T08:07:12.000+0000,STOREFARM,5,어린이 보석십자수 DIY 캐릭터 큐빅 비즈십자수 지니맘 (입고완료),지니맘 큐빅십자수  DIY: 8번 꽃사슴 (15cm 20cm)
833052211,SELLBLOG,NORMAL,"집에서 심심해 하는 조카에게 선물 했어요 
엄청 좋아 하네요",2020-04-06T09:50:15.000+0000,STOREFARM,5,어린이 보석십자수 DIY 캐릭터 큐빅 비즈십자수 지니맘,지니맘 큐빅십자수  DIY: 13번 스폰지밥 (15cm 20cm)
810828248,SELLBLOG,NORMAL,"하고자했던게 있었는데 품절되서 골났어요
근데 이것도이쁘네요
시간가는줄모르고했습니다.아이가 또하고싶어하네요",2020-03-03T23:20:35.000+0000,STOREFARM,5,어린이 보석십자수 DIY 캐릭터 큐빅 비즈십자수 지니맘,지니맘 큐빅십자수  DIY: 15번 베트맨 (15cm 20cm)
818320989,SELLBLOG,AFTER_USE,다완성한후 전시해놓으니 볼때마다 뿌듯해하며 좋아하네요,2020-03-15T01:09:00.000+0000,STOREFARM,5,어린이 보석십자수 DIY 캐릭터 큐빅 비즈십자수 지니맘,지니맘 큐빅십자수  DIY: 22번 부엉이 (15cm 20cm)
821907179,SELLBLOG,NORMAL,너무 예쁘고 아이들이 좋아하네요!,2020-03-20T06:13:01.000+0000,STOREFARM,5,어린이 보석십자수 DIY 캐릭터 큐빅 비즈십자수 지니맘,지니맘 큐빅십자수  DIY: 22번 부엉이 (15cm 20cm)
819771679,SELLBLOG,NORMAL,이뿌네요..애들이잘할수있어요,2020-03-17T09:25:13.000+0000,STOREFARM,5,어린이 보석십자수 DIY 캐릭터 큐빅 비즈십자수 지니맘,지니맘 큐빅십자수  DIY: 15번 베트맨 (15cm 20cm)
830041814,SELLBLOG,NORMAL,두개 사서 완성하고 또 구매했어요. 딸이 넘 좋아하네요,2020-04-01T15:04:06.000+0000,STOREFARM,5,어린이 보석십자수 DIY 캐릭터 큐빅 비즈십자수 지니맘,지니맘 큐빅십자수  DIY: 21번 별유니콘 (15cm 20cm)
836528847,SELLBLOG,NORMAL,이쁘고 재밌어요 또 구입할래요,2020-04-11T13:19:09.000+0000,STOREFARM,5,어린이 보석십자수 DIY 캐릭터 큐빅 비즈십자수 지니맘,지니맘 큐빅십자수  DIY: 8번 꽃사슴 (15cm 20cm)
832141485,SELLBLOG,NORMAL,의자에서 떠나질않네요 완전만족해요,2020-04-04T15:11:39.000+0000,STOREFARM,5,어린이 보석십자수 DIY 캐릭터 큐빅 비즈십자수 지니맘 (입고완료),지니맘 큐빅십자수  DIY: 1번 유니콘  (15cm 20cm)
819494473,SELLBLOG,AFTER_USE,"생각보다커요..
애들이좋아하네요",2020-03-17T02:17:05.000+0000,STOREFARM,5,어린이 보석십자수 DIY 캐릭터 큐빅 비즈십자수 지니맘,지니맘 큐빅십자수  DIY: 3번 분홍사슴 (15cm 20cm)
812440299,SELLBLOG,NORMAL,"너무 예쁘네요~ 보석도 충분히 주셨어요~^^ 9세 아이는 혼자 잘하고, 7세 아이는 쫌 도와줬어요. 남편도 하고 싶어해서 추가구입했어요",2020-03-06T01:59:37.000+0000,STOREFARM,5,어린이 보석십자수 DIY 캐릭터 큐빅 비즈십자수 지니맘,지니맘 큐빅십자수  DIY: 2번 보라유니콘 (15cm 20cm)
831279567,SELLBLOG,NORMAL,배송빠르고..잼나여..아이랑같이하고있어요,2020-04-03T08:25:25.000+0000,STOREFARM,5,어린이 보석십자수 DIY 캐릭터 큐빅 비즈십자수 지니맘 (입고완료),지니맘 큐빅십자수  DIY: 1번 유니콘  (15cm 20cm)
822970447,SELLBLOG,NORMAL,완성하니 너무 예뻐요,2020-03-22T01:35:52.000+0000,STOREFARM,5,어린이 보석십자수 DIY 캐릭터 큐빅 비즈십자수 지니맘,지니맘 큐빅십자수  DIY: 21번 별유니콘 (15cm 20cm)
822748556,SELLBLOG,NORMAL,큐빅이 예쁘고 재밌어요,2020-03-21T12:03:50.000+0000,STOREFARM,5,어린이 보석십자수 DIY 캐릭터 큐빅 비즈십자수 지니맘,지니맘 큐빅십자수  DIY: 1번 유니콘 (15cm 20cm)
822748305,SELLBLOG,NORMAL,큐빅이 예쁘고 재밌어요,2020-03-21T12:03:26.000+0000,STOREFARM,5,어린이 보석십자수 DIY 캐릭터 큐빅 비즈십자수 지니맘,지니맘 큐빅십자수  DIY: 12번 슈퍼마리오 (15cm 20cm)
814955413,SELLBLOG,NORMAL,처음해보는데 재미있네요 초4는 집중하느라 말도 안하고 잘해요,2020-03-10T05:04:25.000+0000,STOREFARM,5,어린이 보석십자수 DIY 캐릭터 큐빅 비즈십자수 지니맘,지니맘 큐빅십자수  DIY: 17번 가면 (15cm 20cm)
836646373,SELLBLOG,NORMAL,아이가 조아라 하네요.,2020-04-11T22:58:28.000+0000,STOREFARM,5,어린이 보석십자수 DIY 캐릭터 큐빅 비즈십자수 지니맘 (입고완료),지니맘 큐빅십자수  DIY: 21번 별유니콘 (15cm 20cm)
819495000,SELLBLOG,AFTER_USE,"재밌어해요..
아이들이 좋아하네요",2020-03-17T02:18:00.000+0000,STOREFARM,5,어린이 보석십자수 DIY 캐릭터 큐빅 비즈십자수 지니맘,지니맘 큐빅십자수  DIY: 2번 보라유니콘 (15cm 20cm)
832500745,SELLBLOG,NORMAL,핸드폰안한다고해서 주문해줬는데 집중하며 잘합니다..,2020-04-05T11:04:18.000+0000,STOREFARM,4,어린이 보석십자수 DIY 캐릭터 큐빅 비즈십자수 지니맘 (입고완료),지니맘 큐빅십자수  DIY: 21번 별유니콘 (15cm 20cm)
815228960,SELLBLOG,NORMAL,품절이라서 다른사이트서 샀다가 입고 되었길래 얼릉 주문해서 받았는데 캐릭터도 넘이쁘고 비즈도 꼼꼼하게 지퍼백으로 포장이 잘되어있네요 역시 금방  품절되는 이유를 알겠네요 울공쥬가 친구도 선물할꺼라고 주문했네요  제가 다른데서 산거랑  비교해보면   지니맘이 쵝오입니다 많이 파세요,2020-03-10T10:57:32.000+0000,STOREFARM,5,어린이 보석십자수 DIY 캐릭터 큐빅 비즈십자수 지니맘,지니맘 큐빅십자수  DIY: 8번 꽃사슴 (15cm 20cm)
806274853,SELLBLOG,NORMAL,넘이쁜거 같아요.부엉이만 주문했는데 다음엔 유니콘주문해볼려구요.,2020-02-25T12:51:48.000+0000,STOREFARM,5,어린이 보석십자수 DIY 캐릭터 큐빅 비즈십자수 지니맘,지니맘 큐빅십자수  DIY: 22번 부엉이 (15cm 20cm)
814954512,SELLBLOG,NORMAL,아이들이 좋아해요 품절 상품 구매위해 알람맞춘 보람 있네요,2020-03-10T05:03:01.000+0000,STOREFARM,5,어린이 보석십자수 DIY 캐릭터 큐빅 비즈십자수 지니맘,지니맘 큐빅십자수  DIY: 24번 미니1 (15cm 20cm)
815739192,SELLBLOG,NORMAL,좋아요 요즘같은 집콕에 아이가 엄청 좋아합니다,2020-03-11T05:09:29.000+0000,STOREFARM,5,어린이 보석십자수 DIY 캐릭터 큐빅 비즈십자수 지니맘,지니맘 큐빅십자수  DIY: 26번 돌고래(15cm 20cm)
819892611,SELLBLOG,NORMAL,아아가 좋아하는 캐릭터라 집중해서 하네요.,2020-03-17T11:50:46.000+0000,STOREFARM,5,어린이 보석십자수 DIY 캐릭터 큐빅 비즈십자수 지니맘,지니맘 큐빅십자수  DIY: 20번 거미 (15cm 20cm)
835972761,SELLBLOG,NORMAL,아이가 너무 재미있어해요..,2020-04-10T13:21:59.000+0000,STOREFARM,5,어린이 보석십자수 DIY 캐릭터 큐빅 비즈십자수 지니맘 (입고완료),지니맘 큐빅십자수  DIY: 12번 슈퍼마리오 (15cm 20cm)
836528366,SELLBLOG,NORMAL,이쁘고 재밌어요 푹빠졌어요,2020-04-11T13:18:17.000+0000,STOREFARM,5,어린이 보석십자수 DIY 캐릭터 큐빅 비즈십자수 지니맘,지니맘 큐빅십자수  DIY: 7번 소녀2  (15cm 20cm)
834630171,SELLBLOG,NORMAL,가격대비 액자가 고급스럽네요,2020-04-08T14:01:39.000+0000,STOREFARM,5,어린이 보석십자수 DIY 캐릭터 큐빅 비즈십자수 지니맘 (입고완료),지니맘 큐빅십자수  DIY: 9번 겨울사슴 (15cm 20cm)
835372615,SELLBLOG,NORMAL,빠르고 정확한 배송과 상품,2020-04-09T14:00:58.000+0000,STOREFARM,4,어린이 보석십자수 DIY 캐릭터 큐빅 비즈십자수 지니맘,지니맘 큐빅십자수  DIY: 2번 보라유니콘  (15cm 20cm)
825211830,SELLBLOG,NORMAL,"집콕중에...아이들 이것저것 시키고는 있으나..
넘 지루해하네요..
하나하나 붙여서 작품 완성하니..ㅈ아이들이 넘뿌듯해하고...좋아리하네요
번창하세요",2020-03-25T11:35:55.000+0000,STOREFARM,5,어린이 보석십자수 DIY 캐릭터 큐빅 비즈십자수 지니맘,지니맘 큐빅십자수  DIY: 22번 부엉이 (15cm 20cm)
817537047,SELLBLOG,NORMAL,포장도 꼼꼼하게 배송되어왔어요.상품도 만족,2020-03-13T12:28:41.000+0000,STOREFARM,4,어린이 보석십자수 DIY 캐릭터 큐빅 비즈십자수 지니맘,지니맘 큐빅십자수  DIY: 9번 겨울사슴 (15cm 20cm)
810902355,SELLBLOG,NORMAL,색이 화려해서 아이가 좋아하네요ㅎㅎ조용한 시간 보내고싶으신 부모님들 강추입니다 비즈하는 시간동안 잠깜은 조용해요ㅋㅋ,2020-03-04T01:40:28.000+0000,STOREFARM,4,어린이 보석십자수 DIY 캐릭터 큐빅 비즈십자수 지니맘,지니맘 큐빅십자수  DIY: 16번 별 (15cm 20cm)
835972923,SELLBLOG,NORMAL,아이가 너무 재미밌어해요..,2020-04-10T13:22:16.000+0000,STOREFARM,5,어린이 보석십자수 DIY 캐릭터 큐빅 비즈십자수 지니맘 (입고완료),지니맘 큐빅십자수  DIY: 17번 가면 (15cm 20cm)
809293633,SELLBLOG,NORMAL,"요즘 코르나 때문에 아이들이 집에만 있으니까 심심해해서 주문했는데 재미있어하네요.
품절된것들이 많던데 재고 생기면 또 구매하고싶네요~",2020-03-01T07:58:31.000+0000,STOREFARM,4,어린이 보석십자수 DIY 캐릭터 큐빅 비즈십자수 지니맘,지니맘 큐빅십자수  DIY: 23번 사자 (15cm 20cm)
809293426,SELLBLOG,NORMAL,"요즘 코르나 때문에 아이들이 집에만 있으니까 심심해해서 주문했는데 재미있어하네요.
품절된것들이 많던데 재고 생기면 또 구매하고싶네요~",2020-03-01T07:58:07.000+0000,STOREFARM,4,어린이 보석십자수 DIY 캐릭터 큐빅 비즈십자수 지니맘,지니맘 큐빅십자수  DIY: 13번 스폰지밥 (15cm 20cm)
809293044,SELLBLOG,NORMAL,"요즘 코르나 때문에 아이들이 집에만 있으니까 심심해해서 주문했는데 재미있어하네요.
품절된것들이 많던데 재고 생기면 또 구매하고싶네요~",2020-03-01T07:57:11.000+0000,STOREFARM,4,어린이 보석십자수 DIY 캐릭터 큐빅 비즈십자수 지니맘,지니맘 큐빅십자수  DIY: 17번 가면 (15cm 20cm)
823510928,SELLBLOG,NORMAL,"품절이 많아 맘에드는거 사기가 
힘들었는데 시같체크 잘해서 맘에드는걸로
겟 했네요^^
아이들이 좋아해요
물론 완성하기까지는 시간이 걸리겠지만..",2020-03-23T01:46:04.000+0000,STOREFARM,4,어린이 보석십자수 DIY 캐릭터 큐빅 비즈십자수 지니맘,지니맘 큐빅십자수  DIY: 3번 분홍사슴 (15cm 20cm)
823510838,SELLBLOG,NORMAL,"품절이 많아 맘에드는거 사기가 
힘들었는데 시같체크 잘해서 맘에드는걸로
겟 했네요^^
아이들이 좋아해요
물론 완성하기까지는 시간이 걸리겠지만..",2020-03-23T01:45:56.000+0000,STOREFARM,5,어린이 보석십자수 DIY 캐릭터 큐빅 비즈십자수 지니맘,지니맘 큐빅십자수  DIY: 21번 별유니콘 (15cm 20cm)
824271541,SELLBLOG,NORMAL,"선물용으로 구입했어요.
선택을 잘 못해서 엉뚱한걸로 골라서 당황했는데 친절하게 바꿔주셔서 선물 잘 했어요.
감사합니다~",2020-03-24T07:17:48.000+0000,STOREFARM,4,어린이 보석십자수 DIY 캐릭터 큐빅 비즈십자수 지니맘,지니맘 큐빅십자수  DIY: 5번  반짝이 사슴 (15cm 20cm)
822748779,SELLBLOG,NORMAL,큐빅이 정말 예뻐요,2020-03-21T12:04:11.000+0000,STOREFARM,5,어린이 보석십자수 DIY 캐릭터 큐빅 비즈십자수 지니맘,지니맘 큐빅십자수  DIY: 26번 돌고래(15cm 20cm)
820357305,SELLBLOG,NORMAL,넘 이뻐요 재미있고요,2020-03-18T05:13:24.000+0000,STOREFARM,5,어린이 보석십자수 DIY 캐릭터 큐빅 비즈십자수 지니맘,지니맘 큐빅십자수  DIY: 13번 스폰지밥 (15cm 20cm)
819507042,SELLBLOG,NORMAL,중학생도 사달라 졸라서 하나 더 샀어요,2020-03-17T02:39:14.000+0000,STOREFARM,5,어린이 보석십자수 DIY 캐릭터 큐빅 비즈십자수 지니맘,지니맘 큐빅십자수  DIY: 21번 별유니콘 (15cm 20cm)
819412157,SELLBLOG,NORMAL,어깨랑 눈이랑 아프지만 그래도 재밌어요,2020-03-16T23:12:08.000+0000,STOREFARM,4,어린이 보석십자수 DIY 캐릭터 큐빅 비즈십자수 지니맘,지니맘 큐빅십자수  DIY: 6번 소녀1  (15cm 20cm)
822636294,SELLBLOG,NORMAL,와 진짜 예뻐요 최고,2020-03-21T08:48:39.000+0000,STOREFARM,5,어린이 보석십자수 DIY 캐릭터 큐빅 비즈십자수 지니맘,지니맘 큐빅십자수  DIY: 1번 유니콘 (15cm 20cm)
819445298,SELLBLOG,NORMAL,상품퀄리티최상입니다  예쁘고 잼나네요,2020-03-17T00:42:42.000+0000,STOREFARM,5,어린이 보석십자수 DIY 캐릭터 큐빅 비즈십자수 지니맘,지니맘 큐빅십자수  DIY: 23번 사자 (15cm 20cm)
821552857,SELLBLOG,NORMAL,"코로나때문에 밖에 나가지 못해서 주문해줬는데요... 아이가 너무 좋아하네요^^
하루종일 앉아서 이거 하려고하고~ 
쉬엄쉬엄 다니다가 하기도 하고요~ 
저는 적극 추천이랍니다^^",2020-03-19T14:16:40.000+0000,STOREFARM,5,어린이 보석십자수 DIY 캐릭터 큐빅 비즈십자수 지니맘,지니맘 큐빅십자수  DIY: 4번 홍학 (15cm 20cm)
829181640,SELLBLOG,NORMAL,너무 예뻐요.생가보다 집중력 많이 필요합니다,2020-03-31T13:53:32.000+0000,STOREFARM,5,어린이 보석십자수 DIY 캐릭터 큐빅 비즈십자수 지니맘,지니맘 큐빅십자수  DIY: 21번 별유니콘 (15cm 20cm)
811838897,SELLBLOG,NORMAL,"5살 10살 아이들이 열심히 가내수공업 중입니다
재미있어 하네요
시간 떼우가 좋아요ㅎㅎ
완성하면 이쁠것같아요",2020-03-05T05:32:06.000+0000,STOREFARM,5,어린이 보석십자수 DIY 캐릭터 큐빅 비즈십자수 지니맘,지니맘 큐빅십자수  DIY: 4번 홍학 (15cm 20cm)
827801515,SELLBLOG,NORMAL,아이들이 요즘 집에서 너무 심심해 했는데 보석십자수 하면서 하루 잘 놀았어요 완성하니 반짝반짝 너무 예쁘네요,2020-03-29T12:23:53.000+0000,STOREFARM,5,어린이 보석십자수 DIY 캐릭터 큐빅 비즈십자수 지니맘,지니맘 큐빅십자수  DIY: 3번 분홍사슴 (15cm 20cm)
819891154,SELLBLOG,NORMAL,색이 여러가지로 구성되어 예뻐요,2020-03-17T11:49:12.000+0000,STOREFARM,5,어린이 보석십자수 DIY 캐릭터 큐빅 비즈십자수 지니맘,지니맘 큐빅십자수  DIY: 23번 사자 (15cm 20cm)
833735410,SELLBLOG,NORMAL,배송이 빠르고 아이가 좋아해요,2020-04-07T11:42:09.000+0000,STOREFARM,5,어린이 보석십자수 DIY 캐릭터 큐빅 비즈십자수 지니맘,지니맘 큐빅십자수  DIY: 17번 가면 (15cm 20cm)
822852646,SELLBLOG,NORMAL,아이가 좋아하네요.,2020-03-21T15:13:29.000+0000,STOREFARM,5,어린이 보석십자수 DIY 캐릭터 큐빅 비즈십자수 지니맘,지니맘 큐빅십자수  DIY: 9번 겨울사슴 (15cm 20cm)
822354808,SELLBLOG,NORMAL,"집중력도 키우고
예쁜 결과물도~~",2020-03-21T00:44:32.000+0000,STOREFARM,5,어린이 보석십자수 DIY 캐릭터 큐빅 비즈십자수 지니맘,지니맘 큐빅십자수  DIY: 20번 거미 (15cm 20cm)
813240188,SELLBLOG,NORMAL,"코로나로 집콕하고 있는 아이들에게 딱입니다.
아들 딸 다 좋아하네용",2020-03-07T06:33:10.000+0000,STOREFARM,5,어린이 보석십자수 DIY 캐릭터 큐빅 비즈십자수 지니맘,지니맘 큐빅십자수  DIY: 25번 미니2  (15cm 20cm)
835256988,SELLBLOG,NORMAL,아이가 너무 좋아해요,2020-04-09T11:15:49.000+0000,STOREFARM,5,어린이 보석십자수 DIY 캐릭터 큐빅 비즈십자수 지니맘,지니맘 큐빅십자수  DIY: 21번 별유니콘 (15cm 20cm)
831775365,SELLBLOG,NORMAL,방법도 단순하고 집에서 아이들 시간보내기좋아요^^,2020-04-04T05:10:11.000+0000,STOREFARM,5,어린이 보석십자수 DIY 캐릭터 큐빅 비즈십자수 지니맘 (입고완료),지니맘 큐빅십자수  DIY: 21번 별유니콘 (15cm 20cm)
820199089,SELLBLOG,NORMAL,애들이 목이 아프다면서도 너무 좋아하네요~~^^,2020-03-18T01:11:54.000+0000,STOREFARM,5,어린이 보석십자수 DIY 캐릭터 큐빅 비즈십자수 지니맘,지니맘 큐빅십자수  DIY: 22번 부엉이 (15cm 20cm)
819506431,SELLBLOG,NORMAL,작아서 2일 걸려서 뚝딱 또 사달라내요,2020-03-17T02:38:11.000+0000,STOREFARM,5,어린이 보석십자수 DIY 캐릭터 큐빅 비즈십자수 지니맘,지니맘 큐빅십자수  DIY: 9번 겨울사슴 (15cm 20cm)
829773097,SELLBLOG,NORMAL,긴 방학 아이들 하라고ㅠ샀는데 좋아요,2020-04-01T09:17:48.000+0000,STOREFARM,5,어린이 보석십자수 DIY 캐릭터 큐빅 비즈십자수 지니맘,지니맘 큐빅십자수  DIY: 21번 별유니콘 (15cm 20cm)
829772923,SELLBLOG,NORMAL,긴 방학 아이들 하라고ㅠ샀는데 좋아요,2020-04-01T09:17:32.000+0000,STOREFARM,5,어린이 보석십자수 DIY 캐릭터 큐빅 비즈십자수 지니맘,지니맘 큐빅십자수  DIY: 10번 안경토끼 (15cm 20cm)
829772743,SELLBLOG,NORMAL,긴 방학 아이들 하라고ㅠ샀는데 좋아요,2020-04-01T09:17:18.000+0000,STOREFARM,5,어린이 보석십자수 DIY 캐릭터 큐빅 비즈십자수 지니맘,지니맘 큐빅십자수  DIY: 1번 유니콘 (15cm 20cm)
831375332,SELLBLOG,AFTER_USE,바빠서 아직 못했는데 너무 귀여운 스폰지밥 기대돼요!,2020-04-03T10:49:58.000+0000,STOREFARM,5,어린이 보석십자수 DIY 캐릭터 큐빅 비즈십자수 지니맘,지니맘 큐빅십자수  DIY: 13번 스폰지밥 (15cm 20cm)
813138543,SELLBLOG,NORMAL,일단 완전 취저네요~ 아이가 엄청 좋아해요. 이쁘고.. 단순하지않아 더 재미있어요~,2020-03-07T03:47:31.000+0000,STOREFARM,5,어린이 보석십자수 DIY 캐릭터 큐빅 비즈십자수 지니맘,지니맘 큐빅십자수  DIY: 8번 꽃사슴 (15cm 20cm)
808557637,SELLBLOG,NORMAL,코로나때문에 집콕해야는데 이거하면서 시간보내볼라구요~ 꼼꼼하게 포장 잘되서왔네요 애들좋아하면 재구매해볼생각이에요,2020-02-29T03:37:57.000+0000,STOREFARM,4,어린이 보석십자수 DIY 캐릭터 큐빅 비즈십자수 지니맘,지니맘 큐빅십자수  DIY: 3번 분홍사슴 (15cm 20cm)
815611378,SELLBLOG,NORMAL,배송빠르고 큐빅이 아주 넉넉해요.액자는 힘이 없네요,2020-03-11T01:55:09.000+0000,STOREFARM,4,어린이 보석십자수 DIY 캐릭터 큐빅 비즈십자수 지니맘,지니맘 큐빅십자수  DIY: 5번  반짝이 사슴 (15cm 20cm)
833098397,SELLBLOG,NORMAL,예쁘고 만들면서 시간 가는 줄 몰라요 ㅋ,2020-04-06T11:25:06.000+0000,STOREFARM,4,어린이 보석십자수 DIY 캐릭터 큐빅 비즈십자수 지니맘 (입고완료),지니맘 큐빅십자수  DIY: 1번 유니콘  (15cm 20cm)
833375495,SELLBLOG,NORMAL,너무예쁘고 아이가좋아합니다,2020-04-07T02:58:42.000+0000,STOREFARM,5,어린이 보석십자수 DIY 캐릭터 큐빅 비즈십자수 지니맘,지니맘 큐빅십자수  DIY: 8번 꽃사슴 (15cm 20cm)
834087987,SELLBLOG,NORMAL,아이들이 무척 좋아했습니다.,2020-04-08T02:04:12.000+0000,STOREFARM,5,어린이 보석십자수 DIY 캐릭터 큐빅 비즈십자수 지니맘,지니맘 큐빅십자수  DIY: 22번 부엉이 (15cm 20cm)
818923387,SELLBLOG,NORMAL,"아이가너무좋아해요
추가로 5개더구매합니다~^^",2020-03-16T02:23:58.000+0000,STOREFARM,5,어린이 보석십자수 DIY 캐릭터 큐빅 비즈십자수 지니맘,지니맘 큐빅십자수  DIY: 23번 사자 (15cm 20cm)
832545981,SELLBLOG,AFTER_USE,액자에 걸어서 보관하니 너무 좋습니다,2020-04-05T12:32:03.000+0000,STOREFARM,5,어린이 보석십자수 DIY 캐릭터 큐빅 비즈십자수 지니맘,지니맘 큐빅십자수  DIY: 3번 분홍사슴 (15cm 20cm)
827160170,SELLBLOG,NORMAL,배송도 빠르고 큐빅들 포장도 꼼꼼하게 잘되어있어 만족이에요~~  품절된것들 재입고되면 추가 구매하고싶습니다^^,2020-03-28T09:16:06.000+0000,STOREFARM,5,어린이 보석십자수 DIY 캐릭터 큐빅 비즈십자수 지니맘,지니맘 큐빅십자수  DIY: 19번 방패 (15cm 20cm)
818972957,SELLBLOG,NORMAL,아이 하라고 샀는데 재미있어서 제가 해요 ㅋㅋ,2020-03-16T03:42:36.000+0000,STOREFARM,5,어린이 보석십자수 DIY 캐릭터 큐빅 비즈십자수 지니맘,지니맘 큐빅십자수  DIY: 3번 분홍사슴 (15cm 20cm)
819882765,SELLBLOG,AFTER_USE,배송빠르고 아이가 좋아합니다,2020-03-17T11:40:18.000+0000,STOREFARM,5,어린이 보석십자수 DIY 캐릭터 큐빅 비즈십자수 지니맘,지니맘 큐빅십자수  DIY: 22번 부엉이 (15cm 20cm)
819882226,SELLBLOG,AFTER_USE,배송빠르고 아이가 좋아합니다,2020-03-17T11:39:42.000+0000,STOREFARM,5,어린이 보석십자수 DIY 캐릭터 큐빅 비즈십자수 지니맘,지니맘 큐빅십자수  DIY: 6번 소녀1  (15cm 20cm)
822707285,SELLBLOG,NORMAL,"너무이쁘네요~~~~~
집중해서 잘해요",2020-03-21T10:56:56.000+0000,STOREFARM,5,어린이 보석십자수 DIY 캐릭터 큐빅 비즈십자수 지니맘,지니맘 큐빅십자수  DIY: 12번 슈퍼마리오 (15cm 20cm)
833775222,SELLBLOG,NORMAL,"너무예쁘네요^^
잘샀어요~",2020-04-07T12:26:51.000+0000,STOREFARM,5,어린이 보석십자수 DIY 캐릭터 큐빅 비즈십자수 지니맘,지니맘 큐빅십자수  DIY: 3번 분홍사슴 (15cm 20cm)
816401458,SELLBLOG,NORMAL,"아이들이 무척 좋아해요
시간이 잘 갑니다",2020-03-12T02:02:53.000+0000,STOREFARM,5,어린이 보석십자수 DIY 캐릭터 큐빅 비즈십자수 지니맘,지니맘 큐빅십자수  DIY: 9번 겨울사슴 (15cm 20cm)
822423371,SELLBLOG,NORMAL,반짝반짝 중독성 강해요,2020-03-21T02:52:38.000+0000,STOREFARM,5,어린이 보석십자수 DIY 캐릭터 큐빅 비즈십자수 지니맘,지니맘 큐빅십자수  DIY: 20번 거미 (15cm 20cm)
820281737,SELLBLOG,NORMAL,아이들이 집중해서 잘하네요.,2020-03-18T03:18:19.000+0000,STOREFARM,4,어린이 보석십자수 DIY 캐릭터 큐빅 비즈십자수 지니맘,지니맘 큐빅십자수  DIY: 12번 슈퍼마리오 (15cm 20cm)
836666600,SELLBLOG,NORMAL,아이가 좋아해요~^^,2020-04-12T00:18:30.000+0000,STOREFARM,4,어린이 보석십자수 DIY 캐릭터 큐빅 비즈십자수 지니맘 (입고완료),지니맘 큐빅십자수  DIY: 1번 유니콘  (15cm 20cm)
834306384,SELLBLOG,NORMAL,아이가좋아해요 아이가좋아해요,2020-04-08T07:20:11.000+0000,STOREFARM,5,어린이 보석십자수 DIY 캐릭터 큐빅 비즈십자수 지니맘 (입고완료),지니맘 큐빅십자수  DIY: 12번 슈퍼마리오 (15cm 20cm)
833735124,SELLBLOG,NORMAL,배송도 빠르고 너무 이뻐요,2020-04-07T11:41:51.000+0000,STOREFARM,5,어린이 보석십자수 DIY 캐릭터 큐빅 비즈십자수 지니맘,지니맘 큐빅십자수  DIY: 22번 부엉이 (15cm 20cm)
833983813,SELLBLOG,NORMAL,요즘 아이가 하기 좋아요,2020-04-07T23:11:34.000+0000,STOREFARM,5,어린이 보석십자수 DIY 캐릭터 큐빅 비즈십자수 지니맘 (입고완료),지니맘 큐빅십자수  DIY: 7번 소녀2  (15cm 20cm)
833983755,SELLBLOG,NORMAL,요즘 아이가 하기 좋아요,2020-04-07T23:11:26.000+0000,STOREFARM,5,어린이 보석십자수 DIY 캐릭터 큐빅 비즈십자수 지니맘 (입고완료),지니맘 큐빅십자수  DIY: 21번 별유니콘 (15cm 20cm)
818541111,SELLBLOG,NORMAL,액자에 넣어보니 아이들이 더 좋아해요,2020-03-15T08:59:50.000+0000,STOREFARM,4,어린이 보석십자수 DIY 캐릭터 큐빅 비즈십자수 지니맘,지니맘 큐빅십자수  DIY: 18번 망치 (15cm 20cm)
819817908,SELLBLOG,NORMAL,아이가 너무 좋아해서 또 사려니 그새 가격이 많이 올랐네요 ㅡㅡ;;,2020-03-17T10:25:32.000+0000,STOREFARM,4,어린이 보석십자수 DIY 캐릭터 큐빅 비즈십자수 지니맘,지니맘 큐빅십자수  DIY: 2번 토끼(15cm 15cm)
833908480,SELLBLOG,NORMAL,잼나고 이쁘고작품입니다,2020-04-07T15:33:14.000+0000,STOREFARM,5,어린이 보석십자수 DIY 캐릭터 큐빅 비즈십자수 지니맘 (입고완료),지니맘 큐빅십자수  DIY: 20번 거미 (15cm 20cm)
810561232,SELLBLOG,NORMAL,아이들이 4시간을 집중해요 최고,2020-03-03T11:30:52.000+0000,STOREFARM,5,어린이 보석십자수 DIY 캐릭터 큐빅 비즈십자수 지니맘,지니맘 큐빅십자수  DIY: 15번 베트맨 (15cm 20cm)
825379632,SELLBLOG,NORMAL,큐빅이 제법 큽니다. 2순위였는데 1순위 제품 품절이어서 구매했어요. 완성하는데 시간이 걸립니다.,2020-03-25T15:34:16.000+0000,STOREFARM,4,어린이 보석십자수 DIY 캐릭터 큐빅 비즈십자수 지니맘,지니맘 큐빅십자수  DIY: 19번 방패 (15cm 20cm)
813694268,SELLBLOG,NORMAL,7살짜리 아들과 같이 했어요~완성해놓으니 멋지다며 아들이 엄청 좋아해요^^,2020-03-08T01:16:55.000+0000,STOREFARM,5,어린이 보석십자수 DIY 캐릭터 큐빅 비즈십자수 지니맘,지니맘 큐빅십자수  DIY: 17번 가면 (15cm 20cm)
813693949,SELLBLOG,NORMAL,7살짜리 아들과 같이 했어요~완성해놓으니 멋지다며 아들이 엄청 좋아해요^^,2020-03-08T01:16:08.000+0000,STOREFARM,5,어린이 보석십자수 DIY 캐릭터 큐빅 비즈십자수 지니맘,지니맘 큐빅십자수  DIY: 20번 거미 (15cm 20cm)
821881743,SELLBLOG,NORMAL,시간때우기 최고네요ㅋㅋ,2020-03-20T05:36:04.000+0000,STOREFARM,3,어린이 보석십자수 DIY 캐릭터 큐빅 비즈십자수 지니맘,지니맘 큐빅십자수  DIY: 25번 미니2  (15cm 20cm)
820357016,SELLBLOG,NORMAL,애들이 넘 좋아해요. 이쁘고,2020-03-18T05:12:58.000+0000,STOREFARM,5,어린이 보석십자수 DIY 캐릭터 큐빅 비즈십자수 지니맘,지니맘 큐빅십자수  DIY: 8번 꽃사슴 (15cm 20cm)
811148919,SELLBLOG,NORMAL,"배송도 빨랐구요 아이들 집중력,시간떼우기(?!) 좋아요 요즘같이 아이들 집콕일 때 잘 사용하고 있어요",2020-03-04T07:35:26.000+0000,STOREFARM,5,어린이 보석십자수 DIY 캐릭터 큐빅 비즈십자수 지니맘,지니맘 큐빅십자수  DIY: 2번 보라유니콘 (15cm 20cm)
836242406,SELLBLOG,NORMAL,예뻐요 만족합니다~~^^,2020-04-11T04:57:41.000+0000,STOREFARM,5,어린이 보석십자수 DIY 캐릭터 큐빅 비즈십자수 지니맘 (입고완료),지니맘 큐빅십자수  DIY: 6번 소녀1  (15cm 20cm)
813543188,SELLBLOG,NORMAL,"생각보다 어렵지않았어요~~
아이가 좋아해서 조금더 큰걸 사서 할까 생각중입니디ㅡ",2020-03-07T14:01:49.000+0000,STOREFARM,5,어린이 보석십자수 DIY 캐릭터 큐빅 비즈십자수 지니맘,지니맘 큐빅십자수  DIY: 21번 별유니콘 (15cm 20cm)
821079055,SELLBLOG,NORMAL,아이가 잼있어 해요,2020-03-19T03:55:53.000+0000,STOREFARM,5,어린이 보석십자수 DIY 캐릭터 큐빅 비즈십자수 지니맘,지니맘 큐빅십자수  DIY: 19번 방패 (15cm 20cm)
814932984,SELLBLOG,NORMAL,"집중모드가 되네요~ 
이뻐서 더 주문해달래서 더 주문합니당!!",2020-03-10T04:28:48.000+0000,STOREFARM,5,어린이 보석십자수 DIY 캐릭터 큐빅 비즈십자수 지니맘,지니맘 큐빅십자수  DIY: 20번 거미 (15cm 20cm)
829184422,SELLBLOG,NORMAL,스파이더맨이지만 여자아이도 즐겁게 할 수 있게 예쁘고 정교해요.,2020-03-31T13:56:59.000+0000,STOREFARM,5,어린이 보석십자수 DIY 캐릭터 큐빅 비즈십자수 지니맘,지니맘 큐빅십자수  DIY: 20번 거미 (15cm 20cm)
801405611,SELLBLOG,NORMAL,"지난주까지 유니콘만 품절이라 주문못하다가 품절 풀리자 바로 주문했어요^^
첫째가 무조건 유니콘이어야한다고ㅎㅎ
너무 귀엽고 완성은 아직 못했지만 화려하고 예뻐요.
 7세 아이 혼자 하기 크기도 적당해요~",2020-02-16T11:00:38.000+0000,STOREFARM,5,어린이 보석십자수 DIY 캐릭터 큐빅 비즈십자수 지니맘,지니맘 큐빅십자수  DIY: 21번 별유니콘 (15cm 20cm)
834951223,SELLBLOG,NORMAL,얘들이 너무 좋아해요^^,2020-04-09T04:04:57.000+0000,STOREFARM,4,어린이 보석십자수 DIY 캐릭터 큐빅 비즈십자수 지니맘 (입고완료),지니맘 큐빅십자수  DIY: 21번 별유니콘 (15cm 20cm)
822636546,SELLBLOG,NORMAL,이뻐서 또 샀어요 ㅎㅎ,2020-03-21T08:49:03.000+0000,STOREFARM,5,어린이 보석십자수 DIY 캐릭터 큐빅 비즈십자수 지니맘,지니맘 큐빅십자수  DIY: 23번 사자 (15cm 20cm)
836217562,SELLBLOG,NORMAL,좋아요 좋아요 좋아요,2020-04-11T04:12:27.000+0000,STOREFARM,5,어린이 보석십자수 DIY 캐릭터 큐빅 비즈십자수 지니맘 (입고완료),지니맘 큐빅십자수  DIY: 8번 꽃사슴 (15cm 20cm)
818321382,SELLBLOG,AFTER_USE,전시해놓으니 예쁘고 아이가 좋아해요,2020-03-15T01:09:55.000+0000,STOREFARM,5,어린이 보석십자수 DIY 캐릭터 큐빅 비즈십자수 지니맘,지니맘 큐빅십자수  DIY: 8번 꽃사슴 (15cm 20cm)
816924071,SELLBLOG,NORMAL,내용이 알찹니다. 재미있습니다.,2020-03-12T13:44:16.000+0000,STOREFARM,5,어린이 보석십자수 DIY 캐릭터 큐빅 비즈십자수 지니맘,지니맘 큐빅십자수  DIY: 1번 유니콘 (15cm 20cm)
815761072,SELLBLOG,NORMAL,아이보다 제가 더 열심히했네요ㅋ 재밌어요,2020-03-11T05:39:48.000+0000,STOREFARM,5,어린이 보석십자수 DIY 캐릭터 큐빅 비즈십자수 지니맘,지니맘 큐빅십자수  DIY: 2번 보라유니콘 (15cm 20cm)
816935156,SELLBLOG,NORMAL,"재구매했어요
역시나 너무좋아하네요",2020-03-12T14:00:27.000+0000,STOREFARM,5,어린이 보석십자수 DIY 캐릭터 큐빅 비즈십자수 지니맘,지니맘 큐빅십자수  DIY: 1번 유니콘 (15cm 20cm)
831403751,SELLBLOG,NORMAL,"아이가 좋아하네요
담엔 더큰걸 주문할께요",2020-04-03T11:32:45.000+0000,STOREFARM,5,어린이 보석십자수 DIY 캐릭터 큐빅 비즈십자수 지니맘,지니맘 큐빅십자수  DIY: 5번  반짝이 사슴 (15cm 20cm)
825378967,SELLBLOG,NORMAL,상품은 예쁘고 아이도 좋아해요. 예쁜 상품들이 거의다 품절이어서 별 하나 뺐어요.,2020-03-25T15:32:30.000+0000,STOREFARM,4,어린이 보석십자수 DIY 캐릭터 큐빅 비즈십자수 지니맘,지니맘 큐빅십자수  DIY: 11번 클로버 (15cm 20cm)
832508838,SELLBLOG,NORMAL,판매자님 친절하시고 좋습니딘,2020-04-05T11:21:23.000+0000,STOREFARM,3,어린이 보석십자수 DIY 캐릭터 큐빅 비즈십자수 지니맘 (입고완료),지니맘 큐빅십자수  DIY: 20번 거미 (15cm 20cm)
817783804,SELLBLOG,NORMAL,코로나때문에 지루해 할까봐 주문했어요,2020-03-14T02:58:58.000+0000,STOREFARM,4,어린이 보석십자수 DIY 캐릭터 큐빅 비즈십자수 지니맘,지니맘 큐빅십자수  DIY: 13번 스폰지밥 (15cm 20cm)
817783567,SELLBLOG,NORMAL,코로나때문에 지루해 할까봐 주문했어요,2020-03-14T02:58:32.000+0000,STOREFARM,4,어린이 보석십자수 DIY 캐릭터 큐빅 비즈십자수 지니맘,지니맘 큐빅십자수  DIY: 26번 돌고래(15cm 20cm)
817783220,SELLBLOG,NORMAL,코로나때문에 지루해할까봐 주문했어요,2020-03-14T02:57:53.000+0000,STOREFARM,4,어린이 보석십자수 DIY 캐릭터 큐빅 비즈십자수 지니맘,지니맘 큐빅십자수  DIY: 12번 슈퍼마리오 (15cm 20cm)
818541259,SELLBLOG,NORMAL,액자에 넣어줬더니 너무 좋아해요,2020-03-15T09:00:14.000+0000,STOREFARM,4,어린이 보석십자수 DIY 캐릭터 큐빅 비즈십자수 지니맘,지니맘 큐빅십자수  DIY: 17번 가면 (15cm 20cm)
835594271,SELLBLOG,NORMAL,아이가 좋아해요~~,2020-04-10T02:54:21.000+0000,STOREFARM,5,어린이 보석십자수 DIY 캐릭터 큐빅 비즈십자수 지니맘,지니맘 큐빅십자수  DIY: 11번 클로버 (15cm 20cm)
835594188,SELLBLOG,NORMAL,아이가 좋아해요~~,2020-04-10T02:54:10.000+0000,STOREFARM,5,어린이 보석십자수 DIY 캐릭터 큐빅 비즈십자수 지니맘,지니맘 큐빅십자수  DIY: 8번 꽃사슴 (15cm 20cm)
835594103,SELLBLOG,NORMAL,아이가 좋아해요~~,2020-04-10T02:54:00.000+0000,STOREFARM,5,어린이 보석십자수 DIY 캐릭터 큐빅 비즈십자수 지니맘,지니맘 큐빅십자수  DIY: 20번 거미 (15cm 20cm)
833719602,SELLBLOG,NORMAL,재밌게 잘만들었어요,2020-04-07T11:24:34.000+0000,STOREFARM,5,어린이 보석십자수 DIY 캐릭터 큐빅 비즈십자수 지니맘,지니맘 큐빅십자수  DIY: 25번 미니2  (15cm 20cm)
823730292,SELLBLOG,NORMAL,"초2 딸아이 코로나 집콕시간때문에 주문했어요,, 초2한텐 아직어려울것같아 제가하려구요,, 도안 이쁘네요~",2020-03-23T07:37:24.000+0000,STOREFARM,4,어린이 보석십자수 DIY 캐릭터 큐빅 비즈십자수 지니맘,지니맘 큐빅십자수  DIY: 9번 겨울사슴 (15cm 20cm)
810901442,SELLBLOG,NORMAL,아이가 좋아해요 집중하는 조용한 시간이라 넘 좋아요ㅎㅎ5세 아이는 근데 계속 호출합니다ㅜㅜ,2020-03-04T01:39:11.000+0000,STOREFARM,5,어린이 보석십자수 DIY 캐릭터 큐빅 비즈십자수 지니맘,지니맘 큐빅십자수  DIY: 15번 베트맨 (15cm 20cm)
818019649,SELLBLOG,NORMAL,너무 이뻐요 감사해쇼~~^,2020-03-14T09:29:36.000+0000,STOREFARM,5,어린이 보석십자수 DIY 캐릭터 큐빅 비즈십자수 지니맘,지니맘 큐빅십자수  DIY: 22번 부엉이 (15cm 20cm)
832024317,SELLBLOG,NORMAL,집콕초딩조카를위해 선물했어요,2020-04-04T11:46:42.000+0000,STOREFARM,5,어린이 보석십자수 DIY 캐릭터 큐빅 비즈십자수 지니맘,지니맘 큐빅십자수  DIY: 15번 베트맨 (15cm 20cm)
815504575,SELLBLOG,NORMAL,저렴하니 예쁘고 코로나때문에 집에있는 아이랑 재밌게 잘만들었어용~~,2020-03-10T21:22:01.000+0000,STOREFARM,5,어린이 보석십자수 DIY 캐릭터 큐빅 비즈십자수 지니맘,지니맘 큐빅십자수  DIY: 19번 방패 (15cm 20cm)
815656017,SELLBLOG,NORMAL,아이들이 참 좋아하고 집중하며 하니 시간 떼우기도. 좋아요,2020-03-11T03:03:51.000+0000,STOREFARM,5,어린이 보석십자수 DIY 캐릭터 큐빅 비즈십자수 지니맘,지니맘 큐빅십자수  DIY: 5번  반짝이 사슴 (15cm 20cm)
832508729,SELLBLOG,NORMAL,판매자님 친절하시고 좋아요,2020-04-05T11:21:09.000+0000,STOREFARM,3,어린이 보석십자수 DIY 캐릭터 큐빅 비즈십자수 지니맘 (입고완료),지니맘 큐빅십자수  DIY: 24번 돌고래 (15cm 20cm)
812293377,SELLBLOG,NORMAL,"고급스러운 보석십자수에요
정말 추천하고싶어요
이틀만에 끝냈어요",2020-03-05T15:58:39.000+0000,STOREFARM,5,어린이 보석십자수 DIY 캐릭터 큐빅 비즈십자수 지니맘,지니맘 큐빅십자수  DIY: 9번 겨울사슴 (15cm 20cm)
821882309,SELLBLOG,NORMAL,열심히 하고있어요~^^,2020-03-20T05:36:51.000+0000,STOREFARM,4,어린이 보석십자수 DIY 캐릭터 큐빅 비즈십자수 지니맘,지니맘 큐빅십자수  DIY: 3번 분홍사슴 (15cm 20cm)
818091780,SELLBLOG,NORMAL,"재밋네요 
조카들도 좀 보내줄겸 더 시켯어요",2020-03-14T11:33:02.000+0000,STOREFARM,5,어린이 보석십자수 DIY 캐릭터 큐빅 비즈십자수 지니맘,지니맘 큐빅십자수  DIY: 5번  반짝이 사슴 (15cm 20cm)
828023586,SELLBLOG,NORMAL,품절이 너무 많아 사기가 힘들었는데 애들이하기 좋은 난이도였어요 ㅎㅎ,2020-03-30T01:14:24.000+0000,STOREFARM,4,어린이 보석십자수 DIY 캐릭터 큐빅 비즈십자수 지니맘,지니맘 큐빅십자수  DIY: 4번 홍학 (15cm 20cm)
811197215,SELLBLOG,NORMAL,"슈퍼맨이랑 거미 시켰는데...
하나가 다른게 왔네요. 
아이들이 그냥 하겠다고 해서 그냥 해요",2020-03-04T08:35:24.000+0000,STOREFARM,5,어린이 보석십자수 DIY 캐릭터 큐빅 비즈십자수 지니맘,지니맘 큐빅십자수  DIY: 14번 슈퍼맨 (15cm 20cm)
811674618,SELLBLOG,NORMAL,아이들 하기 딱 좋아요 포장도 꼼꼼하구요 도안 품절  빨리 풀렸음 좋겠어요,2020-03-05T01:29:55.000+0000,STOREFARM,5,어린이 보석십자수 DIY 캐릭터 큐빅 비즈십자수 지니맘,지니맘 큐빅십자수  DIY: 5번  반짝이 사슴 (15cm 20cm)
819843267,SELLBLOG,NORMAL,집에서 하기너무좋아요.,2020-03-17T10:56:04.000+0000,STOREFARM,5,어린이 보석십자수 DIY 캐릭터 큐빅 비즈십자수 지니맘,지니맘 큐빅십자수  DIY: 24번 미니1 (15cm 20cm)
828710502,SELLBLOG,NORMAL,코로나로인해 넘 지루해했는데 8살여자 아이 너무 좋아하네요,2020-03-31T03:52:47.000+0000,STOREFARM,5,어린이 보석십자수 DIY 캐릭터 큐빅 비즈십자수 지니맘,지니맘 큐빅십자수  DIY: 11번 클로버 (15cm 20cm)
816605194,SELLBLOG,NORMAL,"요즘같은때 시간가는줄 모르고 
비즈작업하네요",2020-03-12T06:51:04.000+0000,STOREFARM,5,어린이 보석십자수 DIY 캐릭터 큐빅 비즈십자수 지니맘,지니맘 큐빅십자수  DIY: 2번 보라유니콘 (15cm 20cm)
835194162,SELLBLOG,NORMAL,아이가 좋아해요~~,2020-04-09T09:43:40.000+0000,STOREFARM,4,어린이 보석십자수 DIY 캐릭터 큐빅 비즈십자수 지니맘,지니맘 큐빅십자수  DIY: 7번 소녀2  (15cm 20cm)
818321944,SELLBLOG,AFTER_USE,"전시해놓으니 좋아요
감사합니다",2020-03-15T01:11:14.000+0000,STOREFARM,5,어린이 보석십자수 DIY 캐릭터 큐빅 비즈십자수 지니맘,지니맘 큐빅십자수  DIY: 7번 소녀2  (15cm 20cm)
825313407,SELLBLOG,NORMAL,조카선물로보냈어요 싸이즈도 초등생이 하기 적당하고 디자인도 이뻐요,2020-03-25T13:42:31.000+0000,STOREFARM,5,어린이 보석십자수 DIY 캐릭터 큐빅 비즈십자수 지니맘,지니맘 큐빅십자수  DIY: 25번 미니2  (15cm 20cm)
823734863,SELLBLOG,NORMAL,추가 구매해서 받았어요~ 한꺼번에 많이 사서 아직 다 못했지만 완성되면 이쁠거 같아요~,2020-03-23T07:45:25.000+0000,STOREFARM,4,어린이 보석십자수 DIY 캐릭터 큐빅 비즈십자수 지니맘,지니맘 큐빅십자수  DIY: 3번 분홍사슴 (15cm 20cm)
814694083,SELLBLOG,NORMAL,"집에만 있는 아이들을 위해서 주문했는데
제가 더 열심히 했네요",2020-03-09T14:14:37.000+0000,STOREFARM,5,어린이 보석십자수 DIY 캐릭터 큐빅 비즈십자수 지니맘,지니맘 큐빅십자수  DIY: 20번 거미 (15cm 20cm)
809877486,SELLBLOG,NORMAL,"아이가 6시간동안 앉아서 완성했어요~
너무 재밌대요^^ 
요즘같이 집에만 있을 때 하기 딱 좋아요 강추!!",2020-03-02T09:09:33.000+0000,STOREFARM,5,어린이 보석십자수 DIY 캐릭터 큐빅 비즈십자수 지니맘,지니맘 큐빅십자수  DIY: 3번 분홍사슴 (15cm 20cm)
815761655,SELLBLOG,NORMAL,너무 귀엽고 재밌어요 또사려구요,2020-03-11T05:40:30.000+0000,STOREFARM,5,어린이 보석십자수 DIY 캐릭터 큐빅 비즈십자수 지니맘,지니맘 큐빅십자수  DIY: 1번 유니콘 (15cm 20cm)
818540900,SELLBLOG,NORMAL,가격 비싸진거 빼고는 좋아요,2020-03-15T08:59:22.000+0000,STOREFARM,3,어린이 보석십자수 DIY 캐릭터 큐빅 비즈십자수 지니맘,지니맘 큐빅십자수  DIY: 22번 부엉이 (15cm 20cm)
827532349,SELLBLOG,NORMAL,"집중하게 
되네요 
보석도 넘 이쁘네요
쉽게 할수 있어요",2020-03-29T02:56:39.000+0000,STOREFARM,4,어린이 보석십자수 DIY 캐릭터 큐빅 비즈십자수 지니맘,지니맘 큐빅십자수  DIY: 6번 소녀1  (15cm 20cm)
809143390,SELLBLOG,NORMAL,집콕하면서 아이들이랑 시간보내기 좋아요. 완성품 전시해두니 반짝반짝 인테리어 효과도 굿입니다~,2020-03-01T02:34:32.000+0000,STOREFARM,5,어린이 보석십자수 DIY 캐릭터 큐빅 비즈십자수 지니맘,지니맘 큐빅십자수  DIY: 1번 사탕(15cm 15cm)
819104240,SELLBLOG,NORMAL,완성하면 예쁠것같아요,2020-03-16T07:13:49.000+0000,STOREFARM,4,어린이 보석십자수 DIY 캐릭터 큐빅 비즈십자수 지니맘,지니맘 큐빅십자수  DIY: 18번 망치 (15cm 20cm)
815681804,SELLBLOG,NORMAL,제품이 예뻐요 아이랑 같이해요,2020-03-11T03:46:19.000+0000,STOREFARM,5,어린이 보석십자수 DIY 캐릭터 큐빅 비즈십자수 지니맘,지니맘 큐빅십자수  DIY: 23번 사자 (15cm 20cm)
803101895,SELLBLOG,NORMAL,일단 배송도 빠르고 도안과 색감이 맘에 들어요. 여우보석도 많고.. 보석이 크기가 다양해서 완성하니 더 예쁜것같아요. 액자도 구입해서 꼈더니 작품같네요^^,2020-02-19T13:10:43.000+0000,STOREFARM,5,어린이 보석십자수 DIY 캐릭터 큐빅 비즈십자수 지니맘,지니맘 큐빅십자수  DIY: 4번 홍학 (15cm 20cm)
832200331,SELLBLOG,NORMAL,조카들 잼나게 하고 있어요,2020-04-04T22:14:47.000+0000,STOREFARM,5,어린이 보석십자수 DIY 캐릭터 큐빅 비즈십자수 지니맘 (입고완료),지니맘 큐빅십자수  DIY: 21번 별유니콘 (15cm 20cm)
832230511,SELLBLOG,NORMAL,배송도 빠르고 너무좋아요,2020-04-05T00:26:35.000+0000,STOREFARM,4,어린이 보석십자수 DIY 캐릭터 큐빅 비즈십자수 지니맘,지니맘 큐빅십자수  DIY: 8번 꽃사슴 (15cm 20cm)
832230427,SELLBLOG,NORMAL,배송도 빠르고 너무좋아요,2020-04-05T00:26:20.000+0000,STOREFARM,4,어린이 보석십자수 DIY 캐릭터 큐빅 비즈십자수 지니맘,지니맘 큐빅십자수  DIY: 20번 거미 (15cm 20cm)
811013352,SELLBLOG,NORMAL,아이가 정말 좋아해요. 밖으로 외출이 어려운 요즘 이것 하나로 5~6시간여유가 생기네요~^^,2020-03-04T04:32:56.000+0000,STOREFARM,5,어린이 보석십자수 DIY 캐릭터 큐빅 비즈십자수 지니맘,지니맘 큐빅십자수  DIY: 17번 가면 (15cm 20cm)
822983462,SELLBLOG,NORMAL,아이들 시간 보내기도 좋고 접착력도 아주 좋아요 다만 그림이 커서 어린아이들은 중간에 포기하기도 해요 ^^,2020-03-22T02:04:52.000+0000,STOREFARM,5,어린이 보석십자수 DIY 캐릭터 큐빅 비즈십자수 지니맘,지니맘 큐빅십자수  DIY: 26번 돌고래(15cm 20cm)
809144780,SELLBLOG,NORMAL,집콕하면서 애들이랑 시간보내기 좋아요. 완성품 전시해두니 인테리어 효과도 굿입니다~,2020-03-01T02:37:44.000+0000,STOREFARM,5,어린이 보석십자수 DIY 캐릭터 큐빅 비즈십자수 지니맘,지니맘 큐빅십자수  DIY: 3번 분홍사슴 (15cm 20cm)
809144309,SELLBLOG,NORMAL,집콕하면서 애들이랑 시간보내기 좋아요. 완성품 전시해두니 인테리어 효과도 굿입니다~,2020-03-01T02:36:38.000+0000,STOREFARM,5,어린이 보석십자수 DIY 캐릭터 큐빅 비즈십자수 지니맘,지니맘 큐빅십자수  DIY: 22번 부엉이 (15cm 20cm)
817604846,SELLBLOG,NORMAL,"초등 2학년아이
집중해서 너무  잘햇어요",2020-03-13T14:27:32.000+0000,STOREFARM,5,어린이 보석십자수 DIY 캐릭터 큐빅 비즈십자수 지니맘,지니맘 큐빅십자수  DIY: 3번 분홍사슴 (15cm 20cm)
808558281,SELLBLOG,NORMAL,"아이들 집에서 너무심심해해서 주문해봤어요
비즈요거로 오랫동안하고논다해서 기대해봅니다",2020-02-29T03:38:59.000+0000,STOREFARM,5,어린이 보석십자수 DIY 캐릭터 큐빅 비즈십자수 지니맘,지니맘 큐빅십자수  DIY: 22번 부엉이 (15cm 20cm)
818485967,SELLBLOG,NORMAL,코로나 시간 죽이기 딱이에요~,2020-03-15T07:05:13.000+0000,STOREFARM,5,어린이 보석십자수 DIY 캐릭터 큐빅 비즈십자수 지니맘,지니맘 큐빅십자수  DIY: 22번 부엉이 (15cm 20cm)
830892798,SELLBLOG,NORMAL,딸이 너무 좋아해서 추가주문해요,2020-04-02T21:26:01.000+0000,STOREFARM,5,어린이 보석십자수 DIY 캐릭터 큐빅 비즈십자수 지니맘 (입고완료),지니맘 큐빅십자수  DIY: 1번 유니콘  (15cm 20cm)
813426281,SELLBLOG,NORMAL,"집중력최고 두세시간 앉아서 후딱하네요
강추요",2020-03-07T11:06:48.000+0000,STOREFARM,5,어린이 보석십자수 DIY 캐릭터 큐빅 비즈십자수 지니맘,지니맘 큐빅십자수  DIY: 23번 사자 (15cm 20cm)
815905195,SELLBLOG,NORMAL,넘흐맘에들어요 요즘같은때 애랑 하기딱좋죠,2020-03-11T08:42:17.000+0000,STOREFARM,5,어린이 보석십자수 DIY 캐릭터 큐빅 비즈십자수 지니맘,지니맘 큐빅십자수  DIY: 8번 꽃사슴 (15cm 20cm)
812293780,SELLBLOG,NORMAL,"최고에요
다른 상품도 해보고싶어요
고급스럽습니다",2020-03-05T15:59:44.000+0000,STOREFARM,5,어린이 보석십자수 DIY 캐릭터 큐빅 비즈십자수 지니맘,지니맘 큐빅십자수  DIY: 3번 분홍사슴 (15cm 20cm)
812440855,SELLBLOG,NORMAL,"퀄리티가 좋아요. 예뻐요. 재구매할껀데, 많이 품절되어서 아쉽네요~ ㅜ.ㅜ",2020-03-06T02:00:32.000+0000,STOREFARM,5,어린이 보석십자수 DIY 캐릭터 큐빅 비즈십자수 지니맘,지니맘 큐빅십자수  DIY: 20번 거미 (15cm 20cm)
824828421,SELLBLOG,NORMAL,요즘 같은 사태에 시간때우기 너무좋아요. 만들어 놓으니 예쁘네요,2020-03-25T02:30:46.000+0000,STOREFARM,5,어린이 보석십자수 DIY 캐릭터 큐빅 비즈십자수 지니맘,지니맘 큐빅십자수  DIY: 1번 유니콘 (15cm 20cm)
833375237,SELLBLOG,NORMAL,아이가 너무좋아해요~~~,2020-04-07T02:58:11.000+0000,STOREFARM,5,어린이 보석십자수 DIY 캐릭터 큐빅 비즈십자수 지니맘,지니맘 큐빅십자수  DIY: 2번 보라유니콘 (15cm 20cm)
828411618,SELLBLOG,NORMAL,배송은 빠른데 원하는 도안이 미입고라서 조금 아쉽네요..,2020-03-30T12:30:30.000+0000,STOREFARM,3,어린이 보석십자수 DIY 캐릭터 큐빅 비즈십자수 지니맘,지니맘 큐빅십자수  DIY: 17번 가면 (15cm 20cm)
830042136,SELLBLOG,NORMAL,벌써 4개째네요. 딸이 좋아해요,2020-04-01T15:04:38.000+0000,STOREFARM,5,어린이 보석십자수 DIY 캐릭터 큐빅 비즈십자수 지니맘,지니맘 큐빅십자수  DIY: 2번 보라유니콘 (15cm 20cm)
817808224,SELLBLOG,NORMAL,아이들과 즐거운시간 보냈어요ㅎ,2020-03-14T03:46:34.000+0000,STOREFARM,5,어린이 보석십자수 DIY 캐릭터 큐빅 비즈십자수 지니맘,지니맘 큐빅십자수  DIY: 12번 슈퍼마리오 (15cm 20cm)
812169948,SELLBLOG,NORMAL,너무 예쁘고 배송도 빨라요~ 아이가 너무 좋아해서 만족합니다.,2020-03-05T12:42:30.000+0000,STOREFARM,5,어린이 보석십자수 DIY 캐릭터 큐빅 비즈십자수 지니맘,지니맘 큐빅십자수  DIY: 5번  반짝이 사슴 (15cm 20cm)
818972313,SELLBLOG,NORMAL,시간 떼우기 좋아요,2020-03-16T03:41:31.000+0000,STOREFARM,5,어린이 보석십자수 DIY 캐릭터 큐빅 비즈십자수 지니맘,지니맘 큐빅십자수  DIY: 1번 유니콘 (15cm 20cm)
847340323,SELLBLOG,NORMAL,좋아요 좋아.....,2020-04-28T21:21:04.000+0000,STOREFARM,3,어린이 보석십자수 DIY 캐릭터 큐빅 비즈십자수 지니맘,지니맘 큐빅십자수  DIY: 6번 소녀1  (15cm 20cm)
847340301,SELLBLOG,NORMAL,좋아요 좋아.....,2020-04-28T21:20:54.000+0000,STOREFARM,3,어린이 보석십자수 DIY 캐릭터 큐빅 비즈십자수 지니맘,지니맘 큐빅십자수  DIY: 21번 별유니콘 (15cm 20cm)
847340285,SELLBLOG,NORMAL,좋아요 좋아.....,2020-04-28T21:20:47.000+0000,STOREFARM,3,어린이 보석십자수 DIY 캐릭터 큐빅 비즈십자수 지니맘,지니맘 큐빅십자수  DIY: 1번 유니콘  (15cm 20cm)
827146852,SELLBLOG,NORMAL,긴 휴업기간동안 시간 보내며 아이들과 재미있게 할수있어요,2020-03-28T08:54:40.000+0000,STOREFARM,5,어린이 보석십자수 DIY 캐릭터 큐빅 비즈십자수 지니맘,지니맘 큐빅십자수  DIY: 5번  반짝이 사슴 (15cm 20cm)
831775729,SELLBLOG,NORMAL,10살아이 혼자서 열심히하네요,2020-04-04T05:10:46.000+0000,STOREFARM,5,어린이 보석십자수 DIY 캐릭터 큐빅 비즈십자수 지니맘 (입고완료),지니맘 큐빅십자수  DIY: 8번 꽃사슴 (15cm 20cm)
830124193,SELLBLOG,NORMAL,"예쁜 도안과 반짝이는 재료들~
감사합니다~",2020-04-01T22:38:30.000+0000,STOREFARM,5,어린이 보석십자수 DIY 캐릭터 큐빅 비즈십자수 지니맘,지니맘 큐빅십자수  DIY: 9번 겨울사슴 (15cm 20cm)
811151129,SELLBLOG,NORMAL,집콕 아이들이 잘 사용해주네요 그런데...한번에 완성은 힘들어요ㅠ,2020-03-04T07:38:10.000+0000,STOREFARM,5,어린이 보석십자수 DIY 캐릭터 큐빅 비즈십자수 지니맘,지니맘 큐빅십자수  DIY: 6번 소녀1  (15cm 20cm)
814984244,SELLBLOG,NORMAL,진짜 좋아요 이쁘고 재미있네요,2020-03-10T05:48:07.000+0000,STOREFARM,5,어린이 보석십자수 DIY 캐릭터 큐빅 비즈십자수 지니맘,지니맘 큐빅십자수  DIY: 15번 베트맨 (15cm 20cm)
827968220,SELLBLOG,NORMAL,"아들이 넘 좋아하네요~~
또 주문할께요",2020-03-29T23:39:23.000+0000,STOREFARM,5,어린이 보석십자수 DIY 캐릭터 큐빅 비즈십자수 지니맘,지니맘 큐빅십자수  DIY: 11번 클로버 (15cm 20cm)
833375002,SELLBLOG,NORMAL,아이가 너무너무좋아하네요~~~~♡,2020-04-07T02:57:44.000+0000,STOREFARM,5,어린이 보석십자수 DIY 캐릭터 큐빅 비즈십자수 지니맘,지니맘 큐빅십자수  DIY: 12번 슈퍼마리오 (15cm 20cm)
831776156,SELLBLOG,NORMAL,애들친구선물하려고샀어요~~ㅎㅎ,2020-04-04T05:11:30.000+0000,STOREFARM,5,어린이 보석십자수 DIY 캐릭터 큐빅 비즈십자수 지니맘 (입고완료),지니맘 큐빅십자수  DIY: 17번 가면 (15cm 20cm)
824768145,SELLBLOG,NORMAL,비즈가 넘 이뻐요 반짝거리니 아이들이 너무 좋아하네요,2020-03-25T01:00:16.000+0000,STOREFARM,5,어린이 보석십자수 DIY 캐릭터 큐빅 비즈십자수 지니맘,지니맘 큐빅십자수  DIY: 6번 소녀1  (15cm 20cm)
817689256,SELLBLOG,NORMAL,애들이 너무 재밌어해요,2020-03-13T22:52:25.000+0000,STOREFARM,5,어린이 보석십자수 DIY 캐릭터 큐빅 비즈십자수 지니맘,지니맘 큐빅십자수  DIY: 9번 겨울사슴 (15cm 20cm)
817689199,SELLBLOG,NORMAL,애들이 너무 재밌어해요,2020-03-13T22:52:02.000+0000,STOREFARM,5,어린이 보석십자수 DIY 캐릭터 큐빅 비즈십자수 지니맘,지니맘 큐빅십자수  DIY: 21번 별유니콘 (15cm 20cm)
846619861,SELLBLOG,AFTER_USE,좋아요  좋아요  좋아요,2020-04-27T16:48:45.000+0000,STOREFARM,5,어린이 보석십자수 DIY 캐릭터 큐빅 비즈십자수 지니맘,지니맘 큐빅십자수  DIY: 3번 분홍사슴 (15cm 20cm)
833817639,SELLBLOG,AFTER_USE,조아요..예뻐요...,2020-04-07T13:15:52.000+0000,STOREFARM,4,어린이 보석십자수 DIY 캐릭터 큐빅 비즈십자수 지니맘,지니맘 큐빅십자수  DIY: 12번 슈퍼마리오 (15cm 20cm)
818973647,SELLBLOG,NORMAL,재미있어요 재미있어요,2020-03-16T03:43:38.000+0000,STOREFARM,5,어린이 보석십자수 DIY 캐릭터 큐빅 비즈십자수 지니맘,지니맘 큐빅십자수  DIY: 21번 별유니콘 (15cm 20cm)
816937481,SELLBLOG,NORMAL,만족합니다만족합니다 강추요,2020-03-12T14:04:00.000+0000,STOREFARM,5,어린이 보석십자수 DIY 캐릭터 큐빅 비즈십자수 지니맘,지니맘 큐빅십자수  DIY: 12번 슈퍼마리오 (15cm 20cm)
816867298,SELLBLOG,NORMAL,액자로 해놓으니 너무 이쁘네요,2020-03-12T12:28:17.000+0000,STOREFARM,5,어린이 보석십자수 DIY 캐릭터 큐빅 비즈십자수 지니맘,지니맘 큐빅십자수  DIY: 21번 별유니콘 (15cm 20cm)
848230636,SELLBLOG,NORMAL,좋인용~~~~~~~~~~~,2020-04-30T08:40:42.000+0000,STOREFARM,5,어린이 보석십자수 DIY 캐릭터 큐빅 비즈십자수 지니맘(입고완료),지니맘 큐빅십자수  DIY: 20번 거미 (15cm 20cm)
810904797,SELLBLOG,NORMAL,"너무 좋아해서 앉은 자리에서 다 하려고 했어요
여분 큐빅이 많아서 남는 것도 활용하고 좋아요",2020-03-04T01:43:58.000+0000,STOREFARM,5,어린이 보석십자수 DIY 캐릭터 큐빅 비즈십자수 지니맘,지니맘 큐빅십자수  DIY: 8번 꽃사슴 (15cm 20cm)
817701048,SELLBLOG,NORMAL,너무너무무예쁩니다요,2020-03-13T23:44:26.000+0000,STOREFARM,5,어린이 보석십자수 DIY 캐릭터 큐빅 비즈십자수 지니맘,지니맘 큐빅십자수  DIY: 6번 소녀1  (15cm 20cm)
817700878,SELLBLOG,NORMAL,너무너무무예쁩니다요,2020-03-13T23:43:52.000+0000,STOREFARM,4,어린이 보석십자수 DIY 캐릭터 큐빅 비즈십자수 지니맘,지니맘 큐빅십자수  DIY: 12번 슈퍼마리오 (15cm 20cm)
817685785,SELLBLOG,NORMAL,블링블링해서 엄청 화려 예쁘네요,2020-03-13T22:32:16.000+0000,STOREFARM,4,어린이 보석십자수 DIY 캐릭터 큐빅 비즈십자수 지니맘,지니맘 큐빅십자수  DIY: 21번 별유니콘 (15cm 20cm)
832944339,SELLBLOG,NORMAL,아이가 재밌어해요~^^,2020-04-06T06:24:23.000+0000,STOREFARM,4,어린이 보석십자수 DIY 캐릭터 큐빅 비즈십자수 지니맘,지니맘 큐빅십자수  DIY: 22번 부엉이 (15cm 20cm)
826539630,SELLBLOG,NORMAL,좋아요 ㅎㅎ 제품이 빨리 많이 들어왔으면 좋겠어요,2020-03-27T08:37:24.000+0000,STOREFARM,4,어린이 보석십자수 DIY 캐릭터 큐빅 비즈십자수 지니맘,지니맘 큐빅십자수  DIY: 23번 사자 (15cm 20cm)
816222617,SELLBLOG,NORMAL,도안이 예쁘고 집중을 잘해서 해요,2020-03-11T15:23:28.000+0000,STOREFARM,5,어린이 보석십자수 DIY 캐릭터 큐빅 비즈십자수 지니맘,지니맘 큐빅십자수  DIY: 3번 분홍사슴 (15cm 20cm)
816221943,SELLBLOG,NORMAL,아이가 직접고르고 재미있어해요,2020-03-11T15:22:10.000+0000,STOREFARM,5,어린이 보석십자수 DIY 캐릭터 큐빅 비즈십자수 지니맘,지니맘 큐빅십자수  DIY: 1번 유니콘 (15cm 20cm)
807174235,SELLBLOG,NORMAL,"아이들이 좋아해요. 
집중력 키우는데 도움이 될것 같고 다 만드니 생각했던것보다 반짝여서 더 예쁨니다.",2020-02-27T01:29:00.000+0000,STOREFARM,5,어린이 보석십자수 DIY 캐릭터 큐빅 비즈십자수 지니맘,지니맘 큐빅십자수  DIY: 9번 겨울사슴 (15cm 20cm)
831776302,SELLBLOG,NORMAL,선물용으로 준비했어요^^,2020-04-04T05:11:44.000+0000,STOREFARM,5,어린이 보석십자수 DIY 캐릭터 큐빅 비즈십자수 지니맘 (입고완료),지니맘 큐빅십자수  DIY: 20번 거미 (15cm 20cm)
845748470,SELLBLOG,NORMAL,좋아요 넉넉하네요 좋아요,2020-04-26T06:48:02.000+0000,STOREFARM,5,어린이 보석십자수 DIY 캐릭터 큐빅 비즈십자수 지니맘(입고완료),지니맘 큐빅십자수  DIY: 14번 슈퍼맨 (15cm 20cm)
845804273,SELLBLOG,NORMAL,만족합니다 만족합니다,2020-04-26T08:56:57.000+0000,STOREFARM,3,어린이 보석십자수 DIY 캐릭터 큐빅 비즈십자수 지니맘(입고완료),지니맘 큐빅십자수  DIY: 23번 사자 (15cm 20cm)
826337666,SELLBLOG,NORMAL,"두번째 구매예요.
아이들이 좋아해요",2020-03-27T03:35:27.000+0000,STOREFARM,4,어린이 보석십자수 DIY 캐릭터 큐빅 비즈십자수 지니맘,지니맘 큐빅십자수  DIY: 8번 꽃사슴 (15cm 20cm)
811675250,SELLBLOG,NORMAL,아이들이 좋아해요 코팅지라 더좋은 거 같아요,2020-03-05T01:30:48.000+0000,STOREFARM,5,어린이 보석십자수 DIY 캐릭터 큐빅 비즈십자수 지니맘,지니맘 큐빅십자수  DIY: 1번 사탕(15cm 15cm)
822913125,SELLBLOG,NORMAL,항상시키는데요.코로나때무네딸랑구가심심해하는거같아서또시켜요,2020-03-21T22:15:53.000+0000,STOREFARM,4,어린이 보석십자수 DIY 캐릭터 큐빅 비즈십자수 지니맘,지니맘 큐빅십자수  DIY: 14번 슈퍼맨 (15cm 20cm)
810174679,SELLBLOG,NORMAL,배송도 빠르고 포장도 잘되있어요~~^^우리애들 즐겁게할수있을것같아요~~^^,2020-03-03T02:07:05.000+0000,STOREFARM,5,어린이 보석십자수 DIY 캐릭터 큐빅 비즈십자수 지니맘,지니맘 큐빅십자수  DIY: 16번 별 (15cm 20cm)
811149747,SELLBLOG,NORMAL,"액자와 함께 하니 작품이 되었어요~^^
만족스러운 구매였어요",2020-03-04T07:36:28.000+0000,STOREFARM,5,어린이 보석십자수 DIY 캐릭터 큐빅 비즈십자수 지니맘,지니맘 큐빅십자수  DIY: 25번 미니2  (15cm 20cm)
804196941,SELLBLOG,NORMAL,"양면 테이프가 붙어있는 책받침 같은 것에 장식하는 것에 조금 놀라긴했지만(허술해서) 다 해놓고 나니 예쁘네요. 받침이 튼튼하고, 좋은 재질이었다면 더 기뻤을 것 같아요.",2020-02-21T11:14:04.000+0000,STOREFARM,5,어린이 보석십자수 DIY 캐릭터 큐빅 비즈십자수 지니맘,지니맘 큐빅십자수  DIY: 21번 별유니콘 (15cm 20cm)
811838490,SELLBLOG,NORMAL,"5살 10살 아이들이 열심히 가내수공업 중입니다
재미있어 하네요
좋아요
완성하면 이쁠것같아요",2020-03-05T05:31:33.000+0000,STOREFARM,5,어린이 보석십자수 DIY 캐릭터 큐빅 비즈십자수 지니맘,지니맘 큐빅십자수  DIY: 20번 거미 (15cm 20cm)
809051346,SELLBLOG,NORMAL,"최고예요. 완성도 만족하구요. 아이들이 너무 좋아해요
또 구입할거예요",2020-02-29T19:32:09.000+0000,STOREFARM,5,어린이 보석십자수 DIY 캐릭터 큐빅 비즈십자수 지니맘,지니맘 큐빅십자수  DIY: 7번 소녀2  (15cm 20cm)
819844905,SELLBLOG,NORMAL,너무 너무 재미있어용!,2020-03-17T10:57:55.000+0000,STOREFARM,5,어린이 보석십자수 DIY 캐릭터 큐빅 비즈십자수 지니맘,지니맘 큐빅십자수  DIY: 26번 돌고래(15cm 20cm)
809878283,SELLBLOG,NORMAL,아이가 너무 재밌어해요~ 완성하고나니 너무 예뻐서 공들인 보람이 있네요ㅎㅎ,2020-03-02T09:11:27.000+0000,STOREFARM,5,어린이 보석십자수 DIY 캐릭터 큐빅 비즈십자수 지니맘,지니맘 큐빅십자수  DIY: 4번 홍학 (15cm 20cm)
810465958,SELLBLOG,NORMAL,시간 보내기 너무 좋습니다. 세상 조용해요^^  많이 파세요,2020-03-03T09:34:30.000+0000,STOREFARM,4,어린이 보석십자수 DIY 캐릭터 큐빅 비즈십자수 지니맘,지니맘 큐빅십자수  DIY: 17번 가면 (15cm 20cm)
822856716,SELLBLOG,NORMAL,"완전만족
아이가 좋아해요.5시간 꼬박 책상에 앉아 하더라구요
또 사러 와야죠~~^^",2020-03-21T15:23:51.000+0000,STOREFARM,5,어린이 보석십자수 DIY 캐릭터 큐빅 비즈십자수 지니맘,지니맘 큐빅십자수  DIY: 24번 미니1 (15cm 20cm)
816868260,SELLBLOG,NORMAL,아들이 선택했는데 하면서 집중을~~똭~^^,2020-03-12T12:29:29.000+0000,STOREFARM,5,어린이 보석십자수 DIY 캐릭터 큐빅 비즈십자수 지니맘,지니맘 큐빅십자수  DIY: 12번 슈퍼마리오 (15cm 20cm)
810465256,SELLBLOG,NORMAL,"5세 남아한테는 과하네요ㅋㅋ 그래도 형, 누나는 너무 좋아합니다^^",2020-03-03T09:33:31.000+0000,STOREFARM,4,어린이 보석십자수 DIY 캐릭터 큐빅 비즈십자수 지니맘,지니맘 큐빅십자수  DIY: 18번 망치 (15cm 20cm)
827532638,SELLBLOG,NORMAL,"요즘 같은시기에 
집에 있으면서 
시간 때무기 좋네요 
집중력 짱~~^^",2020-03-29T02:57:17.000+0000,STOREFARM,4,어린이 보석십자수 DIY 캐릭터 큐빅 비즈십자수 지니맘,지니맘 큐빅십자수  DIY: 14번 슈퍼맨 (15cm 20cm)
819235456,SELLBLOG,NORMAL,요즘 시국에 집콕 아이템으로 좋아요. 아이랑 같이 옆에 앉아서 하니 저도 재밌고 다하고 액자에 까지 넣어주니 너무예뻐요,2020-03-16T11:24:57.000+0000,STOREFARM,5,어린이 보석십자수 DIY 캐릭터 큐빅 비즈십자수 지니맘,지니맘 큐빅십자수  DIY: 6번 소녀1  (15cm 20cm)
811286266,SELLBLOG,NORMAL,퀄리티가 생각보다좋아요~~^^아이랑 같이 재미있게 했어요~,2020-03-04T10:30:03.000+0000,STOREFARM,5,어린이 보석십자수 DIY 캐릭터 큐빅 비즈십자수 지니맘,지니맘 큐빅십자수  DIY: 2번 보라유니콘 (15cm 20cm)
816936964,SELLBLOG,NORMAL,재구매했어요 강추합니다,2020-03-12T14:03:11.000+0000,STOREFARM,5,어린이 보석십자수 DIY 캐릭터 큐빅 비즈십자수 지니맘,지니맘 큐빅십자수  DIY: 8번 꽃사슴 (15cm 20cm)
816936254,SELLBLOG,NORMAL,재구매했어요 강추합니다,2020-03-12T14:02:04.000+0000,STOREFARM,5,어린이 보석십자수 DIY 캐릭터 큐빅 비즈십자수 지니맘,지니맘 큐빅십자수  DIY: 18번 망치 (15cm 20cm)
827190227,SELLBLOG,NORMAL,정교한 작업시 필요하지만 만들어 놓으니 엄청 예뻐요.,2020-03-28T10:06:12.000+0000,STOREFARM,5,어린이 보석십자수 DIY 캐릭터 큐빅 비즈십자수 지니맘,지니맘 큐빅십자수  DIY: 25번 미니2  (15cm 20cm)
808446982,SELLBLOG,NORMAL,"세번째구매네요..어벤져스 시리즈만 ..
나가놀지  못하니 집에서 재밌게하기 좋아요~",2020-02-29T00:00:28.000+0000,STOREFARM,5,어린이 보석십자수 DIY 캐릭터 큐빅 비즈십자수 지니맘,지니맘 큐빅십자수  DIY: 13번 스폰지밥 (15cm 20cm)
819603112,SELLBLOG,NORMAL,"아이들이 만들기 편하게 구성이 잘 되어 있네요. 
코로나 때문에 품절 기다렸다가 샀는데 며칠 사이 가격이 올라서 아쉬워요.",2020-03-17T05:29:34.000+0000,STOREFARM,4,어린이 보석십자수 DIY 캐릭터 큐빅 비즈십자수 지니맘,
822973640,SELLBLOG,NORMAL,아이들이 좋아합니다~도안도 예쁘고..요즘같은때 너무 딱이에요,2020-03-22T01:43:02.000+0000,STOREFARM,5,어린이 보석십자수 DIY 캐릭터 큐빅 비즈십자수 지니맘,지니맘 큐빅십자수  DIY: 4번 홍학 (15cm 20cm)
811393540,SELLBLOG,NORMAL,"아이가 직접골랐어요^^아마
거의 다 제가 하겠지만 좋아하네요~",2020-03-04T12:31:00.000+0000,STOREFARM,5,어린이 보석십자수 DIY 캐릭터 큐빅 비즈십자수 지니맘,지니맘 큐빅십자수  DIY: 23번 사자 (15cm 20cm)
823450599,SELLBLOG,AFTER_USE,"아이들이 3~5일 동안 완성했어요
재미있다고 또 하고 싶다고 하네요",2020-03-23T00:08:41.000+0000,STOREFARM,5,어린이 보석십자수 DIY 캐릭터 큐빅 비즈십자수 지니맘,지니맘 큐빅십자수  DIY: 18번 망치 (15cm 20cm)
816222302,SELLBLOG,NORMAL,재미있어하고 도안이 예뻐요,2020-03-11T15:22:50.000+0000,STOREFARM,5,어린이 보석십자수 DIY 캐릭터 큐빅 비즈십자수 지니맘,지니맘 큐빅십자수  DIY: 23번 사자 (15cm 20cm)
813427483,SELLBLOG,NORMAL,예뻐요 아이들이 너무좋아하네요,2020-03-07T11:08:37.000+0000,STOREFARM,5,어린이 보석십자수 DIY 캐릭터 큐빅 비즈십자수 지니맘,지니맘 큐빅십자수  DIY: 16번 별 (15cm 20cm)
821678053,SELLBLOG,AFTER_USE,아이들이 직접고르고 산거라 엄청 좋아하네요~다음에도 재구매하고싶네요^^,2020-03-19T23:57:00.000+0000,STOREFARM,5,어린이 보석십자수 DIY 캐릭터 큐빅 비즈십자수 지니맘,지니맘 큐빅십자수  DIY: 6번 소녀1  (15cm 20cm)
821677949,SELLBLOG,AFTER_USE,아이들이 직접고르고 산거라 엄청 좋아하네요~다음에도 재구매하고싶네요^^,2020-03-19T23:56:44.000+0000,STOREFARM,5,어린이 보석십자수 DIY 캐릭터 큐빅 비즈십자수 지니맘,지니맘 큐빅십자수  DIY: 4번 작은유니콘(15cm 15cm)
821677844,SELLBLOG,AFTER_USE,아이들이 직접고르고 산거라 엄청 좋아하네요~다음에도 재구매하고싶네요^^,2020-03-19T23:56:30.000+0000,STOREFARM,5,어린이 보석십자수 DIY 캐릭터 큐빅 비즈십자수 지니맘,지니맘 큐빅십자수  DIY: 23번 사자 (15cm 20cm)
811154799,SELLBLOG,NORMAL,코로나바이러스로 못 나가는 아이들이 놀다 심심하면 꺼내서 하고 있어요,2020-03-04T07:42:33.000+0000,STOREFARM,5,어린이 보석십자수 DIY 캐릭터 큐빅 비즈십자수 지니맘,지니맘 큐빅십자수  DIY: 24번 미니1 (15cm 20cm)
815051548,SELLBLOG,NORMAL,배송도빠르고 아이들이 좋아해요,2020-03-10T07:18:17.000+0000,STOREFARM,5,어린이 보석십자수 DIY 캐릭터 큐빅 비즈십자수 지니맘,지니맘 큐빅십자수  DIY: 9번 겨울사슴 (15cm 20cm)
820232521,SELLBLOG,NORMAL,ㅈ다소 불량비즈도있었지만 전체적으로괜찮았습니다.아이들과 방학을잘보내구있네요재구매의사있어요,2020-03-18T02:02:38.000+0000,STOREFARM,5,어린이 보석십자수 DIY 캐릭터 큐빅 비즈십자수 지니맘,지니맘 큐빅십자수  DIY: 26번 돌고래(15cm 20cm)
816936586,SELLBLOG,NORMAL,만족합니다만족합니다,2020-03-12T14:02:35.000+0000,STOREFARM,5,어린이 보석십자수 DIY 캐릭터 큐빅 비즈십자수 지니맘,지니맘 큐빅십자수  DIY: 26번 돌고래(15cm 20cm)
813055073,SELLBLOG,NORMAL,아이들용으로사줫어요 너무 좋아하네여~ 감사합니당,2020-03-07T01:08:46.000+0000,STOREFARM,4,어린이 보석십자수 DIY 캐릭터 큐빅 비즈십자수 지니맘,지니맘 큐빅십자수  DIY: 26번 돌고래(15cm 20cm)
813054810,SELLBLOG,NORMAL,아이들용으로사줫어요 너무 좋아하네여~ 감사합니당,2020-03-07T01:08:10.000+0000,STOREFARM,3,어린이 보석십자수 DIY 캐릭터 큐빅 비즈십자수 지니맘,지니맘 큐빅십자수  DIY: 3번 분홍사슴 (15cm 20cm)
813054454,SELLBLOG,NORMAL,아이들용으로사줫어요 너무 좋아하네여~ 감사합니당,2020-03-07T01:07:22.000+0000,STOREFARM,3,어린이 보석십자수 DIY 캐릭터 큐빅 비즈십자수 지니맘,지니맘 큐빅십자수  DIY: 20번 거미 (15cm 20cm)
825312428,SELLBLOG,NORMAL,조카선물로보냈어요~~아이들이 무척좋아했어요 ~^^,2020-03-25T13:41:15.000+0000,STOREFARM,5,어린이 보석십자수 DIY 캐릭터 큐빅 비즈십자수 지니맘,지니맘 큐빅십자수  DIY: 5번  반짝이 사슴 (15cm 20cm)
812441373,SELLBLOG,NORMAL,집콕중에 집중력발휘하면서 시간보내기 최적의 아이템입니다. ^^,2020-03-06T02:01:23.000+0000,STOREFARM,5,어린이 보석십자수 DIY 캐릭터 큐빅 비즈십자수 지니맘,지니맘 큐빅십자수  DIY: 24번 미니1 (15cm 20cm)
814932465,SELLBLOG,NORMAL,애들이 즐길수있는 적당한 크기예요~~,2020-03-10T04:27:55.000+0000,STOREFARM,5,어린이 보석십자수 DIY 캐릭터 큐빅 비즈십자수 지니맘,지니맘 큐빅십자수  DIY: 23번 사자 (15cm 20cm)
819261008,SELLBLOG,NORMAL,"도안이 참 마음에 들어요 
딸아이가  3~4시간 집중해서 하네요
큐빅도 넉넉하게 들어있어 좋아요
완성해서 액자에 넣으니 더욱 예뻐요",2020-03-16T12:10:53.000+0000,STOREFARM,5,어린이 보석십자수 DIY 캐릭터 큐빅 비즈십자수 지니맘,지니맘 큐빅십자수  DIY: 21번 별유니콘 (15cm 20cm)
815179950,SELLBLOG,NORMAL,디자인이쁘고 아이가곧잘해요,2020-03-10T09:59:39.000+0000,STOREFARM,5,어린이 보석십자수 DIY 캐릭터 큐빅 비즈십자수 지니맘,지니맘 큐빅십자수  DIY: 2번 보라유니콘 (15cm 20cm)
817353030,SELLBLOG,NORMAL,블링블링 예쁘고 재미있어요,2020-03-13T07:42:00.000+0000,STOREFARM,5,어린이 보석십자수 DIY 캐릭터 큐빅 비즈십자수 지니맘,지니맘 큐빅십자수  DIY: 17번 가면 (15cm 20cm)
817352620,SELLBLOG,NORMAL,블링블링 예쁘고 재미있어요,2020-03-13T07:41:26.000+0000,STOREFARM,5,어린이 보석십자수 DIY 캐릭터 큐빅 비즈십자수 지니맘,지니맘 큐빅십자수  DIY: 16번 별 (15cm 20cm)
826754418,SELLBLOG,NORMAL,아이들이 좋아합니다. 집에서 긴 시간 보내기 좋습니다.,2020-03-27T14:53:07.000+0000,STOREFARM,5,어린이 보석십자수 DIY 캐릭터 큐빅 비즈십자수 지니맘,지니맘 큐빅십자수  DIY: 25번 미니2  (15cm 20cm)
811395376,SELLBLOG,NORMAL,"집에서 놀아주기 하려고 구입했는데..
하다보니 제가 더 집중하게되네요ㅋ",2020-03-04T12:32:59.000+0000,STOREFARM,5,어린이 보석십자수 DIY 캐릭터 큐빅 비즈십자수 지니맘,지니맘 큐빅십자수  DIY: 6번 소녀1  (15cm 20cm)
822974311,SELLBLOG,NORMAL,"아이가 좋아합니다.요즘같은때 딱이에요 
모양도 이쁘고",2020-03-22T01:44:32.000+0000,STOREFARM,5,어린이 보석십자수 DIY 캐릭터 큐빅 비즈십자수 지니맘,지니맘 큐빅십자수  DIY: 3번 분홍사슴 (15cm 20cm)
822974226,SELLBLOG,NORMAL,"아이가 좋아합니다.요즘같은때 딱이에요 
모양도 이쁘고",2020-03-22T01:44:20.000+0000,STOREFARM,5,어린이 보석십자수 DIY 캐릭터 큐빅 비즈십자수 지니맘,지니맘 큐빅십자수  DIY: 1번 유니콘 (15cm 20cm)
822974162,SELLBLOG,NORMAL,"아이가 좋아합니다.요즘같은때 딱이에요 
모양도 이쁘고",2020-03-22T01:44:11.000+0000,STOREFARM,5,어린이 보석십자수 DIY 캐릭터 큐빅 비즈십자수 지니맘,지니맘 큐빅십자수  DIY: 22번 부엉이 (15cm 20cm)
822974082,SELLBLOG,NORMAL,"아이가 좋아합니다.요즘같은때 딱이에요 
모양도 이쁘고",2020-03-22T01:44:01.000+0000,STOREFARM,5,어린이 보석십자수 DIY 캐릭터 큐빅 비즈십자수 지니맘,지니맘 큐빅십자수  DIY: 21번 별유니콘 (15cm 20cm)
822973988,SELLBLOG,NORMAL,"아이가 좋아합니다.요즘같은때 딱이에요 
모양도 이쁘고",2020-03-22T01:43:48.000+0000,STOREFARM,5,어린이 보석십자수 DIY 캐릭터 큐빅 비즈십자수 지니맘,지니맘 큐빅십자수  DIY: 7번 소녀2  (15cm 20cm)
830552469,SELLBLOG,NORMAL,"애들이
너무좋아해요",2020-04-02T09:12:46.000+0000,STOREFARM,5,어린이 보석십자수 DIY 캐릭터 큐빅 비즈십자수 지니맘,지니맘 큐빅십자수  DIY: 21번 별유니콘 (15cm 20cm)
828547054,SELLBLOG,NORMAL,다완성하면 넘이쁠거같아요,2020-03-30T22:32:19.000+0000,STOREFARM,5,어린이 보석십자수 DIY 캐릭터 큐빅 비즈십자수 지니맘,지니맘 큐빅십자수  DIY: 12번 슈퍼마리오 (15cm 20cm)
809259953,SELLBLOG,NORMAL,"아이가 너무 좋아해서 재구매 했어요
포장도 꼼꼼하고 배송도 빠르네요",2020-03-01T06:45:22.000+0000,STOREFARM,5,어린이 보석십자수 DIY 캐릭터 큐빅 비즈십자수 지니맘,지니맘 큐빅십자수  DIY: 10번 안경토끼 (15cm 20cm)
809259772,SELLBLOG,NORMAL,"아이가 너무 좋아해서 재구매 했어요
포장도 꼼꼼하고 배송도 빠르네요",2020-03-01T06:45:00.000+0000,STOREFARM,5,어린이 보석십자수 DIY 캐릭터 큐빅 비즈십자수 지니맘,지니맘 큐빅십자수  DIY: 3번 분홍사슴 (15cm 20cm)
809259573,SELLBLOG,NORMAL,"아이가 너무 좋아해서 재구매 했어요
포장도 꼼꼼하고 배송도 빠르네요",2020-03-01T06:44:36.000+0000,STOREFARM,5,어린이 보석십자수 DIY 캐릭터 큐빅 비즈십자수 지니맘,지니맘 큐빅십자수  DIY: 26번 돌고래(15cm 20cm)
817807946,SELLBLOG,NORMAL,완성하니 넘 이뻐요^^,2020-03-14T03:46:04.000+0000,STOREFARM,5,어린이 보석십자수 DIY 캐릭터 큐빅 비즈십자수 지니맘,지니맘 큐빅십자수  DIY: 13번 스폰지밥 (15cm 20cm)
816451799,SELLBLOG,NORMAL,좋아요. 재밌다네요,2020-03-12T03:17:03.000+0000,STOREFARM,5,어린이 보석십자수 DIY 캐릭터 큐빅 비즈십자수 지니맘,지니맘 큐빅십자수  DIY: 17번 가면 (15cm 20cm)
808081586,SELLBLOG,NORMAL,"재구매요~~첫  상품 받은  날 바로 두번째 신청했드랬지요
예쁘고 시간이 진짜 잘 가요",2020-02-28T07:31:29.000+0000,STOREFARM,5,어린이 보석십자수 DIY 캐릭터 큐빅 비즈십자수 지니맘,지니맘 큐빅십자수  DIY: 13번 스폰지밥 (15cm 20cm)
808081099,SELLBLOG,NORMAL,"재구매요~~첫  상품 받은  날 바로 두번째 신청했드랬지요
예쁘고 시간이 진짜 잘 가요",2020-02-28T07:30:50.000+0000,STOREFARM,5,어린이 보석십자수 DIY 캐릭터 큐빅 비즈십자수 지니맘,지니맘 큐빅십자수  DIY: 8번 꽃사슴 (15cm 20cm)
808080460,SELLBLOG,NORMAL,"재구매요~~첫  상품 받은  날 바로 두번째 신청했드랬지요
예쁘고 시간이 진짜 잘 가요",2020-02-28T07:29:57.000+0000,STOREFARM,5,어린이 보석십자수 DIY 캐릭터 큐빅 비즈십자수 지니맘,지니맘 큐빅십자수  DIY: 9번 겨울사슴 (15cm 20cm)
813472720,SELLBLOG,NORMAL,아주 좋아해요 이쁘고 최고최고,2020-03-07T12:14:06.000+0000,STOREFARM,5,어린이 보석십자수 DIY 캐릭터 큐빅 비즈십자수 지니맘,지니맘 큐빅십자수  DIY: 16번 별 (15cm 20cm)
816923430,SELLBLOG,NORMAL,애들이 너무 좋아해요.,2020-03-12T13:43:23.000+0000,STOREFARM,5,어린이 보석십자수 DIY 캐릭터 큐빅 비즈십자수 지니맘,지니맘 큐빅십자수  DIY: 21번 별유니콘 (15cm 20cm)
814694985,SELLBLOG,NORMAL,아이들과 함께 하기 너무 좋아요,2020-03-09T14:16:23.000+0000,STOREFARM,5,어린이 보석십자수 DIY 캐릭터 큐빅 비즈십자수 지니맘,지니맘 큐빅십자수  DIY: 12번 슈퍼마리오 (15cm 20cm)
822987531,SELLBLOG,NORMAL,큐빅이 넉넉해서 다른데 써도 될 것 같아요~ 감사합니다~~,2020-03-22T02:13:46.000+0000,STOREFARM,4,어린이 보석십자수 DIY 캐릭터 큐빅 비즈십자수 지니맘,지니맘 큐빅십자수  DIY: 11번 클로버 (15cm 20cm)
817749115,SELLBLOG,NORMAL,9세 여아 엄청 좋아하고 인내심있게 잘 앉아 뚝딱붙이네요ㅎ코로나때문에 집밖에 나가기 힘들었는데 시간보내기도 너무 좋아요~,2020-03-14T01:50:02.000+0000,STOREFARM,5,어린이 보석십자수 DIY 캐릭터 큐빅 비즈십자수 지니맘,지니맘 큐빅십자수  DIY: 6번 소녀1  (15cm 20cm)
817749040,SELLBLOG,NORMAL,9세 여아 엄청 좋아하고 인내심있게 잘 앉아 뚝딱붙이네요ㅎ코로나때문에 집밖에 나가기 힘들었는데 시간보내기도 너무 좋아요~,2020-03-14T01:49:54.000+0000,STOREFARM,5,어린이 보석십자수 DIY 캐릭터 큐빅 비즈십자수 지니맘,지니맘 큐빅십자수  DIY: 21번 별유니콘 (15cm 20cm)
810464175,SELLBLOG,NORMAL,아이들이 사달라고 졸라서 샀는데 잘 산거 같아요 이쁘게 방에 걸어둘께요,2020-03-03T09:32:04.000+0000,STOREFARM,4,어린이 보석십자수 DIY 캐릭터 큐빅 비즈십자수 지니맘,지니맘 큐빅십자수  DIY: 10번 안경토끼 (15cm 20cm)
827360326,SELLBLOG,NORMAL,아이들과 집에서 시간 순삭템이예요,2020-03-28T14:49:36.000+0000,STOREFARM,5,어린이 보석십자수 DIY 캐릭터 큐빅 비즈십자수 지니맘,지니맘 큐빅십자수  DIY: 13번 스폰지밥 (15cm 20cm)
822932201,SELLBLOG,NORMAL,애들이 좋아하네요  집콕시기에 할만한 것 찾다가..,2020-03-21T23:56:41.000+0000,STOREFARM,3,어린이 보석십자수 DIY 캐릭터 큐빅 비즈십자수 지니맘,지니맘 큐빅십자수  DIY: 3번 분홍사슴 (15cm 20cm)
823449827,SELLBLOG,AFTER_USE,"아이들이 3~5일 동안 완성했어요
또 하고싶다고 하네요",2020-03-23T00:07:15.000+0000,STOREFARM,5,어린이 보석십자수 DIY 캐릭터 큐빅 비즈십자수 지니맘,지니맘 큐빅십자수  DIY: 4번 홍학 (15cm 20cm)
814694394,SELLBLOG,NORMAL,재밌고 시간 때우기 딱 좋아요,2020-03-09T14:15:12.000+0000,STOREFARM,5,어린이 보석십자수 DIY 캐릭터 큐빅 비즈십자수 지니맘,지니맘 큐빅십자수  DIY: 21번 별유니콘 (15cm 20cm)
817882478,SELLBLOG,NORMAL,"6살 5살 아이들이 하기엔 조금 어렵네요 ^^;;  옆에서 같이 도와주면서 하고 있어요~  
큐빅도 반짝반짝해서 완성하면 예쁠꺼같아요~",2020-03-14T05:55:03.000+0000,STOREFARM,4,어린이 보석십자수 DIY 캐릭터 큐빅 비즈십자수 지니맘,지니맘 큐빅십자수  DIY: 8번 꽃사슴 (15cm 20cm)
810915356,SELLBLOG,NORMAL,아이가 정말정말 좋아했어요 반짝반짝 예뻐요 놀기정말좋아요,2020-03-04T02:00:10.000+0000,STOREFARM,5,어린이 보석십자수 DIY 캐릭터 큐빅 비즈십자수 지니맘,지니맘 큐빅십자수  DIY: 26번 돌고래(15cm 20cm)
810915055,SELLBLOG,NORMAL,아이가 정말정말 좋아했어요 반짝반짝 예뻐요 놀기정말좋아요,2020-03-04T01:59:36.000+0000,STOREFARM,5,어린이 보석십자수 DIY 캐릭터 큐빅 비즈십자수 지니맘,지니맘 큐빅십자수  DIY: 23번 사자 (15cm 20cm)
810914819,SELLBLOG,NORMAL,아이가 정말정말 좋아했어요 반짝반짝 예뻐요 놀기정말좋아요,2020-03-04T01:59:14.000+0000,STOREFARM,5,어린이 보석십자수 DIY 캐릭터 큐빅 비즈십자수 지니맘,지니맘 큐빅십자수  DIY: 9번 겨울사슴 (15cm 20cm)
815215229,SELLBLOG,NORMAL,아이들이 너무 좋아해요,2020-03-10T10:41:57.000+0000,STOREFARM,5,어린이 보석십자수 DIY 캐릭터 큐빅 비즈십자수 지니맘,지니맘 큐빅십자수  DIY: 20번 거미 (15cm 20cm)
815215027,SELLBLOG,NORMAL,아이들이 너무 좋아해요,2020-03-10T10:41:41.000+0000,STOREFARM,5,어린이 보석십자수 DIY 캐릭터 큐빅 비즈십자수 지니맘,지니맘 큐빅십자수  DIY: 5번  반짝이 사슴 (15cm 20cm)
815214785,SELLBLOG,NORMAL,아이들이 너무 좋아해요,2020-03-10T10:41:25.000+0000,STOREFARM,5,어린이 보석십자수 DIY 캐릭터 큐빅 비즈십자수 지니맘,지니맘 큐빅십자수  DIY: 19번 방패 (15cm 20cm)
815214514,SELLBLOG,NORMAL,아이들이 너무 좋아해요,2020-03-10T10:41:06.000+0000,STOREFARM,5,어린이 보석십자수 DIY 캐릭터 큐빅 비즈십자수 지니맘,지니맘 큐빅십자수  DIY: 17번 가면 (15cm 20cm)
815214207,SELLBLOG,NORMAL,아이들이 너무 좋아해요,2020-03-10T10:40:44.000+0000,STOREFARM,5,어린이 보석십자수 DIY 캐릭터 큐빅 비즈십자수 지니맘,지니맘 큐빅십자수  DIY: 15번 베트맨 (15cm 20cm)
815213180,SELLBLOG,NORMAL,아이들이 너무 좋아해요,2020-03-10T10:39:32.000+0000,STOREFARM,5,어린이 보석십자수 DIY 캐릭터 큐빅 비즈십자수 지니맘,지니맘 큐빅십자수  DIY: 14번 슈퍼맨 (15cm 20cm)
815052187,SELLBLOG,NORMAL,아이들이 재미있어해요,2020-03-10T07:19:03.000+0000,STOREFARM,5,어린이 보석십자수 DIY 캐릭터 큐빅 비즈십자수 지니맘,지니맘 큐빅십자수  DIY: 15번 베트맨 (15cm 20cm)
828546946,SELLBLOG,NORMAL,아이가정말좋아하네요,2020-03-30T22:31:52.000+0000,STOREFARM,5,어린이 보석십자수 DIY 캐릭터 큐빅 비즈십자수 지니맘,지니맘 큐빅십자수  DIY: 5번  반짝이 사슴 (15cm 20cm)
828532858,SELLBLOG,NORMAL,큐빅도 넉넉히 주시고 배송도 빠름,2020-03-30T20:37:11.000+0000,STOREFARM,4,어린이 보석십자수 DIY 캐릭터 큐빅 비즈십자수 지니맘,지니맘 큐빅십자수  DIY: 25번 미니2  (15cm 20cm)
814953619,SELLBLOG,NORMAL,시간 잘가고 재미있어요,2020-03-10T05:01:35.000+0000,STOREFARM,5,어린이 보석십자수 DIY 캐릭터 큐빅 비즈십자수 지니맘,지니맘 큐빅십자수  DIY: 12번 슈퍼마리오 (15cm 20cm)
815681484,SELLBLOG,NORMAL,큐빅이 예쁘고 품질이 좋아요,2020-03-11T03:45:48.000+0000,STOREFARM,5,어린이 보석십자수 DIY 캐릭터 큐빅 비즈십자수 지니맘,지니맘 큐빅십자수  DIY: 4번 홍학 (15cm 20cm)
842099301,SELLBLOG,AFTER_USE,아이들도 어른들도 다들 너무 좋아해요,2020-04-21T00:28:09.000+0000,STOREFARM,5,어린이 보석십자수 DIY 캐릭터 큐빅 비즈십자수 지니맘,지니맘 큐빅십자수  DIY: 19번 방패 (15cm 20cm)
828356914,SELLBLOG,NORMAL,아이들이좋아해요 최고,2020-03-30T10:49:03.000+0000,STOREFARM,4,어린이 보석십자수 DIY 캐릭터 큐빅 비즈십자수 지니맘,지니맘 큐빅십자수  DIY: 1번 유니콘 (15cm 20cm)
807174833,SELLBLOG,NORMAL,"아이들이 좋아해요.
액자에 끼우니 작품처럼 둘 수 있어 더 좋아하네요.",2020-02-27T01:30:02.000+0000,STOREFARM,5,어린이 보석십자수 DIY 캐릭터 큐빅 비즈십자수 지니맘,지니맘 큐빅십자수  DIY: 4번 홍학 (15cm 20cm)
801947064,SELLBLOG,NORMAL,"단순반복 작업인데 아이들 집중력엔 최고같아요.
빨간색 N이 안들어 있어서 작은걸로 우겨넣어서 만들었어요..그것만 빼면 아이들에겐 성취감도 줄 수 있어서 좋아요",2020-02-17T12:42:30.000+0000,STOREFARM,3,어린이 보석십자수 DIY 캐릭터 큐빅 비즈십자수 지니맘,지니맘 큐빅십자수  DIY: 26번 돌고래(15cm 20cm)
818121571,SELLBLOG,NORMAL,"은근 중독성 있어요.
아이랑 함께 아이가 할 수 있는 부분을 하고
나머진 엄마가 ㅎㅎ 
작품들을 식탁유리밑에 전시",2020-03-14T12:22:06.000+0000,STOREFARM,4,어린이 보석십자수 DIY 캐릭터 큐빅 비즈십자수 지니맘,지니맘 큐빅십자수  DIY: 16번 별 (15cm 20cm)
816899637,SELLBLOG,NORMAL,"넘넘 이쁩니다..반짝이가 블링블링 하네요
아이들과 같이 힘합쳐 완성했구요
초등아이는 제법잘하네요..7세아이도 넘잘따라합니다",2020-03-12T13:10:28.000+0000,STOREFARM,5,어린이 보석십자수 DIY 캐릭터 큐빅 비즈십자수 지니맘,지니맘 큐빅십자수  DIY: 15번 베트맨 (15cm 20cm)
822750486,SELLBLOG,NORMAL,반짝거리고 예뻐요 아이가 어려워해서 제가하려구용,2020-03-21T12:06:53.000+0000,STOREFARM,5,어린이 보석십자수 DIY 캐릭터 큐빅 비즈십자수 지니맘,지니맘 큐빅십자수  DIY: 1번 유니콘 (15cm 20cm)
808532441,SELLBLOG,NORMAL,방학동안 멀 해야 하나 했는데 비즈하니 아이가 지루해하지 않고 재미있게 잘하네요~^^,2020-02-29T02:55:28.000+0000,STOREFARM,5,어린이 보석십자수 DIY 캐릭터 큐빅 비즈십자수 지니맘,지니맘 큐빅십자수  DIY: 21번 별유니콘 (15cm 20cm)
807502955,SELLBLOG,NORMAL,배송도 빠르고 아이가 재미있어 하네요~~하고나니 예쁘네요,2020-02-27T09:56:16.000+0000,STOREFARM,5,어린이 보석십자수 DIY 캐릭터 큐빅 비즈십자수 지니맘,지니맘 큐빅십자수  DIY: 24번 미니1 (15cm 20cm)
815051119,SELLBLOG,NORMAL,배송도 빠르고 예뻐요,2020-03-10T07:17:46.000+0000,STOREFARM,5,어린이 보석십자수 DIY 캐릭터 큐빅 비즈십자수 지니맘,지니맘 큐빅십자수  DIY: 26번 돌고래(15cm 20cm)
826789936,SELLBLOG,NORMAL,취미로 샀는데 양도 넉넉하고 좋아요,2020-03-27T16:49:35.000+0000,STOREFARM,5,어린이 보석십자수 DIY 캐릭터 큐빅 비즈십자수 지니맘,지니맘 큐빅십자수  DIY: 17번 가면 (15cm 20cm)
816923721,SELLBLOG,NORMAL,반짝반짝 시간 잘 갑니더,2020-03-12T13:43:47.000+0000,STOREFARM,5,어린이 보석십자수 DIY 캐릭터 큐빅 비즈십자수 지니맘,지니맘 큐빅십자수  DIY: 22번 부엉이 (15cm 20cm)
819440944,SELLBLOG,NORMAL,"코로나땜 집콕하느라 애들이랑 하려고 샀어요 
집중해서 시간보내기 좋아요
But 애들도 하긴하지만 으른인 제가 더 하게된다는것이 함정",2020-03-17T00:33:49.000+0000,STOREFARM,4,어린이 보석십자수 DIY 캐릭터 큐빅 비즈십자수 지니맘,지니맘 큐빅십자수  DIY: 15번 베트맨 (15cm 20cm)
830016728,SELLBLOG,NORMAL,너무 너무 좋아요~,2020-04-01T14:23:03.000+0000,STOREFARM,5,어린이 보석십자수 DIY 캐릭터 큐빅 비즈십자수 지니맘,지니맘 큐빅십자수  DIY: 22번 부엉이 (15cm 20cm)
801947973,SELLBLOG,NORMAL,"여자아이들이라서 다 만들어 놓고  이쁘다고 너무 좋아하네요.
다른거 또 한다고해서 또 시켜줘야 할듯해요~ 지루한 방학때 티비 안보여줄려고 산건데 완전 성공!",2020-02-17T12:44:32.000+0000,STOREFARM,5,어린이 보석십자수 DIY 캐릭터 큐빅 비즈십자수 지니맘,지니맘 큐빅십자수  DIY: 9번 겨울사슴 (15cm 20cm)
830015127,SELLBLOG,NORMAL,너무너무 좋아요~~,2020-04-01T14:20:42.000+0000,STOREFARM,5,어린이 보석십자수 DIY 캐릭터 큐빅 비즈십자수 지니맘,지니맘 큐빅십자수  DIY: 12번 슈퍼마리오 (15cm 20cm)
810905500,SELLBLOG,NORMAL,"생각보다 완성하니 너무 예쁘네요 
추가로 주문해얄꺼 같아요",2020-03-04T01:44:59.000+0000,STOREFARM,5,어린이 보석십자수 DIY 캐릭터 큐빅 비즈십자수 지니맘,지니맘 큐빅십자수  DIY: 22번 부엉이 (15cm 20cm)
823077809,SELLBLOG,NORMAL,"아이들이 너무 좋아해용~~^^
또 완성하니 반짝반짝 이뻐용~~^^",2020-03-22T05:30:22.000+0000,STOREFARM,5,어린이 보석십자수 DIY 캐릭터 큐빅 비즈십자수 지니맘,지니맘 큐빅십자수  DIY: 9번 겨울사슴 (15cm 20cm)
827531784,SELLBLOG,NORMAL,"아이가 재미있어하네요 
엄마가 해도 잼나요 ㅋㅋ",2020-03-29T02:55:32.000+0000,STOREFARM,4,어린이 보석십자수 DIY 캐릭터 큐빅 비즈십자수 지니맘,지니맘 큐빅십자수  DIY: 5번  반짝이 사슴 (15cm 20cm)
814694759,SELLBLOG,NORMAL,정신집중하기 딱 좋아요~,2020-03-09T14:15:54.000+0000,STOREFARM,5,어린이 보석십자수 DIY 캐릭터 큐빅 비즈십자수 지니맘,지니맘 큐빅십자수  DIY: 18번 망치 (15cm 20cm)
806509188,SELLBLOG,NORMAL,"사진이랑똑같아요 깔끔히정리되어들어있고 
일곱살도 잘할수있네요",2020-02-26T01:52:30.000+0000,STOREFARM,5,어린이 보석십자수 DIY 캐릭터 큐빅 비즈십자수 지니맘,지니맘 큐빅십자수  DIY: 7번 소녀2  (15cm 20cm)
805891336,SELLBLOG,NORMAL,"아직사용전인데
뽁뽁이로잘포장되어왔고요
큐빅이생각보다 이쁩니다",2020-02-25T03:25:52.000+0000,STOREFARM,5,어린이 보석십자수 DIY 캐릭터 큐빅 비즈십자수 지니맘,지니맘 큐빅십자수  DIY: 20번 거미 (15cm 20cm)
805891161,SELLBLOG,NORMAL,"아직사용전인데
뽁뽁이로잘포장되어왔고요
큐빅이생각보다 이쁩니다",2020-02-25T03:25:33.000+0000,STOREFARM,5,어린이 보석십자수 DIY 캐릭터 큐빅 비즈십자수 지니맘,지니맘 큐빅십자수  DIY: 17번 가면 (15cm 20cm)
805890982,SELLBLOG,NORMAL,"아직사용전인데
뽁뽁이로잘포장되어왔고요
큐빅이생각보다 이쁩니다",2020-02-25T03:25:10.000+0000,STOREFARM,5,어린이 보석십자수 DIY 캐릭터 큐빅 비즈십자수 지니맘,지니맘 큐빅십자수  DIY: 18번 망치 (15cm 20cm)
815504687,SELLBLOG,NORMAL,재밌게 잘만들었어요^^,2020-03-10T21:23:07.000+0000,STOREFARM,5,어린이 보석십자수 DIY 캐릭터 큐빅 비즈십자수 지니맘,지니맘 큐빅십자수  DIY: 24번 미니1 (15cm 20cm)
815504649,SELLBLOG,NORMAL,재밌게 잘만들었어요^^,2020-03-10T21:22:46.000+0000,STOREFARM,5,어린이 보석십자수 DIY 캐릭터 큐빅 비즈십자수 지니맘,지니맘 큐빅십자수  DIY: 5번  반짝이 사슴 (15cm 20cm)
826513371,SELLBLOG,NORMAL,아이과 집중해서 재미있게 했어요,2020-03-27T07:58:38.000+0000,STOREFARM,5,어린이 보석십자수 DIY 캐릭터 큐빅 비즈십자수 지니맘,지니맘 큐빅십자수  DIY: 22번 부엉이 (15cm 20cm)
810895135,SELLBLOG,NORMAL,아이가 좋아해요 6시간 뚝딱이네요,2020-03-04T01:29:17.000+0000,STOREFARM,5,어린이 보석십자수 DIY 캐릭터 큐빅 비즈십자수 지니맘,지니맘 큐빅십자수  DIY: 8번 꽃사슴 (15cm 20cm)
842524151,SELLBLOG,NORMAL,만족합니다 만족합니다,2020-04-21T10:42:26.000+0000,STOREFARM,5,어린이 보석십자수 DIY 캐릭터 큐빅 비즈십자수 지니맘,지니맘 큐빅십자수  DIY: 21번 별유니콘 (15cm 20cm)
842523903,SELLBLOG,NORMAL,만족합니다 만족합니다,2020-04-21T10:42:08.000+0000,STOREFARM,5,어린이 보석십자수 DIY 캐릭터 큐빅 비즈십자수 지니맘,지니맘 큐빅십자수  DIY: 22번 부엉이 (15cm 20cm)
818536405,SELLBLOG,NORMAL,아이가 너무 좋아하고 시간가는 줄 모르고 열심히 하네요^^ 배송도 빠르고 포장도 넘 깔끔했어요,2020-03-15T08:49:31.000+0000,STOREFARM,5,어린이 보석십자수 DIY 캐릭터 큐빅 비즈십자수 지니맘,지니맘 큐빅십자수  DIY: 22번 부엉이 (15cm 20cm)
818536351,SELLBLOG,NORMAL,아이가 너무 좋아하고 시간가는 줄 모르고 열심히 하네요^^ 배송도 빠르고 포장도 넘 깔끔했어요,2020-03-15T08:49:25.000+0000,STOREFARM,5,어린이 보석십자수 DIY 캐릭터 큐빅 비즈십자수 지니맘,지니맘 큐빅십자수  DIY: 7번 소녀2  (15cm 20cm)
818536287,SELLBLOG,NORMAL,아이가 너무 좋아하고 시간가는 줄 모르고 열심히 하네요^^ 배송도 빠르고 포장도 넘 깔끔했어요.,2020-03-15T08:49:17.000+0000,STOREFARM,5,어린이 보석십자수 DIY 캐릭터 큐빅 비즈십자수 지니맘,지니맘 큐빅십자수  DIY: 3번 분홍사슴 (15cm 20cm)
823734408,SELLBLOG,NORMAL,"구매 후 추가 구매했어요~~
반짝 반짝 넘 이쁜거 같아요~~",2020-03-23T07:44:38.000+0000,STOREFARM,4,어린이 보석십자수 DIY 캐릭터 큐빅 비즈십자수 지니맘,지니맘 큐빅십자수  DIY: 19번 방패 (15cm 20cm)
824828833,SELLBLOG,NORMAL,요즘같은 사태에 시간때우기 너무좋습니다,2020-03-25T02:31:22.000+0000,STOREFARM,5,어린이 보석십자수 DIY 캐릭터 큐빅 비즈십자수 지니맘,지니맘 큐빅십자수  DIY: 26번 돌고래(15cm 20cm)
804451377,SELLBLOG,NORMAL,"아이들이 꽤나 집중력있게 잘하네요
큐빅이 지퍼팩에 잘 분리되어져있어서 좋은것 같아요",2020-02-22T03:09:34.000+0000,STOREFARM,5,어린이 보석십자수 DIY 캐릭터 큐빅 비즈십자수 지니맘,지니맘 큐빅십자수  DIY: 12번 슈퍼마리오 (15cm 20cm)
805994329,SELLBLOG,NORMAL,"아이들이 오전내내 앉아서 하네요
보석도 예쁘고 마음에 듭니딘",2020-02-25T06:26:53.000+0000,STOREFARM,5,어린이 보석십자수 DIY 캐릭터 큐빅 비즈십자수 지니맘,지니맘 큐빅십자수  DIY: 21번 별유니콘 (15cm 20cm)
819854511,SELLBLOG,NORMAL,시간 떼우기 좋아요. 한꺼번에 꺼내서 하면좋을텐데 그게좀 아쉽네요.,2020-03-17T11:09:30.000+0000,STOREFARM,4,어린이 보석십자수 DIY 캐릭터 큐빅 비즈십자수 지니맘,지니맘 큐빅십자수  DIY: 1번 유니콘 (15cm 20cm)
818124835,SELLBLOG,NORMAL,"해보세요.
완성할때까지 하게 되요.
물론 너무 어린 아이들은 좀 어렵지만 큰걸 붙이게 해보세요.",2020-03-14T12:27:08.000+0000,STOREFARM,4,어린이 보석십자수 DIY 캐릭터 큐빅 비즈십자수 지니맘,지니맘 큐빅십자수  DIY: 20번 거미 (15cm 20cm)
825314019,SELLBLOG,NORMAL,초등생이 하기에 사이즈도 디자인도 좋습니다,2020-03-25T13:43:19.000+0000,STOREFARM,5,어린이 보석십자수 DIY 캐릭터 큐빅 비즈십자수 지니맘,지니맘 큐빅십자수  DIY: 19번 방패 (15cm 20cm)
807772283,SELLBLOG,NORMAL,달쓸께요 아이가생일선물로 받고싶답니딘,2020-02-27T21:28:40.000+0000,STOREFARM,5,어린이 보석십자수 DIY 캐릭터 큐빅 비즈십자수 지니맘,지니맘 큐빅십자수  DIY: 3번 분홍사슴 (15cm 20cm)
807514493,SELLBLOG,NORMAL,아들하라고샀는데 아이가 아직어려서ㅋㅋ재미있네요,2020-02-27T10:13:36.000+0000,STOREFARM,5,어린이 보석십자수 DIY 캐릭터 큐빅 비즈십자수 지니맘,지니맘 큐빅십자수  DIY: 17번 가면 (15cm 20cm)
808175113,SELLBLOG,NORMAL,"아이들 집중해서 열심히하네요
색감도 참 예뻐요",2020-02-28T09:49:40.000+0000,STOREFARM,5,어린이 보석십자수 DIY 캐릭터 큐빅 비즈십자수 지니맘,지니맘 큐빅십자수  DIY: 20번 거미 (15cm 20cm)
812293545,SELLBLOG,NORMAL,"비즈가 고급스럽습니다
정말 예뻐요",2020-03-05T15:59:06.000+0000,STOREFARM,5,어린이 보석십자수 DIY 캐릭터 큐빅 비즈십자수 지니맘,지니맘 큐빅십자수  DIY: 21번 별유니콘 (15cm 20cm)
812167377,SELLBLOG,NORMAL,배송도 빠르고 아이가 너무 좋아해요~,2020-03-05T12:39:15.000+0000,STOREFARM,5,어린이 보석십자수 DIY 캐릭터 큐빅 비즈십자수 지니맘,지니맘 큐빅십자수  DIY: 4번 홍학 (15cm 20cm)
818841985,SELLBLOG,NORMAL,생각을 없애주는데는 좋은 것 같습니다. 완성 후 퀄러티도 뛰어납니다.,2020-03-16T00:21:43.000+0000,STOREFARM,5,어린이 보석십자수 DIY 캐릭터 큐빅 비즈십자수 지니맘,지니맘 큐빅십자수  DIY: 8번 꽃사슴 (15cm 20cm)
813552840,SELLBLOG,NORMAL,아이들이 너무 좋아했어요~,2020-03-07T14:18:26.000+0000,STOREFARM,5,어린이 보석십자수 DIY 캐릭터 큐빅 비즈십자수 지니맘,지니맘 큐빅십자수  DIY: 5번  반짝이 사슴 (15cm 20cm)
810903327,SELLBLOG,NORMAL,스파이더맨 좋아하는 아이들 더 좋아할듯해요ㅎㅎ,2020-03-04T01:41:52.000+0000,STOREFARM,5,어린이 보석십자수 DIY 캐릭터 큐빅 비즈십자수 지니맘,지니맘 큐빅십자수  DIY: 20번 거미 (15cm 20cm)
823014735,SELLBLOG,NORMAL,초2 너무 좋아해요 금액 올라서 아쉬워요,2020-03-22T03:13:03.000+0000,STOREFARM,4,어린이 보석십자수 DIY 캐릭터 큐빅 비즈십자수 지니맘,지니맘 큐빅십자수  DIY: 8번 꽃사슴 (15cm 20cm)
822987300,SELLBLOG,NORMAL,아이들과 하루종일 집중하니 시간이 훅 가서 좋았어요,2020-03-22T02:13:15.000+0000,STOREFARM,4,어린이 보석십자수 DIY 캐릭터 큐빅 비즈십자수 지니맘,지니맘 큐빅십자수  DIY: 9번 겨울사슴 (15cm 20cm)
825459544,SELLBLOG,NORMAL,아이들이방학동안열심히해요,2020-03-25T23:32:05.000+0000,STOREFARM,5,어린이 보석십자수 DIY 캐릭터 큐빅 비즈십자수 지니맘,지니맘 큐빅십자수  DIY: 8번 꽃사슴 (15cm 20cm)
819603440,SELLBLOG,NORMAL,"아이들이 너무 좋아해요!
도안이 예쁘고 액자에 넣으니 고급져요!",2020-03-17T05:30:05.000+0000,STOREFARM,4,어린이 보석십자수 DIY 캐릭터 큐빅 비즈십자수 지니맘,
817997175,SELLBLOG,NORMAL,"빠른배송감사하구요~
보석도 많이 넉넉히 들어있네요
아이와 즐겁게 할수 있어서 좋아요",2020-03-14T08:52:27.000+0000,STOREFARM,5,어린이 보석십자수 DIY 캐릭터 큐빅 비즈십자수 지니맘,지니맘 큐빅십자수  DIY: 4번 홍학 (15cm 20cm)
813241435,SELLBLOG,NORMAL,아들딸 둘다 좋아하네요,2020-03-07T06:34:57.000+0000,STOREFARM,5,어린이 보석십자수 DIY 캐릭터 큐빅 비즈십자수 지니맘,지니맘 큐빅십자수  DIY: 8번 꽃사슴 (15cm 20cm)
825242278,SELLBLOG,NORMAL,배송이 느렸지만 아이가 재밌어해요~,2020-03-25T12:12:36.000+0000,STOREFARM,5,어린이 보석십자수 DIY 캐릭터 큐빅 비즈십자수 지니맘,지니맘 큐빅십자수  DIY: 15번 베트맨 (15cm 20cm)
806006370,SELLBLOG,NORMAL,이뻐요.코로나 땜에 열흘째 방콕인데 애들 넘 좋아하네요 보석 색이 넘 이뻐요,2020-02-25T06:44:37.000+0000,STOREFARM,5,어린이 보석십자수 DIY 캐릭터 큐빅 비즈십자수 지니맘,지니맘 큐빅십자수  DIY: 2번 보라유니콘 (15cm 20cm)
813471107,SELLBLOG,NORMAL,집중력에 아주 좋아요,2020-03-07T12:11:48.000+0000,STOREFARM,5,어린이 보석십자수 DIY 캐릭터 큐빅 비즈십자수 지니맘,지니맘 큐빅십자수  DIY: 17번 가면 (15cm 20cm)
804245141,SELLBLOG,NORMAL,"초3딸 사줬습니다 재미있어해요
시간가는 줄 모르네요
집중력키우기 좋은 아이템입니다",2020-02-21T12:48:32.000+0000,STOREFARM,5,어린이 보석십자수 DIY 캐릭터 큐빅 비즈십자수 지니맘,지니맘 큐빅십자수  DIY: 12번 슈퍼마리오 (15cm 20cm)
811758763,SELLBLOG,NORMAL,코로나를 잊을만큼 재미있어하네요~~,2020-03-05T03:38:01.000+0000,STOREFARM,5,어린이 보석십자수 DIY 캐릭터 큐빅 비즈십자수 지니맘,지니맘 큐빅십자수  DIY: 25번 미니2  (15cm 20cm)
811758606,SELLBLOG,NORMAL,코로나를 잊을만큼 재미있어하네요~~,2020-03-05T03:37:45.000+0000,STOREFARM,5,어린이 보석십자수 DIY 캐릭터 큐빅 비즈십자수 지니맘,지니맘 큐빅십자수  DIY: 24번 미니1 (15cm 20cm)
811758431,SELLBLOG,NORMAL,코로나를 잊을만큼 재미있어하네요~~,2020-03-05T03:37:28.000+0000,STOREFARM,5,어린이 보석십자수 DIY 캐릭터 큐빅 비즈십자수 지니맘,지니맘 큐빅십자수  DIY: 20번 거미 (15cm 20cm)
822987104,SELLBLOG,NORMAL,휴일포함 2일 걸리고 물건도 깔끔하게 포장해주셨네요,2020-03-22T02:12:51.000+0000,STOREFARM,4,어린이 보석십자수 DIY 캐릭터 큐빅 비즈십자수 지니맘,지니맘 큐빅십자수  DIY: 10번 안경토끼 (15cm 20cm)
810211712,SELLBLOG,NORMAL,"배송이 이틀 정도 걸려 조금 느렸지만  제품은 좋습니다. 
초1 여아가 오래 하기엔 조금 힘든 듯 하지만 오히려 제가 더 재미있어서 다 해버렸네요. 큐빅에 간혼 불량품이 있는데 여유분이 많이 있어 문제는 없어요.",2020-03-03T03:18:05.000+0000,STOREFARM,4,어린이 보석십자수 DIY 캐릭터 큐빅 비즈십자수 지니맘,지니맘 큐빅십자수  DIY: 4번 홍학 (15cm 20cm)
815991205,SELLBLOG,NORMAL,5살 9살 같이 잘 하네요,2020-03-11T10:31:02.000+0000,STOREFARM,5,어린이 보석십자수 DIY 캐릭터 큐빅 비즈십자수 지니맘,지니맘 큐빅십자수  DIY: 16번 별 (15cm 20cm)
815990780,SELLBLOG,NORMAL,5살 9살 같이 잘 하네요,2020-03-11T10:30:30.000+0000,STOREFARM,5,어린이 보석십자수 DIY 캐릭터 큐빅 비즈십자수 지니맘,지니맘 큐빅십자수  DIY: 1번 사탕(15cm 15cm)
822944458,SELLBLOG,NORMAL,요새같은때에 아이들이 집에서 하기 너무 좋아요,2020-03-22T00:34:36.000+0000,STOREFARM,5,어린이 보석십자수 DIY 캐릭터 큐빅 비즈십자수 지니맘,지니맘 큐빅십자수  DIY: 18번 망치 (15cm 20cm)
810906214,SELLBLOG,NORMAL,미니언즈 안경 부분 반짝임이 너무 예뻐요ㅋㅋ,2020-03-04T01:46:03.000+0000,STOREFARM,5,어린이 보석십자수 DIY 캐릭터 큐빅 비즈십자수 지니맘,지니맘 큐빅십자수  DIY: 25번 미니2  (15cm 20cm)
816483514,SELLBLOG,NORMAL,"좋아요
애들 심심해하는데 시간때우기
아들도 잘하네요 ~
오히려 딸은 1학년인데 덤벙거려서 흘리면서 하네요 ㅋ",2020-03-12T04:06:15.000+0000,STOREFARM,5,어린이 보석십자수 DIY 캐릭터 큐빅 비즈십자수 지니맘,지니맘 큐빅십자수  DIY: 20번 거미 (15cm 20cm)
816899010,SELLBLOG,NORMAL,"빠른배송감사드리며...아이들도 집중력 있게 잘하네요
하고나니 빤짝거리는것이 이뻐요",2020-03-12T13:09:32.000+0000,STOREFARM,5,어린이 보석십자수 DIY 캐릭터 큐빅 비즈십자수 지니맘,지니맘 큐빅십자수  DIY: 2번 보라유니콘 (15cm 20cm)
804452889,SELLBLOG,NORMAL,반짝반짝 큐빅이 예뻐요 아이들 스스로 알아서 잘하네요  액자에 넣어주니 좋아해요,2020-02-22T03:12:42.000+0000,STOREFARM,5,어린이 보석십자수 DIY 캐릭터 큐빅 비즈십자수 지니맘,지니맘 큐빅십자수  DIY: 20번 거미 (15cm 20cm)
804452306,SELLBLOG,NORMAL,아이들이 좋아해요 액자에 넣어주니 작품같아서 성취감도 느끼고 좋네요,2020-02-22T03:11:28.000+0000,STOREFARM,5,어린이 보석십자수 DIY 캐릭터 큐빅 비즈십자수 지니맘,지니맘 큐빅십자수  DIY: 21번 별유니콘 (15cm 20cm)
818924700,SELLBLOG,NORMAL,예뻐요~~!!!!!!!,2020-03-16T02:25:51.000+0000,STOREFARM,5,어린이 보석십자수 DIY 캐릭터 큐빅 비즈십자수 지니맘,지니맘 큐빅십자수  DIY: 21번 별유니콘 (15cm 20cm)
825647823,SELLBLOG,NORMAL,아이 집중력높이는데 최고,2020-03-26T04:32:49.000+0000,STOREFARM,5,어린이 보석십자수 DIY 캐릭터 큐빅 비즈십자수 지니맘,지니맘 큐빅십자수  DIY: 22번 부엉이 (15cm 20cm)
810561813,SELLBLOG,NORMAL,아이들 집콕 놀이에 이만한게 없네요,2020-03-03T11:31:29.000+0000,STOREFARM,5,어린이 보석십자수 DIY 캐릭터 큐빅 비즈십자수 지니맘,지니맘 큐빅십자수  DIY: 8번 꽃사슴 (15cm 20cm)
809138680,SELLBLOG,NORMAL,접착부분이 모양대로 돼있으면 더 좋을것같아요^^,2020-03-01T02:24:48.000+0000,STOREFARM,4,어린이 보석십자수 DIY 캐릭터 큐빅 비즈십자수 지니맘,지니맘 큐빅십자수  DIY: 8번 꽃사슴 (15cm 20cm)
813700511,SELLBLOG,NORMAL,아이가 좋아하네요~,2020-03-08T01:31:38.000+0000,STOREFARM,4,어린이 보석십자수 DIY 캐릭터 큐빅 비즈십자수 지니맘,지니맘 큐빅십자수  DIY: 5번  반짝이 사슴 (15cm 20cm)
813700347,SELLBLOG,NORMAL,아이가 좋아하네요~,2020-03-08T01:31:19.000+0000,STOREFARM,4,어린이 보석십자수 DIY 캐릭터 큐빅 비즈십자수 지니맘,지니맘 큐빅십자수  DIY: 23번 사자 (15cm 20cm)
812385132,SELLBLOG,NORMAL,보석 십자수를 엄청 찾았는데 이 제품만한게 없는거 같아요!! 액자에 넣어서 이쁘게 보관할수도 있고 애들이 시간 가는줄 모르고 재미있어합니다 ^^,2020-03-06T00:21:02.000+0000,STOREFARM,5,어린이 보석십자수 DIY 캐릭터 큐빅 비즈십자수 지니맘,지니맘 큐빅십자수  DIY: 23번 사자 (15cm 20cm)
818841408,SELLBLOG,NORMAL,8살 딸아이 혼자 하긴 시간이 꽤 걸리지만 완성하고 나면 반짝반짝 빛나 일반 비즈보다 더 좋아하네요,2020-03-16T00:20:42.000+0000,STOREFARM,5,어린이 보석십자수 DIY 캐릭터 큐빅 비즈십자수 지니맘,지니맘 큐빅십자수  DIY: 2번 보라유니콘 (15cm 20cm)
825649315,SELLBLOG,NORMAL,아이가 재미있어합니다,2020-03-26T04:34:54.000+0000,STOREFARM,5,어린이 보석십자수 DIY 캐릭터 큐빅 비즈십자수 지니맘,지니맘 큐빅십자수  DIY: 2번 보라유니콘 (15cm 20cm)
820862499,SELLBLOG,AFTER_USE,아이가 좋아해요 ^^  선물로 더 구매합니다,2020-03-18T18:20:18.000+0000,STOREFARM,5,어린이 보석십자수 DIY 캐릭터 큐빅 비즈십자수 지니맘,지니맘 큐빅십자수  DIY: 3번 분홍사슴 (15cm 20cm)
824768542,SELLBLOG,NORMAL,넘 이뻐서 재구매의사 있어요,2020-03-25T01:00:58.000+0000,STOREFARM,5,어린이 보석십자수 DIY 캐릭터 큐빅 비즈십자수 지니맘,지니맘 큐빅십자수  DIY: 7번 소녀2  (15cm 20cm)
818769810,SELLBLOG,NORMAL,"배송이 빨라요~
아이랑 같이 했더니 아이도 좋아하고 저두 재믿더라구요ㅎㅎ",2020-03-15T17:00:50.000+0000,STOREFARM,5,어린이 보석십자수 DIY 캐릭터 큐빅 비즈십자수 지니맘,지니맘 큐빅십자수  DIY: 23번 사자 (15cm 20cm)
811205054,SELLBLOG,NORMAL,무념무상으로 하기에 딱좋아요ㅋ,2020-03-04T08:45:08.000+0000,STOREFARM,5,어린이 보석십자수 DIY 캐릭터 큐빅 비즈십자수 지니맘,지니맘 큐빅십자수  DIY: 3번 분홍사슴 (15cm 20cm)
823820729,SELLBLOG,NORMAL,큐빅도 많이 들어있고 재미있었어요,2020-03-23T10:31:10.000+0000,STOREFARM,4,어린이 보석십자수 DIY 캐릭터 큐빅 비즈십자수 지니맘,지니맘 큐빅십자수  DIY: 17번 가면 (15cm 20cm)
812168845,SELLBLOG,NORMAL,배송도 빠르고 너무 예뻐요~,2020-03-05T12:41:08.000+0000,STOREFARM,5,어린이 보석십자수 DIY 캐릭터 큐빅 비즈십자수 지니맘,지니맘 큐빅십자수  DIY: 8번 꽃사슴 (15cm 20cm)
809131180,SELLBLOG,NORMAL,접착부분이 모양대로 돼있으면 더 좋을것같아요^^,2020-03-01T02:08:34.000+0000,STOREFARM,4,어린이 보석십자수 DIY 캐릭터 큐빅 비즈십자수 지니맘,지니맘 큐빅십자수  DIY: 25번 미니2  (15cm 20cm)
820970319,SELLBLOG,NORMAL,"이쁘고 좋아요.
이번에 다하고 또 구매했어요",2020-03-19T01:21:00.000+0000,STOREFARM,5,어린이 보석십자수 DIY 캐릭터 큐빅 비즈십자수 지니맘,지니맘 큐빅십자수  DIY: 26번 돌고래(15cm 20cm)
810902876,SELLBLOG,NORMAL,이렇게 깔끔하게 포장되어 옵니다♡,2020-03-04T01:41:12.000+0000,STOREFARM,4,어린이 보석십자수 DIY 캐릭터 큐빅 비즈십자수 지니맘,지니맘 큐빅십자수  DIY: 23번 사자 (15cm 20cm)
825784338,SELLBLOG,NORMAL,집콕하기 좋은 아이템,2020-03-26T07:34:27.000+0000,STOREFARM,5,어린이 보석십자수 DIY 캐릭터 큐빅 비즈십자수 지니맘,지니맘 큐빅십자수  DIY: 24번 미니1 (15cm 20cm)
812385720,SELLBLOG,NORMAL,인터넷으로 많이 찾았는데 여기만한 제품이 없어요~ 애들도 시간 가는줄 모르고 재미있어하고 액자에 예쁘게 넣어서 애들방에 장식해주었습니다 ^^,2020-03-06T00:22:15.000+0000,STOREFARM,5,어린이 보석십자수 DIY 캐릭터 큐빅 비즈십자수 지니맘,지니맘 큐빅십자수  DIY: 5번  반짝이 사슴 (15cm 20cm)
810562293,SELLBLOG,NORMAL,집에서 놀기에 추천합니다 강추,2020-03-03T11:31:59.000+0000,STOREFARM,5,어린이 보석십자수 DIY 캐릭터 큐빅 비즈십자수 지니맘,지니맘 큐빅십자수  DIY: 26번 돌고래(15cm 20cm)
801920730,SELLBLOG,NORMAL,아이들 방학이라 집에만있어서 하라고 주문했는데 재미있어하네요..비즈도 다양한 크기로 할 수있어서 더 재미있어하네요.,2020-02-17T11:41:09.000+0000,STOREFARM,5,어린이 보석십자수 DIY 캐릭터 큐빅 비즈십자수 지니맘,지니맘 큐빅십자수  DIY: 1번 유니콘 (15cm 20cm)
818628297,SELLBLOG,NORMAL,"젛아요 반짝이는거 아이가 사달래서 구입햇어요
배송도 빠르고 품절된거 연락주시고 고맙습니다",2020-03-15T11:49:26.000+0000,STOREFARM,5,어린이 보석십자수 DIY 캐릭터 큐빅 비즈십자수 지니맘,지니맘 큐빅십자수  DIY: 20번 거미 (15cm 20cm)
821442115,SELLBLOG,NORMAL,이뻐요! 아이들이 좋아하네요 ㅎㅎ감사합니다~,2020-03-19T11:45:11.000+0000,STOREFARM,5,어린이 보석십자수 DIY 캐릭터 큐빅 비즈십자수 지니맘,지니맘 큐빅십자수  DIY: 1번 유니콘 (15cm 20cm)
808176087,SELLBLOG,NORMAL,"예뻐요
아이도 즐겁게 하네요 집중짱",2020-02-28T09:51:11.000+0000,STOREFARM,5,어린이 보석십자수 DIY 캐릭터 큐빅 비즈십자수 지니맘,지니맘 큐빅십자수  DIY: 12번 슈퍼마리오 (15cm 20cm)
822913190,SELLBLOG,NORMAL,코로나때문에집에만있어서주운했어요,2020-03-21T22:16:25.000+0000,STOREFARM,4,어린이 보석십자수 DIY 캐릭터 큐빅 비즈십자수 지니맘,지니맘 큐빅십자수  DIY: 15번 베트맨 (15cm 20cm)
817416643,SELLBLOG,NORMAL,"도착하자마자 8세 11세 자매님들이 홀릭하시네요.^^
너무 만족스럽습니다! 추천이요!",2020-03-13T09:17:19.000+0000,STOREFARM,5,어린이 보석십자수 DIY 캐릭터 큐빅 비즈십자수 지니맘,지니맘 큐빅십자수  DIY: 21번 별유니콘 (15cm 20cm)
817415901,SELLBLOG,NORMAL,"도착하자마자 8세 11세 자매님들이 홀릭하시네요.^^
너무 만족스럽습니다! 추천이요!",2020-03-13T09:16:09.000+0000,STOREFARM,5,어린이 보석십자수 DIY 캐릭터 큐빅 비즈십자수 지니맘,지니맘 큐빅십자수  DIY: 2번 보라유니콘 (15cm 20cm)
818643636,SELLBLOG,AFTER_USE,"방학동안 아이들 활동재료 찾던중
이뻐요~^^아이들이 만들기도쉽고",2020-03-15T12:14:18.000+0000,STOREFARM,5,어린이 보석십자수 DIY 캐릭터 큐빅 비즈십자수 지니맘,지니맘 큐빅십자수  DIY: 4번 홍학 (15cm 20cm)
811228013,SELLBLOG,NORMAL,재밌게 시간보내기좋아요,2020-03-04T09:14:14.000+0000,STOREFARM,5,어린이 보석십자수 DIY 캐릭터 큐빅 비즈십자수 지니맘,지니맘 큐빅십자수  DIY: 21번 별유니콘 (15cm 20cm)
806889945,SELLBLOG,NORMAL,너무예뻐요~방에걸어놔도예쁠것같아요~,2020-02-26T11:35:59.000+0000,STOREFARM,4,어린이 보석십자수 DIY 캐릭터 큐빅 비즈십자수 지니맘,지니맘 큐빅십자수  DIY: 21번 별유니콘 (15cm 20cm)
807513828,SELLBLOG,NORMAL,아이가좋아해요  생가보다예뻐요,2020-02-27T10:12:40.000+0000,STOREFARM,5,어린이 보석십자수 DIY 캐릭터 큐빅 비즈십자수 지니맘,지니맘 큐빅십자수  DIY: 21번 별유니콘 (15cm 20cm)
820969984,SELLBLOG,NORMAL,"애들이 너무 재밌어해요.
이쁘고 좋아요",2020-03-19T01:20:32.000+0000,STOREFARM,5,어린이 보석십자수 DIY 캐릭터 큐빅 비즈십자수 지니맘,지니맘 큐빅십자수  DIY: 2번 보라유니콘 (15cm 20cm)
815237633,SELLBLOG,NORMAL,"잘받았어요 그런데 금액이 하룻사이 금액이 달라져서 당황스러웠네요..
아이들이 즐거워하니 그걸로 만족합니다",2020-03-10T11:07:07.000+0000,STOREFARM,3,어린이 보석십자수 DIY 캐릭터 큐빅 비즈십자수 지니맘,지니맘 큐빅십자수  DIY: 4번 홍학 (15cm 20cm)
821442308,SELLBLOG,NORMAL,좋아요 ㅎㅎ아이들이 좋아하네요!! 감사합니다~~,2020-03-19T11:45:24.000+0000,STOREFARM,5,어린이 보석십자수 DIY 캐릭터 큐빅 비즈십자수 지니맘,지니맘 큐빅십자수  DIY: 21번 별유니콘 (15cm 20cm)
810562787,SELLBLOG,NORMAL,어른들에게도 좋은 놀이예요,2020-03-03T11:32:33.000+0000,STOREFARM,5,어린이 보석십자수 DIY 캐릭터 큐빅 비즈십자수 지니맘,지니맘 큐빅십자수  DIY: 16번 별 (15cm 20cm)
818593119,SELLBLOG,NORMAL,친구추천으로 구입했는데.완성품이 너무이뻐요,2020-03-15T10:49:59.000+0000,STOREFARM,4,어린이 보석십자수 DIY 캐릭터 큐빅 비즈십자수 지니맘,지니맘 큐빅십자수  DIY: 7번 소녀2  (15cm 20cm)
818592993,SELLBLOG,NORMAL,친구추천으로 구입했는데.완성품이 너무이뻐요,2020-03-15T10:49:44.000+0000,STOREFARM,5,어린이 보석십자수 DIY 캐릭터 큐빅 비즈십자수 지니맘,지니맘 큐빅십자수  DIY: 1번 유니콘 (15cm 20cm)
818592940,SELLBLOG,NORMAL,친구추천으로 구입했는데.완성품이 너무이뻐요,2020-03-15T10:49:37.000+0000,STOREFARM,4,어린이 보석십자수 DIY 캐릭터 큐빅 비즈십자수 지니맘,지니맘 큐빅십자수  DIY: 8번 꽃사슴 (15cm 20cm)
808031598,SELLBLOG,NORMAL,"깔끔한 포장
코로나사태로 심심했는데
애들이 좋아해요",2020-02-28T06:19:37.000+0000,STOREFARM,5,어린이 보석십자수 DIY 캐릭터 큐빅 비즈십자수 지니맘,지니맘 큐빅십자수  DIY: 6번 소녀1  (15cm 20cm)
811667155,SELLBLOG,NORMAL,"이뻐요
유치원생도 하기쉬워요",2020-03-05T01:19:19.000+0000,STOREFARM,5,어린이 보석십자수 DIY 캐릭터 큐빅 비즈십자수 지니맘,지니맘 큐빅십자수  DIY: 8번 꽃사슴 (15cm 20cm)
806007135,SELLBLOG,NORMAL,이뻐요 코로나땜에 갇혔는데 요골로 신났어요,2020-02-25T06:45:47.000+0000,STOREFARM,5,어린이 보석십자수 DIY 캐릭터 큐빅 비즈십자수 지니맘,지니맘 큐빅십자수  DIY: 12번 슈퍼마리오 (15cm 20cm)
802954270,SELLBLOG,NORMAL,12살 큰애는 한시간 좀 지나 마무리하네요. 다음에 또사달라고 하니 만족합니다.,2020-02-19T09:07:13.000+0000,STOREFARM,5,어린이 보석십자수 DIY 캐릭터 큐빅 비즈십자수 지니맘,지니맘 큐빅십자수  DIY: 9번 겨울사슴 (15cm 20cm)
818123473,SELLBLOG,NORMAL,"강추해요.
길어지는 사회적 거리두기에 몰두의 시간을",2020-03-14T12:24:56.000+0000,STOREFARM,4,어린이 보석십자수 DIY 캐릭터 큐빅 비즈십자수 지니맘,지니맘 큐빅십자수  DIY: 21번 별유니콘 (15cm 20cm)
818628407,SELLBLOG,NORMAL,"반짝이는거 아이가 사달래서 구입햇어요
배송도 빠르고 품절된거 연락주시고 고맙습니다",2020-03-15T11:49:36.000+0000,STOREFARM,5,어린이 보석십자수 DIY 캐릭터 큐빅 비즈십자수 지니맘,지니맘 큐빅십자수  DIY: 2번 보라유니콘 (15cm 20cm)
823821108,SELLBLOG,NORMAL,큐빅도 많이 들어있고 좋네요,2020-03-23T10:31:54.000+0000,STOREFARM,4,어린이 보석십자수 DIY 캐릭터 큐빅 비즈십자수 지니맘,지니맘 큐빅십자수  DIY: 16번 별 (15cm 20cm)
801406177,SELLBLOG,NORMAL,"5세 둘째한테는 조금 무리였나봐요ㅋ  집중해서 잘하긴하는데 시간이 짧네요ㅎㅎ
유니콘 완성해보니 화려하고 예뻐요♡",2020-02-16T11:01:58.000+0000,STOREFARM,5,어린이 보석십자수 DIY 캐릭터 큐빅 비즈십자수 지니맘,지니맘 큐빅십자수  DIY: 1번 유니콘 (15cm 20cm)
806350929,SELLBLOG,NORMAL,사슴이 큐빅아닌 반짝이인줄은 몰랏지만 심플하면서도 화려해요,2020-02-25T14:41:47.000+0000,STOREFARM,5,어린이 보석십자수 DIY 캐릭터 큐빅 비즈십자수 지니맘,지니맘 큐빅십자수  DIY: 5번  반짝이 사슴 (15cm 20cm)
819328027,SELLBLOG,NORMAL,초등 저학년은 잘 못해요. 그래도 좋아합니다^^,2020-03-16T14:15:29.000+0000,STOREFARM,4,어린이 보석십자수 DIY 캐릭터 큐빅 비즈십자수 지니맘,지니맘 큐빅십자수  DIY: 25번 미니2  (15cm 20cm)
822494575,SELLBLOG,AFTER_USE,인테리어로 좋아요 볼때마다 아이가 좋아해요,2020-03-21T04:58:11.000+0000,STOREFARM,5,어린이 보석십자수 DIY 캐릭터 큐빅 비즈십자수 지니맘,지니맘 큐빅십자수  DIY: 8번 꽃사슴 (15cm 20cm)
822494317,SELLBLOG,AFTER_USE,인테리어로 좋아요 볼때마다 아이가 좋아해요,2020-03-21T04:57:43.000+0000,STOREFARM,5,어린이 보석십자수 DIY 캐릭터 큐빅 비즈십자수 지니맘,지니맘 큐빅십자수  DIY: 21번 별유니콘 (15cm 20cm)
818730871,SELLBLOG,NORMAL,빠른배송과 아이들이 집에있으면서 심심해했는데 시간이 금방가고 집중짱입니다~,2020-03-15T14:53:28.000+0000,STOREFARM,5,어린이 보석십자수 DIY 캐릭터 큐빅 비즈십자수 지니맘,지니맘 큐빅십자수  DIY: 2번 보라유니콘 (15cm 20cm)
807596028,SELLBLOG,NORMAL,애들이랑 같이 하다보면 시간가는줄 모르겠어요~,2020-02-27T12:07:15.000+0000,STOREFARM,3,어린이 보석십자수 DIY 캐릭터 큐빅 비즈십자수 지니맘,지니맘 큐빅십자수  DIY: 25번 미니2  (15cm 20cm)
804197576,SELLBLOG,NORMAL,유니콘하고 사슴했는데 완성작은 사슴이 멋있어요. 아이들 스타일은 아니고요!^^,2020-02-21T11:15:20.000+0000,STOREFARM,5,어린이 보석십자수 DIY 캐릭터 큐빅 비즈십자수 지니맘,지니맘 큐빅십자수  DIY: 9번 겨울사슴 (15cm 20cm)
808976419,SELLBLOG,NORMAL,보석 넉넉하게 들어있고 그림이 이뻐요,2020-02-29T14:40:45.000+0000,STOREFARM,5,어린이 보석십자수 DIY 캐릭터 큐빅 비즈십자수 지니맘,지니맘 큐빅십자수  DIY: 20번 거미 (15cm 20cm)
823430830,SELLBLOG,NORMAL,아이들이 넘 잘갖고노네요,2020-03-22T23:21:31.000+0000,STOREFARM,5,어린이 보석십자수 DIY 캐릭터 큐빅 비즈십자수 지니맘,지니맘 큐빅십자수  DIY: 26번 돌고래(15cm 20cm)
822451996,SELLBLOG,NORMAL,예쁘고 아이도 쉽게 할수 있어 좋습니다.,2020-03-21T03:42:52.000+0000,STOREFARM,4,어린이 보석십자수 DIY 캐릭터 큐빅 비즈십자수 지니맘,지니맘 큐빅십자수  DIY: 1번 유니콘 (15cm 20cm)
808698302,SELLBLOG,AFTER_USE,따님들 요거할땐 안정적이고 좋네요^^,2020-02-29T07:18:25.000+0000,STOREFARM,5,어린이 보석십자수 DIY 캐릭터 큐빅 비즈십자수 지니맘,지니맘 큐빅십자수  DIY: 21번 별유니콘 (15cm 20cm)
807593442,SELLBLOG,NORMAL,"방학동안  애들이 심심해했는데
시간보내기 좋아요~",2020-02-27T12:03:44.000+0000,STOREFARM,3,어린이 보석십자수 DIY 캐릭터 큐빅 비즈십자수 지니맘,지니맘 큐빅십자수  DIY: 2번 토끼(15cm 15cm)
826331270,SELLBLOG,NORMAL,시간금방가네요ㅎㅎ ㅎ,2020-03-27T03:24:52.000+0000,STOREFARM,5,어린이 보석십자수 DIY 캐릭터 큐빅 비즈십자수 지니맘,지니맘 큐빅십자수  DIY: 7번 소녀2  (15cm 20cm)
816788648,SELLBLOG,NORMAL,아이가 신나서 하루에 하나씩 만들었어요. 만들고 나니 이쁘네요,2020-03-12T10:50:54.000+0000,STOREFARM,5,어린이 보석십자수 DIY 캐릭터 큐빅 비즈십자수 지니맘,지니맘 큐빅십자수  DIY: 20번 거미 (15cm 20cm)
818840308,SELLBLOG,NORMAL,반짝반짝한 큐빅비즈가 사이즈로 다르게 되어 있어 딸이 좋아합니다.,2020-03-16T00:18:55.000+0000,STOREFARM,5,어린이 보석십자수 DIY 캐릭터 큐빅 비즈십자수 지니맘,지니맘 큐빅십자수  DIY: 24번 미니1 (15cm 20cm)
824746811,SELLBLOG,NORMAL,재밌게 잘하고 있어요~~,2020-03-25T00:23:57.000+0000,STOREFARM,5,어린이 보석십자수 DIY 캐릭터 큐빅 비즈십자수 지니맘,지니맘 큐빅십자수  DIY: 16번 별 (15cm 20cm)
824746640,SELLBLOG,NORMAL,재밌게 잘하고 있어요~~,2020-03-25T00:23:38.000+0000,STOREFARM,5,어린이 보석십자수 DIY 캐릭터 큐빅 비즈십자수 지니맘,지니맘 큐빅십자수  DIY: 19번 방패 (15cm 20cm)
806065816,SELLBLOG,NORMAL,아이가 코로나땜에 너무심심해 하길래 주문했는데 너무좋아하네요,2020-02-25T08:10:04.000+0000,STOREFARM,5,어린이 보석십자수 DIY 캐릭터 큐빅 비즈십자수 지니맘,지니맘 큐빅십자수  DIY: 3번 분홍사슴 (15cm 20cm)
808976735,SELLBLOG,NORMAL,보석 넉넉하고 그림이 정말 이쁘네요.,2020-02-29T14:41:21.000+0000,STOREFARM,5,어린이 보석십자수 DIY 캐릭터 큐빅 비즈십자수 지니맘,지니맘 큐빅십자수  DIY: 9번 겨울사슴 (15cm 20cm)
825242611,SELLBLOG,NORMAL,아이가 재밌어해요~~,2020-03-25T12:13:01.000+0000,STOREFARM,5,어린이 보석십자수 DIY 캐릭터 큐빅 비즈십자수 지니맘,지니맘 큐빅십자수  DIY: 24번 미니1 (15cm 20cm)
806509899,SELLBLOG,NORMAL,"깔끔히정리되어들어있어요
유치원휴원해서 딱좋게시켰네요",2020-02-26T01:53:44.000+0000,STOREFARM,5,어린이 보석십자수 DIY 캐릭터 큐빅 비즈십자수 지니맘,지니맘 큐빅십자수  DIY: 1번 유니콘 (15cm 20cm)
809476657,SELLBLOG,NORMAL,블링블링하고 이쁘네요#^,2020-03-01T14:15:42.000+0000,STOREFARM,5,어린이 보석십자수 DIY 캐릭터 큐빅 비즈십자수 지니맘,지니맘 큐빅십자수  DIY: 22번 부엉이 (15cm 20cm)
821395349,SELLBLOG,NORMAL,"받자마자 아이랑 다 해버렸어요
만족합니다",2020-03-19T10:46:45.000+0000,STOREFARM,5,어린이 보석십자수 DIY 캐릭터 큐빅 비즈십자수 지니맘,지니맘 큐빅십자수  DIY: 5번  반짝이 사슴 (15cm 20cm)
807313759,SELLBLOG,NORMAL,"아이들 방콕하기 딱 좋은 아이템이에요.
아이둘다 좋아해요^^",2020-02-27T05:20:10.000+0000,STOREFARM,5,어린이 보석십자수 DIY 캐릭터 큐빅 비즈십자수 지니맘,지니맘 큐빅십자수  DIY: 26번 돌고래(15cm 20cm)
807313473,SELLBLOG,NORMAL,"아이들 방콕하기 딱 좋은 아이템이에요.
아이둘다 좋아해요^^",2020-02-27T05:19:48.000+0000,STOREFARM,5,어린이 보석십자수 DIY 캐릭터 큐빅 비즈십자수 지니맘,지니맘 큐빅십자수  DIY: 20번 거미 (15cm 20cm)
818068499,SELLBLOG,NORMAL,그림은 이쁜데 퀄리티는...코팅지에왓어요...허허허,2020-03-14T10:53:08.000+0000,STOREFARM,5,어린이 보석십자수 DIY 캐릭터 큐빅 비즈십자수 지니맘,지니맘 큐빅십자수  DIY: 1번 유니콘 (15cm 20cm)
808176814,SELLBLOG,NORMAL,"포장 꼼꼼하고 쿠빅들 색감, 디지인 모두 굿",2020-02-28T09:52:15.000+0000,STOREFARM,5,어린이 보석십자수 DIY 캐릭터 큐빅 비즈십자수 지니맘,지니맘 큐빅십자수  DIY: 8번 꽃사슴 (15cm 20cm)
803912397,SELLBLOG,NORMAL,딸아이가 만들고 너무좋아해서 만족해요^^,2020-02-21T02:22:18.000+0000,STOREFARM,5,어린이 보석십자수 DIY 캐릭터 큐빅 비즈십자수 지니맘,지니맘 큐빅십자수  DIY: 22번 부엉이 (15cm 20cm)
814411830,SELLBLOG,NORMAL,8세 여아가 하기에 딱이에요~~ 스파이더맨 샀는데 생각보다 보석 색깔이 예쁘네요,2020-03-09T05:52:32.000+0000,STOREFARM,3,어린이 보석십자수 DIY 캐릭터 큐빅 비즈십자수 지니맘,지니맘 큐빅십자수  DIY: 20번 거미 (15cm 20cm)
823481403,SELLBLOG,NORMAL,아이가 너무 좋아해요,2020-03-23T01:00:29.000+0000,STOREFARM,5,어린이 보석십자수 DIY 캐릭터 큐빅 비즈십자수 지니맘,지니맘 큐빅십자수  DIY: 1번 유니콘 (15cm 20cm)
809293701,SELLBLOG,NORMAL,아이들이좋아해요 이쁘고,2020-03-01T07:58:40.000+0000,STOREFARM,5,어린이 보석십자수 DIY 캐릭터 큐빅 비즈십자수 지니맘,지니맘 큐빅십자수  DIY: 8번 꽃사슴 (15cm 20cm)
809293427,SELLBLOG,NORMAL,이쁘고아이들이좋아해요,2020-03-01T07:58:07.000+0000,STOREFARM,5,어린이 보석십자수 DIY 캐릭터 큐빅 비즈십자수 지니맘,지니맘 큐빅십자수  DIY: 20번 거미 (15cm 20cm)
808030651,SELLBLOG,NORMAL,깔끔한포장 애들도 너무 좋아하네요,2020-02-28T06:18:18.000+0000,STOREFARM,5,어린이 보석십자수 DIY 캐릭터 큐빅 비즈십자수 지니맘,지니맘 큐빅십자수  DIY: 10번 안경토끼 (15cm 20cm)
809526057,SELLBLOG,NORMAL,아이들이 너무 좋아해요,2020-03-01T16:27:08.000+0000,STOREFARM,5,어린이 보석십자수 DIY 캐릭터 큐빅 비즈십자수 지니맘,지니맘 큐빅십자수  DIY: 12번 슈퍼마리오 (15cm 20cm)
809525857,SELLBLOG,NORMAL,다 완성하니 너무 예뻐요,2020-03-01T16:26:20.000+0000,STOREFARM,5,어린이 보석십자수 DIY 캐릭터 큐빅 비즈십자수 지니맘,지니맘 큐빅십자수  DIY: 3번 분홍사슴 (15cm 20cm)
820570723,SELLBLOG,AFTER_USE,아이가 매우 좋아했어요 완성 후 걸어놓으니 예뻐요,2020-03-18T09:59:48.000+0000,STOREFARM,5,어린이 보석십자수 DIY 캐릭터 큐빅 비즈십자수 지니맘,지니맘 큐빅십자수  DIY: 22번 부엉이 (15cm 20cm)
820570577,SELLBLOG,AFTER_USE,아이가 매우 좋아했어요 완성 후 걸어놓으니 예뻐요,2020-03-18T09:59:35.000+0000,STOREFARM,5,어린이 보석십자수 DIY 캐릭터 큐빅 비즈십자수 지니맘,지니맘 큐빅십자수  DIY: 21번 별유니콘 (15cm 20cm)
816483762,SELLBLOG,NORMAL,좋아요 코로나때문에 나가지도 못하고 시간때우기,2020-03-12T04:06:35.000+0000,STOREFARM,5,어린이 보석십자수 DIY 캐릭터 큐빅 비즈십자수 지니맘,지니맘 큐빅십자수  DIY: 2번 보라유니콘 (15cm 20cm)
809915115,SELLBLOG,NORMAL,집중력 기르는데 킹왕짱~,2020-03-02T10:36:48.000+0000,STOREFARM,5,어린이 보석십자수 DIY 캐릭터 큐빅 비즈십자수 지니맘,지니맘 큐빅십자수  DIY: 6번 소녀1  (15cm 20cm)
806904708,SELLBLOG,NORMAL,비교적 만들기도 쉽고 아이가 하기 괜찮음,2020-02-26T11:54:56.000+0000,STOREFARM,5,어린이 보석십자수 DIY 캐릭터 큐빅 비즈십자수 지니맘,지니맘 큐빅십자수  DIY: 3번 분홍사슴 (15cm 20cm)
818162055,SELLBLOG,NORMAL,개학이 미뤄져서 집에만 있는 아이들이 큐빅 십자수를 하며 너무 즐거워하네요^-^,2020-03-14T13:29:20.000+0000,STOREFARM,5,어린이 보석십자수 DIY 캐릭터 큐빅 비즈십자수 지니맘,지니맘 큐빅십자수  DIY: 16번 별 (15cm 20cm)
816980516,SELLBLOG,NORMAL,"재미있게 잘했어요
보석 반짝거려 좋아요.
넉넉하게 보내주셨어요",2020-03-12T15:14:31.000+0000,STOREFARM,5,어린이 보석십자수 DIY 캐릭터 큐빅 비즈십자수 지니맘,지니맘 큐빅십자수  DIY: 20번 거미 (15cm 20cm)
817912005,SELLBLOG,NORMAL,"재입고 기다리다 원하던 디자인으로
주문해서 울 딸 넘 재미있게 잘 해요♡",2020-03-14T06:41:48.000+0000,STOREFARM,5,어린이 보석십자수 DIY 캐릭터 큐빅 비즈십자수 지니맘,지니맘 큐빅십자수  DIY: 23번 사자 (15cm 20cm)
818915766,SELLBLOG,NORMAL,배송 엄청 빨랐어요. 아이가 넘 좋아해요.,2020-03-16T02:12:57.000+0000,STOREFARM,5,어린이 보석십자수 DIY 캐릭터 큐빅 비즈십자수 지니맘,지니맘 큐빅십자수  DIY: 20번 거미 (15cm 20cm)
817997951,SELLBLOG,NORMAL,"품절상품문의 드렸는데
빠른답변 최고♡
아이가 쉽게 할수있어서 좋아요",2020-03-14T08:53:36.000+0000,STOREFARM,5,어린이 보석십자수 DIY 캐릭터 큐빅 비즈십자수 지니맘,지니맘 큐빅십자수  DIY: 23번 사자 (15cm 20cm)
823014970,SELLBLOG,NORMAL,아이가 재미있어해요,2020-03-22T03:13:34.000+0000,STOREFARM,4,어린이 보석십자수 DIY 캐릭터 큐빅 비즈십자수 지니맘,지니맘 큐빅십자수  DIY: 4번 홍학 (15cm 20cm)
802492864,SELLBLOG,AFTER_USE,다해놓구 액자에 껴뇠는데 넘 이뻐요 애들도 너무 좋아하네여~~^^,2020-02-18T13:02:41.000+0000,STOREFARM,5,어린이 보석십자수 DIY 캐릭터 큐빅 비즈십자수 지니맘,지니맘 큐빅십자수  DIY: 13번 스폰지밥 (15cm 20cm)
817866407,SELLBLOG,NORMAL,"누락 배송 됐지만 금방 다시 배송해주셨네요
아이가 신나서 또 작업하고 있어요",2020-03-14T05:29:04.000+0000,STOREFARM,5,어린이 보석십자수 DIY 캐릭터 큐빅 비즈십자수 지니맘,지니맘 큐빅십자수  DIY: 4번 홍학 (15cm 20cm)
821425996,SELLBLOG,NORMAL,아이들보다 제가더 재미있네요,2020-03-19T11:25:34.000+0000,STOREFARM,4,어린이 보석십자수 DIY 캐릭터 큐빅 비즈십자수 지니맘,지니맘 큐빅십자수  DIY: 20번 거미 (15cm 20cm)
818122039,SELLBLOG,NORMAL,"1차 주문후 추가 주문했어요.
다른집에도 추천",2020-03-14T12:22:47.000+0000,STOREFARM,4,어린이 보석십자수 DIY 캐릭터 큐빅 비즈십자수 지니맘,지니맘 큐빅십자수  DIY: 17번 가면 (15cm 20cm)
816980931,SELLBLOG,NORMAL,"보석이 반짝거려서 좋아요.
빠른배송 감사합니다.",2020-03-12T15:15:13.000+0000,STOREFARM,5,어린이 보석십자수 DIY 캐릭터 큐빅 비즈십자수 지니맘,지니맘 큐빅십자수  DIY: 19번 방패 (15cm 20cm)
799286580,SELLBLOG,NORMAL,"아이들이 진짜 너무 좋아해요~~~
방학동안 만들기놀이 하기 딱이예요 ㅎㅎ
엄마인 저도 재밌어서 3시간 집중해 완성했네요~~^^",2020-02-12T10:59:51.000+0000,STOREFARM,5,어린이 보석십자수 DIY 캐릭터 큐빅 비즈십자수 지니맘,지니맘 큐빅십자수  DIY: 10번 안경토끼 (15cm 20cm)
818769961,SELLBLOG,NORMAL,집에만 있는 아이가 심심해보여서 주문해서 같이했어요~~,2020-03-15T17:01:49.000+0000,STOREFARM,5,어린이 보석십자수 DIY 캐릭터 큐빅 비즈십자수 지니맘,지니맘 큐빅십자수  DIY: 2번 보라유니콘 (15cm 20cm)
809025021,SELLBLOG,NORMAL,아이가 너무 좋아하네요,2020-02-29T16:39:13.000+0000,STOREFARM,5,어린이 보석십자수 DIY 캐릭터 큐빅 비즈십자수 지니맘,지니맘 큐빅십자수  DIY: 10번 안경토끼 (15cm 20cm)
809024841,SELLBLOG,NORMAL,아이가 너무 좋아하네요,2020-02-29T16:38:32.000+0000,STOREFARM,5,어린이 보석십자수 DIY 캐릭터 큐빅 비즈십자수 지니맘,지니맘 큐빅십자수  DIY: 3번 분홍사슴 (15cm 20cm)
809024436,SELLBLOG,NORMAL,아이가 너무 좋아하네요,2020-02-29T16:37:07.000+0000,STOREFARM,5,어린이 보석십자수 DIY 캐릭터 큐빅 비즈십자수 지니맘,지니맘 큐빅십자수  DIY: 26번 돌고래(15cm 20cm)
822402059,SELLBLOG,NORMAL,아이가 엄청좋아했어요,2020-03-21T02:14:21.000+0000,STOREFARM,5,어린이 보석십자수 DIY 캐릭터 큐빅 비즈십자수 지니맘,지니맘 큐빅십자수  DIY: 4번 홍학 (15cm 20cm)
818915911,SELLBLOG,NORMAL,배송 엄청 빨랐어요. 아이가 좋아해요.,2020-03-16T02:13:11.000+0000,STOREFARM,5,어린이 보석십자수 DIY 캐릭터 큐빅 비즈십자수 지니맘,지니맘 큐빅십자수  DIY: 17번 가면 (15cm 20cm)
809317445,SELLBLOG,NORMAL,코로나때문에 외출도 못하는데 초고학년이 짬짬이 이틀에 걸쳐 완전 홀릭하며 완성했어요. 엄마에게 자유시간을 주는 효자상품입니다.,2020-03-01T08:50:38.000+0000,STOREFARM,5,어린이 보석십자수 DIY 캐릭터 큐빅 비즈십자수 지니맘,지니맘 큐빅십자수  DIY: 4번 홍학 (15cm 20cm)
811772193,SELLBLOG,NORMAL,아이가 너무 좋아하네요~^^ 개학이 길어져서 너무 심심해해서 사줬는데 하고나서 귀여워서 본인도 뿌듯해하고~ 잘샀어요,2020-03-05T03:57:46.000+0000,STOREFARM,4,어린이 보석십자수 DIY 캐릭터 큐빅 비즈십자수 지니맘,지니맘 큐빅십자수  DIY: 26번 돌고래(15cm 20cm)
811772061,SELLBLOG,NORMAL,아이가 너무 좋아하네요~^^ 개학이 길어져서 너무 심심해해서 사줬는데 하고나서 귀여워서 본인도 뿌듯해하고~ 잘샀어요,2020-03-05T03:57:33.000+0000,STOREFARM,4,어린이 보석십자수 DIY 캐릭터 큐빅 비즈십자수 지니맘,지니맘 큐빅십자수  DIY: 21번 별유니콘 (15cm 20cm)
837176001,SELLBLOG,NORMAL,만족합니다 만족합니다,2020-04-12T23:26:53.000+0000,STOREFARM,4,어린이 보석십자수 DIY 캐릭터 큐빅 비즈십자수 지니맘 (입고완료),지니맘 큐빅십자수  DIY: 21번 별유니콘 (15cm 20cm)
821426359,SELLBLOG,NORMAL,저희아이둘다 잘하고있어요,2020-03-19T11:26:05.000+0000,STOREFARM,5,어린이 보석십자수 DIY 캐릭터 큐빅 비즈십자수 지니맘,지니맘 큐빅십자수  DIY: 17번 가면 (15cm 20cm)
819055739,SELLBLOG,AFTER_USE,바탕까지 큐빅이 촘촘해서 멀리서 봐도 예뻐요,2020-03-16T05:52:17.000+0000,STOREFARM,5,어린이 보석십자수 DIY 캐릭터 큐빅 비즈십자수 지니맘,지니맘 큐빅십자수  DIY: 19번 방패 (15cm 20cm)
810850564,SELLBLOG,NORMAL,아이가 너무 좋아해요. 크기가 생각보다 커서  한번에 다 못하는데 반씩 잘라져서 끈끈함을 유지할 수 있어 좋네요,2020-03-04T00:12:17.000+0000,STOREFARM,5,어린이 보석십자수 DIY 캐릭터 큐빅 비즈십자수 지니맘,지니맘 큐빅십자수  DIY: 2번 보라유니콘 (15cm 20cm)
815229457,SELLBLOG,NORMAL,쵝오입니다 말이 필요 없어요 캐릭터도   넘 이쁘고,2020-03-10T10:58:05.000+0000,STOREFARM,5,어린이 보석십자수 DIY 캐릭터 큐빅 비즈십자수 지니맘,지니맘 큐빅십자수  DIY: 1번 유니콘 (15cm 20cm)
806542932,SELLBLOG,AFTER_USE,좋아요아이가잘하네요,2020-02-26T02:49:21.000+0000,STOREFARM,5,지니맘 어린이 보석십자수 캐릭터 큐빅십자수,지니맘 큐빅십자수  DIY: 1번 유니콘 (15cm 20cm)
819048079,SELLBLOG,AFTER_USE,아이들이 너무 좋아했고 다 해놓은게 너무 예뻤어요,2020-03-16T05:40:16.000+0000,STOREFARM,5,어린이 보석십자수 DIY 캐릭터 큐빅 비즈십자수 지니맘,지니맘 큐빅십자수  DIY: 20번 거미 (15cm 20cm)
818840690,SELLBLOG,NORMAL,반짝반짝한 큐빅비즈~완성하고 나니 더 이쁩니다.,2020-03-16T00:19:33.000+0000,STOREFARM,5,어린이 보석십자수 DIY 캐릭터 큐빅 비즈십자수 지니맘,지니맘 큐빅십자수  DIY: 26번 돌고래(15cm 20cm)
818320059,SELLBLOG,NORMAL,울공쥬가 너무 이쁘다고 친구 선물해준다고  주문했네요 ~~~^^,2020-03-15T01:06:50.000+0000,STOREFARM,5,어린이 보석십자수 DIY 캐릭터 큐빅 비즈십자수 지니맘,지니맘 큐빅십자수  DIY: 7번 소녀2  (15cm 20cm)
802952036,SELLBLOG,NORMAL,8세 남아가 하고있어요. 잼있어하네요. 집중하다 쉬다 반복하면서요.^^,2020-02-19T09:03:14.000+0000,STOREFARM,5,어린이 보석십자수 DIY 캐릭터 큐빅 비즈십자수 지니맘,지니맘 큐빅십자수  DIY: 17번 가면 (15cm 20cm)
819426958,SELLBLOG,NORMAL,아이가 코로나땜에 집에 있는데 잼있어해요~,2020-03-17T00:00:13.000+0000,STOREFARM,4,어린이 보석십자수 DIY 캐릭터 큐빅 비즈십자수 지니맘,지니맘 큐빅십자수  DIY: 20번 거미 (15cm 20cm)
813761031,SELLBLOG,NORMAL,"시간가는줄모르고했어요~잼나요
아이들도 힘든데잼있다면서 잘하네요",2020-03-08T03:35:48.000+0000,STOREFARM,3,어린이 보석십자수 DIY 캐릭터 큐빅 비즈십자수 지니맘,지니맘 큐빅십자수  DIY: 2번 보라유니콘 (15cm 20cm)
820324986,SELLBLOG,AFTER_USE,아이들이 잘 사용하고 있어요,2020-03-18T04:24:53.000+0000,STOREFARM,5,어린이 보석십자수 DIY 캐릭터 큐빅 비즈십자수 지니맘,지니맘 큐빅십자수  DIY: 3번 분홍사슴 (15cm 20cm)
807385689,SELLBLOG,NORMAL,아이들이 너무 좋아라 해요,2020-02-27T07:06:12.000+0000,STOREFARM,5,어린이 보석십자수 DIY 캐릭터 큐빅 비즈십자수 지니맘,지니맘 큐빅십자수  DIY: 13번 스폰지밥 (15cm 20cm)
816157942,SELLBLOG,NORMAL,처음엔 어려워보였는데 하다보니까 재미있어서 시간가는줄 모르고 완성~,2020-03-11T13:45:18.000+0000,STOREFARM,5,어린이 보석십자수 DIY 캐릭터 큐빅 비즈십자수 지니맘,지니맘 큐빅십자수  DIY: 8번 꽃사슴 (15cm 20cm)
806905470,SELLBLOG,NORMAL,아이가 하기 편하고 좋아요,2020-02-26T11:55:57.000+0000,STOREFARM,5,어린이 보석십자수 DIY 캐릭터 큐빅 비즈십자수 지니맘,지니맘 큐빅십자수  DIY: 26번 돌고래(15cm 20cm)
822749943,SELLBLOG,NORMAL,좋네요 예쁘고 반짝거려요,2020-03-21T12:06:05.000+0000,STOREFARM,5,어린이 보석십자수 DIY 캐릭터 큐빅 비즈십자수 지니맘,지니맘 큐빅십자수  DIY: 22번 부엉이 (15cm 20cm)
818455886,SELLBLOG,NORMAL,아이들 초집중해서 멋지게 완성하고 있어요,2020-03-15T06:01:03.000+0000,STOREFARM,5,어린이 보석십자수 DIY 캐릭터 큐빅 비즈십자수 지니맘,지니맘 큐빅십자수  DIY: 7번 소녀2  (15cm 20cm)
802493754,SELLBLOG,AFTER_USE,너무 이뻐요 애들고 재밌게 시간 보냈네여,2020-02-18T13:03:58.000+0000,STOREFARM,5,어린이 보석십자수 DIY 캐릭터 큐빅 비즈십자수 지니맘,지니맘 큐빅십자수  DIY: 12번 슈퍼마리오 (15cm 20cm)
803724664,SELLBLOG,NORMAL,"배송빠르고 
아이들이 좋아합니다
옆에 그림도 있어서 좋아요",2020-02-20T13:58:23.000+0000,STOREFARM,5,어린이 보석십자수 DIY 캐릭터 큐빅 비즈십자수 지니맘,지니맘 큐빅십자수  DIY: 11번 클로버 (15cm 20cm)
813863732,SELLBLOG,NORMAL,"별로네요.
코로나땜에 시간때우기로 하고있어요.
십자수상태는 별로",2020-03-08T07:17:40.000+0000,STOREFARM,1,어린이 보석십자수 DIY 캐릭터 큐빅 비즈십자수 지니맘,지니맘 큐빅십자수  DIY: 5번  반짝이 사슴 (15cm 20cm)
807385899,SELLBLOG,NORMAL,아이들이 즐거워 하네요,2020-02-27T07:06:30.000+0000,STOREFARM,5,어린이 보석십자수 DIY 캐릭터 큐빅 비즈십자수 지니맘,지니맘 큐빅십자수  DIY: 11번 클로버 (15cm 20cm)
807385379,SELLBLOG,NORMAL,아이들이 너무 좋아해요,2020-02-27T07:05:49.000+0000,STOREFARM,5,어린이 보석십자수 DIY 캐릭터 큐빅 비즈십자수 지니맘,지니맘 큐빅십자수  DIY: 9번 겨울사슴 (15cm 20cm)
819208890,SELLBLOG,AFTER_USE,아이들이 열심히 집중해서 완성했어요^^,2020-03-16T10:33:02.000+0000,STOREFARM,5,어린이 보석십자수 DIY 캐릭터 큐빅 비즈십자수 지니맘,지니맘 큐빅십자수  DIY: 8번 꽃사슴 (15cm 20cm)
807772351,SELLBLOG,NORMAL,감사합니다 잘쓸께요,2020-02-27T21:29:19.000+0000,STOREFARM,5,어린이 보석십자수 DIY 캐릭터 큐빅 비즈십자수 지니맘,지니맘 큐빅십자수  DIY: 4번 홍학 (15cm 20cm)
819349554,SELLBLOG,AFTER_USE,아이가 재미있게 가지고 놀았어요,2020-03-16T15:08:11.000+0000,STOREFARM,5,어린이 보석십자수 DIY 캐릭터 큐빅 비즈십자수 지니맘,지니맘 큐빅십자수  DIY: 27번 눈사람
817632735,SELLBLOG,NORMAL,집에만 있는 초딩 아이들 3시간을 집중해서 잘 만드네요!!,2020-03-13T15:37:56.000+0000,STOREFARM,5,어린이 보석십자수 DIY 캐릭터 큐빅 비즈십자수 지니맘,지니맘 큐빅십자수  DIY: 9번 겨울사슴 (15cm 20cm)
804453560,SELLBLOG,NORMAL,"다 완성하고 또 시켜달라고하네요
다른거 또 주문해야겠어요",2020-02-22T03:14:10.000+0000,STOREFARM,5,어린이 보석십자수 DIY 캐릭터 큐빅 비즈십자수 지니맘,지니맘 큐빅십자수  DIY: 13번 스폰지밥 (15cm 20cm)
818767537,SELLBLOG,NORMAL,"반짝이는보석도예쁘고그림도예쁘고..
아이가너무좋아해요^^",2020-03-15T16:48:35.000+0000,STOREFARM,5,어린이 보석십자수 DIY 캐릭터 큐빅 비즈십자수 지니맘,지니맘 큐빅십자수  DIY: 21번 별유니콘 (15cm 20cm)
802606285,SELLBLOG,NORMAL,생각보다 커요 아이랑 같이 하니 좋아하네요,2020-02-18T17:34:11.000+0000,STOREFARM,5,어린이 보석십자수 DIY 캐릭터 큐빅 비즈십자수 지니맘,지니맘 큐빅십자수  DIY: 10번 안경토끼 (15cm 20cm)
815242405,SELLBLOG,NORMAL,코로나땜에 주문했어요 아이와함께 할게요,2020-03-10T11:12:30.000+0000,STOREFARM,5,어린이 보석십자수 DIY 캐릭터 큐빅 비즈십자수 지니맘,지니맘 큐빅십자수  DIY: 21번 별유니콘 (15cm 20cm)
803724377,SELLBLOG,NORMAL,"배송빠르고 
아이들이 좋아합니다
옆에 그림도 있어서 좋아요",2020-02-20T13:57:51.000+0000,STOREFARM,5,어린이 보석십자수 DIY 캐릭터 큐빅 비즈십자수 지니맘,지니맘 큐빅십자수  DIY: 8번 꽃사슴 (15cm 20cm)
822750132,SELLBLOG,NORMAL,예쁘고 블링블링해요,2020-03-21T12:06:22.000+0000,STOREFARM,5,어린이 보석십자수 DIY 캐릭터 큐빅 비즈십자수 지니맘,지니맘 큐빅십자수  DIY: 21번 별유니콘 (15cm 20cm)
819767052,SELLBLOG,NORMAL,휴대폰 없이 즐거운 하루 보냈어요...,2020-03-17T09:19:01.000+0000,STOREFARM,5,어린이 보석십자수 DIY 캐릭터 큐빅 비즈십자수 지니맘,지니맘 큐빅십자수  DIY: 7번 소녀2  (15cm 20cm)
805994722,SELLBLOG,NORMAL,아이들이 넘 좋아합니다 감사합니다~^^,2020-02-25T06:27:27.000+0000,STOREFARM,5,어린이 보석십자수 DIY 캐릭터 큐빅 비즈십자수 지니맘,지니맘 큐빅십자수  DIY: 3번 분홍사슴 (15cm 20cm)
802246829,SELLBLOG,NORMAL,"필리핀 유학가있는 조카들이 좋아할꺼같아 주문했어요
배송 빨라좋네요",2020-02-18T06:33:58.000+0000,STOREFARM,5,어린이 보석십자수 DIY 캐릭터 큐빅 비즈십자수 지니맘,지니맘 큐빅십자수  DIY: 10번 안경토끼 (15cm 20cm)
814971735,SELLBLOG,NORMAL,코로나 때문에 학교도 못가고 심심해 했는데 참 잘하네용 감사합니다,2020-03-10T05:29:25.000+0000,STOREFARM,5,어린이 보석십자수 DIY 캐릭터 큐빅 비즈십자수 지니맘,지니맘 큐빅십자수  DIY: 8번 꽃사슴 (15cm 20cm)
815978960,SELLBLOG,NORMAL,"아이가 맘에 들어하네요~
잘 사용할게요",2020-03-11T10:16:04.000+0000,STOREFARM,5,어린이 보석십자수 DIY 캐릭터 큐빅 비즈십자수 지니맘,지니맘 큐빅십자수  DIY: 7번 소녀2  (15cm 20cm)
815978856,SELLBLOG,NORMAL,"아이가 맘에 들어하네요~
잘 사용할게요",2020-03-11T10:15:56.000+0000,STOREFARM,5,어린이 보석십자수 DIY 캐릭터 큐빅 비즈십자수 지니맘,지니맘 큐빅십자수  DIY: 1번 유니콘 (15cm 20cm)
815978761,SELLBLOG,NORMAL,"아이가 맘에 들어하네요~
잘 사용할게요",2020-03-11T10:15:50.000+0000,STOREFARM,5,어린이 보석십자수 DIY 캐릭터 큐빅 비즈십자수 지니맘,지니맘 큐빅십자수  DIY: 21번 별유니콘 (15cm 20cm)
810172823,SELLBLOG,NORMAL,"배송도 빠르고 포장도 잘되어져왔네요 
코로나땜에 애들 나가지도못하고 놀이삼아 주문했는데 맘에들어요~~^^",2020-03-03T02:03:27.000+0000,STOREFARM,5,어린이 보석십자수 DIY 캐릭터 큐빅 비즈십자수 지니맘,지니맘 큐빅십자수  DIY: 12번 슈퍼마리오 (15cm 20cm)
818587217,SELLBLOG,NORMAL,휴교령때문에 집에 있는 아이들 하기 최고~,2020-03-15T10:38:43.000+0000,STOREFARM,5,어린이 보석십자수 DIY 캐릭터 큐빅 비즈십자수 지니맘,지니맘 큐빅십자수  DIY: 12번 슈퍼마리오 (15cm 20cm)
818779163,SELLBLOG,NORMAL,배송이 빠르고 제품도 괜찮아요,2020-03-15T18:16:42.000+0000,STOREFARM,4,어린이 보석십자수 DIY 캐릭터 큐빅 비즈십자수 지니맘,지니맘 큐빅십자수  DIY: 19번 방패 (15cm 20cm)
812415791,SELLBLOG,AFTER_USE,완성하고  나면  너무  이뻐요 .  재미도있고 집중력도  키울수  있어서  좋아요,2020-03-06T01:18:48.000+0000,STOREFARM,5,어린이 보석십자수 DIY 캐릭터 큐빅 비즈십자수 지니맘,지니맘 큐빅십자수  DIY: 1번 유니콘 (15cm 20cm)
812204049,SELLBLOG,NORMAL,"배송도 빠르고 큐빅도 넉넉하게 많이 보내줘서 좋아요~
아이가 너무 재밌게 잘해요^^",2020-03-05T13:25:43.000+0000,STOREFARM,5,어린이 보석십자수 DIY 캐릭터 큐빅 비즈십자수 지니맘,지니맘 큐빅십자수  DIY: 8번 꽃사슴 (15cm 20cm)
810828534,SELLBLOG,NORMAL,"원래 토끼하고싶어했는데 품절이라 골랐어요
생각보다 더 반짝이고 이쁩니다.",2020-03-03T23:21:20.000+0000,STOREFARM,5,어린이 보석십자수 DIY 캐릭터 큐빅 비즈십자수 지니맘,지니맘 큐빅십자수  DIY: 11번 클로버 (15cm 20cm)
807422453,SELLBLOG,NORMAL,"이거 뭔가요? 너무 잼있자나요ㅋㅋㅋ
10살딸은 시간가는줄 모르고하는데
6살 아들은 어려워 안해서 제가 하는데 너~~~~무 잼있어요.
잡생각없애기용 멍때리며하기 최고",2020-02-27T07:56:07.000+0000,STOREFARM,5,어린이 보석십자수 DIY 캐릭터 큐빅 비즈십자수 지니맘,지니맘 큐빅십자수  DIY: 25번 미니2  (15cm 20cm)
804105784,SELLBLOG,AFTER_USE,애들이 처음엔 좋아하는데 집중이 오래가진 않네요.,2020-02-21T08:08:12.000+0000,STOREFARM,4,어린이 보석십자수 DIY 캐릭터 큐빅 비즈십자수 지니맘,지니맘 큐빅십자수  DIY: 24번 미니1 (15cm 20cm)
803413085,SELLBLOG,NORMAL,아이가 좋아해요~ 많이 파세요,2020-02-20T05:00:14.000+0000,STOREFARM,5,어린이 보석십자수 DIY 캐릭터 큐빅 비즈십자수 지니맘,지니맘 큐빅십자수  DIY: 1번 유니콘 (15cm 20cm)
797350225,SELLBLOG,NORMAL,"큐빅이 큼지막해서 아이들이 하기에도 좋네요~
완성하고나니 이뻐요",2020-02-08T13:48:27.000+0000,STOREFARM,5,어린이 보석십자수 DIY 캐릭터 큐빅 비즈십자수 지니맘,지니맘 큐빅십자수  DIY: 2번 보라유니콘 (15cm 20cm)
804542310,SELLBLOG,NORMAL,너무 이쁘고 만들기도 어렵지않고 좋아요~~,2020-02-22T06:13:07.000+0000,STOREFARM,5,어린이 보석십자수 DIY 캐릭터 큐빅 비즈십자수 지니맘,지니맘 큐빅십자수  DIY: 21번 별유니콘 (15cm 20cm)
818122901,SELLBLOG,NORMAL,"한번해 보세요.
성취감에 이쁜작품까지",2020-03-14T12:24:05.000+0000,STOREFARM,4,어린이 보석십자수 DIY 캐릭터 큐빅 비즈십자수 지니맘,지니맘 큐빅십자수  DIY: 22번 부엉이 (15cm 20cm)
799364942,SELLBLOG,NORMAL,조카가 하는거보고 사줬는데 좋아하네요 금방 하고 또 추가구매했어요,2020-02-12T12:59:55.000+0000,STOREFARM,4,어린이 보석십자수 DIY 캐릭터 큐빅 비즈십자수 지니맘,지니맘 큐빅십자수  DIY: 9번 겨울사슴 (15cm 20cm)
818779195,SELLBLOG,NORMAL,배송이 빠르고 제품 괜찮아요,2020-03-15T18:17:03.000+0000,STOREFARM,4,어린이 보석십자수 DIY 캐릭터 큐빅 비즈십자수 지니맘,지니맘 큐빅십자수  DIY: 17번 가면 (15cm 20cm)
806066458,SELLBLOG,NORMAL,아이가 너무좋아하네요,2020-02-25T08:11:03.000+0000,STOREFARM,5,어린이 보석십자수 DIY 캐릭터 큐빅 비즈십자수 지니맘,지니맘 큐빅십자수  DIY: 9번 겨울사슴 (15cm 20cm)
818033850,SELLBLOG,NORMAL,방학연장에 좀쑤신아이 조아해요,2020-03-14T09:53:13.000+0000,STOREFARM,4,어린이 보석십자수 DIY 캐릭터 큐빅 비즈십자수 지니맘,지니맘 큐빅십자수  DIY: 16번 별 (15cm 20cm)
815960209,SELLBLOG,NORMAL,애들이 집에서 모처럼조용히 놀았네요 번창하세요,2020-03-11T09:52:49.000+0000,STOREFARM,5,어린이 보석십자수 DIY 캐릭터 큐빅 비즈십자수 지니맘,지니맘 큐빅십자수  DIY: 8번 꽃사슴 (15cm 20cm)
818033629,SELLBLOG,NORMAL,코로나로 집콕아이 넘 조아하네요,2020-03-14T09:52:52.000+0000,STOREFARM,4,어린이 보석십자수 DIY 캐릭터 큐빅 비즈십자수 지니맘,지니맘 큐빅십자수  DIY: 15번 베트맨 (15cm 20cm)
834427428,SELLBLOG,NORMAL,잘받았습니다 잘받았습니다,2020-04-08T09:56:27.000+0000,STOREFARM,4,어린이 보석십자수 DIY 캐릭터 큐빅 비즈십자수 지니맘 (입고완료),지니맘 큐빅십자수  DIY: 9번 겨울사슴 (15cm 20cm)
834427285,SELLBLOG,NORMAL,잘받았습니다 잘받았습니다,2020-04-08T09:56:17.000+0000,STOREFARM,4,어린이 보석십자수 DIY 캐릭터 큐빅 비즈십자수 지니맘 (입고완료),지니맘 큐빅십자수  DIY: 24번 돌고래 (15cm 20cm)
818779219,SELLBLOG,NORMAL,제품 괜찮고 배송이 빨라요,2020-03-15T18:17:20.000+0000,STOREFARM,4,어린이 보석십자수 DIY 캐릭터 큐빅 비즈십자수 지니맘,지니맘 큐빅십자수  DIY: 5번  반짝이 사슴 (15cm 20cm)
800834501,SELLBLOG,NORMAL,"두아이들 방학때 하라고 주문했어요~~^^
배송도 빠르고 좋너요^^",2020-02-15T05:30:03.000+0000,STOREFARM,4,어린이 보석십자수 DIY 캐릭터 큐빅 비즈십자수 지니맘,지니맘 큐빅십자수  DIY: 9번 겨울사슴 (15cm 20cm)
801493945,SELLBLOG,NORMAL,"완성하고 나니 반짝반짝 너무 이뻐요~
아들도 좋아하구요~",2020-02-16T14:24:08.000+0000,STOREFARM,5,어린이 보석십자수 DIY 캐릭터 큐빅 비즈십자수 지니맘,지니맘 큐빅십자수  DIY: 12번 슈퍼마리오 (15cm 20cm)
818124097,SELLBLOG,NORMAL,반짝이는 작품을 보면 또 하게되요.,2020-03-14T12:25:53.000+0000,STOREFARM,4,어린이 보석십자수 DIY 캐릭터 큐빅 비즈십자수 지니맘,지니맘 큐빅십자수  DIY: 10번 안경토끼 (15cm 20cm)
818779249,SELLBLOG,NORMAL,배송 빠르고 물건 괜찮아요,2020-03-15T18:17:37.000+0000,STOREFARM,4,어린이 보석십자수 DIY 캐릭터 큐빅 비즈십자수 지니맘,지니맘 큐빅십자수  DIY: 16번 별 (15cm 20cm)
819266528,SELLBLOG,NORMAL,배송도 빠르며 반짝반짝 예뻐요,2020-03-16T12:20:39.000+0000,STOREFARM,5,어린이 보석십자수 DIY 캐릭터 큐빅 비즈십자수 지니맘,지니맘 큐빅십자수  DIY: 20번 거미 (15cm 20cm)
819209023,SELLBLOG,AFTER_USE,완성해서 보니 참 이쁘네요^^,2020-03-16T10:33:20.000+0000,STOREFARM,5,어린이 보석십자수 DIY 캐릭터 큐빅 비즈십자수 지니맘,지니맘 큐빅십자수  DIY: 21번 별유니콘 (15cm 20cm)
798975141,SELLBLOG,AFTER_USE,"벽에 걸어놓았는데 이쁘네요.
아이들이 너무 좋아해요.
집중력도 좋아지는것 같아요. ^^",2020-02-12T02:22:27.000+0000,STOREFARM,5,지니맘 어린이 보석십자수 캐릭터 큐빅십자수,지니맘 큐빅십자수  DIY: 23번 사자 (15cm 20cm)
802248707,SELLBLOG,NORMAL,필리핀 유학중인 조카들이 좋아하길 바라면서 주문했어요,2020-02-18T06:37:13.000+0000,STOREFARM,5,어린이 보석십자수 DIY 캐릭터 큐빅 비즈십자수 지니맘,지니맘 큐빅십자수  DIY: 4번 홍학 (15cm 20cm)
821038343,SELLBLOG,NORMAL,만족합니다. 만족합니다.,2020-03-19T02:55:29.000+0000,STOREFARM,5,어린이 보석십자수 DIY 캐릭터 큐빅 비즈십자수 지니맘,지니맘 큐빅십자수  DIY: 1번 유니콘 (15cm 20cm)
821038243,SELLBLOG,NORMAL,만족합니다. 만족합니다.,2020-03-19T02:55:20.000+0000,STOREFARM,5,어린이 보석십자수 DIY 캐릭터 큐빅 비즈십자수 지니맘,지니맘 큐빅십자수  DIY: 3번 분홍사슴 (15cm 20cm)
821038120,SELLBLOG,NORMAL,만족합니다. 만족합니다.,2020-03-19T02:55:10.000+0000,STOREFARM,5,어린이 보석십자수 DIY 캐릭터 큐빅 비즈십자수 지니맘,지니맘 큐빅십자수  DIY: 21번 별유니콘 (15cm 20cm)
813884779,SELLBLOG,NORMAL,빠른배송 좋아요 아이와 시간보내기 좋네요,2020-03-08T08:02:54.000+0000,STOREFARM,5,어린이 보석십자수 DIY 캐릭터 큐빅 비즈십자수 지니맘,지니맘 큐빅십자수  DIY: 5번  반짝이 사슴 (15cm 20cm)
816446866,SELLBLOG,AFTER_USE,집에서 이쁜작품하나 만들수있어 좋아요,2020-03-12T03:08:53.000+0000,STOREFARM,5,어린이 보석십자수 DIY 캐릭터 큐빅 비즈십자수 지니맘,지니맘 큐빅십자수  DIY: 26번 돌고래(15cm 20cm)
820013150,SELLBLOG,NORMAL,구성도 좋고 이뻐요.,2020-03-17T14:10:43.000+0000,STOREFARM,5,어린이 보석십자수 DIY 캐릭터 큐빅 비즈십자수 지니맘,지니맘 큐빅십자수  DIY: 25번 미니2  (15cm 20cm)
812375413,SELLBLOG,NORMAL,넘 이쁘네요~~애들주려고샀는데 이뻐서 저두 같이 해보려구요^^,2020-03-06T00:01:09.000+0000,STOREFARM,5,어린이 보석십자수 DIY 캐릭터 큐빅 비즈십자수 지니맘,지니맘 큐빅십자수  DIY: 3번 분홍사슴 (15cm 20cm)
812375289,SELLBLOG,NORMAL,넘 이쁘네요~~애들주려고샀는데 이뻐서 저두 같이 해보려구요^^,2020-03-06T00:00:49.000+0000,STOREFARM,5,어린이 보석십자수 DIY 캐릭터 큐빅 비즈십자수 지니맘,지니맘 큐빅십자수  DIY: 2번 보라유니콘 (15cm 20cm)
812375217,SELLBLOG,NORMAL,넘 이쁘네요~~애들주려고샀는데 이뻐서 저두 같이 해보려구요^^,2020-03-06T00:00:40.000+0000,STOREFARM,4,어린이 보석십자수 DIY 캐릭터 큐빅 비즈십자수 지니맘,지니맘 큐빅십자수  DIY: 1번 유니콘 (15cm 20cm)
802249497,SELLBLOG,NORMAL,해외유학중인 조카들이 좋아하길 바라면서 주문했어요,2020-02-18T06:38:35.000+0000,STOREFARM,5,어린이 보석십자수 DIY 캐릭터 큐빅 비즈십자수 지니맘,지니맘 큐빅십자수  DIY: 22번 부엉이 (15cm 20cm)
802249124,SELLBLOG,NORMAL,해외유학중인 조카들이 좋아하길 바라면서 주문했어요,2020-02-18T06:37:58.000+0000,STOREFARM,5,어린이 보석십자수 DIY 캐릭터 큐빅 비즈십자수 지니맘,지니맘 큐빅십자수  DIY: 20번 거미 (15cm 20cm)
802248304,SELLBLOG,NORMAL,필리핀 유학중인 조카들이 좋아하길 바라며 주문했어요,2020-02-18T06:36:32.000+0000,STOREFARM,5,어린이 보석십자수 DIY 캐릭터 큐빅 비즈십자수 지니맘,지니맘 큐빅십자수  DIY: 7번 소녀2  (15cm 20cm)
802247986,SELLBLOG,NORMAL,필리핀 유학중인 조카들이 좋아하길 바라며 주문했어요,2020-02-18T06:35:58.000+0000,STOREFARM,5,어린이 보석십자수 DIY 캐릭터 큐빅 비즈십자수 지니맘,지니맘 큐빅십자수  DIY: 3번 분홍사슴 (15cm 20cm)
802247618,SELLBLOG,NORMAL,필리핀 유학중인 조카들이 좋아하길 바라며 주문했어요,2020-02-18T06:35:20.000+0000,STOREFARM,5,어린이 보석십자수 DIY 캐릭터 큐빅 비즈십자수 지니맘,지니맘 큐빅십자수  DIY: 24번 미니1 (15cm 20cm)
802247261,SELLBLOG,NORMAL,필리핀 유학중인 조카들이 좋아하길 바라며 주문했어요,2020-02-18T06:34:41.000+0000,STOREFARM,5,어린이 보석십자수 DIY 캐릭터 큐빅 비즈십자수 지니맘,지니맘 큐빅십자수  DIY: 12번 슈퍼마리오 (15cm 20cm)
834306116,SELLBLOG,NORMAL,아이가좋아해요아이가좋아해요,2020-04-08T07:19:49.000+0000,STOREFARM,5,어린이 보석십자수 DIY 캐릭터 큐빅 비즈십자수 지니맘 (입고완료),지니맘 큐빅십자수  DIY: 3번 분홍사슴 (15cm 20cm)
834305791,SELLBLOG,NORMAL,아이가좋아해요아이가좋아해요,2020-04-08T07:19:23.000+0000,STOREFARM,5,어린이 보석십자수 DIY 캐릭터 큐빅 비즈십자수 지니맘 (입고완료),지니맘 큐빅십자수  DIY: 13번 스폰지밥 (15cm 20cm)
812011424,SELLBLOG,NORMAL,예뻐요 학교도 안가서 집에서 하라고 사줬더니 좋아하네요,2020-03-05T09:19:03.000+0000,STOREFARM,4,어린이 보석십자수 DIY 캐릭터 큐빅 비즈십자수 지니맘,지니맘 큐빅십자수  DIY: 4번 홍학 (15cm 20cm)
818302519,SELLBLOG,NORMAL,아이가 좋아해서 재구매해요~,2020-03-15T00:18:32.000+0000,STOREFARM,5,어린이 보석십자수 DIY 캐릭터 큐빅 비즈십자수 지니맘,지니맘 큐빅십자수  DIY: 11번 클로버 (15cm 20cm)
819894122,SELLBLOG,NORMAL,아이 혼자 하기 좋아요!!!,2020-03-17T11:52:28.000+0000,STOREFARM,5,어린이 보석십자수 DIY 캐릭터 큐빅 비즈십자수 지니맘,지니맘 큐빅십자수  DIY: 16번 별 (15cm 20cm)
816446655,SELLBLOG,AFTER_USE,집에서 아주쉽게 작품하나완성했어요,2020-03-12T03:08:32.000+0000,STOREFARM,5,어린이 보석십자수 DIY 캐릭터 큐빅 비즈십자수 지니맘,지니맘 큐빅십자수  DIY: 21번 별유니콘 (15cm 20cm)
811250688,SELLBLOG,NORMAL,"잘못 온게 아니었네요 ㅠㅠ
제가 착각한거였다는 ...

아이들이 넘넘 좋아해요~",2020-03-04T09:45:02.000+0000,STOREFARM,5,어린이 보석십자수 DIY 캐릭터 큐빅 비즈십자수 지니맘,지니맘 큐빅십자수  DIY: 20번 거미 (15cm 20cm)
819766469,SELLBLOG,NORMAL,아이들이 좋아해요~~,2020-03-17T09:18:14.000+0000,STOREFARM,5,어린이 보석십자수 DIY 캐릭터 큐빅 비즈십자수 지니맘,지니맘 큐빅십자수  DIY: 10번 안경토끼 (15cm 20cm)
819209202,SELLBLOG,AFTER_USE,결과물이 참 예뻐요.,2020-03-16T10:33:42.000+0000,STOREFARM,5,어린이 보석십자수 DIY 캐릭터 큐빅 비즈십자수 지니맘,지니맘 큐빅십자수  DIY: 22번 부엉이 (15cm 20cm)
802606458,SELLBLOG,NORMAL,아이랑 두런두런 이야기하며 완성하고 잇어요,2020-02-18T17:35:36.000+0000,STOREFARM,5,어린이 보석십자수 DIY 캐릭터 큐빅 비즈십자수 지니맘,지니맘 큐빅십자수  DIY: 7번 소녀2  (15cm 20cm)
816354301,SELLBLOG,NORMAL,방학동안 애들 시간떼우기  좋아요,2020-03-12T00:55:04.000+0000,STOREFARM,5,어린이 보석십자수 DIY 캐릭터 큐빅 비즈십자수 지니맘,지니맘 큐빅십자수  DIY: 17번 가면 (15cm 20cm)
816359518,SELLBLOG,AFTER_USE,완성 후 액자에 넣었는데 너무 이뻐요~,2020-03-12T01:02:31.000+0000,STOREFARM,5,어린이 보석십자수 DIY 캐릭터 큐빅 비즈십자수 지니맘,지니맘 큐빅십자수  DIY: 11번 클로버 (15cm 20cm)
817689134,SELLBLOG,NORMAL,애들이 너무 재밌어해요,2020-03-13T22:51:39.000+0000,STOREFARM,5,어린이 보석십자수 DIY 캐릭터 큐빅 비즈십자수 지니맘,지니맘 큐빅십자수  DIY: 12번 슈퍼마리오 (15cm 20cm)
816330331,SELLBLOG,NORMAL,예뻐요~ 아이가 좋아하네요~,2020-03-12T00:08:49.000+0000,STOREFARM,5,어린이 보석십자수 DIY 캐릭터 큐빅 비즈십자수 지니맘,지니맘 큐빅십자수  DIY: 8번 꽃사슴 (15cm 20cm)
816330670,SELLBLOG,NORMAL,예뻐요~ 아이가 좋아해요,2020-03-12T00:09:22.000+0000,STOREFARM,5,어린이 보석십자수 DIY 캐릭터 큐빅 비즈십자수 지니맘,지니맘 큐빅십자수  DIY: 22번 부엉이 (15cm 20cm)
813241085,SELLBLOG,NORMAL,구매하길 잘한것 같아요.아이들 좋아해요,2020-03-07T06:34:27.000+0000,STOREFARM,5,어린이 보석십자수 DIY 캐릭터 큐빅 비즈십자수 지니맘,지니맘 큐빅십자수  DIY: 4번 홍학 (15cm 20cm)
818320396,SELLBLOG,NORMAL,친구 선물준다고 주문을 했습ㄴ다,2020-03-15T01:07:36.000+0000,STOREFARM,5,어린이 보석십자수 DIY 캐릭터 큐빅 비즈십자수 지니맘,지니맘 큐빅십자수  DIY: 1번 유니콘 (15cm 20cm)
811098392,SELLBLOG,NORMAL,오자마자 오전내내 잘 하고 놀았어요~ 시간떼우기 굿입니다요!,2020-03-04T06:31:10.000+0000,STOREFARM,5,어린이 보석십자수 DIY 캐릭터 큐빅 비즈십자수 지니맘,지니맘 큐빅십자수  DIY: 6번 소녀1  (15cm 20cm)
815243770,SELLBLOG,NORMAL,아이와 코로나 이겨내기 위해 주문했네요,2020-03-10T11:14:05.000+0000,STOREFARM,5,어린이 보석십자수 DIY 캐릭터 큐빅 비즈십자수 지니맘,지니맘 큐빅십자수  DIY: 8번 꽃사슴 (15cm 20cm)
816838852,SELLBLOG,NORMAL,아들하고 하는데 쉽고예쁩니다,2020-03-12T11:52:40.000+0000,STOREFARM,4,어린이 보석십자수 DIY 캐릭터 큐빅 비즈십자수 지니맘,지니맘 큐빅십자수  DIY: 17번 가면 (15cm 20cm)
812484397,SELLBLOG,NORMAL,"요즘시기에 좋은거 같아요.
엄마랑 아이랑 집중",2020-03-06T03:14:05.000+0000,STOREFARM,4,어린이 보석십자수 DIY 캐릭터 큐빅 비즈십자수 지니맘,지니맘 큐빅십자수  DIY: 2번 토끼(15cm 15cm)
814411146,SELLBLOG,NORMAL,A4 싸이즈 샀더니 8세는 괜찮은데 6세 여아에게는 지겨운가봐요^^,2020-03-09T05:51:31.000+0000,STOREFARM,3,어린이 보석십자수 DIY 캐릭터 큐빅 비즈십자수 지니맘,지니맘 큐빅십자수  DIY: 21번 별유니콘 (15cm 20cm)
813732246,SELLBLOG,NORMAL,좋아요~~집중해서  만들고 액자도 예뻐요,2020-03-08T02:36:27.000+0000,STOREFARM,4,어린이 보석십자수 DIY 캐릭터 큐빅 비즈십자수 지니맘,지니맘 큐빅십자수  DIY: 9번 겨울사슴 (15cm 20cm)
813731915,SELLBLOG,NORMAL,아이들이 좋아하는 캐릭터  액자  만들어 놓으니  예쁘네요,2020-03-08T02:35:48.000+0000,STOREFARM,4,어린이 보석십자수 DIY 캐릭터 큐빅 비즈십자수 지니맘,지니맘 큐빅십자수  DIY: 8번 꽃사슴 (15cm 20cm)
815305252,SELLBLOG,NORMAL,좋아요아이가좋아하네요,2020-03-10T12:20:53.000+0000,STOREFARM,5,어린이 보석십자수 DIY 캐릭터 큐빅 비즈십자수 지니맘,지니맘 큐빅십자수  DIY: 26번 돌고래(15cm 20cm)
815296701,SELLBLOG,NORMAL,시간이 꽤 걸리는데 아이들이 집중해서 하네요,2020-03-10T12:11:29.000+0000,STOREFARM,5,어린이 보석십자수 DIY 캐릭터 큐빅 비즈십자수 지니맘,지니맘 큐빅십자수  DIY: 3번 분홍사슴 (15cm 20cm)
816330817,SELLBLOG,NORMAL,예뻐요~ 아이가 좋아해요~,2020-03-12T00:09:37.000+0000,STOREFARM,5,어린이 보석십자수 DIY 캐릭터 큐빅 비즈십자수 지니맘,지니맘 큐빅십자수  DIY: 21번 별유니콘 (15cm 20cm)
816401687,SELLBLOG,NORMAL,"재밌어요
어른이 해도 즐겁습니다",2020-03-12T02:03:12.000+0000,STOREFARM,5,어린이 보석십자수 DIY 캐릭터 큐빅 비즈십자수 지니맘,지니맘 큐빅십자수  DIY: 4번 홍학 (15cm 20cm)
802953219,SELLBLOG,NORMAL,아이 친구 생일선물로도 좋을듯합니다.,2020-02-19T09:05:21.000+0000,STOREFARM,5,어린이 보석십자수 DIY 캐릭터 큐빅 비즈십자수 지니맘,지니맘 큐빅십자수  DIY: 2번 보라유니콘 (15cm 20cm)
803990771,SELLBLOG,NORMAL,조금한것도 했었는데금방끝나시시하다고 큰거검색하다가 샀는데 아이가 좋아해요. 비즈사이즈가 또 다르니 입체감이더있고 이뻐요. 아이가좋아하는캐릭터라 더 좋네요,2020-02-21T04:49:26.000+0000,STOREFARM,5,어린이 보석십자수 DIY 캐릭터 큐빅 비즈십자수 지니맘,지니맘 큐빅십자수  DIY: 1번 유니콘 (15cm 20cm)
802502420,SELLBLOG,NORMAL,9살아이가 잼있게할수 있고 이쁘네요~~^^좋아합니다,2020-02-18T13:16:58.000+0000,STOREFARM,5,어린이 보석십자수 DIY 캐릭터 큐빅 비즈십자수 지니맘,지니맘 큐빅십자수  DIY: 1번 유니콘 (15cm 20cm)
802502259,SELLBLOG,NORMAL,9살아이가 잼있게할수 있고 이쁘네요~~^^좋아합니다,2020-02-18T13:16:44.000+0000,STOREFARM,5,어린이 보석십자수 DIY 캐릭터 큐빅 비즈십자수 지니맘,지니맘 큐빅십자수  DIY: 6번 소녀1  (15cm 20cm)
802501802,SELLBLOG,NORMAL,9살아이가 잼있게할수 있고 이쁘네요~~^^좋아합니다,2020-02-18T13:16:01.000+0000,STOREFARM,5,어린이 보석십자수 DIY 캐릭터 큐빅 비즈십자수 지니맘,지니맘 큐빅십자수  DIY: 3번 분홍사슴 (15cm 20cm)
802501432,SELLBLOG,NORMAL,9살아이가 잼있게할수 있고 이쁘네요~~^^좋아합니다,2020-02-18T13:15:28.000+0000,STOREFARM,5,어린이 보석십자수 DIY 캐릭터 큐빅 비즈십자수 지니맘,지니맘 큐빅십자수  DIY: 7번 소녀2  (15cm 20cm)
821426177,SELLBLOG,NORMAL,재미있어요 ....,2020-03-19T11:25:50.000+0000,STOREFARM,5,어린이 보석십자수 DIY 캐릭터 큐빅 비즈십자수 지니맘,지니맘 큐빅십자수  DIY: 16번 별 (15cm 20cm)
801236161,SELLBLOG,NORMAL,"깔끔한 포장이 마음에들어요.
선물이라 뜯어보진 못했지만 이쁠거같아요. 다만 쇼핑백이 조금더 커야할것같아요.두개가 딱 들어간다고 하셨는데 입구를 리본으로 묶지는 못해요.그리고 하나를 넣더라도 쇼핑백 입구가 예쁘게 리본이 묶이지 않아요",2020-02-16T03:34:06.000+0000,STOREFARM,5,어린이 보석십자수 DIY 캐릭터 큐빅 비즈십자수 지니맘,지니맘 큐빅십자수  DIY: 22번 부엉이 (15cm 20cm)
815602138,SELLBLOG,NORMAL,너무 예쁘고 아이가 정말 좋아해요,2020-03-11T01:41:14.000+0000,STOREFARM,5,어린이 보석십자수 DIY 캐릭터 큐빅 비즈십자수 지니맘,지니맘 큐빅십자수  DIY: 2번 보라유니콘 (15cm 20cm)
819855310,SELLBLOG,NORMAL,시간떼우기 좋아요~~~~~~~,2020-03-17T11:10:27.000+0000,STOREFARM,4,어린이 보석십자수 DIY 캐릭터 큐빅 비즈십자수 지니맘,지니맘 큐빅십자수  DIY: 23번 사자 (15cm 20cm)
819855185,SELLBLOG,NORMAL,시간떼우기 좋아요~~~~~~~,2020-03-17T11:10:18.000+0000,STOREFARM,4,어린이 보석십자수 DIY 캐릭터 큐빅 비즈십자수 지니맘,지니맘 큐빅십자수  DIY: 3번 분홍사슴 (15cm 20cm)
819855075,SELLBLOG,NORMAL,시간떼우기 좋아요~~~~~~~,2020-03-17T11:10:08.000+0000,STOREFARM,4,어린이 보석십자수 DIY 캐릭터 큐빅 비즈십자수 지니맘,지니맘 큐빅십자수  DIY: 18번 망치 (15cm 20cm)
811013750,SELLBLOG,NORMAL,정말 좋아요. 외출하기 힘든 요즘 더 좋은 제품이네요,2020-03-04T04:33:30.000+0000,STOREFARM,5,어린이 보석십자수 DIY 캐릭터 큐빅 비즈십자수 지니맘,지니맘 큐빅십자수  DIY: 15번 베트맨 (15cm 20cm)
803102821,SELLBLOG,NORMAL,도안 색감 예뻐요. 보석크기가 다양해서 덜지루하게 할수 있고 완성하니 너무 예쁘구요. 홍학은 다하고 이건 아직인데 이것도 얼른 완성해서 두개같이 액자로 걸어놔야겠어요^^,2020-02-19T13:12:12.000+0000,STOREFARM,5,어린이 보석십자수 DIY 캐릭터 큐빅 비즈십자수 지니맘,지니맘 큐빅십자수  DIY: 3번 분홍사슴 (15cm 20cm)
814036355,SELLBLOG,NORMAL,두번째구매입니다 얘들이하루만에 끝내요,2020-03-08T12:58:43.000+0000,STOREFARM,4,어린이 보석십자수 DIY 캐릭터 큐빅 비즈십자수 지니맘,지니맘 큐빅십자수  DIY: 11번 클로버 (15cm 20cm)
800832177,SELLBLOG,NORMAL,"아이들 방학이라 심심해해서 주문했어요
배송빠르고 이뿌네요^^",2020-02-15T05:25:32.000+0000,STOREFARM,5,어린이 보석십자수 DIY 캐릭터 큐빅 비즈십자수 지니맘,지니맘 큐빅십자수  DIY: 3번 분홍사슴 (15cm 20cm)
808962307,SELLBLOG,NORMAL,배송은 좀 걸렸지만 받자마자 후딱 완성하고 좋아하네요~  아이들이 넘 좋아하네요,2020-02-29T14:14:30.000+0000,STOREFARM,4,어린이 보석십자수 DIY 캐릭터 큐빅 비즈십자수 지니맘,지니맘 큐빅십자수  DIY: 9번 겨울사슴 (15cm 20cm)
814409903,SELLBLOG,NORMAL,만들기 쉬우면서도 만들어 놓으면 예뻐요,2020-03-09T05:49:29.000+0000,STOREFARM,5,어린이 보석십자수 DIY 캐릭터 큐빅 비즈십자수 지니맘,지니맘 큐빅십자수  DIY: 21번 별유니콘 (15cm 20cm)
788857473,SELLBLOG,NORMAL,사탕막대그림 '중 '사이즈 7세아이 기준으로 여유있게 쉬엄쉬엄하니 이틀걸렸어요. 이번엔 부엉이그림으로 '대' 사이즈 구매 했는데 보석 색깔로 다양하고 이쁘네요 아직 시작전인데 기대감이 크네요 감사합니다,2020-01-21T02:34:14.000+0000,STOREFARM,5,어린이 보석십자수 DIY 캐릭터 큐빅 비즈십자수 지니맘,지니맘 큐빅십자수  DIY: 7번 소녀2  (15cm 20cm)
801449906,SELLBLOG,NORMAL,좋아요~ 집중해서 이것만 만들어요~,2020-02-16T12:34:58.000+0000,STOREFARM,5,어린이 보석십자수 DIY 캐릭터 큐빅 비즈십자수 지니맘,지니맘 큐빅십자수  DIY: 7번 소녀2  (15cm 20cm)
814409638,SELLBLOG,NORMAL,만드는데 심플하면서도 예뻐서 만족도가 높아요,2020-03-09T05:49:05.000+0000,STOREFARM,5,어린이 보석십자수 DIY 캐릭터 큐빅 비즈십자수 지니맘,지니맘 큐빅십자수  DIY: 8번 꽃사슴 (15cm 20cm)
802606363,SELLBLOG,NORMAL,방학 중 아이랑 시간 보내기 좋아요,2020-02-18T17:34:48.000+0000,STOREFARM,5,어린이 보석십자수 DIY 캐릭터 큐빅 비즈십자수 지니맘,지니맘 큐빅십자수  DIY: 21번 별유니콘 (15cm 20cm)
803421395,SELLBLOG,NORMAL,잘쓰고있어요 감사합니다,2020-02-20T05:14:04.000+0000,STOREFARM,5,어린이 보석십자수 DIY 캐릭터 큐빅 비즈십자수 지니맘,지니맘 큐빅십자수  DIY: 26번 돌고래(15cm 20cm)
800996604,SELLBLOG,NORMAL,봄방학이라큐빅십자수가하고싶다고해서구입했습니다...,2020-02-15T11:20:34.000+0000,STOREFARM,5,어린이 보석십자수 DIY 캐릭터 큐빅 비즈십자수 지니맘,지니맘 큐빅십자수  DIY: 1번 유니콘 (15cm 20cm)
812485665,SELLBLOG,NORMAL,"완성하면 이뻐서 그다음을 또 하고픈 
요즘시기에 딱 좋아요.",2020-03-06T03:16:20.000+0000,STOREFARM,4,어린이 보석십자수 DIY 캐릭터 큐빅 비즈십자수 지니맘,지니맘 큐빅십자수  DIY: 24번 미니1 (15cm 20cm)
810996070,SELLBLOG,NORMAL,"긴 겨울방학을 위해 주문했어요.
너무 즐거워하네요.",2020-03-04T04:07:15.000+0000,STOREFARM,5,어린이 보석십자수 DIY 캐릭터 큐빅 비즈십자수 지니맘,지니맘 큐빅십자수  DIY: 4번 홍학 (15cm 20cm)
794183454,SELLBLOG,NORMAL,아이가 너무 좋아해요~생각보다 큰걸로 사달라고해서 힘들어할 줄 알았더니 반반씩 뜯어 할 수있어서 덜 부담스럽네요~,2020-02-03T05:28:13.000+0000,STOREFARM,5,어린이 보석십자수 DIY 캐릭터 큐빅 비즈십자수 지니맘,지니맘 큐빅십자수  DIY: 26번 돌고래(15cm 20cm)
799365608,SELLBLOG,NORMAL,예뻐요 아이때문에 샀는데 제가 다 했어요,2020-02-12T13:00:57.000+0000,STOREFARM,4,어린이 보석십자수 DIY 캐릭터 큐빅 비즈십자수 지니맘,지니맘 큐빅십자수  DIY: 11번 클로버 (15cm 20cm)
798320665,SELLBLOG,NORMAL,"아이가 너무 좋아해요 
포장도 큐빅도 여유있게 들어있고
좋아요",2020-02-10T22:53:07.000+0000,STOREFARM,5,어린이 보석십자수 DIY 캐릭터 큐빅 비즈십자수 지니맘,지니맘 큐빅십자수  DIY: 12번 슈퍼마리오 (15cm 20cm)
818034000,SELLBLOG,NORMAL,아이가 하기 좋아요 ㅎㅎ,2020-03-14T09:53:28.000+0000,STOREFARM,4,어린이 보석십자수 DIY 캐릭터 큐빅 비즈십자수 지니맘,지니맘 큐빅십자수  DIY: 17번 가면 (15cm 20cm)
809313571,SELLBLOG,NORMAL,"아이들 심심해할때 좋아요~
완성후 뿌듯해하고 이쁩니다
많이 파세용~&hearts;",2020-03-01T08:41:32.000+0000,STOREFARM,4,어린이 보석십자수 DIY 캐릭터 큐빅 비즈십자수 지니맘,지니맘 큐빅십자수  DIY: 3번 분홍사슴 (15cm 20cm)
809313517,SELLBLOG,NORMAL,"아이들 심심해할때 좋아요~
완성후 뿌듯해하고 이쁩니다
많이 파세용~&hearts;",2020-03-01T08:41:25.000+0000,STOREFARM,4,어린이 보석십자수 DIY 캐릭터 큐빅 비즈십자수 지니맘,지니맘 큐빅십자수  DIY: 26번 돌고래(15cm 20cm)
816837650,SELLBLOG,NORMAL,예쁘고 하기도 좋아요,2020-03-12T11:51:10.000+0000,STOREFARM,4,어린이 보석십자수 DIY 캐릭터 큐빅 비즈십자수 지니맘,지니맘 큐빅십자수  DIY: 6번 소녀1  (15cm 20cm)
816839653,SELLBLOG,NORMAL,"쉽고 금방해요
예쁩니다",2020-03-12T11:53:39.000+0000,STOREFARM,4,어린이 보석십자수 DIY 캐릭터 큐빅 비즈십자수 지니맘,지니맘 큐빅십자수  DIY: 20번 거미 (15cm 20cm)
812468693,SELLBLOG,NORMAL,빠른배송감사합니다. 잘썼어요.,2020-03-06T02:45:46.000+0000,STOREFARM,5,어린이 보석십자수 DIY 캐릭터 큐빅 비즈십자수 지니맘,지니맘 큐빅십자수  DIY: 6번 소녀1  (15cm 20cm)
810509359,SELLBLOG,NORMAL,재밌어요~코라나집콕시간떼우기좋으네요,2020-03-03T10:30:27.000+0000,STOREFARM,4,어린이 보석십자수 DIY 캐릭터 큐빅 비즈십자수 지니맘,지니맘 큐빅십자수  DIY: 25번 미니2  (15cm 20cm)
807423187,SELLBLOG,NORMAL,"딸취향저격이에요.
10살은 무리없이하고 6살은 힘들어요.
엄마가 해도 잼있어요.
재구매지금 합니다^^",2020-02-27T07:57:12.000+0000,STOREFARM,5,어린이 보석십자수 DIY 캐릭터 큐빅 비즈십자수 지니맘,지니맘 큐빅십자수  DIY: 22번 부엉이 (15cm 20cm)
799756481,SELLBLOG,NORMAL,좋아요 조카랑하루만에 끝냇어요 이쁘네요,2020-02-13T06:38:06.000+0000,STOREFARM,5,어린이 보석십자수 DIY 캐릭터 큐빅 비즈십자수 지니맘,지니맘 큐빅십자수  DIY: 21번 별유니콘 (15cm 20cm)
809312878,SELLBLOG,NORMAL,"아이들이 좋아하고
완성하면 이쁘고 뿌듯해요~
감사합니다",2020-03-01T08:40:02.000+0000,STOREFARM,4,어린이 보석십자수 DIY 캐릭터 큐빅 비즈십자수 지니맘,지니맘 큐빅십자수  DIY: 10번 안경토끼 (15cm 20cm)
816249226,SELLBLOG,NORMAL,시간 때우기 너무 좋아요,2020-03-11T16:33:28.000+0000,STOREFARM,5,어린이 보석십자수 DIY 캐릭터 큐빅 비즈십자수 지니맘,지니맘 큐빅십자수  DIY: 8번 꽃사슴 (15cm 20cm)
815305011,SELLBLOG,NORMAL,아이가좋아해요만족합니딘,2020-03-10T12:20:39.000+0000,STOREFARM,5,어린이 보석십자수 DIY 캐릭터 큐빅 비즈십자수 지니맘,지니맘 큐빅십자수  DIY: 1번 유니콘 (15cm 20cm)
816007282,SELLBLOG,NORMAL,배송빠르고잘받았어요,2020-03-11T10:50:29.000+0000,STOREFARM,5,어린이 보석십자수 DIY 캐릭터 큐빅 비즈십자수 지니맘,지니맘 큐빅십자수  DIY: 17번 가면 (15cm 20cm)
816007147,SELLBLOG,NORMAL,배송빠르고잘받았어요,2020-03-11T10:50:20.000+0000,STOREFARM,5,어린이 보석십자수 DIY 캐릭터 큐빅 비즈십자수 지니맘,지니맘 큐빅십자수  DIY: 16번 별 (15cm 20cm)
816006921,SELLBLOG,NORMAL,배송빠르고잘받았어요,2020-03-11T10:50:06.000+0000,STOREFARM,5,어린이 보석십자수 DIY 캐릭터 큐빅 비즈십자수 지니맘,지니맘 큐빅십자수  DIY: 2번 보라유니콘 (15cm 20cm)
816006740,SELLBLOG,NORMAL,배송빠르고잘받았어요,2020-03-11T10:49:54.000+0000,STOREFARM,5,어린이 보석십자수 DIY 캐릭터 큐빅 비즈십자수 지니맘,지니맘 큐빅십자수  DIY: 12번 슈퍼마리오 (15cm 20cm)
809018804,SELLBLOG,NORMAL,"재구입했어요.
가격도 저렴하고 애도 좋아하고.
다하면 또 구입할게요",2020-02-29T16:18:41.000+0000,STOREFARM,5,어린이 보석십자수 DIY 캐릭터 큐빅 비즈십자수 지니맘,지니맘 큐빅십자수  DIY: 10번 안경토끼 (15cm 20cm)
811228267,SELLBLOG,NORMAL,집중력있게 하네요 초등저학년,2020-03-04T09:14:35.000+0000,STOREFARM,5,어린이 보석십자수 DIY 캐릭터 큐빅 비즈십자수 지니맘,지니맘 큐빅십자수  DIY: 20번 거미 (15cm 20cm)
810970198,SELLBLOG,NORMAL,"아이가 심심해 해서 주문했어요. 
이쁘고 좋네요^^",2020-03-04T03:27:03.000+0000,STOREFARM,5,어린이 보석십자수 DIY 캐릭터 큐빅 비즈십자수 지니맘,지니맘 큐빅십자수  DIY: 10번 안경토끼 (15cm 20cm)
812653351,SELLBLOG,NORMAL,집에서만 있어서 심심하는데 아이가 좋아합니다,2020-03-06T07:33:51.000+0000,STOREFARM,5,어린이 보석십자수 DIY 캐릭터 큐빅 비즈십자수 지니맘,지니맘 큐빅십자수  DIY: 24번 미니1 (15cm 20cm)
810700165,SELLBLOG,NORMAL,"잘받았어요
방콕하는 아이들 위해 좋으네요",2020-03-03T14:12:05.000+0000,STOREFARM,3,어린이 보석십자수 DIY 캐릭터 큐빅 비즈십자수 지니맘,지니맘 큐빅십자수  DIY: 11번 클로버 (15cm 20cm)
815570848,SELLBLOG,NORMAL,방학때하기 딱좋아요,2020-03-11T00:51:20.000+0000,STOREFARM,5,어린이 보석십자수 DIY 캐릭터 큐빅 비즈십자수 지니맘,지니맘 큐빅십자수  DIY: 17번 가면 (15cm 20cm)
812484778,SELLBLOG,NORMAL,케릭 품절이 많아 구매했는데 단순해서 좋아요,2020-03-06T03:14:44.000+0000,STOREFARM,4,어린이 보석십자수 DIY 캐릭터 큐빅 비즈십자수 지니맘,지니맘 큐빅십자수  DIY: 19번 방패 (15cm 20cm)
796688219,SELLBLOG,NORMAL,"잘 받았습니다
다만 원했던 종류가 아니라 아쉽지만요",2020-02-07T08:14:40.000+0000,STOREFARM,5,어린이 보석십자수 DIY 캐릭터 큐빅 비즈십자수 지니맘,지니맘 큐빅십자수  DIY: 2번 보라유니콘 (15cm 20cm)
796687952,SELLBLOG,NORMAL,"잘 받았습니다
다만 원했던 종류가 아니라 아쉽지만요",2020-02-07T08:14:13.000+0000,STOREFARM,5,어린이 보석십자수 DIY 캐릭터 큐빅 비즈십자수 지니맘,지니맘 큐빅십자수  DIY: 3번 분홍사슴 (15cm 20cm)
796687722,SELLBLOG,NORMAL,"잘 받았습니다
다만 원했던 종류가 아니라 아쉽지만요",2020-02-07T08:13:52.000+0000,STOREFARM,5,어린이 보석십자수 DIY 캐릭터 큐빅 비즈십자수 지니맘,지니맘 큐빅십자수  DIY: 1번 사탕(15cm 15cm)
816935825,SELLBLOG,NORMAL,"좋아요 좋아요
추천합니다",2020-03-12T14:01:27.000+0000,STOREFARM,5,어린이 보석십자수 DIY 캐릭터 큐빅 비즈십자수 지니맘,지니맘 큐빅십자수  DIY: 10번 안경토끼 (15cm 20cm)
813140132,SELLBLOG,NORMAL,너무 이뻐요~&hearts; 초딩1학년 취저예요^^,2020-03-07T03:50:16.000+0000,STOREFARM,5,어린이 보석십자수 DIY 캐릭터 큐빅 비즈십자수 지니맘,지니맘 큐빅십자수  DIY: 21번 별유니콘 (15cm 20cm)
807654933,SELLBLOG,NORMAL,아이가 좋아해서 3번째 작품 구매합니다.붙이는 재미가 있어요.이뿌기도 하구요.,2020-02-27T13:30:29.000+0000,STOREFARM,5,어린이 보석십자수 DIY 캐릭터 큐빅 비즈십자수 지니맘,지니맘 큐빅십자수  DIY: 26번 돌고래(15cm 20cm)
815801660,SELLBLOG,NORMAL,애들이정말좋아해요~,2020-03-11T06:34:03.000+0000,STOREFARM,5,어린이 보석십자수 DIY 캐릭터 큐빅 비즈십자수 지니맘,지니맘 큐빅십자수  DIY: 6번 소녀1  (15cm 20cm)
810509903,SELLBLOG,NORMAL,애들이 좋아해요 보석이 반짝하고 참 예뻐요,2020-03-03T10:31:08.000+0000,STOREFARM,4,어린이 보석십자수 DIY 캐릭터 큐빅 비즈십자수 지니맘,지니맘 큐빅십자수  DIY: 17번 가면 (15cm 20cm)
802606523,SELLBLOG,NORMAL,초1 딸아이 엄청 좋아합니다,2020-02-18T17:36:10.000+0000,STOREFARM,5,어린이 보석십자수 DIY 캐릭터 큐빅 비즈십자수 지니맘,지니맘 큐빅십자수  DIY: 2번 보라유니콘 (15cm 20cm)
815338879,SELLBLOG,NORMAL,집콕 놀이로 그만입니다~,2020-03-10T12:58:12.000+0000,STOREFARM,5,어린이 보석십자수 DIY 캐릭터 큐빅 비즈십자수 지니맘,지니맘 큐빅십자수  DIY: 16번 별 (15cm 20cm)
797695393,SELLBLOG,NORMAL,"빠른배송 아이들이 넘 좋아하네요
많이 파세요",2020-02-09T10:58:49.000+0000,STOREFARM,4,어린이 보석십자수 DIY 캐릭터 큐빅 비즈십자수 지니맘,지니맘 큐빅십자수  DIY: 5번  반짝이 사슴 (15cm 20cm)
811532382,SELLBLOG,AFTER_USE,완성후 뿌듯해하는 아이에게 좋은선물이 되었어요,2020-03-04T15:53:46.000+0000,STOREFARM,5,지니맘 어린이 보석십자수 캐릭터 큐빅십자수,지니맘 큐빅십자수  DIY: 18번 망치 (15cm 20cm)
811532994,SELLBLOG,AFTER_USE,오랜만에 다시하려고 꺼냈는데 접착력이 괜찮아요,2020-03-04T15:55:20.000+0000,STOREFARM,5,지니맘 어린이 보석십자수 캐릭터 큐빅십자수,지니맘 큐빅십자수  DIY: 8번 꽃사슴 (15cm 20cm)
808884958,SELLBLOG,AFTER_USE,코로나때문에 외출이 어려운 아이에게 시간 놀이용으로 아주 아주 좋아요 강추입니다,2020-02-29T12:07:47.000+0000,STOREFARM,5,어린이 보석십자수 DIY 캐릭터 큐빅 비즈십자수 지니맘,지니맘 큐빅십자수  DIY: 13번 스폰지밥 (15cm 20cm)
808884866,SELLBLOG,AFTER_USE,코로나때문에 외출이 어려운 아이에게 시간 놀이용으로 아주 아주 좋아요 강추입니다,2020-02-29T12:07:37.000+0000,STOREFARM,5,어린이 보석십자수 DIY 캐릭터 큐빅 비즈십자수 지니맘,지니맘 큐빅십자수  DIY: 9번 겨울사슴 (15cm 20cm)
815491777,SELLBLOG,NORMAL,도안이크고귀엽네요~,2020-03-10T18:33:34.000+0000,STOREFARM,5,어린이 보석십자수 DIY 캐릭터 큐빅 비즈십자수 지니맘,지니맘 큐빅십자수  DIY: 4번 홍학 (15cm 20cm)
812301019,SELLBLOG,NORMAL,배송빠르고 아이들 심심할때 하니 좋아해요,2020-03-05T16:20:55.000+0000,STOREFARM,5,어린이 보석십자수 DIY 캐릭터 큐빅 비즈십자수 지니맘,지니맘 큐빅십자수  DIY: 12번 슈퍼마리오 (15cm 20cm)
811014006,SELLBLOG,NORMAL,정말 좋아요. 아이가 많이 좋아하네요,2020-03-04T04:33:53.000+0000,STOREFARM,5,어린이 보석십자수 DIY 캐릭터 큐빅 비즈십자수 지니맘,지니맘 큐빅십자수  DIY: 12번 슈퍼마리오 (15cm 20cm)
812485946,SELLBLOG,NORMAL,아이랑 이런저런 이야기하면서 붙여보세요.,2020-03-06T03:16:52.000+0000,STOREFARM,4,어린이 보석십자수 DIY 캐릭터 큐빅 비즈십자수 지니맘,지니맘 큐빅십자수  DIY: 1번 사탕(15cm 15cm)
803655702,SELLBLOG,NORMAL,"아이가 힘은 들어도 너무 재미있어해요. 
작은 것부터 하길 잘했다며 한번 잡으면 놓을 수가 없다네요^^ 집중력에는 최고인듯해요",2020-02-20T11:59:27.000+0000,STOREFARM,5,어린이 보석십자수 DIY 캐릭터 큐빅 비즈십자수 지니맘,지니맘 큐빅십자수  DIY: 11번 클로버 (15cm 20cm)
816249395,SELLBLOG,NORMAL,잘가지고 노네요  좋아요,2020-03-11T16:34:08.000+0000,STOREFARM,5,어린이 보석십자수 DIY 캐릭터 큐빅 비즈십자수 지니맘,지니맘 큐빅십자수  DIY: 6번 소녀1  (15cm 20cm)
811341159,SELLBLOG,NORMAL,"빠른배송좋아요.,애들도 좋아해요",2020-03-04T11:33:29.000+0000,STOREFARM,5,어린이 보석십자수 DIY 캐릭터 큐빅 비즈십자수 지니맘,지니맘 큐빅십자수  DIY: 1번 유니콘 (15cm 20cm)
810700403,SELLBLOG,NORMAL,"방콕하는 아이들 위해 샀어요
좋네요",2020-03-03T14:12:27.000+0000,STOREFARM,3,어린이 보석십자수 DIY 캐릭터 큐빅 비즈십자수 지니맘,지니맘 큐빅십자수  DIY: 12번 슈퍼마리오 (15cm 20cm)
812415259,SELLBLOG,AFTER_USE,아이들이  너무  좋아하고 어른이 해도  재미있어요 👍,2020-03-06T01:17:56.000+0000,STOREFARM,5,어린이 보석십자수 DIY 캐릭터 큐빅 비즈십자수 지니맘,지니맘 큐빅십자수  DIY: 16번 별 (15cm 20cm)
814101446,SELLBLOG,NORMAL,아이들이 너무좋아합니다,2020-03-08T15:01:52.000+0000,STOREFARM,5,어린이 보석십자수 DIY 캐릭터 큐빅 비즈십자수 지니맘,지니맘 큐빅십자수  DIY: 17번 가면 (15cm 20cm)
812579434,SELLBLOG,NORMAL,배송도 빠르고 맞춰놓으니까 이쁘네요,2020-03-06T05:47:10.000+0000,STOREFARM,5,어린이 보석십자수 DIY 캐릭터 큐빅 비즈십자수 지니맘,지니맘 큐빅십자수  DIY: 6번 소녀1  (15cm 20cm)
811828474,SELLBLOG,NORMAL,방학이길어서  주문했는데 하루에끝나네요,2020-03-05T05:17:22.000+0000,STOREFARM,5,어린이 보석십자수 DIY 캐릭터 큐빅 비즈십자수 지니맘,지니맘 큐빅십자수  DIY: 26번 돌고래(15cm 20cm)
810452320,SELLBLOG,NORMAL,"아이가 만들어서 지인 선물로 줬는데..
너무 이쁘다고 좋아하네요..",2020-03-03T09:16:12.000+0000,STOREFARM,5,어린이 보석십자수 DIY 캐릭터 큐빅 비즈십자수 지니맘,지니맘 큐빅십자수  DIY: 4번 홍학 (15cm 20cm)
796425351,SELLBLOG,NORMAL,"30분은 그냥 집중해서 잘 놉니다.
온 집안이 큐빅이 한 두개 떨어져있긴합니다.
십자수통에 넣으니 좋아요",2020-02-07T00:46:58.000+0000,STOREFARM,4,어린이 보석십자수 DIY 캐릭터 큐빅 비즈십자수 지니맘,지니맘 큐빅십자수  DIY: 22번 부엉이 (15cm 20cm)
815296253,SELLBLOG,NORMAL,아이들이 참 좋아해요^^,2020-03-10T12:11:00.000+0000,STOREFARM,5,어린이 보석십자수 DIY 캐릭터 큐빅 비즈십자수 지니맘,지니맘 큐빅십자수  DIY: 9번 겨울사슴 (15cm 20cm)
816249572,SELLBLOG,NORMAL,잘가지고 노네요 좋아요 ~,2020-03-11T16:34:52.000+0000,STOREFARM,5,어린이 보석십자수 DIY 캐릭터 큐빅 비즈십자수 지니맘,지니맘 큐빅십자수  DIY: 3번 분홍사슴 (15cm 20cm)
814984527,SELLBLOG,NORMAL,아이가 너무너무너무 좋아해요,2020-03-10T05:48:31.000+0000,STOREFARM,5,어린이 보석십자수 DIY 캐릭터 큐빅 비즈십자수 지니맘,지니맘 큐빅십자수  DIY: 3번 분홍사슴 (15cm 20cm)
813519498,SELLBLOG,NORMAL,집에서간단하게잘놀앗어요,2020-03-07T13:25:49.000+0000,STOREFARM,4,어린이 보석십자수 DIY 캐릭터 큐빅 비즈십자수 지니맘,지니맘 큐빅십자수  DIY: 17번 가면 (15cm 20cm)
813519371,SELLBLOG,NORMAL,집에서간단하게잘놀앗어요,2020-03-07T13:25:38.000+0000,STOREFARM,4,어린이 보석십자수 DIY 캐릭터 큐빅 비즈십자수 지니맘,지니맘 큐빅십자수  DIY: 8번 꽃사슴 (15cm 20cm)
813519250,SELLBLOG,NORMAL,집에서간단하게잘놀앗어요,2020-03-07T13:25:27.000+0000,STOREFARM,4,어린이 보석십자수 DIY 캐릭터 큐빅 비즈십자수 지니맘,지니맘 큐빅십자수  DIY: 2번 보라유니콘 (15cm 20cm)
812203485,SELLBLOG,NORMAL,딸이 너무 재밌게 해서 선물하려고 또 샀어요~^^,2020-03-05T13:24:56.000+0000,STOREFARM,5,어린이 보석십자수 DIY 캐릭터 큐빅 비즈십자수 지니맘,지니맘 큐빅십자수  DIY: 4번 홍학 (15cm 20cm)
814288889,SELLBLOG,NORMAL,아이가 너무 좋아해요,2020-03-09T02:35:50.000+0000,STOREFARM,5,어린이 보석십자수 DIY 캐릭터 큐빅 비즈십자수 지니맘,지니맘 큐빅십자수  DIY: 20번 거미 (15cm 20cm)
807207395,SELLBLOG,NORMAL,애가 너무좋아해요 받고 몇시간동안 이것만 하네용,2020-02-27T02:24:41.000+0000,STOREFARM,5,어린이 보석십자수 DIY 캐릭터 큐빅 비즈십자수 지니맘,지니맘 큐빅십자수  DIY: 3번 분홍사슴 (15cm 20cm)
809018446,SELLBLOG,NORMAL,애가 좋아해서 재구입했어요. 역시나 좋아하네요,2020-02-29T16:17:40.000+0000,STOREFARM,5,어린이 보석십자수 DIY 캐릭터 큐빅 비즈십자수 지니맘,지니맘 큐빅십자수  DIY: 23번 사자 (15cm 20cm)
813240506,SELLBLOG,NORMAL,다른것도 사고픈데 다 품절이네여 ㅜㅜ,2020-03-07T06:33:39.000+0000,STOREFARM,5,어린이 보석십자수 DIY 캐릭터 큐빅 비즈십자수 지니맘,지니맘 큐빅십자수  DIY: 20번 거미 (15cm 20cm)
813240769,SELLBLOG,NORMAL,집중력최고 아이들 좋아해요,2020-03-07T06:34:02.000+0000,STOREFARM,5,어린이 보석십자수 DIY 캐릭터 큐빅 비즈십자수 지니맘,지니맘 큐빅십자수  DIY: 23번 사자 (15cm 20cm)
815880550,SELLBLOG,NORMAL,실물이 훨씬 이뻐요~~~,2020-03-11T08:12:17.000+0000,STOREFARM,5,어린이 보석십자수 DIY 캐릭터 큐빅 비즈십자수 지니맘,지니맘 큐빅십자수  DIY: 26번 돌고래(15cm 20cm)
815880340,SELLBLOG,NORMAL,실물이 훨씬 이뻐요~~~,2020-03-11T08:12:03.000+0000,STOREFARM,5,어린이 보석십자수 DIY 캐릭터 큐빅 비즈십자수 지니맘,지니맘 큐빅십자수  DIY: 11번 클로버 (15cm 20cm)
815880086,SELLBLOG,NORMAL,실물이훨씬 이뻐요~^^,2020-03-11T08:11:45.000+0000,STOREFARM,5,어린이 보석십자수 DIY 캐릭터 큐빅 비즈십자수 지니맘,지니맘 큐빅십자수  DIY: 25번 미니2  (15cm 20cm)
794183869,SELLBLOG,NORMAL,큐빅 사이즈도 다양해서 질리지 않고 할 수 있네요~ 남은 큐빅은 다른 만들기할때도 꾸밀수 있어서 좋아해요~,2020-02-03T05:29:04.000+0000,STOREFARM,5,어린이 보석십자수 DIY 캐릭터 큐빅 비즈십자수 지니맘,지니맘 큐빅십자수  DIY: 26번 돌고래(15cm 20cm)
812579288,SELLBLOG,NORMAL,배송도 빠르고 맞추기도 너무 쉬워요 재미있어요,2020-03-06T05:46:55.000+0000,STOREFARM,5,어린이 보석십자수 DIY 캐릭터 큐빅 비즈십자수 지니맘,지니맘 큐빅십자수  DIY: 11번 클로버 (15cm 20cm)
812468273,SELLBLOG,NORMAL,수업재료로 자주이용하고있어요,2020-03-06T02:45:02.000+0000,STOREFARM,5,어린이 보석십자수 DIY 캐릭터 큐빅 비즈십자수 지니맘,지니맘 큐빅십자수  DIY: 3번 분홍사슴 (15cm 20cm)
814983978,SELLBLOG,NORMAL,너무너무너무 재미있어요,2020-03-10T05:47:40.000+0000,STOREFARM,5,어린이 보석십자수 DIY 캐릭터 큐빅 비즈십자수 지니맘,지니맘 큐빅십자수  DIY: 18번 망치 (15cm 20cm)
801921012,SELLBLOG,NORMAL,아이들 좋아하고 만족해해요~,2020-02-17T11:41:50.000+0000,STOREFARM,5,어린이 보석십자수 DIY 캐릭터 큐빅 비즈십자수 지니맘,지니맘 큐빅십자수  DIY: 22번 부엉이 (15cm 20cm)
813013300,SELLBLOG,NORMAL,처음 사용 설명서가 있었으면,2020-03-06T22:50:30.000+0000,STOREFARM,4,어린이 보석십자수 DIY 캐릭터 큐빅 비즈십자수 지니맘,지니맘 큐빅십자수  DIY: 23번 사자 (15cm 20cm)
811532585,SELLBLOG,AFTER_USE,7세남자아이는 끝까지 하기어려워했어요,2020-03-04T15:54:16.000+0000,STOREFARM,5,지니맘 어린이 보석십자수 캐릭터 큐빅십자수,지니맘 큐빅십자수  DIY: 17번 가면 (15cm 20cm)
801449568,SELLBLOG,NORMAL,딸이랑 재미있게 만들었어요~💗💗,2020-02-16T12:34:14.000+0000,STOREFARM,5,어린이 보석십자수 DIY 캐릭터 큐빅 비즈십자수 지니맘,지니맘 큐빅십자수  DIY: 1번 유니콘 (15cm 20cm)
801584285,SELLBLOG,NORMAL,방학동안 심심해해서 이것저것 찾다가 드뎌 큐빅십자수를 찾았어요..큐빅 하나하나 붙이는데 집중도하고 시간 보내기 넘 좋아요..아이들이 재밌어해요,2020-02-16T23:52:39.000+0000,STOREFARM,4,어린이 보석십자수 DIY 캐릭터 큐빅 비즈십자수 지니맘,지니맘 큐빅십자수  DIY: 22번 부엉이 (15cm 20cm)
806095770,SELLBLOG,NORMAL,배송 빠르구요 아이가 집에만 있으니 심심해서 몇개 구입했어요 좋아요,2020-02-25T08:53:39.000+0000,STOREFARM,5,어린이 보석십자수 DIY 캐릭터 큐빅 비즈십자수 지니맘,지니맘 큐빅십자수  DIY: 4번 홍학 (15cm 20cm)
798761071,SELLBLOG,NORMAL,"아이가 너무 재밋어해요
옆에서 하다보니 저도 빠져드네요 ㅋㅋㅋ",2020-02-11T13:25:06.000+0000,STOREFARM,5,어린이 보석십자수 DIY 캐릭터 큐빅 비즈십자수 지니맘,지니맘 큐빅십자수  DIY: 25번 미니2  (15cm 20cm)
798760746,SELLBLOG,NORMAL,"아이가 너무 재밋어해요
옆에서 하다보니 저도 빠져드네요 ㅋㅋㅋ",2020-02-11T13:24:39.000+0000,STOREFARM,5,어린이 보석십자수 DIY 캐릭터 큐빅 비즈십자수 지니맘,지니맘 큐빅십자수  DIY: 2번 보라유니콘 (15cm 20cm)
795371458,SELLBLOG,NORMAL,"아이들이 너무 좋아해요
완성해서 액자에 넣어두면 더 이뻐요",2020-02-05T07:49:24.000+0000,STOREFARM,5,어린이 보석십자수 DIY 캐릭터 큐빅 비즈십자수 지니맘,지니맘 큐빅십자수  DIY: 2번 보라유니콘 (15cm 20cm)
813195404,SELLBLOG,NORMAL,아이들이 너무좋아해요,2020-03-07T05:24:02.000+0000,STOREFARM,5,어린이 보석십자수 DIY 캐릭터 큐빅 비즈십자수 지니맘,지니맘 큐빅십자수  DIY: 9번 겨울사슴 (15cm 20cm)
808583946,SELLBLOG,NORMAL,대박~~집중력짱^^ 아이가 넘 좋아하고 반짝반짝 넘 이뻐요~,2020-02-29T04:22:33.000+0000,STOREFARM,5,어린이 보석십자수 DIY 캐릭터 큐빅 비즈십자수 지니맘,지니맘 큐빅십자수  DIY: 2번 보라유니콘 (15cm 20cm)
814101353,SELLBLOG,NORMAL,아이들이 너무 좋아합니다~~ ^^,2020-03-08T15:01:38.000+0000,STOREFARM,5,어린이 보석십자수 DIY 캐릭터 큐빅 비즈십자수 지니맘,지니맘 큐빅십자수  DIY: 20번 거미 (15cm 20cm)
812095212,SELLBLOG,NORMAL,8세 아이 집에서 스스로 하기 좋아요,2020-03-05T11:11:52.000+0000,STOREFARM,5,어린이 보석십자수 DIY 캐릭터 큐빅 비즈십자수 지니맘,지니맘 큐빅십자수  DIY: 8번 꽃사슴 (15cm 20cm)
800599734,SELLBLOG,NORMAL,다좋았어요근데아쉬운점은저렴하고다좋은데종류가너무없어서ᆢㅜㅜ 지니맘에들어갔는데너무없어서다른거구매하고싶어도ᆢㅜ더많은저렴한상품올려주세용^^,2020-02-14T14:00:58.000+0000,STOREFARM,5,어린이 보석십자수 DIY 캐릭터 큐빅 비즈십자수 지니맘,지니맘 큐빅십자수  DIY: 2번 보라유니콘 (15cm 20cm)
812467909,SELLBLOG,NORMAL,품절없이 맘껏고르고싶어요,2020-03-06T02:44:26.000+0000,STOREFARM,5,어린이 보석십자수 DIY 캐릭터 큐빅 비즈십자수 지니맘,지니맘 큐빅십자수  DIY: 5번  반짝이 사슴 (15cm 20cm)
812467742,SELLBLOG,NORMAL,품절상품이 없었음 좋겠어요,2020-03-06T02:44:08.000+0000,STOREFARM,5,어린이 보석십자수 DIY 캐릭터 큐빅 비즈십자수 지니맘,지니맘 큐빅십자수  DIY: 2번 보라유니콘 (15cm 20cm)
790918277,SELLBLOG,NORMAL,딸아이가 하고싶다고 해서 주문했는데 저도 같이 해보니 재밌네요 생각보다 크기가 커서시간은 좀 오래 걸리네요 액자에 걸어놓으니 예뻐요~,2020-01-27T00:55:01.000+0000,STOREFARM,4,어린이 보석십자수 DIY 캐릭터 큐빅 비즈십자수 지니맘,지니맘 큐빅십자수  DIY: 9번 겨울사슴 (15cm 20cm)
807305065,SELLBLOG,NORMAL,딸아이가.초등학생이데.집중해서하기딱좋앙ᆢ,2020-02-27T05:06:32.000+0000,STOREFARM,4,어린이 보석십자수 DIY 캐릭터 큐빅 비즈십자수 지니맘,지니맘 큐빅십자수  DIY: 5번  반짝이 사슴 (15cm 20cm)
811888370,SELLBLOG,NORMAL,아이들이 너무좋아하고 이뻐요,2020-03-05T06:40:16.000+0000,STOREFARM,4,어린이 보석십자수 DIY 캐릭터 큐빅 비즈십자수 지니맘,지니맘 큐빅십자수  DIY: 26번 돌고래(15cm 20cm)
809018607,SELLBLOG,NORMAL,"재구입했어요.
시간가는줄 모르고하네요",2020-02-29T16:18:07.000+0000,STOREFARM,5,어린이 보석십자수 DIY 캐릭터 큐빅 비즈십자수 지니맘,지니맘 큐빅십자수  DIY: 20번 거미 (15cm 20cm)
812301171,SELLBLOG,NORMAL,배송빠르고 이이들 좋아해요,2020-03-05T16:21:20.000+0000,STOREFARM,5,어린이 보석십자수 DIY 캐릭터 큐빅 비즈십자수 지니맘,지니맘 큐빅십자수  DIY: 2번 보라유니콘 (15cm 20cm)
812301248,SELLBLOG,NORMAL,배송빠르고이아들 좋아해요,2020-03-05T16:21:37.000+0000,STOREFARM,5,어린이 보석십자수 DIY 캐릭터 큐빅 비즈십자수 지니맘,지니맘 큐빅십자수  DIY: 20번 거미 (15cm 20cm)
808697575,SELLBLOG,AFTER_USE,애들 꾸준히 할수있고 집중력 높여주고 성취감 듬뿍 느낄수있어요^^,2020-02-29T07:17:21.000+0000,STOREFARM,5,어린이 보석십자수 DIY 캐릭터 큐빅 비즈십자수 지니맘,지니맘 큐빅십자수  DIY: 7번 소녀2  (15cm 20cm)
794182583,SELLBLOG,NORMAL,아이가 너무 좋아해요~ 하루 종일 집중해서 하고있는 모습이 너뮤 이쁘네요^^,2020-02-03T05:26:28.000+0000,STOREFARM,5,어린이 보석십자수 DIY 캐릭터 큐빅 비즈십자수 지니맘,지니맘 큐빅십자수  DIY: 27번 눈사람
807917556,SELLBLOG,NORMAL,아이가 정말 좋아하네요~~~ 다른 캐릭터도 사려구요,2020-02-28T03:20:51.000+0000,STOREFARM,5,어린이 보석십자수 DIY 캐릭터 큐빅 비즈십자수 지니맘,지니맘 큐빅십자수  DIY: 25번 미니2  (15cm 20cm)
803656043,SELLBLOG,NORMAL,작은것부터 사고 싶다고 해서 구입했는데 힘은 들어도 재미있다고 해요. 성취감이 너무 좋네요.,2020-02-20T12:00:00.000+0000,STOREFARM,5,어린이 보석십자수 DIY 캐릭터 큐빅 비즈십자수 지니맘,지니맘 큐빅십자수  DIY: 21번 별유니콘 (15cm 20cm)
811994373,SELLBLOG,NORMAL,넘 재밌어하고 작품도 예뻐요!,2020-03-05T08:55:47.000+0000,STOREFARM,5,어린이 보석십자수 DIY 캐릭터 큐빅 비즈십자수 지니맘,지니맘 큐빅십자수  DIY: 10번 안경토끼 (15cm 20cm)
810452733,SELLBLOG,NORMAL,지인 선물로 주었는데 너무 만족해요,2020-03-03T09:16:44.000+0000,STOREFARM,5,어린이 보석십자수 DIY 캐릭터 큐빅 비즈십자수 지니맘,지니맘 큐빅십자수  DIY: 10번 안경토끼 (15cm 20cm)
811888561,SELLBLOG,NORMAL,아이들이너무 좋아하네요,2020-03-05T06:40:30.000+0000,STOREFARM,4,어린이 보석십자수 DIY 캐릭터 큐빅 비즈십자수 지니맘,지니맘 큐빅십자수  DIY: 24번 미니1 (15cm 20cm)
811532758,SELLBLOG,AFTER_USE,눈사람 액자로했더니 예뻐요,2020-03-04T15:54:44.000+0000,STOREFARM,5,지니맘 어린이 보석십자수 캐릭터 큐빅십자수,지니맘 큐빅십자수  DIY: 27번 눈사람
812507109,SELLBLOG,NORMAL,예뻐요.. 배송빠르네요..,2020-03-06T03:53:48.000+0000,STOREFARM,4,어린이 보석십자수 DIY 캐릭터 큐빅 비즈십자수 지니맘,지니맘 큐빅십자수  DIY: 13번 스폰지밥 (15cm 20cm)
813427860,SELLBLOG,NORMAL,강추요 강추요 재구매합니다,2020-03-07T11:09:11.000+0000,STOREFARM,5,어린이 보석십자수 DIY 캐릭터 큐빅 비즈십자수 지니맘,지니맘 큐빅십자수  DIY: 11번 클로버 (15cm 20cm)
812593324,SELLBLOG,NORMAL,아이가 엄청 좋아합니다.,2020-03-06T06:07:46.000+0000,STOREFARM,5,어린이 보석십자수 DIY 캐릭터 큐빅 비즈십자수 지니맘,지니맘 큐빅십자수  DIY: 17번 가면 (15cm 20cm)
812095709,SELLBLOG,NORMAL,8세 아이 스스로 하기 좋아요,2020-03-05T11:12:30.000+0000,STOREFARM,5,어린이 보석십자수 DIY 캐릭터 큐빅 비즈십자수 지니맘,지니맘 큐빅십자수  DIY: 21번 별유니콘 (15cm 20cm)
812095491,SELLBLOG,NORMAL,8세 아이 스스로 하기 좋아요,2020-03-05T11:12:14.000+0000,STOREFARM,5,어린이 보석십자수 DIY 캐릭터 큐빅 비즈십자수 지니맘,지니맘 큐빅십자수  DIY: 4번 홍학 (15cm 20cm)
803947919,SELLBLOG,NORMAL,"어린이 보석십자수 3번째구매입니다
매우 예쁩니다.  아이들이 집중해서
잘하네요",2020-02-21T03:31:02.000+0000,STOREFARM,4,어린이 보석십자수 DIY 캐릭터 큐빅 비즈십자수 지니맘,지니맘 큐빅십자수  DIY: 21번 별유니콘 (15cm 20cm)
812468535,SELLBLOG,NORMAL,만드니까 더이뿌네요,2020-03-06T02:45:30.000+0000,STOREFARM,5,어린이 보석십자수 DIY 캐릭터 큐빅 비즈십자수 지니맘,지니맘 큐빅십자수  DIY: 8번 꽃사슴 (15cm 20cm)
811615246,SELLBLOG,NORMAL,아이가 좋아해요 좋습니다,2020-03-04T23:46:12.000+0000,STOREFARM,5,어린이 보석십자수 DIY 캐릭터 큐빅 비즈십자수 지니맘,지니맘 큐빅십자수  DIY: 21번 별유니콘 (15cm 20cm)
810167033,SELLBLOG,NORMAL,집중하며 재미있는 시간보냈습니다,2020-03-03T01:52:14.000+0000,STOREFARM,5,어린이 보석십자수 DIY 캐릭터 큐빅 비즈십자수 지니맘,지니맘 큐빅십자수  DIY: 12번 슈퍼마리오 (15cm 20cm)
812507247,SELLBLOG,NORMAL,예뻐요.. 배송빠르네요...,2020-03-06T03:54:03.000+0000,STOREFARM,4,어린이 보석십자수 DIY 캐릭터 큐빅 비즈십자수 지니맘,지니맘 큐빅십자수  DIY: 5번  반짝이 사슴 (15cm 20cm)
810508735,SELLBLOG,NORMAL,포장이 잘 되어있어서 편리해요,2020-03-03T10:29:41.000+0000,STOREFARM,4,어린이 보석십자수 DIY 캐릭터 큐빅 비즈십자수 지니맘,지니맘 큐빅십자수  DIY: 16번 별 (15cm 20cm)
812273502,SELLBLOG,NORMAL,아이가 너무좋아해요,2020-03-05T15:11:53.000+0000,STOREFARM,4,어린이 보석십자수 DIY 캐릭터 큐빅 비즈십자수 지니맘,지니맘 큐빅십자수  DIY: 17번 가면 (15cm 20cm)
812269124,SELLBLOG,NORMAL,아이가 너무 좋아해요,2020-03-05T15:03:20.000+0000,STOREFARM,5,어린이 보석십자수 DIY 캐릭터 큐빅 비즈십자수 지니맘,지니맘 큐빅십자수  DIY: 11번 클로버 (15cm 20cm)
809930596,SELLBLOG,NORMAL,집에서 집중해서 시간 때우기 좋아요,2020-03-02T11:11:28.000+0000,STOREFARM,5,어린이 보석십자수 DIY 캐릭터 큐빅 비즈십자수 지니맘,지니맘 큐빅십자수  DIY: 24번 미니1 (15cm 20cm)
812507381,SELLBLOG,NORMAL,예뻐요... 배송빠르네요...,2020-03-06T03:54:16.000+0000,STOREFARM,4,어린이 보석십자수 DIY 캐릭터 큐빅 비즈십자수 지니맘,지니맘 큐빅십자수  DIY: 12번 슈퍼마리오 (15cm 20cm)
800640186,SELLBLOG,NORMAL,잠깐 집중해서 잘 했어요^^,2020-02-14T15:55:36.000+0000,STOREFARM,5,어린이 보석십자수 DIY 캐릭터 큐빅 비즈십자수 지니맘,지니맘 큐빅십자수  DIY: 16번 별 (15cm 20cm)
799195431,SELLBLOG,NORMAL,아이들 집중력에도 좋고 예뻐요.,2020-02-12T08:28:42.000+0000,STOREFARM,5,어린이 보석십자수 DIY 캐릭터 큐빅 비즈십자수 지니맘,지니맘 큐빅십자수  DIY: 20번 거미 (15cm 20cm)
808627596,SELLBLOG,NORMAL,집콕해야하는 요즘 같은 때 아이들에게 주기 딱 좋네요^-^,2020-02-29T05:32:42.000+0000,STOREFARM,5,어린이 보석십자수 DIY 캐릭터 큐빅 비즈십자수 지니맘,지니맘 큐빅십자수  DIY: 26번 돌고래(15cm 20cm)
810452982,SELLBLOG,NORMAL,지인 선물로 주었는데 만족해요,2020-03-03T09:17:06.000+0000,STOREFARM,5,어린이 보석십자수 DIY 캐릭터 큐빅 비즈십자수 지니맘,지니맘 큐빅십자수  DIY: 13번 스폰지밥 (15cm 20cm)
811615026,SELLBLOG,NORMAL,배송빠르고 만족합니다,2020-03-04T23:45:41.000+0000,STOREFARM,5,어린이 보석십자수 DIY 캐릭터 큐빅 비즈십자수 지니맘,지니맘 큐빅십자수  DIY: 25번 미니2  (15cm 20cm)
809051483,SELLBLOG,NORMAL,너무예뽀요 완성도 만족하구요~~,2020-02-29T19:34:01.000+0000,STOREFARM,5,어린이 보석십자수 DIY 캐릭터 큐빅 비즈십자수 지니맘,지니맘 큐빅십자수  DIY: 6번 소녀1  (15cm 20cm)
799287480,SELLBLOG,NORMAL,아이들이 정말 재미있어해요~~^^,2020-02-12T11:01:19.000+0000,STOREFARM,5,어린이 보석십자수 DIY 캐릭터 큐빅 비즈십자수 지니맘,지니맘 큐빅십자수  DIY: 2번 보라유니콘 (15cm 20cm)
810970353,SELLBLOG,NORMAL,이쁘고 아이가 좋아해요,2020-03-04T03:27:19.000+0000,STOREFARM,5,어린이 보석십자수 DIY 캐릭터 큐빅 비즈십자수 지니맘,지니맘 큐빅십자수  DIY: 8번 꽃사슴 (15cm 20cm)
810748525,SELLBLOG,NORMAL,아이들이 너무 좋아합니다,2020-03-03T15:33:19.000+0000,STOREFARM,5,어린이 보석십자수 DIY 캐릭터 큐빅 비즈십자수 지니맘,지니맘 큐빅십자수  DIY: 3번 분홍사슴 (15cm 20cm)
810748417,SELLBLOG,NORMAL,아이들이 너무 좋아합니다,2020-03-03T15:33:08.000+0000,STOREFARM,5,어린이 보석십자수 DIY 캐릭터 큐빅 비즈십자수 지니맘,지니맘 큐빅십자수  DIY: 22번 부엉이 (15cm 20cm)
812056179,SELLBLOG,NORMAL,완성하니 반짝반짝 이쁘네요,2020-03-05T10:21:00.000+0000,STOREFARM,5,어린이 보석십자수 DIY 캐릭터 큐빅 비즈십자수 지니맘,지니맘 큐빅십자수  DIY: 26번 돌고래(15cm 20cm)
804508966,SELLBLOG,NORMAL,만족합니다. 그림 디자인도 맘에 들고 시간보내기 딱 좋네요.,2020-02-22T05:10:44.000+0000,STOREFARM,5,어린이 보석십자수 DIY 캐릭터 큐빅 비즈십자수 지니맘,지니맘 큐빅십자수  DIY: 2번 보라유니콘 (15cm 20cm)
798000867,SELLBLOG,NORMAL,"초등 딸 학교에서 해봤다고 구매해달래서 구매했는데
집중력 과 정교함을 요하는 주말동안 게임안하고 만들었어요.
품절된 상품이 있는데 얼른 입고 해주세요. 재구매 의사 있습니다.",2020-02-10T03:52:27.000+0000,STOREFARM,5,어린이 보석십자수 DIY 캐릭터 큐빅 비즈십자수 지니맘,지니맘 큐빅십자수  DIY: 10번 안경토끼 (15cm 20cm)
810109288,SELLBLOG,AFTER_USE,아이가 이쁘다고 너무 좋아합니다^^,2020-03-02T23:29:02.000+0000,STOREFARM,5,어린이 보석십자수 DIY 캐릭터 큐빅 비즈십자수 지니맘,지니맘 큐빅십자수  DIY: 7번 소녀2  (15cm 20cm)
810109210,SELLBLOG,AFTER_USE,아이가 이쁘다고 너무 좋아합니다^^,2020-03-02T23:28:46.000+0000,STOREFARM,5,어린이 보석십자수 DIY 캐릭터 큐빅 비즈십자수 지니맘,지니맘 큐빅십자수  DIY: 16번 별 (15cm 20cm)
804485419,SELLBLOG,NORMAL,배송도 빠르고 아이들이 넘 좋아하네요.완성하면 또 주문할듯요^^,2020-02-22T04:23:26.000+0000,STOREFARM,5,어린이 보석십자수 DIY 캐릭터 큐빅 비즈십자수 지니맘,지니맘 큐빅십자수  DIY: 26번 돌고래(15cm 20cm)
813594507,SELLBLOG,NORMAL,배송이 좀 느려서~^^,2020-03-07T15:49:40.000+0000,STOREFARM,4,어린이 보석십자수 DIY 캐릭터 큐빅 비즈십자수 지니맘,지니맘 큐빅십자수  DIY: 22번 부엉이 (15cm 20cm)
813594435,SELLBLOG,NORMAL,배송이 좀 느려서~^^,2020-03-07T15:49:30.000+0000,STOREFARM,4,어린이 보석십자수 DIY 캐릭터 큐빅 비즈십자수 지니맘,지니맘 큐빅십자수  DIY: 21번 별유니콘 (15cm 20cm)
813594340,SELLBLOG,NORMAL,배송이 좀 느려서~^^,2020-03-07T15:49:17.000+0000,STOREFARM,4,어린이 보석십자수 DIY 캐릭터 큐빅 비즈십자수 지니맘,지니맘 큐빅십자수  DIY: 26번 돌고래(15cm 20cm)
813594168,SELLBLOG,NORMAL,배송이 좀 늦어서~^^,2020-03-07T15:48:51.000+0000,STOREFARM,4,어린이 보석십자수 DIY 캐릭터 큐빅 비즈십자수 지니맘,지니맘 큐빅십자수  DIY: 10번 안경토끼 (15cm 20cm)
793353997,SELLBLOG,NORMAL,아이가 좋아해서 샀는데 제가 더 많이 했네요 해놓고보니 생각보다 더 예뻐요,2020-02-01T07:09:31.000+0000,STOREFARM,4,어린이 보석십자수 DIY 캐릭터 큐빅 비즈십자수 지니맘,지니맘 큐빅십자수  DIY: 3번 분홍사슴 (15cm 20cm)
795915317,SELLBLOG,NORMAL,"방학동안 심심할아이들 위해 사줬어여
재밌게 잘만드네요",2020-02-06T04:42:38.000+0000,STOREFARM,5,어린이 보석십자수 DIY 캐릭터 큐빅 비즈십자수 지니맘,지니맘 큐빅십자수  DIY: 10번 안경토끼 (15cm 20cm)
793354935,SELLBLOG,NORMAL,품절된것 외에 맘에드는거 3개 구매했는데 금새 하네요 재미 있어요,2020-02-01T07:11:24.000+0000,STOREFARM,4,어린이 보석십자수 DIY 캐릭터 큐빅 비즈십자수 지니맘,지니맘 큐빅십자수  DIY: 8번 꽃사슴 (15cm 20cm)
805024826,SELLBLOG,NORMAL,아이들이 너무 좋아합니다 집중도 잘하구요 또 사달래요~,2020-02-23T06:31:14.000+0000,STOREFARM,5,어린이 보석십자수 DIY 캐릭터 큐빅 비즈십자수 지니맘,지니맘 큐빅십자수  DIY: 15번 베트맨 (15cm 20cm)
810671998,SELLBLOG,NORMAL,아이들이 좋아해요 또 사려구요,2020-03-03T13:36:20.000+0000,STOREFARM,5,어린이 보석십자수 DIY 캐릭터 큐빅 비즈십자수 지니맘,지니맘 큐빅십자수  DIY: 6번 소녀1  (15cm 20cm)
810671917,SELLBLOG,NORMAL,아이들이 좋아해요 또 사려구요,2020-03-03T13:36:13.000+0000,STOREFARM,5,어린이 보석십자수 DIY 캐릭터 큐빅 비즈십자수 지니맘,지니맘 큐빅십자수  DIY: 14번 슈퍼맨 (15cm 20cm)
810671804,SELLBLOG,NORMAL,아이들이 좋아해요 또 사려구요,2020-03-03T13:36:05.000+0000,STOREFARM,5,어린이 보석십자수 DIY 캐릭터 큐빅 비즈십자수 지니맘,지니맘 큐빅십자수  DIY: 22번 부엉이 (15cm 20cm)
787557582,SELLBLOG,NORMAL,"빠른 배송 감사합니다.
아이들이 선물 받았는데~
너무 예뻐서 지인들 자녀 선물하려고 일부러 검색해서 샀어요^^
액자까지 같이 주문했어요.",2020-01-18T07:37:11.000+0000,STOREFARM,5,어린이 보석십자수 DIY 캐릭터 큐빅 비즈십자수 지니맘,지니맘 큐빅십자수  DIY: 8번 꽃사슴 (15cm 20cm)
802478752,SELLBLOG,NORMAL,애들이 집중해서 가만히 앉아  잘  붙여요~심심할때 붙이고 놀면 시간 가는줄 몰라해요~,2020-02-18T12:42:39.000+0000,STOREFARM,5,어린이 보석십자수 DIY 캐릭터 큐빅 비즈십자수 지니맘,지니맘 큐빅십자수  DIY: 20번 거미 (15cm 20cm)
809764539,SELLBLOG,NORMAL,아이들이 넘 좋아합니다 만족,2020-03-02T05:26:57.000+0000,STOREFARM,4,어린이 보석십자수 DIY 캐릭터 큐빅 비즈십자수 지니맘,지니맘 큐빅십자수  DIY: 8번 꽃사슴 (15cm 20cm)
809764444,SELLBLOG,NORMAL,아이들이 넘 좋아합니다 만족,2020-03-02T05:26:46.000+0000,STOREFARM,4,어린이 보석십자수 DIY 캐릭터 큐빅 비즈십자수 지니맘,지니맘 큐빅십자수  DIY: 21번 별유니콘 (15cm 20cm)
809764285,SELLBLOG,NORMAL,아이들이 넘 좋아합니다 만족,2020-03-02T05:26:27.000+0000,STOREFARM,4,어린이 보석십자수 DIY 캐릭터 큐빅 비즈십자수 지니맘,지니맘 큐빅십자수  DIY: 20번 거미 (15cm 20cm)
798001503,SELLBLOG,NORMAL,"초등 딸 학교에서 해보구 구매해달라해서 구매했는데
집중력과 정교함을 요하네요. 주말동안 핸드폰 안보구 작업했네요.
품절상품 빠른입고 해주세요. 재구매 의사 있습니다.",2020-02-10T03:53:49.000+0000,STOREFARM,5,어린이 보석십자수 DIY 캐릭터 큐빅 비즈십자수 지니맘,지니맘 큐빅십자수  DIY: 2번 보라유니콘 (15cm 20cm)
809668177,SELLBLOG,NORMAL,배송빠르고 아이가 좋아해요,2020-03-02T02:32:09.000+0000,STOREFARM,5,어린이 보석십자수 DIY 캐릭터 큐빅 비즈십자수 지니맘,지니맘 큐빅십자수  DIY: 12번 슈퍼마리오 (15cm 20cm)
809667959,SELLBLOG,NORMAL,배송빠르고 아이가 좋아해요,2020-03-02T02:31:47.000+0000,STOREFARM,5,어린이 보석십자수 DIY 캐릭터 큐빅 비즈십자수 지니맘,지니맘 큐빅십자수  DIY: 7번 소녀2  (15cm 20cm)
808532760,SELLBLOG,NORMAL,비즈 해놓으니 예쁘고 아이가 좋아해요,2020-02-29T02:56:02.000+0000,STOREFARM,5,어린이 보석십자수 DIY 캐릭터 큐빅 비즈십자수 지니맘,지니맘 큐빅십자수  DIY: 5번  반짝이 사슴 (15cm 20cm)
794183027,SELLBLOG,NORMAL,큐빅도 넉넉하게 들어서~ 다 하고 남은 큐빅은 아이가 다른 만들기할때도 쓰고 너무 좋네요^^,2020-02-03T05:27:23.000+0000,STOREFARM,5,어린이 보석십자수 DIY 캐릭터 큐빅 비즈십자수 지니맘,지니맘 큐빅십자수  DIY: 23번 사자 (15cm 20cm)
805002613,SELLBLOG,AFTER_USE,애들이 너무 좋아하네요~  시간 때우기 짱입니다~,2020-02-23T05:38:16.000+0000,STOREFARM,5,어린이 보석십자수 DIY 캐릭터 큐빅 비즈십자수 지니맘,지니맘 큐빅십자수  DIY: 27번 눈사람
810947765,SELLBLOG,NORMAL,아이들이 좋아합니다.,2020-03-04T02:50:46.000+0000,STOREFARM,5,어린이 보석십자수 DIY 캐릭터 큐빅 비즈십자수 지니맘,지니맘 큐빅십자수  DIY: 11번 클로버 (15cm 20cm)
812059969,SELLBLOG,NORMAL,애들이 재밌어해요~~~,2020-03-05T10:26:14.000+0000,STOREFARM,5,어린이 보석십자수 DIY 캐릭터 큐빅 비즈십자수 지니맘,지니맘 큐빅십자수  DIY: 15번 베트맨 (15cm 20cm)
796593184,SELLBLOG,NORMAL,집에있어야 하는데 아이가 아주 좋아해요,2020-02-07T05:35:50.000+0000,STOREFARM,5,어린이 보석십자수 DIY 캐릭터 큐빅 비즈십자수 지니맘,지니맘 큐빅십자수  DIY: 20번 거미 (15cm 20cm)
793354431,SELLBLOG,NORMAL,액자까지 주문하길 잘했네요 아이도 저도 만족합니다,2020-02-01T07:10:22.000+0000,STOREFARM,4,어린이 보석십자수 DIY 캐릭터 큐빅 비즈십자수 지니맘,지니맘 큐빅십자수  DIY: 9번 겨울사슴 (15cm 20cm)
804508443,SELLBLOG,NORMAL,아이가 집중해서 말하네요.디자인도 아이가 골랐더니 더 좋아하네요.,2020-02-22T05:09:42.000+0000,STOREFARM,5,어린이 보석십자수 DIY 캐릭터 큐빅 비즈십자수 지니맘,지니맘 큐빅십자수  DIY: 8번 꽃사슴 (15cm 20cm)
809930713,SELLBLOG,NORMAL,너무 재미있어 했어요,2020-03-02T11:11:45.000+0000,STOREFARM,5,어린이 보석십자수 DIY 캐릭터 큐빅 비즈십자수 지니맘,지니맘 큐빅십자수  DIY: 12번 슈퍼마리오 (15cm 20cm)
808584340,SELLBLOG,NORMAL,집중력 짱!!넘 이뻐요^^,2020-02-29T04:23:10.000+0000,STOREFARM,5,어린이 보석십자수 DIY 캐릭터 큐빅 비즈십자수 지니맘,지니맘 큐빅십자수  DIY: 22번 부엉이 (15cm 20cm)
795914761,SELLBLOG,NORMAL,"방학동안 심심해 하는 아이들.
사주니 좋아하네요",2020-02-06T04:41:43.000+0000,STOREFARM,5,어린이 보석십자수 DIY 캐릭터 큐빅 비즈십자수 지니맘,지니맘 큐빅십자수  DIY: 17번 가면 (15cm 20cm)
810948634,SELLBLOG,NORMAL,아이들이 좋아해요!!,2020-03-04T02:52:05.000+0000,STOREFARM,5,어린이 보석십자수 DIY 캐릭터 큐빅 비즈십자수 지니맘,지니맘 큐빅십자수  DIY: 12번 슈퍼마리오 (15cm 20cm)
810948525,SELLBLOG,NORMAL,아이들이 좋아해요!!,2020-03-04T02:51:55.000+0000,STOREFARM,5,어린이 보석십자수 DIY 캐릭터 큐빅 비즈십자수 지니맘,지니맘 큐빅십자수  DIY: 3번 분홍사슴 (15cm 20cm)
810948411,SELLBLOG,NORMAL,아이들이 좋아해요!!,2020-03-04T02:51:44.000+0000,STOREFARM,5,어린이 보석십자수 DIY 캐릭터 큐빅 비즈십자수 지니맘,지니맘 큐빅십자수  DIY: 17번 가면 (15cm 20cm)
806096537,SELLBLOG,NORMAL,배송 빠르고 아이가 심심해해서 몇개 구입했어요 좋아해요,2020-02-25T08:54:43.000+0000,STOREFARM,5,어린이 보석십자수 DIY 캐릭터 큐빅 비즈십자수 지니맘,지니맘 큐빅십자수  DIY: 9번 겨울사슴 (15cm 20cm)
809910422,SELLBLOG,NORMAL,초등학생하기 좋아요  이뻐요,2020-03-02T10:26:42.000+0000,STOREFARM,4,어린이 보석십자수 DIY 캐릭터 큐빅 비즈십자수 지니맘,지니맘 큐빅십자수  DIY: 18번 망치 (15cm 20cm)
794319612,SELLBLOG,NORMAL,"애들이 조용히 집중해서 잘해요~
집이 조용하네요~",2020-02-03T10:36:33.000+0000,STOREFARM,5,어린이 보석십자수 DIY 캐릭터 큐빅 비즈십자수 지니맘,지니맘 큐빅십자수  DIY: 7번 소녀2  (15cm 20cm)
806666424,SELLBLOG,AFTER_USE,늘 새롭게보여요 감사드려요,2020-02-26T06:13:23.000+0000,STOREFARM,5,어린이 보석십자수 DIY 캐릭터 큐빅 비즈십자수 지니맘,지니맘 큐빅십자수  DIY: 4번 홍학 (15cm 20cm)
807585353,SELLBLOG,NORMAL,배송도 빠르고 아이가 너무 좋아해요,2020-02-27T11:53:23.000+0000,STOREFARM,5,어린이 보석십자수 DIY 캐릭터 큐빅 비즈십자수 지니맘,지니맘 큐빅십자수  DIY: 4번 홍학 (15cm 20cm)
804509491,SELLBLOG,NORMAL,아이랑 집중해서 하기 좋아요. 시간도 잘가네요~,2020-02-22T05:11:40.000+0000,STOREFARM,5,어린이 보석십자수 DIY 캐릭터 큐빅 비즈십자수 지니맘,지니맘 큐빅십자수  DIY: 1번 유니콘 (15cm 20cm)
805409444,SELLBLOG,AFTER_USE,"큐빅도 많이 들어서 여유있게 했고
즐거운 방학을 보냈었네요^^",2020-02-24T02:40:00.000+0000,STOREFARM,5,어린이 보석십자수 DIY 캐릭터 큐빅 비즈십자수 지니맘,지니맘 큐빅십자수  DIY: 25번 미니2  (15cm 20cm)
806096109,SELLBLOG,NORMAL,배송 빠르고 아이가 좋아해서 몇개 구입했어요 이뻐요,2020-02-25T08:54:08.000+0000,STOREFARM,5,어린이 보석십자수 DIY 캐릭터 큐빅 비즈십자수 지니맘,지니맘 큐빅십자수  DIY: 5번  반짝이 사슴 (15cm 20cm)
806307580,SELLBLOG,NORMAL,잘받았어요아이가좋아해요,2020-02-25T13:34:51.000+0000,STOREFARM,5,어린이 보석십자수 DIY 캐릭터 큐빅 비즈십자수 지니맘,지니맘 큐빅십자수  DIY: 16번 별 (15cm 20cm)
806307260,SELLBLOG,NORMAL,잘받았어요아이가좋아해요,2020-02-25T13:34:25.000+0000,STOREFARM,5,어린이 보석십자수 DIY 캐릭터 큐빅 비즈십자수 지니맘,지니맘 큐빅십자수  DIY: 17번 가면 (15cm 20cm)
806306992,SELLBLOG,NORMAL,잘받았어요아이가좋아해요,2020-02-25T13:34:04.000+0000,STOREFARM,5,어린이 보석십자수 DIY 캐릭터 큐빅 비즈십자수 지니맘,지니맘 큐빅십자수  DIY: 18번 망치 (15cm 20cm)
806306761,SELLBLOG,NORMAL,잘받았어요아이가좋아해요,2020-02-25T13:33:46.000+0000,STOREFARM,5,어린이 보석십자수 DIY 캐릭터 큐빅 비즈십자수 지니맘,지니맘 큐빅십자수  DIY: 20번 거미 (15cm 20cm)
806306489,SELLBLOG,NORMAL,잘받았어요아이가좋아해요,2020-02-25T13:33:23.000+0000,STOREFARM,5,어린이 보석십자수 DIY 캐릭터 큐빅 비즈십자수 지니맘,지니맘 큐빅십자수  DIY: 25번 미니2  (15cm 20cm)
789049684,SELLBLOG,NORMAL,아이들이 부담 없이하기도 좋고 여분도많이 들어있어서 좋아요 재구매의사 1000000%예요 ^^,2020-01-21T09:09:45.000+0000,STOREFARM,5,어린이 보석십자수 DIY 캐릭터 큐빅 비즈십자수 지니맘,지니맘 큐빅십자수  DIY: 18번 망치 (15cm 20cm)
810168363,SELLBLOG,NORMAL,집중력 짱~재미는 두배~~~,2020-03-03T01:54:53.000+0000,STOREFARM,5,어린이 보석십자수 DIY 캐릭터 큐빅 비즈십자수 지니맘,지니맘 큐빅십자수  DIY: 21번 별유니콘 (15cm 20cm)
810110740,SELLBLOG,AFTER_USE,아이가 좋아하네요^^,2020-03-02T23:34:12.000+0000,STOREFARM,5,어린이 보석십자수 DIY 캐릭터 큐빅십자수 지니맘,지니맘 큐빅십자수  DIY: 3번 분홍사슴 (15cm 20cm)
810110613,SELLBLOG,AFTER_USE,아이가 좋아하네요^^,2020-03-02T23:33:44.000+0000,STOREFARM,5,어린이 보석십자수 DIY 캐릭터 큐빅십자수 지니맘,지니맘 큐빅십자수  DIY: 8번 꽃사슴 (15cm 20cm)
791932887,SELLBLOG,AFTER_USE,이쁘게 완성해서 집에 있는 액자에 넣었네요 아이가 뿌듯해 하네요,2020-01-29T12:49:21.000+0000,STOREFARM,5,어린이 보석십자수 DIY 캐릭터 큐빅 비즈십자수 지니맘,지니맘 큐빅십자수  DIY: 21번 별유니콘 (15cm 20cm)
791161024,SELLBLOG,NORMAL,"너무예뻐요 
큐빅 크기가 동일하지 않아서 
더 재밌게 만들 수 있구요
블링블링하네요",2020-01-27T15:43:32.000+0000,STOREFARM,5,어린이 보석십자수 DIY 캐릭터 큐빅 비즈십자수 지니맘,지니맘 큐빅십자수  DIY: 9번 겨울사슴 (15cm 20cm)
807586032,SELLBLOG,NORMAL,배송도 빠르고 아이가 좋아해요,2020-02-27T11:54:17.000+0000,STOREFARM,5,어린이 보석십자수 DIY 캐릭터 큐빅 비즈십자수 지니맘,지니맘 큐빅십자수  DIY: 2번 토끼(15cm 15cm)
807585968,SELLBLOG,NORMAL,배송도 빠르고 아이가 좋아해요,2020-02-27T11:54:12.000+0000,STOREFARM,5,어린이 보석십자수 DIY 캐릭터 큐빅 비즈십자수 지니맘,지니맘 큐빅십자수  DIY: 1번 사탕(15cm 15cm)
807585898,SELLBLOG,NORMAL,배송도 빠르고 아이가 좋아해요,2020-02-27T11:54:06.000+0000,STOREFARM,5,어린이 보석십자수 DIY 캐릭터 큐빅 비즈십자수 지니맘,지니맘 큐빅십자수  DIY: 23번 사자 (15cm 20cm)
807585818,SELLBLOG,NORMAL,배송도 빠르고 아이가 좋아해요,2020-02-27T11:53:59.000+0000,STOREFARM,5,어린이 보석십자수 DIY 캐릭터 큐빅 비즈십자수 지니맘,지니맘 큐빅십자수  DIY: 11번 클로버 (15cm 20cm)
807585718,SELLBLOG,NORMAL,배송도 빠르고 아이가 좋아해요,2020-02-27T11:53:51.000+0000,STOREFARM,5,어린이 보석십자수 DIY 캐릭터 큐빅 비즈십자수 지니맘,지니맘 큐빅십자수  DIY: 5번  반짝이 사슴 (15cm 20cm)
805911978,SELLBLOG,NORMAL,"배송도 빠르고 
아이들이 집중하기 딱 좋네요",2020-02-25T04:06:54.000+0000,STOREFARM,5,어린이 보석십자수 DIY 캐릭터 큐빅 비즈십자수 지니맘,지니맘 큐빅십자수  DIY: 12번 슈퍼마리오 (15cm 20cm)
823913768,SELLBLOG,NORMAL,좋아요좋아요좋아요좋아요,2020-03-23T13:32:37.000+0000,STOREFARM,5,어린이 보석십자수 DIY 캐릭터 큐빅 비즈십자수 지니맘,지니맘 큐빅십자수  DIY: 21번 별유니콘 (15cm 20cm)
823913690,SELLBLOG,NORMAL,좋아요좋아요좋아요좋아요,2020-03-23T13:32:27.000+0000,STOREFARM,5,어린이 보석십자수 DIY 캐릭터 큐빅 비즈십자수 지니맘,지니맘 큐빅십자수  DIY: 6번 소녀1  (15cm 20cm)
808020280,SELLBLOG,NORMAL,집에서 집중하기 좋아요,2020-02-28T06:02:47.000+0000,STOREFARM,5,어린이 보석십자수 DIY 캐릭터 큐빅 비즈십자수 지니맘,지니맘 큐빅십자수  DIY: 22번 부엉이 (15cm 20cm)
808020081,SELLBLOG,NORMAL,아이들이 흥미로워해요~,2020-02-28T06:02:31.000+0000,STOREFARM,5,어린이 보석십자수 DIY 캐릭터 큐빅 비즈십자수 지니맘,지니맘 큐빅십자수  DIY: 3번 분홍사슴 (15cm 20cm)
805964645,SELLBLOG,AFTER_USE,"너무 재밌게 했어요
예뻐요",2020-02-25T05:40:21.000+0000,STOREFARM,5,지니맘 어린이 보석십자수 캐릭터 큐빅십자수,지니맘 큐빅십자수  DIY: 19번 방패 (15cm 20cm)
801341077,SELLBLOG,NORMAL,"아이들  집중력 늘리기에 딱 좋아요.

완성하면 멋진 작품이 나오겠어요",2020-02-16T08:13:44.000+0000,STOREFARM,5,어린이 보석십자수 DIY 캐릭터 큐빅 비즈십자수 지니맘,지니맘 큐빅십자수  DIY: 1번 유니콘 (15cm 20cm)
807305259,SELLBLOG,NORMAL,딸아이가엄청좋아합니다,2020-02-27T05:06:52.000+0000,STOREFARM,4,어린이 보석십자수 DIY 캐릭터 큐빅 비즈십자수 지니맘,지니맘 큐빅십자수  DIY: 9번 겨울사슴 (15cm 20cm)
807207703,SELLBLOG,NORMAL,너무 만족합니다 또 구매하러올께요ㅡ,2020-02-27T02:25:10.000+0000,STOREFARM,5,어린이 보석십자수 DIY 캐릭터 큐빅 비즈십자수 지니맘,지니맘 큐빅십자수  DIY: 12번 슈퍼마리오 (15cm 20cm)
803948313,SELLBLOG,NORMAL,"어린이보석십자수. 배송빠릅니다
아이들이 많이좋아합니다",2020-02-21T03:31:49.000+0000,STOREFARM,4,어린이 보석십자수 DIY 캐릭터 큐빅 비즈십자수 지니맘,지니맘 큐빅십자수  DIY: 7번 소녀2  (15cm 20cm)
802491554,SELLBLOG,AFTER_USE,애들이 너무좋아해여 저두 재밌구여~~ 집중력 짱입니당 ~~^^,2020-02-18T13:00:49.000+0000,STOREFARM,5,어린이 보석십자수 DIY 캐릭터 큐빅 비즈십자수 지니맘,지니맘 큐빅십자수  DIY: 17번 가면 (15cm 20cm)
793355527,SELLBLOG,NORMAL,조카가 하는거보 딸램 하고싶데서 구매했어요 예뻐요,2020-02-01T07:12:40.000+0000,STOREFARM,4,어린이 보석십자수 DIY 캐릭터 큐빅 비즈십자수 지니맘,지니맘 큐빅십자수  DIY: 22번 부엉이 (15cm 20cm)
804616113,SELLBLOG,AFTER_USE,아이가 좋아해요 잘 샀어요,2020-02-22T08:29:26.000+0000,STOREFARM,3,어린이 보석십자수 DIY 캐릭터 큐빅 비즈십자수 지니맘,지니맘 큐빅십자수  DIY: 22번 부엉이 (15cm 20cm)
804615900,SELLBLOG,AFTER_USE,아이가 좋아해요 잘 샀어요,2020-02-22T08:29:01.000+0000,STOREFARM,3,어린이 보석십자수 DIY 캐릭터 큐빅 비즈십자수 지니맘,지니맘 큐빅십자수  DIY: 6번 소녀1  (15cm 20cm)
804615699,SELLBLOG,AFTER_USE,아이가 좋아해요 잘 샀어요,2020-02-22T08:28:37.000+0000,STOREFARM,3,어린이 보석십자수 DIY 캐릭터 큐빅 비즈십자수 지니맘,지니맘 큐빅십자수  DIY: 2번 보라유니콘 (15cm 20cm)
784872599,SELLBLOG,NORMAL,"초1,5학년 일주일에 한번씩 미술놀이 하기롷해서 알아보다 구입했는데 급하게 주문하다보니 액자를 깜빡했네요
큐빅이라 진짜 반짝반짝하고 너무 많이 남아 뭘로 활용할지 고민되네요^^",2020-01-13T05:09:52.000+0000,STOREFARM,4,어린이 보석십자수 DIY 캐릭터 큐빅 비즈십자수 지니맘,지니맘 큐빅십자수  DIY: 12번 슈퍼마리오 (15cm 20cm)
799960967,SELLBLOG,NORMAL,"판매글을 자게히 안 봤나 봐요. 
서진이 액자랑 함께 되어 있어서 포함인 줄...",2020-02-13T12:17:00.000+0000,STOREFARM,3,어린이 보석십자수 DIY 캐릭터 큐빅 비즈십자수 지니맘,지니맘 큐빅십자수  DIY: 7번 소녀2  (15cm 20cm)
793447768,SELLBLOG,NORMAL,배송도 빠르고 큐빅이 많아서 아이들이좋아하네요,2020-02-01T10:38:52.000+0000,STOREFARM,5,어린이 보석십자수 DIY 캐릭터 큐빅 비즈십자수 지니맘,지니맘 큐빅십자수  DIY: 7번 소녀2  (15cm 20cm)
802481285,SELLBLOG,NORMAL,"배송도 빠르고 포장도 꼼꼼해요~
다 완성하면 더 이뻐요~^^",2020-02-18T12:46:21.000+0000,STOREFARM,5,어린이 보석십자수 DIY 캐릭터 큐빅 비즈십자수 지니맘,지니맘 큐빅십자수  DIY: 14번 슈퍼맨 (15cm 20cm)
803337158,SELLBLOG,NORMAL,좋아요 10살 아들녀석이 사 달래서 샀어요^^,2020-02-20T02:40:40.000+0000,STOREFARM,5,어린이 보석십자수 DIY 캐릭터 큐빅 비즈십자수 지니맘,지니맘 큐빅십자수  DIY: 17번 가면 (15cm 20cm)
791161250,SELLBLOG,NORMAL,"아이가 좋아해요~
너무 예뻐서 재구매 예정이에요 ^^",2020-01-27T15:44:38.000+0000,STOREFARM,5,어린이 보석십자수 DIY 캐릭터 큐빅 비즈십자수 지니맘,지니맘 큐빅십자수  DIY: 21번 별유니콘 (15cm 20cm)
803338126,SELLBLOG,NORMAL,재밌고 예뻐요^^ 다음에 재구매 할게요,2020-02-20T02:42:19.000+0000,STOREFARM,5,어린이 보석십자수 DIY 캐릭터 큐빅 비즈십자수 지니맘,지니맘 큐빅십자수  DIY: 12번 슈퍼마리오 (15cm 20cm)
820965799,SELLBLOG,NORMAL,잘받았습니다잘받았습니다,2020-03-19T01:14:27.000+0000,STOREFARM,5,어린이 보석십자수 DIY 캐릭터 큐빅 비즈십자수 지니맘,지니맘 큐빅십자수  DIY: 22번 부엉이 (15cm 20cm)
820965684,SELLBLOG,NORMAL,잘받았습니다잘받았습니다,2020-03-19T01:14:17.000+0000,STOREFARM,5,어린이 보석십자수 DIY 캐릭터 큐빅 비즈십자수 지니맘,지니맘 큐빅십자수  DIY: 3번 분홍사슴 (15cm 20cm)
787309376,SELLBLOG,NORMAL,"물건은 좋으네요.
시간 참 잘갑니다~^^ 큐빅도 넉넉하고..
다 완성하면 예뻐요. 액자 같이 사는게 좋을듯요
다만..결국은... 엄마 일이 되네요~~ㅋ",2020-01-17T15:26:37.000+0000,STOREFARM,5,어린이 보석십자수 DIY 캐릭터 큐빅 비즈십자수 지니맘,지니맘 큐빅십자수  DIY: 8번 꽃사슴 (15cm 20cm)
803337746,SELLBLOG,NORMAL,아들이 사달래서 샀는데 제가 더 재밌게 하고 있어요^^,2020-02-20T02:41:38.000+0000,STOREFARM,5,어린이 보석십자수 DIY 캐릭터 큐빅 비즈십자수 지니맘,지니맘 큐빅십자수  DIY: 25번 미니2  (15cm 20cm)
808020510,SELLBLOG,NORMAL,아주 좋아합니다~~,2020-02-28T06:03:07.000+0000,STOREFARM,5,어린이 보석십자수 DIY 캐릭터 큐빅 비즈십자수 지니맘,지니맘 큐빅십자수  DIY: 6번 소녀1  (15cm 20cm)
800507527,SELLBLOG,AFTER_USE,아이들이  좋아하고 잘하고  재미있어해요  집중력 업,2020-02-14T10:48:27.000+0000,STOREFARM,5,어린이 보석십자수 DIY 캐릭터 큐빅 비즈십자수 지니맘,지니맘 큐빅십자수  DIY: 20번 거미 (15cm 20cm)
794319244,SELLBLOG,NORMAL,아이들이 집중해서 잘하네요~,2020-02-03T10:35:34.000+0000,STOREFARM,5,어린이 보석십자수 DIY 캐릭터 큐빅 비즈십자수 지니맘,지니맘 큐빅십자수  DIY: 12번 슈퍼마리오 (15cm 20cm)
793448417,SELLBLOG,NORMAL,배송도빠르고 아이들이 좋아하네요,2020-02-01T10:40:23.000+0000,STOREFARM,5,어린이 보석십자수 DIY 캐릭터 큐빅 비즈십자수 지니맘,지니맘 큐빅십자수  DIY: 4번 작은유니콘(15cm 15cm)
793448253,SELLBLOG,NORMAL,배송도빠르고 아이들이 좋아하네요,2020-02-01T10:40:02.000+0000,STOREFARM,5,어린이 보석십자수 DIY 캐릭터 큐빅 비즈십자수 지니맘,지니맘 큐빅십자수  DIY: 22번 부엉이 (15cm 20cm)
793448112,SELLBLOG,NORMAL,배송도빠르고 아이들이 좋아하네요,2020-02-01T10:39:41.000+0000,STOREFARM,5,어린이 보석십자수 DIY 캐릭터 큐빅 비즈십자수 지니맘,지니맘 큐빅십자수  DIY: 10번 안경토끼 (15cm 20cm)
785874110,SELLBLOG,NORMAL,배송도 빠르고 아이들이 집중해서 잘하네요.만들고나니 뿌듯하다고 합니다.,2020-01-15T04:36:37.000+0000,STOREFARM,4,어린이 보석십자수 DIY 캐릭터 큐빅 비즈십자수 지니맘,지니맘 큐빅십자수  DIY: 17번 가면 (15cm 20cm)
806350158,SELLBLOG,NORMAL,아이들이 좋아합니다.,2020-02-25T14:40:18.000+0000,STOREFARM,5,어린이 보석십자수 DIY 캐릭터 큐빅 비즈십자수 지니맘,지니맘 큐빅십자수  DIY: 18번 망치 (15cm 20cm)
800989875,SELLBLOG,NORMAL,큐빅이 고급스럽게 반짝거리고 포장도 꼼꼼히 되어있어서 아이들이 하기 편했네요,2020-02-15T11:06:35.000+0000,STOREFARM,5,어린이 보석십자수 DIY 캐릭터 큐빅 비즈십자수 지니맘,지니맘 큐빅십자수  DIY: 19번 방패 (15cm 20cm)
807628985,SELLBLOG,NORMAL,딸이넘좋아해요ㅎㅎㅎ,2020-02-27T12:52:21.000+0000,STOREFARM,5,어린이 보석십자수 DIY 캐릭터 큐빅 비즈십자수 지니맘,지니맘 큐빅십자수  DIY: 13번 스폰지밥 (15cm 20cm)
793105357,SELLBLOG,NORMAL,색감 예뻐요. 구성품 포장 꼼꼼히 잘 와요. 제가 하던건 캔버스에 바탕이 있어서 이것도 그런 줄 알고 액자를 안 샀는데. 액자 안하면 그냥 빳빳한 종이에 바탕그림 있어요 참고하세요~~,2020-01-31T15:32:50.000+0000,STOREFARM,5,어린이 보석십자수 DIY 캐릭터 큐빅 비즈십자수 지니맘,지니맘 큐빅십자수  DIY: 2번 보라유니콘 (15cm 20cm)
793443356,SELLBLOG,NORMAL,애들이 벌써 몇시간째 집중중인지..,2020-02-01T10:27:59.000+0000,STOREFARM,5,어린이 보석십자수 DIY 캐릭터 큐빅 비즈십자수 지니맘,지니맘 큐빅십자수  DIY: 9번 겨울사슴 (15cm 20cm)
797812473,SELLBLOG,AFTER_USE,"딸친구들 생일이나 선물줄때 필요해서 샀어요
아이들 집중력에도 좋구 좋으네요",2020-02-09T15:20:29.000+0000,STOREFARM,4,어린이 보석십자수 DIY 캐릭터 큐빅 비즈십자수 지니맘,지니맘 큐빅십자수  DIY: 4번 홍학 (15cm 20cm)
797812434,SELLBLOG,AFTER_USE,"딸친구들 생일이나 선물줄때 필요해서 샀어요
아이들 집중력에도 좋구 좋으네요",2020-02-09T15:20:22.000+0000,STOREFARM,4,어린이 보석십자수 DIY 캐릭터 큐빅 비즈십자수 지니맘,지니맘 큐빅십자수  DIY: 1번 유니콘 (15cm 20cm)
797812390,SELLBLOG,AFTER_USE,"딸친구들 생일이나 선물줄때 필요해서 샀어요
아이들 집중력에도 좋구 좋으네요",2020-02-09T15:20:15.000+0000,STOREFARM,4,어린이 보석십자수 DIY 캐릭터 큐빅 비즈십자수 지니맘,지니맘 큐빅십자수  DIY: 2번 보라유니콘 (15cm 20cm)
797812336,SELLBLOG,AFTER_USE,"딸친구들 생일이나 선물줄때 필요해서 샀어요
아이들 집중력에도 좋구 좋으네요",2020-02-09T15:20:06.000+0000,STOREFARM,5,어린이 보석십자수 DIY 캐릭터 큐빅 비즈십자수 지니맘,지니맘 큐빅십자수  DIY: 21번 별유니콘 (15cm 20cm)
787545883,SELLBLOG,NORMAL,블링블링 예쁘네요.. 배송도 빠르고 액자까지 같이 구입해서 완성된 작품을 액자에 넣어두면 너무 좋겠어요~,2020-01-18T07:11:19.000+0000,STOREFARM,5,어린이 보석십자수 DIY 캐릭터 큐빅 비즈십자수 지니맘,지니맘 큐빅십자수  DIY: 8번 꽃사슴 (15cm 20cm)
787545411,SELLBLOG,NORMAL,블링블링 예쁘네요.. 배송도 빠르고 액자까지 같이 구입해서 완성된 작품을 액자에 넣어두면 너무 좋겠어요~,2020-01-18T07:10:12.000+0000,STOREFARM,5,어린이 보석십자수 DIY 캐릭터 큐빅 비즈십자수 지니맘,지니맘 큐빅십자수  DIY: 26번 돌고래(15cm 20cm)
787545174,SELLBLOG,NORMAL,블링블링 예쁘네요.. 배송도 빠르고 액자까지 같이 구입해서 완성된 작품을 액자에 넣어두면 너무 좋겠어요~,2020-01-18T07:09:44.000+0000,STOREFARM,5,어린이 보석십자수 DIY 캐릭터 큐빅 비즈십자수 지니맘,지니맘 큐빅십자수  DIY: 1번 유니콘 (15cm 20cm)
787544828,SELLBLOG,NORMAL,블링블링 예쁘네요.. 배송도 빠르고 액자까지 같이 구입해서 완성된 작품을 액자에 넣어두면 너무 좋겠어요~,2020-01-18T07:08:58.000+0000,STOREFARM,5,어린이 보석십자수 DIY 캐릭터 큐빅 비즈십자수 지니맘,지니맘 큐빅십자수  DIY: 21번 별유니콘 (15cm 20cm)
791778417,SELLBLOG,NORMAL,"예뻐요. 아이가 비즈십자수에 꽂혀서 자꾸 사달라고하는데 적당한 게 없더라구요. 이건 반짝반짝하고 여자아이들이 딱 좋아할 색깔이에요. 큰사이즈비즈는 동생이 하면 좋을 사이즈구요.
너무 마음에 들어요^^",2020-01-29T08:20:48.000+0000,STOREFARM,5,어린이 보석십자수 DIY 캐릭터 큐빅 비즈십자수 지니맘,지니맘 큐빅십자수  DIY: 23번 사자 (15cm 20cm)
791778298,SELLBLOG,NORMAL,"예뻐요. 아이가 비즈십자수에 꽂혀서 자꾸 사달라고하는데 적당한 게 없더라구요. 이건 반짝반짝하고 여자아이들이 딱 좋아할 색깔이에요. 큰사이즈비즈는 동생이 하면 좋을 사이즈구요.
너무 마음에 들어요^^",2020-01-29T08:20:36.000+0000,STOREFARM,5,어린이 보석십자수 DIY 캐릭터 큐빅 비즈십자수 지니맘,지니맘 큐빅십자수  DIY: 9번 겨울사슴 (15cm 20cm)
791778218,SELLBLOG,NORMAL,"예뻐요. 아이가 비즈십자수에 꽂혀서 자꾸 사달라고하는데 적당한 게 없더라구요. 이건 반짝반짝하고 여자아이들이 딱 좋아할 색깔이에요. 큰사이즈비즈는 동생이 하면 좋을 사이즈구요.
너무 마음에 들어요^^",2020-01-29T08:20:27.000+0000,STOREFARM,5,어린이 보석십자수 DIY 캐릭터 큐빅 비즈십자수 지니맘,지니맘 큐빅십자수  DIY: 2번 토끼(15cm 15cm)
791778124,SELLBLOG,NORMAL,"예뻐요. 아이가 비즈십자수에 꽂혀서 자꾸 사달라고하는데 적당한 게 없더라구요. 이건 반짝반짝하고 여자아이들이 딱 좋아할 색깔이에요. 큰사이즈비즈는 동생이 하면 좋을 사이즈구요.
너무 마음에 들어요^^",2020-01-29T08:20:17.000+0000,STOREFARM,5,어린이 보석십자수 DIY 캐릭터 큐빅 비즈십자수 지니맘,지니맘 큐빅십자수  DIY: 10번 안경토끼 (15cm 20cm)
791778040,SELLBLOG,NORMAL,"예뻐요. 아이가 비즈십자수에 꽂혀서 자꾸 사달라고하는데 적당한 게 없더라구요. 이건 반짝반짝하고 여자아이들이 딱 좋아할 색깔이에요. 큰사이즈비즈는 동생이 하면 좋을 사이즈구요.
너무 마음에 들어요^^",2020-01-29T08:20:08.000+0000,STOREFARM,5,어린이 보석십자수 DIY 캐릭터 큐빅 비즈십자수 지니맘,지니맘 큐빅십자수  DIY: 7번 소녀2  (15cm 20cm)
791777944,SELLBLOG,NORMAL,"예뻐요. 아이가 비즈십자수에 꽂혀서 자꾸 사달라고하는데 적당한 게 없더라구요. 이건 반짝반짝하고 여자아이들이 딱 좋아할 색깔이에요. 큰사이즈비즈는 동생이 하면 좋을 사이즈구요.
너무 마음에 들어요^^",2020-01-29T08:19:59.000+0000,STOREFARM,5,어린이 보석십자수 DIY 캐릭터 큐빅 비즈십자수 지니맘,지니맘 큐빅십자수  DIY: 6번 소녀1  (15cm 20cm)
791777862,SELLBLOG,NORMAL,"예뻐요. 아이가 비즈십자수에 꽂혀서 자꾸 사달라고하는데 적당한 게 없더라구요. 이건 반짝반짝하고 여자아이들이 딱 좋아할 색깔이에요. 큰사이즈비즈는 동생이 하면 좋을 사이즈구요.
너무 마음에 들어요^^",2020-01-29T08:19:51.000+0000,STOREFARM,5,어린이 보석십자수 DIY 캐릭터 큐빅 비즈십자수 지니맘,지니맘 큐빅십자수  DIY: 4번 홍학 (15cm 20cm)
791777777,SELLBLOG,NORMAL,"예뻐요. 아이가 비즈십자수에 꽂혀서 자꾸 사달라고하는데 적당한 게 없더라구요. 이건 반짝반짝하고 여자아이들이 딱 좋아할 색깔이에요. 큰사이즈비즈는 동생이 하면 좋을 사이즈구요.
너무 마음에 들어요^^",2020-01-29T08:19:42.000+0000,STOREFARM,5,어린이 보석십자수 DIY 캐릭터 큐빅 비즈십자수 지니맘,지니맘 큐빅십자수  DIY: 3번 분홍사슴 (15cm 20cm)
791777675,SELLBLOG,NORMAL,"예뻐요. 아이가 비즈십자수에 꽂혀서 자꾸 사달라고하는데 적당한 게 없더라구요. 이건 반짝반짝하고 여자아이들이 딱 좋아할 색깔이에요. 큰사이즈비즈는 동생이 하면 좋을 사이즈구요.
너무 마음에 들어요^^",2020-01-29T08:19:32.000+0000,STOREFARM,5,어린이 보석십자수 DIY 캐릭터 큐빅 비즈십자수 지니맘,지니맘 큐빅십자수  DIY: 2번 보라유니콘 (15cm 20cm)
791777601,SELLBLOG,NORMAL,"예뻐요. 아이가 비즈십자수에 꽂혀서 자꾸 사달라고하는데 적당한 게 없더라구요. 이건 반짝반짝하고 여자아이들이 딱 좋아할 색깔이에요. 큰사이즈비즈는 동생이 하면 좋을 사이즈구요.
너무 마음에 들어요^^",2020-01-29T08:19:24.000+0000,STOREFARM,5,어린이 보석십자수 DIY 캐릭터 큐빅 비즈십자수 지니맘,지니맘 큐빅십자수  DIY: 1번 사탕(15cm 15cm)
791776911,SELLBLOG,NORMAL,"예뻐요. 아이가 비즈십자수에 꽂혀서 자꾸 사달라고하는데 적당한 게 없더라구요. 이건 반짝반짝하고 여자아이들이 딱 좋아할 색깔이에요. 큰사이즈비즈는 동생이 하면 좋을 사이즈구요.
너무 마음에 들어요^^",2020-01-29T08:18:05.000+0000,STOREFARM,5,어린이 보석십자수 DIY 캐릭터 큐빅 비즈십자수 지니맘,지니맘 큐빅십자수  DIY: 4번 작은유니콘(15cm 15cm)
803557240,SELLBLOG,NORMAL,가나다라마바사아자차카타파하,2020-02-20T09:04:09.000+0000,STOREFARM,5,어린이 보석십자수 DIY 캐릭터 큐빅 비즈십자수 지니맘,지니맘 큐빅십자수  DIY: 12번 슈퍼마리오 (15cm 20cm)
797574566,SELLBLOG,AFTER_USE,"적당한 사이즈.
아이가  너무  좋아해요.
완성후  다른 디자인에  또  도전할꺼예요.",2020-02-09T05:45:01.000+0000,STOREFARM,5,어린이 보석십자수 DIY 캐릭터 큐빅 비즈십자수 지니맘,지니맘 큐빅십자수  DIY: 21번 별유니콘 (15cm 20cm)
786467815,SELLBLOG,NORMAL,초등학생 아이가 주문해 달래서 했는데 잘 하고 노네요^^ 인내가 필요한 작업 같습니다. 재미있다고 평점 5점 주라 하네요 ㅋ,2020-01-16T05:27:56.000+0000,STOREFARM,5,어린이 보석십자수 DIY 캐릭터 큐빅 비즈십자수 지니맘,지니맘 큐빅십자수  DIY: 26번 돌고래(15cm 20cm)
789430916,SELLBLOG,NORMAL,명절전에 도착해서 너무좋아요~~명절때도 재밌게할수 있을것같아요~^^,2020-01-22T03:29:25.000+0000,STOREFARM,5,어린이 보석십자수 DIY 캐릭터 큐빅 비즈십자수 지니맘,지니맘 큐빅십자수  DIY: 22번 부엉이 (15cm 20cm)
792284032,SELLBLOG,NORMAL,아이들이 하기 크기가 적당하네요,2020-01-30T06:43:06.000+0000,STOREFARM,5,어린이 보석십자수 DIY 캐릭터 큐빅 비즈십자수 지니맘,지니맘 큐빅십자수  DIY: 17번 가면 (15cm 20cm)
806350313,SELLBLOG,NORMAL,아이들이 좋아합니디ㅡ.,2020-02-25T14:40:38.000+0000,STOREFARM,5,어린이 보석십자수 DIY 캐릭터 큐빅 비즈십자수 지니맘,지니맘 큐빅십자수  DIY: 2번 보라유니콘 (15cm 20cm)
803517914,SELLBLOG,NORMAL,조카선물로 사줬는데 넘 이뿌네요..,2020-02-20T07:57:01.000+0000,STOREFARM,5,어린이 보석십자수 DIY 캐릭터 큐빅 비즈십자수 지니맘,지니맘 큐빅십자수  DIY: 12번 슈퍼마리오 (15cm 20cm)
804163100,SELLBLOG,NORMAL,아이가너무좋아하네요,2020-02-21T10:03:10.000+0000,STOREFARM,5,어린이 보석십자수 DIY 캐릭터 큐빅 비즈십자수 지니맘,지니맘 큐빅십자수  DIY: 6번 소녀1  (15cm 20cm)
801849509,SELLBLOG,NORMAL,큐빅상태도 좋고 완성하니 너무 예쁘네요,2020-02-17T08:35:35.000+0000,STOREFARM,5,어린이 보석십자수 DIY 캐릭터 큐빅 비즈십자수 지니맘,지니맘 큐빅십자수  DIY: 12번 슈퍼마리오 (15cm 20cm)
796169273,SELLBLOG,NORMAL,"애들이 5시간동안 꼼짝 안하고 조용히 놀았어요. 
요즘같을때 진짜 좋은 놀이거리예요.",2020-02-06T11:22:21.000+0000,STOREFARM,5,어린이 보석십자수 DIY 캐릭터 큐빅 비즈십자수 지니맘,지니맘 큐빅십자수  DIY: 17번 가면 (15cm 20cm)
784809711,SELLBLOG,AFTER_USE,생각보다 사이즈가 커서 다 만들고 보니 너무 예쁜 작품이 됐네요~^^ 아이 집중력 키우기도 좋고 친구에게 생일선물하기도 좋아요,2020-01-13T03:06:44.000+0000,STOREFARM,5,지니맘 어린이 보석십자수 캐릭터 큐빅십자수,지니맘 큐빅십자수  DIY: 7번 소녀1  (15cm 20cm)
801849341,SELLBLOG,NORMAL,큐빅상태도 좋고 완성하니 너무 예쁘네요~,2020-02-17T08:35:08.000+0000,STOREFARM,5,어린이 보석십자수 DIY 캐릭터 큐빅 비즈십자수 지니맘,지니맘 큐빅십자수  DIY: 8번 꽃사슴 (15cm 20cm)
802653895,SELLBLOG,NORMAL,인기 만점이예요 재미있어요,2020-02-18T23:54:11.000+0000,STOREFARM,5,어린이 보석십자수 DIY 캐릭터 큐빅 비즈십자수 지니맘,지니맘 큐빅십자수  DIY: 8번 꽃사슴 (15cm 20cm)
802653847,SELLBLOG,NORMAL,인기 만점이예요 재미있어요,2020-02-18T23:54:04.000+0000,STOREFARM,5,어린이 보석십자수 DIY 캐릭터 큐빅 비즈십자수 지니맘,지니맘 큐빅십자수  DIY: 26번 돌고래(15cm 20cm)
802653808,SELLBLOG,NORMAL,인기 만점이예요 재미있어요,2020-02-18T23:53:57.000+0000,STOREFARM,5,어린이 보석십자수 DIY 캐릭터 큐빅 비즈십자수 지니맘,지니맘 큐빅십자수  DIY: 22번 부엉이 (15cm 20cm)
802653674,SELLBLOG,NORMAL,인기 만점이예요 재미있어요,2020-02-18T23:53:35.000+0000,STOREFARM,5,어린이 보석십자수 DIY 캐릭터 큐빅 비즈십자수 지니맘,지니맘 큐빅십자수  DIY: 21번 별유니콘 (15cm 20cm)
801422647,SELLBLOG,NORMAL,9살 아이 집중하여 재밌게 잘해요 추천합니다,2020-02-16T11:37:14.000+0000,STOREFARM,5,어린이 보석십자수 DIY 캐릭터 큐빅 비즈십자수 지니맘,지니맘 큐빅십자수  DIY: 1번 유니콘 (15cm 20cm)
799855170,SELLBLOG,NORMAL,아이가 좋아하는 어벤져스라서 두시간 꼼짝안하고 앉아서 하네요.ㅎㅎ,2020-02-13T09:14:55.000+0000,STOREFARM,5,어린이 보석십자수 DIY 캐릭터 큐빅 비즈십자수 지니맘,지니맘 큐빅십자수  DIY: 14번 슈퍼맨 (15cm 20cm)
789430560,SELLBLOG,NORMAL,"오자마자 바로 시작합니다~~^^
딸아이가 너무 좋아해요♡",2020-01-22T03:28:34.000+0000,STOREFARM,5,어린이 보석십자수 DIY 캐릭터 큐빅 비즈십자수 지니맘,지니맘 큐빅십자수  DIY: 3번 분홍사슴 (15cm 20cm)
801236443,SELLBLOG,NORMAL,"마음에들어요.
포장이 깔끔해요.",2020-02-16T03:35:01.000+0000,STOREFARM,5,어린이 보석십자수 DIY 캐릭터 큐빅 비즈십자수 지니맘,지니맘 큐빅십자수  DIY: 21번 별유니콘 (15cm 20cm)
793228590,SELLBLOG,NORMAL,"액자에 넣어주는게 예뻐서 그동안 한것들 가 액자까지 주문했어요! 퀄리티 너무 좋아여~ 아이방 장식하기도 너무 예쁘고, 집중도 잘해요 ㅎㅎ",2020-02-01T02:36:25.000+0000,STOREFARM,5,어린이 보석십자수 DIY 캐릭터 큐빅 비즈십자수 지니맘,지니맘 큐빅십자수  DIY: 20번 거미 (15cm 20cm)
800997122,SELLBLOG,NORMAL,8살10살아이들이봄방학때는할게없어서주문했습니다...,2020-02-15T11:21:39.000+0000,STOREFARM,5,어린이 보석십자수 DIY 캐릭터 큐빅 비즈십자수 지니맘,지니맘 큐빅십자수  DIY: 2번 보라유니콘 (15cm 20cm)
801422771,SELLBLOG,NORMAL,9살 아이 집중하여 재밌게 해요 추천합니다,2020-02-16T11:37:32.000+0000,STOREFARM,5,어린이 보석십자수 DIY 캐릭터 큐빅 비즈십자수 지니맘,지니맘 큐빅십자수  DIY: 8번 꽃사슴 (15cm 20cm)
802052847,SELLBLOG,NORMAL,큐빅상태도 좋고 너무예뻐요,2020-02-17T22:52:49.000+0000,STOREFARM,5,어린이 보석십자수 DIY 캐릭터 큐빅 비즈십자수 지니맘,지니맘 큐빅십자수  DIY: 3번 분홍사슴 (15cm 20cm)
789396114,SELLBLOG,NORMAL,재밌어요 액자가 비싸서 빼고 합니다,2020-01-22T02:17:32.000+0000,STOREFARM,5,어린이 보석십자수 DIY 캐릭터 큐빅 비즈십자수 지니맘,지니맘 큐빅십자수  DIY: 22번 부엉이 (15cm 20cm)
782702522,SELLBLOG,NORMAL,방학이라 시간 떼우기용으로 구매했어요~ 초등 6학년 아이는 집중해서 잘 하구요... 올해 7세 유아는 도움이 필요합니다... 블링블링 이뻐서 다하면 성취감이 있을것 같아요~,2020-01-08T21:51:50.000+0000,STOREFARM,4,어린이 보석십자수 DIY 캐릭터 큐빅 비즈십자수 지니맘,지니맘 큐빅십자수  DIY: 21번 별유니콘 (15cm 20cm)
807629123,SELLBLOG,NORMAL,만족ㅇ삽니다~~~~,2020-02-27T12:52:34.000+0000,STOREFARM,5,어린이 보석십자수 DIY 캐릭터 큐빅 비즈십자수 지니맘,지니맘 큐빅십자수  DIY: 2번 보라유니콘 (15cm 20cm)
803990069,SELLBLOG,NORMAL,10살아이가좋아해요,2020-02-21T04:48:14.000+0000,STOREFARM,5,어린이 보석십자수 DIY 캐릭터 큐빅 비즈십자수 지니맘,지니맘 큐빅십자수  DIY: 22번 부엉이 (15cm 20cm)
799194810,SELLBLOG,NORMAL,"아이들 집중력도 기르고 좋아요.
예쁘네요.",2020-02-12T08:27:48.000+0000,STOREFARM,5,어린이 보석십자수 DIY 캐릭터 큐빅 비즈십자수 지니맘,지니맘 큐빅십자수  DIY: 2번 토끼(15cm 15cm)
799286948,SELLBLOG,NORMAL,"아이들이 나무 좋아해요 ㅎㅎ
감사합니다^^",2020-02-12T11:00:28.000+0000,STOREFARM,5,어린이 보석십자수 DIY 캐릭터 큐빅 비즈십자수 지니맘,지니맘 큐빅십자수  DIY: 7번 소녀2  (15cm 20cm)
789430201,SELLBLOG,NORMAL,아이들이 좋아해요~~방학동안 심심하지 않아요^^,2020-01-22T03:27:47.000+0000,STOREFARM,5,어린이 보석십자수 DIY 캐릭터 큐빅 비즈십자수 지니맘,지니맘 큐빅십자수  DIY: 21번 별유니콘 (15cm 20cm)
784812190,SELLBLOG,AFTER_USE,작은 큐빅 집어서 제자리에 옮겨놓는 일이 소근육발달에 좋아요 5살 아이도 제법 잘해서 추천합니다,2020-01-13T03:12:08.000+0000,STOREFARM,5,지니맘 어린이 보석십자수 캐릭터 큐빅십자수,지니맘 큐빅십자수  DIY: 22번 부엉이 (15cm 20cm)
782702668,SELLBLOG,NORMAL,긴 긴 방학 킬링타임용으로 구매 했어요... 초6 아이는 집중해서 잘하고 올해 7세 유아는 도움이 조금 필요하네요... 블링블링 이뻐서 다하고나면 성취감이 있을것 같아요^^,2020-01-08T21:53:18.000+0000,STOREFARM,4,어린이 보석십자수 DIY 캐릭터 큐빅 비즈십자수 지니맘,지니맘 큐빅십자수  DIY: 27번 눈사람
796320468,SELLBLOG,NORMAL,"빠른배송 감사드려요^^
초등아이와 함께 해볼려 구매했는데
너무좋아하네요~~^^",2020-02-06T15:32:50.000+0000,STOREFARM,5,어린이 보석십자수 DIY 캐릭터 큐빅 비즈십자수 지니맘,지니맘 큐빅십자수  DIY: 17번 가면 (15cm 20cm)
796320428,SELLBLOG,NORMAL,"빠른배송 감사드려요^^
초등아이와 함께 해볼려 구매했는데
너무좋아하네요~~^^",2020-02-06T15:32:44.000+0000,STOREFARM,5,어린이 보석십자수 DIY 캐릭터 큐빅 비즈십자수 지니맘,지니맘 큐빅십자수  DIY: 13번 스폰지밥 (15cm 20cm)
796320376,SELLBLOG,NORMAL,"빠른배송 감사드려요^^
초등아이와 함께 해볼려 구매했는데
너무 좋아하네요~~^^",2020-02-06T15:32:36.000+0000,STOREFARM,5,어린이 보석십자수 DIY 캐릭터 큐빅 비즈십자수 지니맘,지니맘 큐빅십자수  DIY: 20번 거미 (15cm 20cm)
800990098,SELLBLOG,NORMAL,큐빅상태 포장 다 마음에 들었어요,2020-02-15T11:07:03.000+0000,STOREFARM,5,어린이 보석십자수 DIY 캐릭터 큐빅 비즈십자수 지니맘,지니맘 큐빅십자수  DIY: 20번 거미 (15cm 20cm)
814863744,SELLBLOG,NORMAL,배송느려요 아이조아해요 재밌어요,2020-03-10T02:25:19.000+0000,STOREFARM,5,어린이 보석십자수 DIY 캐릭터 큐빅 비즈십자수 지니맘,지니맘 큐빅십자수  DIY: 12번 슈퍼마리오 (15cm 20cm)
800981420,SELLBLOG,AFTER_USE,5살짜리도 어렵지않게 할수있었어요,2020-02-15T10:47:51.000+0000,STOREFARM,3,어린이 보석십자수 DIY 캐릭터 큐빅 비즈십자수 지니맘,지니맘 큐빅십자수  DIY: 22번 부엉이 (15cm 20cm)
797438226,SELLBLOG,NORMAL,"엄마는 눈아파요
 아이들 완성하기에 지구과 인새심과
끈기와 노력과 집중력 필요",2020-02-08T22:58:53.000+0000,STOREFARM,1,어린이 보석십자수 DIY 캐릭터 큐빅 비즈십자수 지니맘,지니맘 큐빅십자수  DIY: 22번 부엉이 (15cm 20cm)
782702817,SELLBLOG,NORMAL,방학 킬링타임용으로 구매했어요... 초6아이는 집중해서 잘하고 올 해7세 유아는 도움이 조금 필요하네요... 블링블링 이뻐서 완성되면 성취감이 있을듯 합니다...,2020-01-08T21:54:52.000+0000,STOREFARM,4,어린이 보석십자수 DIY 캐릭터 큐빅 비즈십자수 지니맘,지니맘 큐빅십자수  DIY: 5번  반짝이 사슴 (15cm 20cm)
796579125,SELLBLOG,NORMAL,제가 하는거 보고 아이가 하고싶어해서 구매했어요 아이가 재밌어해요,2020-02-07T05:12:33.000+0000,STOREFARM,4,어린이 보석십자수 DIY 캐릭터 큐빅 비즈십자수 지니맘,지니맘 큐빅십자수  DIY: 21번 별유니콘 (15cm 20cm)
789918761,SELLBLOG,NORMAL,예뻐요 재밌어요 아이들이 좋아해요,2020-01-23T03:04:54.000+0000,STOREFARM,5,어린이 보석십자수 DIY 캐릭터 큐빅 비즈십자수 지니맘,지니맘 큐빅십자수  DIY: 1번 유니콘 (15cm 20cm)
779508824,SELLBLOG,NORMAL,하는법을 알려주니... 아이가 알아서 잘 하네요~^^  다른것도 또 주문해야겠어요~^^  한가지 아쉬운점은 위에 양면테입 흰종이로 가려져 있어서 안 좋네요 투명비닐종류면 하기도 편하고 좋았을꺼 같네요,2020-01-02T10:52:42.000+0000,STOREFARM,4,어린이 보석십자수 DIY 캐릭터 큐빅 비즈십자수 지니맘,지니맘 큐빅십자수  DIY: 21번 별유니콘 (15cm 20cm)
800639951,SELLBLOG,NORMAL,초등 저학년도 아직은 힘들어 하네요!,2020-02-14T15:54:50.000+0000,STOREFARM,4,어린이 보석십자수 DIY 캐릭터 큐빅 비즈십자수 지니맘,지니맘 큐빅십자수  DIY: 9번 겨울사슴 (15cm 20cm)
796054885,SELLBLOG,NORMAL,"다양한 케릭터가 많아서 아이들이 하기 좋네요
좀더 비즈가 큰것도나와서 미취학아이들도 할수있음 좋겠어요",2020-02-06T08:18:13.000+0000,STOREFARM,4,어린이 보석십자수 DIY 캐릭터 큐빅 비즈십자수 지니맘,지니맘 큐빅십자수  DIY: 11번 클로버 (15cm 20cm)
802052782,SELLBLOG,NORMAL,반짝반짝 큐빅이 너무예쁩니다.,2020-02-17T22:52:32.000+0000,STOREFARM,5,어린이 보석십자수 DIY 캐릭터 큐빅 비즈십자수 지니맘,지니맘 큐빅십자수  DIY: 8번 꽃사슴 (15cm 20cm)
789395853,SELLBLOG,NORMAL,재밌어요 벌써 여러개째하네요,2020-01-22T02:17:01.000+0000,STOREFARM,5,어린이 보석십자수 DIY 캐릭터 큐빅 비즈십자수 지니맘,지니맘 큐빅십자수  DIY: 21번 별유니콘 (15cm 20cm)
804162459,SELLBLOG,NORMAL,잘쓰고있어요~~~~,2020-02-21T10:01:57.000+0000,STOREFARM,5,어린이 보석십자수 DIY 캐릭터 큐빅 비즈십자수 지니맘,지니맘 큐빅십자수  DIY: 21번 별유니콘 (15cm 20cm)
792207919,SELLBLOG,NORMAL,"아이가 비즈에 푹~빠졌네요ㅋ
한참동안 하고있는거보고있으면 집중력도 높아지는거같고 재밌에하기도하구요^^잘산거같아요~",2020-01-30T04:14:41.000+0000,STOREFARM,5,어린이 보석십자수 DIY 캐릭터 큐빅 비즈십자수 지니맘,지니맘 큐빅십자수  DIY: 17번 가면 (15cm 20cm)
796679420,SELLBLOG,NORMAL,"이번 주말 시간 잘가겠어요.
큐빅이 다양해서 좋네요",2020-02-07T08:00:03.000+0000,STOREFARM,5,어린이 보석십자수 DIY 캐릭터 큐빅 비즈십자수 지니맘,지니맘 큐빅십자수  DIY: 2번 보라유니콘 (15cm 20cm)
802585270,SELLBLOG,NORMAL,아이가 좋아해요~~,2020-02-18T15:52:15.000+0000,STOREFARM,5,어린이 보석십자수 DIY 캐릭터 큐빅 비즈십자수 지니맘,지니맘 큐빅십자수  DIY: 12번 슈퍼마리오 (15cm 20cm)
799889608,SELLBLOG,AFTER_USE,아이들이 집중할 수 있는 점이 좋아요,2020-02-13T10:16:37.000+0000,STOREFARM,4,어린이 보석십자수 DIY 캐릭터 큐빅 비즈십자수 지니맘,지니맘 큐빅십자수  DIY: 22번 부엉이 (15cm 20cm)
800718270,SELLBLOG,NORMAL,아이가 엄청 좋아하네요,2020-02-15T01:00:44.000+0000,STOREFARM,5,어린이 보석십자수 DIY 캐릭터 큐빅 비즈십자수 지니맘,지니맘 큐빅십자수  DIY: 10번 안경토끼 (15cm 20cm)
800718195,SELLBLOG,NORMAL,아이가 엄청 좋아하네요,2020-02-15T01:00:30.000+0000,STOREFARM,5,어린이 보석십자수 DIY 캐릭터 큐빅 비즈십자수 지니맘,지니맘 큐빅십자수  DIY: 1번 유니콘 (15cm 20cm)
784808739,SELLBLOG,AFTER_USE,아이가 몇 시간을 앉아서 이것만 했어요 방학동안 집중력 키우기 딱 좋네요~^^,2020-01-13T03:04:38.000+0000,STOREFARM,5,지니맘 어린이 보석십자수 캐릭터 큐빅십자수,지니맘 큐빅십자수  DIY: 21번 별유니콘 (15cm 20cm)
798527609,SELLBLOG,NORMAL,잘 쓸게요~ 재미있어보여요,2020-02-11T07:13:59.000+0000,STOREFARM,5,어린이 보석십자수 DIY 캐릭터 큐빅 비즈십자수 지니맘,지니맘 큐빅십자수  DIY: 3번 분홍사슴 (15cm 20cm)
782388275,SELLBLOG,NORMAL,6세.아이 혼자 하라고 사줬는데. 열심히 같이 도왔답니다. 혼자는 힘들어하더군요 ㅋㅋㅋ완성하니. 뿌듯합니다 ㅎ,2020-01-08T07:43:36.000+0000,STOREFARM,5,어린이 보석십자수 DIY 캐릭터 큐빅 비즈십자수 지니맘,지니맘 큐빅십자수  DIY: 21번 별유니콘 (15cm 20cm)
788228957,SELLBLOG,NORMAL,아이가좋아합니다 가격이좀더 저렴하면좋겠네요,2020-01-19T16:33:23.000+0000,STOREFARM,4,어린이 보석십자수 DIY 캐릭터 큐빅 비즈십자수 지니맘,지니맘 큐빅십자수  DIY: 1번 사탕(15cm 15cm)
788228643,SELLBLOG,NORMAL,아이가좋아합니다 가격이좀더 저렴하면좋겠네요,2020-01-19T16:31:34.000+0000,STOREFARM,4,어린이 보석십자수 DIY 캐릭터 큐빅 비즈십자수 지니맘,지니맘 큐빅십자수  DIY: 7번 소녀2  (15cm 20cm)
789297927,SELLBLOG,AFTER_USE,애들이 더 해보고 싶다고 해서 재주문해요,2020-01-21T22:06:46.000+0000,STOREFARM,5,지니맘 어린이 보석십자수 캐릭터 큐빅십자수,지니맘 큐빅십자수  DIY: 28번 산타
779864723,SELLBLOG,NORMAL,"배송도 정말 빠르고 아이들이 재미있어해요
방학동안 천천히 완성하려고 했는데 금방 끝내버리네요.그래서 더 주문했어요.선물용으로도 좋을거 같아요",2020-01-03T06:18:13.000+0000,STOREFARM,5,지니맘 어린이 보석십자수 캐릭터 큐빅십자수,지니맘 큐빅십자수  DIY: 21번 별유니콘 (15cm 20cm)
789918977,SELLBLOG,NORMAL,재밌고 아이들이 좋아해요,2020-01-23T03:05:28.000+0000,STOREFARM,5,어린이 보석십자수 DIY 캐릭터 큐빅 비즈십자수 지니맘,지니맘 큐빅십자수  DIY: 2번 보라유니콘 (15cm 20cm)
795371886,SELLBLOG,NORMAL,"아이들이 좋아해요
완성해놓으면 더 이쁘고요",2020-02-05T07:50:01.000+0000,STOREFARM,5,어린이 보석십자수 DIY 캐릭터 큐빅 비즈십자수 지니맘,지니맘 큐빅십자수  DIY: 15번 베트맨 (15cm 20cm)
799469303,SELLBLOG,NORMAL,필요한 날 전에 받았어요,2020-02-12T16:29:07.000+0000,STOREFARM,5,어린이 보석십자수 DIY 캐릭터 큐빅 비즈십자수 지니맘,지니맘 큐빅십자수  DIY: 26번 돌고래(15cm 20cm)
798386273,SELLBLOG,AFTER_USE,부족함 없이 챙겨주셔서  감사해요~,2020-02-11T02:23:21.000+0000,STOREFARM,5,어린이 보석십자수 DIY 캐릭터 큐빅십자수 지니맘,지니맘 큐빅십자수  DIY: 28번 산타
789984874,SELLBLOG,NORMAL,배송 빨라요 감사합니다,2020-01-23T05:59:50.000+0000,STOREFARM,3,어린이 보석십자수 DIY 캐릭터 큐빅 비즈십자수 지니맘,지니맘 큐빅십자수  DIY: 9번 겨울사슴 (15cm 20cm)
782702282,SELLBLOG,NORMAL,아이들 방학이라 구매했어요... 시간 떼우기 좋아요... 저희 둘째 올해 7세되는 아이는 도움이 좀 필요하네요^^,2020-01-08T21:49:33.000+0000,STOREFARM,4,어린이 보석십자수 DIY 캐릭터 큐빅 비즈십자수 지니맘,지니맘 큐빅십자수  DIY: 11번 클로버 (15cm 20cm)
791071601,SELLBLOG,NORMAL,"방학동안 아이들 취미로 구매했어요
8살 아이들 조금씩 조금씩 수 놓았는데  완성후 뿌듯해하고 이쁘다면 넘 좋아합니다",2020-01-27T10:38:23.000+0000,STOREFARM,5,어린이 보석십자수 DIY 캐릭터 큐빅 비즈십자수 지니맘,지니맘 큐빅십자수  DIY: 2번 보라유니콘 (15cm 20cm)
794059216,SELLBLOG,NORMAL,"배송도 포장도 제품도 굿!!!
아이가 집중해서  잼나게 잘 하더라고여
두개 이틀에 끝내고 뿌듯해 합니다 ㅎ",2020-02-03T01:13:43.000+0000,STOREFARM,5,어린이 보석십자수 DIY 캐릭터 큐빅 비즈십자수 지니맘,지니맘 큐빅십자수  DIY: 20번 거미 (15cm 20cm)
792722063,SELLBLOG,NORMAL,쉽게하고 시간을 보내니 좋습니다. 비즈도 넉넉히 주셔서 고맙습니다,2020-01-31T02:36:48.000+0000,STOREFARM,5,어린이 보석십자수 DIY 캐릭터 큐빅 비즈십자수 지니맘,지니맘 큐빅십자수  DIY: 10번 안경토끼 (15cm 20cm)
813084930,SELLBLOG,NORMAL,좋아좋아요 좋아요 좋아요,2020-03-07T02:09:22.000+0000,STOREFARM,5,어린이 보석십자수 DIY 캐릭터 큐빅 비즈십자수 지니맘,지니맘 큐빅십자수  DIY: 23번 사자 (15cm 20cm)
799854750,SELLBLOG,NORMAL,완성하니까 이쁘네욯ㅎ,2020-02-13T09:14:13.000+0000,STOREFARM,5,어린이 보석십자수 DIY 캐릭터 큐빅 비즈십자수 지니맘,지니맘 큐빅십자수  DIY: 12번 슈퍼마리오 (15cm 20cm)
778081636,SELLBLOG,NORMAL,"배송이 의외로 좀 늦었어요ㅜㅜ
큐빅 십자수랑은 잘 왔는데
박스가 찢어져서 와서 깜짝 놀랏어요~
아이들 겨울방학이라 ~ 심심할까봐 구매했습니당?

이번에 하고 이쁘면 또 구매하겠습니당",2019-12-30T01:58:25.000+0000,STOREFARM,4,어린이 보석십자수 DIY 캐릭터 큐빅 비즈십자수 지니맘,지니맘 큐빅십자수  DIY: 4번 홍학 (15cm 20cm)
792085927,SELLBLOG,NORMAL,아이와 함께 할수있는 하나를 찾은것같아 더 좋습니다.  사진보다 더 예뻐요,2020-01-29T23:34:24.000+0000,STOREFARM,5,어린이 보석십자수 DIY 캐릭터 큐빅 비즈십자수 지니맘,지니맘 큐빅십자수  DIY: 26번 돌고래(15cm 20cm)
789984561,SELLBLOG,NORMAL,배송 정말 빨라요  잘쓸게요,2020-01-23T05:58:59.000+0000,STOREFARM,3,어린이 보석십자수 DIY 캐릭터 큐빅 비즈십자수 지니맘,지니맘 큐빅십자수  DIY: 24번 미니1 (15cm 20cm)
794149100,SELLBLOG,NORMAL,좋아요 집에서 심심해 할 때 꺼내줍니다,2020-02-03T04:17:51.000+0000,STOREFARM,3,어린이 보석십자수 DIY 캐릭터 큐빅 비즈십자수 지니맘,지니맘 큐빅십자수  DIY: 22번 부엉이 (15cm 20cm)
798385446,SELLBLOG,AFTER_USE,다음에 또 구입예정 입니다~,2020-02-11T02:21:29.000+0000,STOREFARM,5,어린이 보석십자수 DIY 캐릭터 큐빅십자수 지니맘,지니맘 큐빅십자수  DIY: 1번 유니콘 (15cm 20cm)
803781370,SELLBLOG,AFTER_USE,좋아요 ~~~~~~^^,2020-02-20T16:17:14.000+0000,STOREFARM,5,어린이 보석십자수 DIY 캐릭터 큐빅 비즈십자수 지니맘,지니맘 큐빅십자수  DIY: 28번 산타
803781309,SELLBLOG,AFTER_USE,좋아요 ~~~~~~^^,2020-02-20T16:16:59.000+0000,STOREFARM,5,어린이 보석십자수 DIY 캐릭터 큐빅 비즈십자수 지니맘,지니맘 큐빅십자수  DIY: 27번 눈사람
789396353,SELLBLOG,NORMAL,방학용으로 딱이예요,2020-01-22T02:17:57.000+0000,STOREFARM,5,어린이 보석십자수 DIY 캐릭터 큐빅 비즈십자수 지니맘,지니맘 큐빅십자수  DIY: 6번 소녀1  (15cm 20cm)
787159139,SELLBLOG,NORMAL,"아이와 즐겁게 완성했어요
예뻐요^^",2020-01-17T09:47:29.000+0000,STOREFARM,3,지니맘 어린이 보석십자수 캐릭터 큐빅십자수,지니맘 큐빅십자수  DIY: 17번 가면 (15cm 20cm)
789298040,SELLBLOG,AFTER_USE,애들이 너무 좋아해요,2020-01-21T22:07:31.000+0000,STOREFARM,5,지니맘 어린이 보석십자수 캐릭터 큐빅십자수,지니맘 큐빅십자수  DIY: 1번 유니콘 (15cm 20cm)
798626571,SELLBLOG,NORMAL,배송도 빠르고 좋아요,2020-02-11T10:05:22.000+0000,STOREFARM,5,어린이 보석십자수 DIY 캐릭터 큐빅 비즈십자수 지니맘,지니맘 큐빅십자수  DIY: 26번 돌고래(15cm 20cm)
798626501,SELLBLOG,NORMAL,배송도 빠르고 좋아요,2020-02-11T10:05:15.000+0000,STOREFARM,5,어린이 보석십자수 DIY 캐릭터 큐빅 비즈십자수 지니맘,지니맘 큐빅십자수  DIY: 9번 겨울사슴 (15cm 20cm)
798626420,SELLBLOG,NORMAL,배송도 빠르고 좋아요,2020-02-11T10:05:07.000+0000,STOREFARM,5,어린이 보석십자수 DIY 캐릭터 큐빅 비즈십자수 지니맘,지니맘 큐빅십자수  DIY: 8번 꽃사슴 (15cm 20cm)
798626207,SELLBLOG,NORMAL,배송도 빠르고 좋아요,2020-02-11T10:04:44.000+0000,STOREFARM,5,어린이 보석십자수 DIY 캐릭터 큐빅 비즈십자수 지니맘,지니맘 큐빅십자수  DIY: 20번 거미 (15cm 20cm)
803781569,SELLBLOG,AFTER_USE,좋아요 ~~~~~~~^^,2020-02-20T16:18:13.000+0000,STOREFARM,5,어린이 보석십자수 DIY 캐릭터 큐빅 비즈십자수 지니맘,지니맘 큐빅십자수  DIY: 19번 방패 (15cm 20cm)
787558441,SELLBLOG,NORMAL,보석 십자수 중에 가장 퀄리티 있는 것 같아요!^^,2020-01-18T07:39:10.000+0000,STOREFARM,5,어린이 보석십자수 DIY 캐릭터 큐빅 비즈십자수 지니맘,지니맘 큐빅십자수  DIY: 22번 부엉이 (15cm 20cm)
803781261,SELLBLOG,AFTER_USE,좋아요 ~~~~~~~~^^,2020-02-20T16:16:45.000+0000,STOREFARM,5,어린이 보석십자수 DIY 캐릭터 큐빅 비즈십자수 지니맘,지니맘 큐빅십자수  DIY: 17번 가면 (15cm 20cm)
796728285,SELLBLOG,NORMAL,가격도 저렴마고 애들이 너무좋아하네요~,2020-02-07T09:28:09.000+0000,STOREFARM,5,어린이 보석십자수 DIY 캐릭터 큐빅 비즈십자수 지니맘,지니맘 큐빅십자수  DIY: 9번 겨울사슴 (15cm 20cm)
784812426,SELLBLOG,NORMAL,"재입고되자마자 주문요
아이가 너무 좋아하네요",2020-01-13T03:12:44.000+0000,STOREFARM,5,어린이 보석십자수 DIY 캐릭터 큐빅 비즈십자수 지니맘,지니맘 큐빅십자수  DIY: 8번 꽃사슴 (15cm 20cm)
786184989,SELLBLOG,NORMAL,애들 넘 좋아하네여 집중력도 생기고 담에 또 주문해야겠네여~~^^,2020-01-15T13:53:57.000+0000,STOREFARM,5,어린이 보석십자수 DIY 캐릭터 큐빅 비즈십자수 지니맘,지니맘 큐빅십자수  DIY: 12번 슈퍼마리오 (15cm 20cm)
798385300,SELLBLOG,AFTER_USE,아이가 너무 좋아해요~,2020-02-11T02:21:08.000+0000,STOREFARM,5,어린이 보석십자수 DIY 캐릭터 큐빅십자수 지니맘,지니맘 큐빅십자수  DIY: 27번 눈사람
788630962,SELLBLOG,AFTER_USE,반짝반짝 예뻐서 아이가 좋아 합니다.,2020-01-20T11:32:54.000+0000,STOREFARM,5,지니맘 어린이 보석십자수 캐릭터 큐빅십자수,지니맘 큐빅십자수  DIY: 22번 부엉이 (15cm 20cm)
787557924,SELLBLOG,NORMAL,"예뻐요^^
아이들이 좋아해요.",2020-01-18T07:37:57.000+0000,STOREFARM,5,어린이 보석십자수 DIY 캐릭터 큐빅 비즈십자수 지니맘,지니맘 큐빅십자수  DIY: 1번 유니콘 (15cm 20cm)
799301400,SELLBLOG,NORMAL,"아이가 조아하네요

ㅎ",2020-02-12T11:22:55.000+0000,STOREFARM,5,어린이 보석십자수 DIY 캐릭터 큐빅 비즈십자수 지니맘,지니맘 큐빅십자수  DIY: 9번 겨울사슴 (15cm 20cm)
794148802,SELLBLOG,NORMAL,아이가 좋아하네요 집중력짱,2020-02-03T04:17:14.000+0000,STOREFARM,3,어린이 보석십자수 DIY 캐릭터 큐빅 비즈십자수 지니맘,지니맘 큐빅십자수  DIY: 21번 별유니콘 (15cm 20cm)
792417429,SELLBLOG,NORMAL,아이들이 너무좋아해요 시간가는줄 모르고 집중하네요,2020-01-30T10:41:07.000+0000,STOREFARM,5,어린이 보석십자수 DIY 캐릭터 큐빅 비즈십자수 지니맘,지니맘 큐빅십자수  DIY: 21번 별유니콘 (15cm 20cm)
793744963,SELLBLOG,NORMAL,아이가 방학동안 심심해하는거 같아서 주문했는데 엄청 좋아하네요^^,2020-02-02T05:35:51.000+0000,STOREFARM,5,어린이 보석십자수 DIY 캐릭터 큐빅 비즈십자수 지니맘,지니맘 큐빅십자수  DIY: 6번 소녀1  (15cm 20cm)
796728619,SELLBLOG,NORMAL,초등학생 생일선물로 너무좋아요~,2020-02-07T09:28:46.000+0000,STOREFARM,5,어린이 보석십자수 DIY 캐릭터 큐빅 비즈십자수 지니맘,지니맘 큐빅십자수  DIY: 13번 스폰지밥 (15cm 20cm)
797284720,SELLBLOG,NORMAL,방학에 시간 보내기 좋네요,2020-02-08T11:31:21.000+0000,STOREFARM,5,어린이 보석십자수 DIY 캐릭터 큐빅 비즈십자수 지니맘,지니맘 큐빅십자수  DIY: 11번 클로버 (15cm 20cm)
792085718,SELLBLOG,NORMAL,선물했는데 너무 좋아했고 방법도 쉽고 실제로 보니 사진보다 더 예뻐서 재구매하려합니다.,2020-01-29T23:33:32.000+0000,STOREFARM,5,어린이 보석십자수 DIY 캐릭터 큐빅 비즈십자수 지니맘,지니맘 큐빅십자수  DIY: 22번 부엉이 (15cm 20cm)
793520256,SELLBLOG,NORMAL,"아이들이 좋아해요~
좀 오래 걸릴듯 하지만ㅋㅋ",2020-02-01T13:20:34.000+0000,STOREFARM,4,어린이 보석십자수 DIY 캐릭터 큐빅 비즈십자수 지니맘,지니맘 큐빅십자수  DIY: 8번 꽃사슴 (15cm 20cm)
783896931,SELLBLOG,NORMAL,"아이가 너무 좋아하네요
2작품 다하고 지금 3작품 재구매했어요",2020-01-11T04:07:57.000+0000,STOREFARM,5,어린이 보석십자수 DIY 캐릭터 큐빅 비즈십자수 지니맘,지니맘 큐빅십자수  DIY: 8번 꽃사슴 (15cm 20cm)
784016475,SELLBLOG,NORMAL,6살 따님 시작했어요~ 근데 위에 붙여둔게 불편해요ㅠㅠ,2020-01-11T08:38:46.000+0000,STOREFARM,5,어린이 보석십자수 DIY 캐릭터 큐빅 비즈십자수 지니맘,지니맘 큐빅십자수  DIY: 7번 소녀2  (15cm 20cm)
782704447,SELLBLOG,NORMAL,꼼꼼하게 챙겨 보내주셔서 좋구요 초등3 딸이 좋아합니다,2020-01-08T22:09:04.000+0000,STOREFARM,5,어린이 보석십자수 DIY 캐릭터 큐빅 비즈십자수 지니맘,지니맘 큐빅십자수  DIY: 2번 보라유니콘 (15cm 20cm)
793288471,SELLBLOG,NORMAL,"아이가 하루종일 앉아서 할정도로 좋아하고
완성하니 너무예쁘네요",2020-02-01T04:53:35.000+0000,STOREFARM,5,어린이 보석십자수 DIY 캐릭터 큐빅 비즈십자수 지니맘,지니맘 큐빅십자수  DIY: 8번 꽃사슴 (15cm 20cm)
785005431,SELLBLOG,NORMAL,이뻐요 너뮤 ㅎㅎ 아이랑같이하니 재밌네요,2020-01-13T10:06:44.000+0000,STOREFARM,5,어린이 보석십자수 DIY 캐릭터 큐빅 비즈십자수 지니맘,지니맘 큐빅십자수  DIY: 8번 꽃사슴 (15cm 20cm)
779034983,SELLBLOG,NORMAL,아주 안했는데 기대됩니다. 유니콘은 완성했는데 꽃사슴은 아직. 근데 진짜 이쁠것같아요.보석들이 색감도 좋고 넘 이뿌네요,2020-01-01T10:00:41.000+0000,STOREFARM,5,어린이 보석십자수 DIY 캐릭터 큐빅 비즈십자수 지니맘,지니맘 큐빅십자수  DIY: 8번 꽃사슴 (15cm 20cm)
785018776,SELLBLOG,NORMAL,이뻐요 여러가지 다양해서 좋네요,2020-01-13T10:41:17.000+0000,STOREFARM,4,어린이 보석십자수 DIY 캐릭터 큐빅 비즈십자수 지니맘,지니맘 큐빅십자수  DIY: 1번 유니콘 (15cm 20cm)
784007682,SELLBLOG,NORMAL,대기중이예요^^ 아이들 너무좋아하네요,2020-01-11T08:18:03.000+0000,STOREFARM,5,어린이 보석십자수 DIY 캐릭터 큐빅 비즈십자수 지니맘,지니맘 큐빅십자수  DIY: 27번 눈사람
789772542,SELLBLOG,NORMAL,"아이가 너무 좋아해요, 어렵지 않고 정말 집중해서 재미있게 잘합니다!^^ 이러다가 한번씩 다 해보겠어여 ㅎㅎ",2020-01-22T15:00:10.000+0000,STOREFARM,5,어린이 보석십자수 DIY 캐릭터 큐빅 비즈십자수 지니맘,지니맘 큐빅십자수  DIY: 21번 별유니콘 (15cm 20cm)
790302314,SELLBLOG,NORMAL,아이가 너무 좋아해요^^ 액자가 어떨지 몰라 하나만 샀는데 갯수대로 살걸 그랬어요. 다시 주문해야겠네요^^;,2020-01-24T07:58:16.000+0000,STOREFARM,5,어린이 보석십자수 DIY 캐릭터 큐빅 비즈십자수 지니맘,지니맘 큐빅십자수  DIY: 17번 가면 (15cm 20cm)
786878519,SELLBLOG,NORMAL,아이가너무좋아할것같네요,2020-01-17T00:33:00.000+0000,STOREFARM,5,어린이 보석십자수 DIY 캐릭터 큐빅 비즈십자수 지니맘,지니맘 큐빅십자수  DIY: 21번 별유니콘 (15cm 20cm)
793472613,SELLBLOG,NORMAL,병원에입원할때  시간보내려고 사줬어요  아주집중해서 했지요ㅋ,2020-02-01T11:33:27.000+0000,STOREFARM,3,어린이 보석십자수 DIY 캐릭터 큐빅 비즈십자수 지니맘,지니맘 큐빅십자수  DIY: 22번 부엉이 (15cm 20cm)
785019036,SELLBLOG,NORMAL,배송빨라요 이뻐요 아이가 좋아해요,2020-01-13T10:41:56.000+0000,STOREFARM,4,어린이 보석십자수 DIY 캐릭터 큐빅 비즈십자수 지니맘,지니맘 큐빅십자수  DIY: 9번 겨울사슴 (15cm 20cm)
784008185,SELLBLOG,NORMAL,아이들이 골라기다리는중이예요 꼼꼼하게챙겨주시고 좋네요^^,2020-01-11T08:19:15.000+0000,STOREFARM,5,어린이 보석십자수 DIY 캐릭터 큐빅 비즈십자수 지니맘,지니맘 큐빅십자수  DIY: 23번 사자 (15cm 20cm)
779950062,SELLBLOG,NORMAL,"아이가 하기도 좋고 퀄리티도 좋으네요.
아이언맨..캡틴로고 작업해서 액자에 끼워놓으니 고급져요~",2020-01-03T09:03:57.000+0000,STOREFARM,5,어린이 보석십자수 DIY 캐릭터 큐빅 비즈십자수 지니맘,지니맘 큐빅십자수  DIY: 17번 가면 (15cm 20cm)
793400821,SELLBLOG,NORMAL,"아이들이 작은거 만들어보고
큰것도 만들어보고 싶다고해서요
좋아해요",2020-02-01T08:47:27.000+0000,STOREFARM,5,어린이 보석십자수 DIY 캐릭터 큐빅 비즈십자수 지니맘,지니맘 큐빅십자수  DIY: 7번 소녀2  (15cm 20cm)
786878282,SELLBLOG,NORMAL,아이가 너무 좋아할것같네요!!,2020-01-17T00:32:27.000+0000,STOREFARM,5,어린이 보석십자수 DIY 캐릭터 큐빅 비즈십자수 지니맘,지니맘 큐빅십자수  DIY: 20번 거미 (15cm 20cm)
800765378,SELLBLOG,NORMAL,번창하세^^^^^^^^,2020-02-15T02:56:12.000+0000,STOREFARM,3,어린이 보석십자수 DIY 캐릭터 큐빅 비즈십자수 지니맘,지니맘 큐빅십자수  DIY: 12번 슈퍼마리오 (15cm 20cm)
779034030,SELLBLOG,NORMAL,보석이 진짜 이뿌네요. 싸이즈가 있다보니 오래걸리긴 했는데 시간때우기 좋겠어요. 딸아이가 아주 만족합니다~^^,2020-01-01T09:57:34.000+0000,STOREFARM,5,어린이 보석십자수 DIY 캐릭터 큐빅 비즈십자수 지니맘,지니맘 큐빅십자수  DIY: 21번 별유니콘 (15cm 20cm)
799681291,SELLBLOG,NORMAL,좋아요.. 좋아요.,2020-02-13T04:38:35.000+0000,STOREFARM,5,어린이 보석십자수 DIY 캐릭터 큐빅 비즈십자수 지니맘,지니맘 큐빅십자수  DIY: 12번 슈퍼마리오 (15cm 20cm)
785004849,SELLBLOG,NORMAL,이뻐요 아이가재밌어하네요 ㅎ,2020-01-13T10:05:11.000+0000,STOREFARM,5,어린이 보석십자수 DIY 캐릭터 큐빅 비즈십자수 지니맘,지니맘 큐빅십자수  DIY: 1번 유니콘 (15cm 20cm)
782387406,SELLBLOG,NORMAL,아무 생각없이 집중할 수 있어요 ㅋㅋㅋ 완성하면 너무 이쁘구요 ㅎㅎ,2020-01-08T07:42:11.000+0000,STOREFARM,5,어린이 보석십자수 DIY 캐릭터 큐빅 비즈십자수 지니맘,지니맘 큐빅십자수  DIY: 7번 소녀2  (15cm 20cm)
784873131,SELLBLOG,NORMAL,시간가는줄모르고하나 어깨통증이 생기네요ㅎㅎ,2020-01-13T05:10:49.000+0000,STOREFARM,4,어린이 보석십자수 DIY 캐릭터 큐빅 비즈십자수 지니맘,지니맘 큐빅십자수  DIY: 17번 가면 (15cm 20cm)
780024201,SELLBLOG,NORMAL,사진으로 반짝임이 보이지않아 아쉽네요 넘 이뻐요 계속 이것만 하려해서 말렸어요,2020-01-03T11:29:28.000+0000,STOREFARM,5,어린이 보석십자수 DIY 캐릭터 큐빅 비즈십자수 지니맘,지니맘 큐빅십자수  DIY: 21번 별유니콘 (15cm 20cm)
810046926,SELLBLOG,AFTER_USE,좋아요~~좋아요~~,2020-03-02T15:17:56.000+0000,STOREFARM,5,어린이 보석십자수 DIY 캐릭터 큐빅 비즈십자수 지니맘,지니맘 큐빅십자수  DIY: 20번 거미 (15cm 20cm)
778547548,SELLBLOG,NORMAL,"빠른배송감사드려요!!
방학때 뭐할까했는데..잠시나마 즐겁게 집중할시간이생겨좋네요!! 아이가 엄청 좋아해요!!",2019-12-31T04:24:01.000+0000,STOREFARM,5,어린이 보석십자수 DIY 캐릭터 큐빅 비즈십자수 지니맘,지니맘 큐빅십자수  DIY: 23번 사자 (15cm 20cm)
787558139,SELLBLOG,NORMAL,집중해서 한참 하네요^^,2020-01-18T07:38:29.000+0000,STOREFARM,5,어린이 보석십자수 DIY 캐릭터 큐빅 비즈십자수 지니맘,지니맘 큐빅십자수  DIY: 21번 별유니콘 (15cm 20cm)
784810980,SELLBLOG,AFTER_USE,친구한테 생일선물로 줬는데 너무 좋아요^^,2020-01-13T03:09:23.000+0000,STOREFARM,5,지니맘 어린이 보석십자수 캐릭터 큐빅십자수,지니맘 큐빅십자수  DIY: 17번 가면 (15cm 20cm)
794705487,SELLBLOG,NORMAL,배송도빠르고너무좋습니다,2020-02-04T07:22:48.000+0000,STOREFARM,5,어린이 보석십자수 DIY 캐릭터 큐빅 비즈십자수 지니맘,지니맘 큐빅십자수  DIY: 13번 스폰지밥 (15cm 20cm)
794705293,SELLBLOG,NORMAL,배송도빠르고너무좋습니다,2020-02-04T07:22:30.000+0000,STOREFARM,5,어린이 보석십자수 DIY 캐릭터 큐빅 비즈십자수 지니맘,지니맘 큐빅십자수  DIY: 25번 미니2  (15cm 20cm)
792417637,SELLBLOG,NORMAL,가격대비ㅡ너무좋아요 아이들이 정말좋아해요,2020-01-30T10:41:27.000+0000,STOREFARM,5,어린이 보석십자수 DIY 캐릭터 큐빅 비즈십자수 지니맘,지니맘 큐빅십자수  DIY: 1번 유니콘 (15cm 20cm)
792722400,SELLBLOG,NORMAL,화사하니 예쁩니다. 손쉽게 할 수 있어서 정말 좋았습니다.,2020-01-31T02:37:26.000+0000,STOREFARM,5,어린이 보석십자수 DIY 캐릭터 큐빅 비즈십자수 지니맘,지니맘 큐빅십자수  DIY: 8번 꽃사슴 (15cm 20cm)
788138006,SELLBLOG,NORMAL,음 큐빅상태가 영 좋지않아요 불량이 많네요 그래도 아이들이 하기엔 좋은 사이즈고 아이들도 좋아해서 다행이에요,2020-01-19T12:36:49.000+0000,STOREFARM,3,어린이 보석십자수 DIY 캐릭터 큐빅 비즈십자수 지니맘,지니맘 큐빅십자수  DIY: 20번 거미 (15cm 20cm)
788617541,SELLBLOG,AFTER_USE,"불량보석도 간간히 나왔지만 
여유분이 넉넉히 들어있어서 완성하는데 큰지장은없었습니다
초2아이가 혼자서 열심히완성해나갈수있어 좋았어요",2020-01-20T11:01:48.000+0000,STOREFARM,5,지니맘 어린이 보석십자수 캐릭터 큐빅십자수,지니맘 큐빅십자수  DIY: 9번 겨울사슴 (15cm 20cm)
786185743,SELLBLOG,NORMAL,애들 넘 좋아해여 너무 이뻐요~~^^,2020-01-15T13:55:14.000+0000,STOREFARM,5,어린이 보석십자수 DIY 캐릭터 큐빅 비즈십자수 지니맘,지니맘 큐빅십자수  DIY: 13번 스폰지밥 (15cm 20cm)
786185467,SELLBLOG,NORMAL,애들 넘 좋아해여 너무 이뻐요~~^^,2020-01-15T13:54:46.000+0000,STOREFARM,5,어린이 보석십자수 DIY 캐릭터 큐빅 비즈십자수 지니맘,지니맘 큐빅십자수  DIY: 17번 가면 (15cm 20cm)
785018541,SELLBLOG,NORMAL,좋아요 배송빠르고요,2020-01-13T10:40:40.000+0000,STOREFARM,4,어린이 보석십자수 DIY 캐릭터 큐빅 비즈십자수 지니맘,지니맘 큐빅십자수  DIY: 20번 거미 (15cm 20cm)
789846418,SELLBLOG,NORMAL,넘 괜찮아요 스티커부분 반나눠주시고 아이들하기  편하게 잘되있어요,2020-01-22T23:54:26.000+0000,STOREFARM,5,어린이 보석십자수 DIY 캐릭터 큐빅 비즈십자수 지니맘,지니맘 큐빅십자수  DIY: 12번 슈퍼마리오 (15cm 20cm)
807562316,SELLBLOG,NORMAL,만족합니다 만족합니다,2020-02-27T11:21:53.000+0000,STOREFARM,5,어린이 보석십자수 DIY 캐릭터 큐빅 비즈십자수 지니맘,지니맘 큐빅십자수  DIY: 10번 안경토끼 (15cm 20cm)
807562152,SELLBLOG,NORMAL,만족합니다 만족합니다,2020-02-27T11:21:40.000+0000,STOREFARM,5,어린이 보석십자수 DIY 캐릭터 큐빅 비즈십자수 지니맘,지니맘 큐빅십자수  DIY: 9번 겨울사슴 (15cm 20cm)
807561893,SELLBLOG,NORMAL,만족합니다 만족합니다,2020-02-27T11:21:18.000+0000,STOREFARM,5,어린이 보석십자수 DIY 캐릭터 큐빅 비즈십자수 지니맘,지니맘 큐빅십자수  DIY: 3번 분홍사슴 (15cm 20cm)
807561710,SELLBLOG,NORMAL,만족합니다 만족합니다,2020-02-27T11:21:05.000+0000,STOREFARM,5,어린이 보석십자수 DIY 캐릭터 큐빅 비즈십자수 지니맘,지니맘 큐빅십자수  DIY: 18번 망치 (15cm 20cm)
785275827,SELLBLOG,NORMAL,넘 귀엽고 아이가 좋아해요,2020-01-14T03:34:51.000+0000,STOREFARM,5,어린이 보석십자수 DIY 캐릭터 큐빅 비즈십자수 지니맘,지니맘 큐빅십자수  DIY: 2번 보라유니콘 (15cm 20cm)
794433803,SELLBLOG,NORMAL,딸아이가 너무 좋아합니다,2020-02-03T15:12:56.000+0000,STOREFARM,5,어린이 보석십자수 DIY 캐릭터 큐빅 비즈십자수 지니맘,지니맘 큐빅십자수  DIY: 25번 미니2  (15cm 20cm)
776428096,SELLBLOG,NORMAL,배송 포장 마음에 듭니다~아직 해보진 못했어요~ 아이가 넘 마음에 들어해요~^^  예쁘게 만들겠습니다~,2019-12-26T07:35:45.000+0000,STOREFARM,5,어린이 보석십자수 DIY 캐릭터 큐빅 비즈십자수 지니맘,지니맘 큐빅십자수  DIY: 2번 보라유니콘 (15cm 20cm)
792816417,SELLBLOG,NORMAL,좋아요 몇 번 재구매 했어요,2020-01-31T05:52:00.000+0000,STOREFARM,4,어린이 보석십자수 DIY 캐릭터 큐빅 비즈십자수 지니맘,지니맘 큐빅십자수  DIY: 9번 겨울사슴 (15cm 20cm)
793088969,SELLBLOG,NORMAL,다만들고나니 예쁘고 뿌듯해하네요 7살,2020-01-31T14:48:33.000+0000,STOREFARM,5,어린이 보석십자수 DIY 캐릭터 큐빅 비즈십자수 지니맘,지니맘 큐빅십자수  DIY: 21번 별유니콘 (15cm 20cm)
783293151,SELLBLOG,NORMAL,"재료도 넉넉하고 색깔도 이쁘고..
딸이 참 재미있어했습니다^^",2020-01-09T23:30:06.000+0000,STOREFARM,5,어린이 보석십자수 DIY 캐릭터 큐빅십자수 지니맘,지니맘 큐빅십자수  DIY: 1번 유니콘 (15cm 20cm)
784071901,SELLBLOG,NORMAL,잘 받았습니다~ 이틀만에 완성했네용,2020-01-11T10:56:16.000+0000,STOREFARM,5,어린이 보석십자수 DIY 캐릭터 큐빅 비즈십자수 지니맘,지니맘 큐빅십자수  DIY: 18번 망치 (15cm 20cm)
778339035,SELLBLOG,NORMAL,아이들이 집중해서 만들기 너무 좋고 포장상태도 좋아요 큐빅도 예쁘고 넉넉히 들어있어요,2019-12-30T12:09:47.000+0000,STOREFARM,5,어린이 보석십자수 DIY 캐릭터 큐빅 비즈십자수 지니맘,지니맘 큐빅십자수  DIY: 22번 부엉이 (15cm 20cm)
794853294,SELLBLOG,NORMAL,아이가정말좋아해요..,2020-02-04T11:15:21.000+0000,STOREFARM,3,어린이 보석십자수 DIY 캐릭터 큐빅 비즈십자수 지니맘,지니맘 큐빅십자수  DIY: 8번 꽃사슴 (15cm 20cm)
784072234,SELLBLOG,NORMAL,잘 받았습니다~ 이틀만에 완성했네요~,2020-01-11T10:56:59.000+0000,STOREFARM,5,어린이 보석십자수 DIY 캐릭터 큐빅 비즈십자수 지니맘,지니맘 큐빅십자수  DIY: 24번 미니1 (15cm 20cm)
776542633,SELLBLOG,NORMAL,"4살 1월생 아이가 고른 아이언맨이에요.
8살 누나는 혼자 척척하는데 둘째는 제가 옆에서 조금 도와줘야해요. 그래도 둘이 앉아서 열심히 하네요. ^^",2019-12-26T11:59:32.000+0000,STOREFARM,5,지니맘 어린이 보석십자수 캐릭터 큐빅십자수,지니맘 큐빅십자수  DIY: 17번 가면 (15cm 20cm)
790656061,SELLBLOG,NORMAL,아이들이좋아해요  재미있어합니다,2020-01-25T23:43:59.000+0000,STOREFARM,5,어린이 보석십자수 DIY 캐릭터 큐빅 비즈십자수 지니맘,지니맘 큐빅십자수  DIY: 8번 꽃사슴 (15cm 20cm)
791845287,SELLBLOG,NORMAL,"방학때 놀이하려고 샀어요~
이쁘네요~^^",2020-01-29T10:28:33.000+0000,STOREFARM,4,어린이 보석십자수 DIY 캐릭터 큐빅 비즈십자수 지니맘,지니맘 큐빅십자수  DIY: 14번 슈퍼맨 (15cm 20cm)
791845239,SELLBLOG,NORMAL,"방학때 놀이하려고 샀어요~
이쁘네요~^^",2020-01-29T10:28:28.000+0000,STOREFARM,4,어린이 보석십자수 DIY 캐릭터 큐빅 비즈십자수 지니맘,지니맘 큐빅십자수  DIY: 9번 겨울사슴 (15cm 20cm)
785005635,SELLBLOG,NORMAL,ㄱ아이가 그나마 오래앉아서 잘해요,2020-01-13T10:07:14.000+0000,STOREFARM,5,어린이 보석십자수 DIY 캐릭터 큐빅 비즈십자수 지니맘,지니맘 큐빅십자수  DIY: 22번 부엉이 (15cm 20cm)
780273312,SELLBLOG,NORMAL,좋아용 9살6살아이들이좋아해요 시간떼우기짱,2020-01-04T03:12:21.000+0000,STOREFARM,5,어린이 보석십자수 DIY 캐릭터 큐빅 비즈십자수 지니맘,지니맘 큐빅십자수  DIY: 21번 별유니콘 (15cm 20cm)
793520847,SELLBLOG,NORMAL,좋아요~ 배송빠름~ 44,2020-02-01T13:21:44.000+0000,STOREFARM,4,어린이 보석십자수 DIY 캐릭터 큐빅 비즈십자수 지니맘,지니맘 큐빅십자수  DIY: 2번 보라유니콘 (15cm 20cm)
793288627,SELLBLOG,NORMAL,아이가 너무 좋아하고 예뻐요,2020-02-01T04:53:57.000+0000,STOREFARM,5,어린이 보석십자수 DIY 캐릭터 큐빅 비즈십자수 지니맘,지니맘 큐빅십자수  DIY: 6번 소녀1  (15cm 20cm)
775299771,SELLBLOG,AFTER_USE,"아이들이 넘 좋아해요^^
다양한 디자인이 많이 나왔음 좋겠어요. 스파이터맨은 오타가 있어서 E로 고쳤네요. 아이 마음대로 색이나 디자인 변경해서 했더니 더 뿌듯해 하네요^^",2019-12-23T07:55:44.000+0000,STOREFARM,5,지니맘 어린이 보석십자수 캐릭터 큐빅십자수,지니맘 큐빅십자수  DIY: 20번 거미 (15cm 20cm)
788668392,SELLBLOG,NORMAL,두번째 구입하는건데 아이들이 재미나게 만드네요.완성지으니 귀엽네요,2020-01-20T12:57:57.000+0000,STOREFARM,5,어린이 보석십자수 DIY 캐릭터 큐빅 비즈십자수 지니맘,지니맘 큐빅십자수  DIY: 13번 스폰지밥 (15cm 20cm)
773444063,SELLBLOG,NORMAL,배송 빠르고 포장도 꼼꼼하게 잘왔어요. 도안이 아이들이 좋아하는 도안에 액자까지 넣을 수 있어서 여러군데 찾아보다 구매했어요. 애들이ㅜ너무 좋아하네요~ 얼른 완성하고 딴것도 만들고 싶다고 난리에요,2019-12-19T08:52:30.000+0000,STOREFARM,5,어린이 보석십자수 DIY 캐릭터 큐빅 비즈십자수 지니맘,지니맘 큐빅십자수  DIY: 7번 소녀2  (15cm 20cm)
793400971,SELLBLOG,NORMAL,방학동안 잘만들어볼께요,2020-02-01T08:47:50.000+0000,STOREFARM,5,어린이 보석십자수 DIY 캐릭터 큐빅 비즈십자수 지니맘,지니맘 큐빅십자수  DIY: 6번 소녀1  (15cm 20cm)
781176081,SELLBLOG,NORMAL,잘했네요 액자에넣을람 잘라야해요,2020-01-06T02:52:15.000+0000,STOREFARM,3,어린이 보석십자수 DIY 캐릭터 큐빅 비즈십자수 지니맘,지니맘 큐빅십자수  DIY: 7번 소녀2  (15cm 20cm)
790377868,SELLBLOG,AFTER_USE,아이가 보석십자수를 좋아해서 샀는데 보석크기가 여러가지라 더 재미있고 예쁘네요~,2020-01-24T13:29:33.000+0000,STOREFARM,5,지니맘 어린이 보석십자수 캐릭터 큐빅십자수,지니맘 큐빅십자수  DIY: 22번 부엉이 (15cm 20cm)
777851674,SELLBLOG,NORMAL,"아이가 하고 싶다해서 구매 했어요 
주말동안 잘 했네요 
심심하지 않고 즐거운 시간 보냈어요",2019-12-29T11:21:16.000+0000,STOREFARM,5,어린이 보석십자수 DIY 캐릭터 큐빅 비즈십자수 지니맘,지니맘 큐빅십자수  DIY: 26번 돌고래(15cm 20cm)
782704321,SELLBLOG,NORMAL,빠른 배송 꼼꼼한 구성물에 만족합니다,2020-01-08T22:08:13.000+0000,STOREFARM,5,어린이 보석십자수 DIY 캐릭터 큐빅 비즈십자수 지니맘,지니맘 큐빅십자수  DIY: 16번 별 (15cm 20cm)
806349981,SELLBLOG,NORMAL,ㅇㅏ이들이좋아합니다.,2020-02-25T14:40:00.000+0000,STOREFARM,5,어린이 보석십자수 DIY 캐릭터 큐빅 비즈십자수 지니맘,지니맘 큐빅십자수  DIY: 16번 별 (15cm 20cm)
792208118,SELLBLOG,NORMAL,아이가정말좋아하고 재밌어하네요~,2020-01-30T04:15:07.000+0000,STOREFARM,5,어린이 보석십자수 DIY 캐릭터 큐빅 비즈십자수 지니맘,지니맘 큐빅십자수  DIY: 12번 슈퍼마리오 (15cm 20cm)
790226637,SELLBLOG,NORMAL,연휴동안 할려고 시켰는데 포장도 꼼꼼하고 도안이 코팅되어 있어서 좋네요~~,2020-01-24T02:20:17.000+0000,STOREFARM,5,어린이 보석십자수 DIY 캐릭터 큐빅 비즈십자수 지니맘,지니맘 큐빅십자수  DIY: 20번 거미 (15cm 20cm)
785004965,SELLBLOG,NORMAL,아이가너무좋아해요^^,2020-01-13T10:05:30.000+0000,STOREFARM,5,어린이 보석십자수 DIY 캐릭터 큐빅 비즈십자수 지니맘,지니맘 큐빅십자수  DIY: 7번 소녀2  (15cm 20cm)
789325339,SELLBLOG,NORMAL,초등4조카 선물로줫어요  방학이라 시간때우기 좋을듯해요,2020-01-21T23:54:57.000+0000,STOREFARM,5,어린이 보석십자수 DIY 캐릭터 큐빅 비즈십자수 지니맘,지니맘 큐빅십자수  DIY: 21번 별유니콘 (15cm 20cm)
786930052,SELLBLOG,NORMAL,코팅이 되어있어 액자에 넣어도 형태가 잘 유지됩니다. 큐빅도 넉넉히 들어 있어 만족스럽습니다~,2020-01-17T02:18:12.000+0000,STOREFARM,5,어린이 보석십자수 DIY 캐릭터 큐빅 비즈십자수 지니맘,지니맘 큐빅십자수  DIY: 7번 소녀2  (15cm 20cm)
780269937,SELLBLOG,NORMAL,"아이가 너무 좋아해요~~
방학때 시간 떼우기 너무 좋네요",2020-01-04T03:04:18.000+0000,STOREFARM,5,어린이 보석십자수 DIY 캐릭터 큐빅 비즈십자수 지니맘,지니맘 큐빅십자수  DIY: 17번 가면 (15cm 20cm)
780272890,SELLBLOG,NORMAL,좋아요6살아이도너무잘해요 재구매의사있어요,2020-01-04T03:11:18.000+0000,STOREFARM,5,어린이 보석십자수 DIY 캐릭터 큐빅 비즈십자수 지니맘,지니맘 큐빅십자수  DIY: 1번 사탕(15cm 15cm)
776541252,SELLBLOG,NORMAL,"포장도 꼼꼼히 배송도 빠르게 왔어요.
8살 아이 혼자서 척척 잘합니다.
시간이 후딱 잘가요. 집중력도 좋아지는것 같아요.",2019-12-26T11:56:22.000+0000,STOREFARM,5,지니맘 어린이 보석십자수 캐릭터 큐빅십자수,지니맘 큐빅십자수  DIY: 8번 꽃사슴 (15cm 20cm)
780022187,SELLBLOG,NORMAL,색감 너무 좋네요^^ 단지 더 촘촘하게하면 더 좋을거같아요~~,2020-01-03T11:25:38.000+0000,STOREFARM,5,어린이 보석십자수 DIY 캐릭터 큐빅 비즈십자수 지니맘,지니맘 큐빅십자수  DIY: 2번 보라유니콘 (15cm 20cm)
790965320,SELLBLOG,NORMAL,너무좋아요 예쁘고 애들줄려고샀는데 제가 더하네요,2020-01-27T03:50:43.000+0000,STOREFARM,5,어린이 보석십자수 DIY 캐릭터 큐빅 비즈십자수 지니맘,지니맘 큐빅십자수  DIY: 7번 소녀2  (15cm 20cm)
793419710,SELLBLOG,NORMAL,애들이 너무 좋아하네요.~,2020-02-01T09:29:59.000+0000,STOREFARM,5,어린이 보석십자수 DIY 캐릭터 큐빅 비즈십자수 지니맘,지니맘 큐빅십자수  DIY: 20번 거미 (15cm 20cm)
778576852,SELLBLOG,NORMAL,"크기도 크고 완전 화려한 사슴이네요~
아이들과 재미있게 했어요",2019-12-31T05:36:48.000+0000,STOREFARM,5,어린이 보석십자수 DIY 캐릭터 큐빅 비즈십자수 지니맘,지니맘 큐빅십자수  DIY: 5번  반짝이 사슴 (15cm 20cm)
777851116,SELLBLOG,NORMAL,"잘만들었어요 
아이가 하고 싶다해서 구매 했어요 
재미있다 하네요 
또 하고 싶다해서 조만간 또 구매 할께요",2019-12-29T11:20:05.000+0000,STOREFARM,5,어린이 보석십자수 DIY 캐릭터 큐빅 비즈십자수 지니맘,지니맘 큐빅십자수  DIY: 21번 별유니콘 (15cm 20cm)
784656962,SELLBLOG,NORMAL,"아이들 방학이라 지루해해서 주문했는데...
의외로 좋아하고 완성하고 아이들방에 걸어주니 너무 만족해합니다, 작은 성취감을 느끼게 했네요~~!!",2020-01-12T16:55:19.000+0000,STOREFARM,5,어린이 보석십자수 DIY 캐릭터 큐빅 비즈십자수 지니맘,지니맘 큐빅십자수  DIY: 4번 홍학 (15cm 20cm)
783324057,SELLBLOG,NORMAL,아이가 아주 열심히 하네요,2020-01-10T00:52:33.000+0000,STOREFARM,5,어린이 보석십자수 DIY 캐릭터 큐빅 비즈십자수 지니맘,지니맘 큐빅십자수  DIY: 21번 별유니콘 (15cm 20cm)
783323862,SELLBLOG,NORMAL,아이가 아주 열심히 하네요,2020-01-10T00:52:08.000+0000,STOREFARM,5,어린이 보석십자수 DIY 캐릭터 큐빅 비즈십자수 지니맘,지니맘 큐빅십자수  DIY: 11번 클로버 (15cm 20cm)
783323566,SELLBLOG,NORMAL,아이가 아주 열심히 하네요,2020-01-10T00:51:27.000+0000,STOREFARM,5,어린이 보석십자수 DIY 캐릭터 큐빅 비즈십자수 지니맘,지니맘 큐빅십자수  DIY: 2번 보라유니콘 (15cm 20cm)
772706615,SELLBLOG,NORMAL,도안 접착력도 좋고 반짝반짝 예쁘네요. 큐빅 불량이 가끔씩 있긴한데 완성해도 여유가 많이 남아서 걱정없어요.,2019-12-18T02:36:56.000+0000,STOREFARM,5,어린이 보석십자수 DIY 캐릭터 큐빅 비즈십자수 지니맘,지니맘 큐빅십자수  DIY: 17번 가면 (15cm 20cm)
792983216,SELLBLOG,NORMAL,"배송도 빠르고 좋아요ㆍ
아이가 좋아요ㆍ",2020-01-31T11:13:05.000+0000,STOREFARM,5,어린이 보석십자수 DIY 캐릭터 큐빅 비즈십자수 지니맘,지니맘 큐빅십자수  DIY: 9번 겨울사슴 (15cm 20cm)
771768209,SELLBLOG,AFTER_USE,"만들어 놓고 보니 너무 이쁘네요.  ^^
애들 시간떼우기로는 좋아요.
그리고 큐빅 넉넉하게 들어있어서.. 가끔 불량 큐빅 제외하고도 여유로워요. 부족하면 어쩌나 하는 걱정안하셔도 되요. 
우선 완료한거 올려봅니다.",2019-12-16T02:33:42.000+0000,STOREFARM,5,지니맘 어린이 보석십자수 캐릭터 큐빅십자수,지니맘 큐빅십자수  DIY: 21번 별유니콘 (15cm 20cm)
778339725,SELLBLOG,NORMAL,아이들이 집중해서 만들기 너무 좋아요. 꼼꼼한 포장도 좋네요,2019-12-30T12:11:37.000+0000,STOREFARM,5,어린이 보석십자수 DIY 캐릭터 큐빅 비즈십자수 지니맘,지니맘 큐빅십자수  DIY: 21번 별유니콘 (15cm 20cm)
790060555,SELLBLOG,NORMAL,스폰지밥 귀여워용ㅋㅋㅋ재구매의사 있어요,2020-01-23T09:48:59.000+0000,STOREFARM,5,어린이 보석십자수 DIY 캐릭터 큐빅 비즈십자수 지니맘,지니맘 큐빅십자수  DIY: 13번 스폰지밥 (15cm 20cm)
777812470,SELLBLOG,NORMAL,재밌네요 초1은 아주잘하고 5살은 시간이 매우걸림. 엄마가 자꾸 함 ㅠㅠ,2019-12-29T09:45:49.000+0000,STOREFARM,5,어린이 보석십자수 DIY 캐릭터 큐빅 비즈십자수 지니맘,지니맘 큐빅십자수  DIY: 6번 소녀1  (15cm 20cm)
780273715,SELLBLOG,NORMAL,좋아요 6살아이 인내력키우기최고네요~,2020-01-04T03:13:18.000+0000,STOREFARM,5,어린이 보석십자수 DIY 캐릭터 큐빅 비즈십자수 지니맘,지니맘 큐빅십자수  DIY: 6번 소녀1  (15cm 20cm)
787030617,SELLBLOG,NORMAL,"아이가 너무 좋아해요~
예쁜그림 다양한 그림들이 많아 좋습니다
다음에 또 구입할께요~",2020-01-17T05:38:16.000+0000,STOREFARM,5,어린이 보석십자수 DIY 캐릭터 큐빅 비즈십자수 지니맘,지니맘 큐빅십자수  DIY: 8번 꽃사슴 (15cm 20cm)
788857798,SELLBLOG,NORMAL,좋은상품 감사해요 아이가 집중하며 만족해합니다,2020-01-21T02:35:03.000+0000,STOREFARM,5,어린이 보석십자수 DIY 캐릭터 큐빅 비즈십자수 지니맘,지니맘 큐빅십자수  DIY: 22번 부엉이 (15cm 20cm)
777850619,SELLBLOG,NORMAL,"아이가 하고 싶다 해서 구매 했어요 
재미있게 잘 만들었어요 
아기가 또 하고 싶다 하네요",2019-12-29T11:19:00.000+0000,STOREFARM,5,어린이 보석십자수 DIY 캐릭터 큐빅 비즈십자수 지니맘,지니맘 큐빅십자수  DIY: 1번 유니콘 (15cm 20cm)
781176357,SELLBLOG,NORMAL,좋아요 잘했어요 아이도 좋아해요,2020-01-06T02:52:47.000+0000,STOREFARM,3,어린이 보석십자수 DIY 캐릭터 큐빅 비즈십자수 지니맘,지니맘 큐빅십자수  DIY: 28번 산타
793520706,SELLBLOG,NORMAL,배송도 빠르고 괜츈ㅋㅋ,2020-02-01T13:21:26.000+0000,STOREFARM,4,어린이 보석십자수 DIY 캐릭터 큐빅 비즈십자수 지니맘,지니맘 큐빅십자수  DIY: 3번 분홍사슴 (15cm 20cm)
793520529,SELLBLOG,NORMAL,아이들이 좋아해요~^^,2020-02-01T13:21:05.000+0000,STOREFARM,4,어린이 보석십자수 DIY 캐릭터 큐빅 비즈십자수 지니맘,지니맘 큐빅십자수  DIY: 6번 소녀1  (15cm 20cm)
789910129,SELLBLOG,AFTER_USE,딸 아이가 좋아하고 아주 잘 하고 있네요 여기 제품이러다 다 사겠어요 ㅎㅎ,2020-01-23T02:41:41.000+0000,STOREFARM,5,지니맘 어린이 보석십자수 캐릭터 큐빅십자수,지니맘 큐빅십자수  DIY: 27번 눈사람
782316920,SELLBLOG,AFTER_USE,아이가 좋아하고 이쁩니다,2020-01-08T05:35:57.000+0000,STOREFARM,4,지니맘 어린이 보석십자수 캐릭터 큐빅십자수,지니맘 큐빅십자수  DIY: 15번 베트맨 (15cm 20cm)
790488364,SELLBLOG,NORMAL,"아이가 좋아합니다.
액자구입못한게 아쉬워요",2020-01-25T04:58:34.000+0000,STOREFARM,4,어린이 보석십자수 DIY 캐릭터 큐빅 비즈십자수 지니맘,지니맘 큐빅십자수  DIY: 8번 꽃사슴 (15cm 20cm)
789325605,SELLBLOG,NORMAL,초등학생이좋아해요 방학때 딱,2020-01-21T23:55:36.000+0000,STOREFARM,5,어린이 보석십자수 DIY 캐릭터 큐빅 비즈십자수 지니맘,지니맘 큐빅십자수  DIY: 3번 분홍사슴 (15cm 20cm)
787855625,SELLBLOG,NORMAL,"집중하고 하면 몇시간이나 지났는지 몰라요
너무 재밌어요",2020-01-19T01:15:25.000+0000,STOREFARM,5,어린이 보석십자수 DIY 캐릭터 큐빅 비즈십자수 지니맘,지니맘 큐빅십자수  DIY: 3번 분홍사슴 (15cm 20cm)
777681569,SELLBLOG,NORMAL,"큐빅을 정말 여유있게 많이 주셨네요~
하나 완성하고도 많이 남았어요~",2019-12-29T03:57:24.000+0000,STOREFARM,5,어린이 보석십자수 DIY 캐릭터 큐빅 비즈십자수 지니맘,지니맘 큐빅십자수  DIY: 7번 소녀2  (15cm 20cm)
777043651,SELLBLOG,NORMAL,"아이가 골랐는데 저녁내내 하네요~
저도 재밌어서 더주문하고싶어요",2019-12-27T13:05:39.000+0000,STOREFARM,5,어린이 보석십자수 DIY 캐릭터 큐빅 비즈십자수 지니맘,지니맘 큐빅십자수  DIY: 3번 분홍사슴 (15cm 20cm)
792983755,SELLBLOG,NORMAL,아이가 너무 좋아해요ㆍ,2020-01-31T11:14:13.000+0000,STOREFARM,5,어린이 보석십자수 DIY 캐릭터 큐빅 비즈십자수 지니맘,지니맘 큐빅십자수  DIY: 12번 슈퍼마리오 (15cm 20cm)
792983536,SELLBLOG,NORMAL,아이가 너무 좋아해요ㆍ,2020-01-31T11:13:44.000+0000,STOREFARM,5,어린이 보석십자수 DIY 캐릭터 큐빅 비즈십자수 지니맘,지니맘 큐빅십자수  DIY: 26번 돌고래(15cm 20cm)
778513278,SELLBLOG,NORMAL,집중해서 잘 사용하고 있어요.만족스러웠어요.,2019-12-31T02:47:57.000+0000,STOREFARM,5,어린이 보석십자수 DIY 캐릭터 큐빅 비즈십자수 지니맘,지니맘 큐빅십자수  DIY: 21번 별유니콘 (15cm 20cm)
777828045,SELLBLOG,AFTER_USE,"핸드폰만 하는 아이에게 선물했어요
좋아요~ 집중력 짱!!!",2019-12-29T10:27:08.000+0000,STOREFARM,4,지니맘 어린이 보석십자수 캐릭터 큐빅십자수,지니맘 큐빅십자수  DIY: 12번 슈퍼 (15cm 20cm)
788374521,SELLBLOG,NORMAL,"딸아이 친구 생일 선물로 샀는데
가격도 적당하네요
뜯어 보진 않았는데....괜찮겠죠?? ㅎ",2020-01-20T02:43:06.000+0000,STOREFARM,5,어린이 보석십자수 DIY 캐릭터 큐빅 비즈십자수 지니맘,지니맘 큐빅십자수  DIY: 1번 유니콘 (15cm 20cm)
789770714,SELLBLOG,NORMAL,너무 예뻐요 재미있게 잘 할게요,2020-01-22T14:55:35.000+0000,STOREFARM,5,어린이 보석십자수 DIY 캐릭터 큐빅 비즈십자수 지니맘,지니맘 큐빅십자수  DIY: 3번 분홍사슴 (15cm 20cm)
789423839,SELLBLOG,NORMAL,너무 예뻐요 아이들이 좋아했어요,2020-01-22T03:14:01.000+0000,STOREFARM,5,어린이 보석십자수 DIY 캐릭터 큐빅 비즈십자수 지니맘,지니맘 큐빅십자수  DIY: 8번 꽃사슴 (15cm 20cm)
790685546,SELLBLOG,NORMAL,일곱살 아이들이 하기 좋아요,2020-01-26T02:09:22.000+0000,STOREFARM,5,어린이 보석십자수 DIY 캐릭터 큐빅 비즈십자수 지니맘,지니맘 큐빅십자수  DIY: 8번 꽃사슴 (15cm 20cm)
776540079,SELLBLOG,NORMAL,"8살아이가 골랐어요.
너무 좋아해요. 집중력도 키울수있고 혼자 열심히하네요.",2019-12-26T11:53:49.000+0000,STOREFARM,5,지니맘 어린이 보석십자수 캐릭터 큐빅십자수,지니맘 큐빅십자수  DIY: 1번 유니콘 (15cm 20cm)
776540674,SELLBLOG,NORMAL,"8살아이가 골랐어요. 너무 좋아해요.
텔레비젼 안보고 보석십자수 열심히 하네요.",2019-12-26T11:55:08.000+0000,STOREFARM,5,지니맘 어린이 보석십자수 캐릭터 큐빅십자수,지니맘 큐빅십자수  DIY: 27번 눈사람
776776312,SELLBLOG,NORMAL,다른 디자인으로 재구매 했어요~ 허전한 벽에 걸어 놓으니 예쁘네요.,2019-12-27T03:43:40.000+0000,STOREFARM,5,어린이 보석십자수 DIY 캐릭터 큐빅 비즈십자수 지니맘,지니맘 큐빅십자수  DIY: 20번 거미 (15cm 20cm)
777639160,SELLBLOG,NORMAL,배송잘받았어요 큐빅화려하고 아이가 좋아하네요,2019-12-29T01:59:56.000+0000,STOREFARM,5,어린이 보석십자수 DIY 캐릭터 큐빅 비즈십자수 지니맘,지니맘 큐빅십자수  DIY: 21번 별유니콘 (15cm 20cm)
791235056,SELLBLOG,NORMAL,아이들이 즐거워하네요^^,2020-01-28T01:26:05.000+0000,STOREFARM,5,어린이 보석십자수 DIY 캐릭터 큐빅 비즈십자수 지니맘,지니맘 큐빅십자수  DIY: 25번 미니2  (15cm 20cm)
789963848,SELLBLOG,NORMAL,"배송은 빨라 좋았는데 액자하나가
깨져서 왔네요...",2020-01-23T05:04:20.000+0000,STOREFARM,4,어린이 보석십자수 DIY 캐릭터 큐빅 비즈십자수 지니맘,지니맘 큐빅십자수  DIY: 21번 별유니콘 (15cm 20cm)
778513592,SELLBLOG,NORMAL,아이들이 재미있게 그리고 쉽게 접할 수 있는 것도 좋아요,2019-12-31T02:48:49.000+0000,STOREFARM,5,어린이 보석십자수 DIY 캐릭터 큐빅 비즈십자수 지니맘,지니맘 큐빅십자수  DIY: 22번 부엉이 (15cm 20cm)
790656665,SELLBLOG,NORMAL,아이들이 재밌어해요 즐거워하네요,2020-01-25T23:48:36.000+0000,STOREFARM,5,어린이 보석십자수 DIY 캐릭터 큐빅 비즈십자수 지니맘,지니맘 큐빅십자수  DIY: 1번 유니콘 (15cm 20cm)
792943928,SELLBLOG,NORMAL,빠르고 좋아요~~~,2020-01-31T09:56:41.000+0000,STOREFARM,5,어린이 보석십자수 DIY 캐릭터 큐빅 비즈십자수 지니맘,지니맘 큐빅십자수  DIY: 13번 스폰지밥 (15cm 20cm)
792943695,SELLBLOG,NORMAL,빠르고 좋아요~~~,2020-01-31T09:56:17.000+0000,STOREFARM,5,어린이 보석십자수 DIY 캐릭터 큐빅 비즈십자수 지니맘,지니맘 큐빅십자수  DIY: 20번 거미 (15cm 20cm)
775958572,SELLBLOG,NORMAL,빠른배송. 아이들이 좋아해요. 누락이나 불량없이 왔어요. 구성도 알차네요,2019-12-25T01:56:59.000+0000,STOREFARM,5,어린이 보석십자수 DIY 캐릭터 큐빅 비즈십자수 지니맘,지니맘 큐빅십자수  DIY: 8번 꽃사슴 (15cm 20cm)
778060605,SELLBLOG,NORMAL,"반짝반짝 너무 예뻐요
비즈도 넉넉히 들었어요",2019-12-30T01:14:33.000+0000,STOREFARM,5,어린이 보석십자수 DIY 캐릭터 큐빅 비즈십자수 지니맘,지니맘 큐빅십자수  DIY: 9번 겨울사슴 (15cm 20cm)
781015810,SELLBLOG,NORMAL,"처음 접해 본 7살 여아가 도안의 1/6 스스로 하는데 40-50분 정도 걸려요. 
1시간 넘어가니 집중력 하락으로 힘들어하지만 좋아하네요. 
미세먼지 + 주말을 심심하지 않게 보냈네요",2020-01-05T15:15:35.000+0000,STOREFARM,5,어린이 보석십자수 DIY 캐릭터 큐빅 비즈십자수 지니맘,지니맘 큐빅십자수  DIY: 21번 별유니콘 (15cm 20cm)
790657460,SELLBLOG,NORMAL,아이들이 너무좋아해요,2020-01-25T23:54:27.000+0000,STOREFARM,5,어린이 보석십자수 DIY 캐릭터 큐빅 비즈십자수 지니맘,지니맘 큐빅십자수  DIY: 22번 부엉이 (15cm 20cm)
777833845,SELLBLOG,NORMAL,퀄리티도좋고 아이들도 재미있어하고 액자에 넣어 걸어주니 멋있네요,2019-12-29T10:41:31.000+0000,STOREFARM,5,어린이 보석십자수 DIY 캐릭터 큐빅 비즈십자수 지니맘,지니맘 큐빅십자수  DIY: 16번 별 (15cm 20cm)
786306362,SELLBLOG,NORMAL,아이가 집중해서 잘만들 수 있어서 좋아요.많이파세요.,2020-01-16T00:06:28.000+0000,STOREFARM,5,어린이 보석십자수 DIY 캐릭터 큐빅 비즈십자수 지니맘,지니맘 큐빅십자수  DIY: 2번 보라유니콘 (15cm 20cm)
790685673,SELLBLOG,NORMAL,"포장 상태 좋아요
아이들이 하기 좋아요",2020-01-26T02:09:56.000+0000,STOREFARM,5,어린이 보석십자수 DIY 캐릭터 큐빅 비즈십자수 지니맘,지니맘 큐빅십자수  DIY: 21번 별유니콘 (15cm 20cm)
788228243,SELLBLOG,NORMAL,아이가너무좋아합니다 친구들선물용으로도같이샀어요,2020-01-19T16:29:31.000+0000,STOREFARM,4,어린이 보석십자수 DIY 캐릭터 큐빅 비즈십자수 지니맘,지니맘 큐빅십자수  DIY: 16번 별 (15cm 20cm)
788627089,SELLBLOG,NORMAL,아이가 재미있어하고 작품으로 완성되는게 좋아요,2020-01-20T11:23:55.000+0000,STOREFARM,5,어린이 보석십자수 DIY 캐릭터 큐빅 비즈십자수 지니맘,지니맘 큐빅십자수  DIY: 11번 클로버 (15cm 20cm)
788627027,SELLBLOG,NORMAL,아이가 재미있어하고 작품으로 완성되는게 좋아요,2020-01-20T11:23:47.000+0000,STOREFARM,5,어린이 보석십자수 DIY 캐릭터 큐빅 비즈십자수 지니맘,지니맘 큐빅십자수  DIY: 2번 보라유니콘 (15cm 20cm)
776541728,SELLBLOG,NORMAL,"8살아이 혼자 잘해요.
집중력도 키워주고 좋은것 같아요.
반짝반짝 이뻐요.",2019-12-26T11:57:28.000+0000,STOREFARM,5,지니맘 어린이 보석십자수 캐릭터 큐빅십자수,지니맘 큐빅십자수  DIY: 23번 사자 (15cm 20cm)
778060803,SELLBLOG,NORMAL,"반짝반짝 너무 예뻐요
비즈도 넉넉히 들었어요",2019-12-30T01:14:59.000+0000,STOREFARM,5,어린이 보석십자수 DIY 캐릭터 큐빅 비즈십자수 지니맘,지니맘 큐빅십자수  DIY: 12번 슈퍼마리오 (15cm 20cm)
789423679,SELLBLOG,NORMAL,너무 예뻐요 중독성 있네요~,2020-01-22T03:13:41.000+0000,STOREFARM,5,어린이 보석십자수 DIY 캐릭터 큐빅 비즈십자수 지니맘,지니맘 큐빅십자수  DIY: 21번 별유니콘 (15cm 20cm)
786306118,SELLBLOG,NORMAL,저번에 사서 다 만들고 재구매합니다.많이 파세요.,2020-01-16T00:05:52.000+0000,STOREFARM,5,어린이 보석십자수 DIY 캐릭터 큐빅 비즈십자수 지니맘,지니맘 큐빅십자수  DIY: 6번 소녀1  (15cm 20cm)
788228037,SELLBLOG,NORMAL,아이가너무좋아합니다 가격이약간 비싼것같긴해요..,2020-01-19T16:28:30.000+0000,STOREFARM,4,어린이 보석십자수 DIY 캐릭터 큐빅 비즈십자수 지니맘,지니맘 큐빅십자수  DIY: 3번 분홍사슴 (15cm 20cm)
778512733,SELLBLOG,NORMAL,아이들이 재미있게 잘 하고 집중해서 하네요,2019-12-31T02:46:26.000+0000,STOREFARM,5,어린이 보석십자수 DIY 캐릭터 큐빅 비즈십자수 지니맘,지니맘 큐빅십자수  DIY: 2번 보라유니콘 (15cm 20cm)
778740154,SELLBLOG,NORMAL,초3딸랑구  주말동안  재미있다고   넘열시미  했어요 ^^,2019-12-31T12:00:28.000+0000,STOREFARM,5,어린이 보석십자수 DIY 캐릭터 큐빅 비즈십자수 지니맘,지니맘 큐빅십자수  DIY: 21번 별유니콘 (15cm 20cm)
778512369,SELLBLOG,NORMAL,아이들 집중력 향상에 도움이 되는 것 같아요.,2019-12-31T02:45:28.000+0000,STOREFARM,5,어린이 보석십자수 DIY 캐릭터 큐빅 비즈십자수 지니맘,지니맘 큐빅십자수  DIY: 3번 분홍사슴 (15cm 20cm)
789731579,SELLBLOG,AFTER_USE,초등학생들이 충분히 할수있어요~,2020-01-22T13:34:21.000+0000,STOREFARM,5,어린이 보석십자수 DIY 캐릭터 큐빅십자수 지니맘,지니맘 큐빅십자수  DIY: 22번 부엉이 (15cm 20cm)
790087178,SELLBLOG,NORMAL,색도 이쁘고 쉬워서 애들도 잘해요,2020-01-23T11:20:43.000+0000,STOREFARM,5,어린이 보석십자수 DIY 캐릭터 큐빅 비즈십자수 지니맘,지니맘 큐빅십자수  DIY: 12번 슈퍼마리오 (15cm 20cm)
790087081,SELLBLOG,NORMAL,집중력향상도하고 인테리어도 됩니다^^,2020-01-23T11:20:23.000+0000,STOREFARM,5,어린이 보석십자수 DIY 캐릭터 큐빅 비즈십자수 지니맘,지니맘 큐빅십자수  DIY: 9번 겨울사슴 (15cm 20cm)
778512979,SELLBLOG,NORMAL,아이들이 재미있게 잘 만들어 보고 있어요.,2019-12-31T02:47:07.000+0000,STOREFARM,5,어린이 보석십자수 DIY 캐릭터 큐빅 비즈십자수 지니맘,지니맘 큐빅십자수  DIY: 8번 꽃사슴 (15cm 20cm)
789919115,SELLBLOG,NORMAL,아이들이 좋아해요 재구매,2020-01-23T03:05:52.000+0000,STOREFARM,5,어린이 보석십자수 DIY 캐릭터 큐빅 비즈십자수 지니맘,지니맘 큐빅십자수  DIY: 8번 꽃사슴 (15cm 20cm)
789325456,SELLBLOG,NORMAL,초등조카선물 설날에 한다네요,2020-01-21T23:55:13.000+0000,STOREFARM,5,어린이 보석십자수 DIY 캐릭터 큐빅 비즈십자수 지니맘,지니맘 큐빅십자수  DIY: 10번 안경토끼 (15cm 20cm)
790661738,SELLBLOG,NORMAL,빠른배송감사해요^^,2020-01-26T00:20:27.000+0000,STOREFARM,5,어린이 보석십자수 DIY 캐릭터 큐빅 비즈십자수 지니맘,지니맘 큐빅십자수  DIY: 22번 부엉이 (15cm 20cm)
790378038,SELLBLOG,AFTER_USE,아이가 재미있어해요~,2020-01-24T13:30:20.000+0000,STOREFARM,5,지니맘 어린이 보석십자수 캐릭터 큐빅십자수,지니맘 큐빅십자수  DIY: 24번 미니1 (15cm 20cm)
790377948,SELLBLOG,AFTER_USE,아이가 재미있어해요~,2020-01-24T13:29:55.000+0000,STOREFARM,5,지니맘 어린이 보석십자수 캐릭터 큐빅십자수,지니맘 큐빅십자수  DIY: 3번 분홍사슴 (15cm 20cm)
784737226,SELLBLOG,NORMAL,하는 재미도 있고 액자에 넣으니 더 예쁘네요. 여유분도 넉넉해서 좋아요^^,2020-01-13T00:54:53.000+0000,STOREFARM,4,어린이 보석십자수 DIY 캐릭터 큐빅 비즈십자수 지니맘,지니맘 큐빅십자수  DIY: 2번 보라유니콘 (15cm 20cm)
784736421,SELLBLOG,NORMAL,하는 재미도 있고 액자에 넣으니 더 예쁘네요. 여유분도 넉넉해서 좋아요^^,2020-01-13T00:53:21.000+0000,STOREFARM,4,어린이 보석십자수 DIY 캐릭터 큐빅 비즈십자수 지니맘,지니맘 큐빅십자수  DIY: 3번 분홍사슴 (15cm 20cm)
784735986,SELLBLOG,NORMAL,하는 재미도 있고 액자에 넣으니 더 예쁘네요. 여유분도 넉넉해서 좋아요^^,2020-01-13T00:52:32.000+0000,STOREFARM,4,어린이 보석십자수 DIY 캐릭터 큐빅 비즈십자수 지니맘,지니맘 큐빅십자수  DIY: 11번 클로버 (15cm 20cm)
784735148,SELLBLOG,NORMAL,하는 재미도 있고 액자에 넣으니 더 예쁘네요. 여유분도 넉넉하고 좋아요^^,2020-01-13T00:50:52.000+0000,STOREFARM,4,어린이 보석십자수 DIY 캐릭터 큐빅 비즈십자수 지니맘,지니맘 큐빅십자수  DIY: 8번 꽃사슴 (15cm 20cm)
770738794,SELLBLOG,NORMAL,가격 디자인 모두 만족해요 쉬운거 하다가 조금 어려운거 사줬는데 재미 있다며 좋아라 하더라구요 9살에 유니콘 매니아에여ㅋㅋ반짝거리는게 젤 이쁜거 같아요,2019-12-13T12:01:17.000+0000,STOREFARM,5,지니맘 어린이 보석십자수 캐릭터 큐빅십자수,지니맘 큐빅십자수  DIY: 1번 유니콘 (15cm 20cm)
789341854,SELLBLOG,NORMAL,쉽지만 작품완성도는 높아요,2020-01-22T00:32:12.000+0000,STOREFARM,5,어린이 보석십자수 DIY 캐릭터 큐빅 비즈십자수 지니맘,지니맘 큐빅십자수  DIY: 22번 부엉이 (15cm 20cm)
787012480,SELLBLOG,NORMAL,예뻐요~ 액자로 남으니 더 맘에들어요,2020-01-17T05:03:49.000+0000,STOREFARM,5,어린이 보석십자수 DIY 캐릭터 큐빅 비즈십자수 지니맘,지니맘 큐빅십자수  DIY: 1번 유니콘 (15cm 20cm)
784734751,SELLBLOG,NORMAL,하는 재미도 있고 액자 넣으니 더 예쁘네요. 여유분도 넉넉하고 좋아요^^,2020-01-13T00:50:05.000+0000,STOREFARM,4,어린이 보석십자수 DIY 캐릭터 큐빅 비즈십자수 지니맘,지니맘 큐빅십자수  DIY: 1번 유니콘 (15cm 20cm)
780270282,SELLBLOG,NORMAL,아이가 너무 좋아해요~~,2020-01-04T03:05:08.000+0000,STOREFARM,5,어린이 보석십자수 DIY 캐릭터 큐빅 비즈십자수 지니맘,지니맘 큐빅십자수  DIY: 16번 별 (15cm 20cm)
788005600,SELLBLOG,NORMAL,아이들이 너무 좋아해요 6세아이도 잘집중하며하네요,2020-01-19T07:26:29.000+0000,STOREFARM,5,어린이 보석십자수 DIY 캐릭터 큐빅 비즈십자수 지니맘,지니맘 큐빅십자수  DIY: 8번 꽃사슴 (15cm 20cm)
788290177,SELLBLOG,NORMAL,아이들 방학이라 주문했는데 좋아하네요^^,2020-01-20T00:09:44.000+0000,STOREFARM,5,어린이 보석십자수 DIY 캐릭터 큐빅 비즈십자수 지니맘,지니맘 큐빅십자수  DIY: 3번 분홍사슴 (15cm 20cm)
786851473,SELLBLOG,NORMAL,아이가 좋아해요 생각보다 크기가 크네요,2020-01-16T23:15:44.000+0000,STOREFARM,3,어린이 보석십자수 DIY 캐릭터 큐빅 비즈십자수 지니맘,지니맘 큐빅십자수  DIY: 6번 소녀1  (15cm 20cm)
786655786,SELLBLOG,NORMAL,엄청 이뻐요. 초등 저학년이 하기 적당해요.,2020-01-16T11:09:29.000+0000,STOREFARM,5,어린이 보석십자수 DIY 캐릭터 큐빅 비즈십자수 지니맘,지니맘 큐빅십자수  DIY: 3번 분홍사슴 (15cm 20cm)
786655547,SELLBLOG,NORMAL,배송빠르고 ㄴ더무이뻐요. 옵션에 매진된게 많네요,2020-01-16T11:09:04.000+0000,STOREFARM,5,어린이 보석십자수 DIY 캐릭터 큐빅 비즈십자수 지니맘,지니맘 큐빅십자수  DIY: 5번  반짝이 사슴 (15cm 20cm)
780421733,SELLBLOG,NORMAL,좋아요 이쁠거같아요,2020-01-04T08:42:57.000+0000,STOREFARM,5,어린이 보석십자수 DIY 캐릭터 큐빅 비즈십자수 지니맘,지니맘 큐빅십자수  DIY: 3번 분홍사슴 (15cm 20cm)
789731289,SELLBLOG,AFTER_USE,아이들 집중력에 좋아요^^,2020-01-22T13:33:49.000+0000,STOREFARM,5,어린이 보석십자수 DIY 캐릭터 큐빅십자수 지니맘,지니맘 큐빅십자수  DIY: 26번 돌고래(15cm 20cm)
789770241,SELLBLOG,NORMAL,아이들이 너무 좋아해요~~,2020-01-22T14:54:24.000+0000,STOREFARM,5,어린이 보석십자수 DIY 캐릭터 큐빅 비즈십자수 지니맘,지니맘 큐빅십자수  DIY: 1번 유니콘 (15cm 20cm)
787304366,SELLBLOG,NORMAL,"완전  짱짱 너무 좋와요
예쁜  액자속에 쏙
완전  분위기전환",2020-01-17T15:10:29.000+0000,STOREFARM,5,어린이 보석십자수 DIY 캐릭터 큐빅 비즈십자수 지니맘,지니맘 큐빅십자수  DIY: 22번 부엉이 (15cm 20cm)
789342132,SELLBLOG,NORMAL,아이가 즐겁게 하네요,2020-01-22T00:32:47.000+0000,STOREFARM,5,어린이 보석십자수 DIY 캐릭터 큐빅 비즈십자수 지니맘,지니맘 큐빅십자수  DIY: 9번 겨울사슴 (15cm 20cm)
777813100,SELLBLOG,NORMAL,재밌습니다 펜 하나 더 살걸 그랬어요,2019-12-29T09:47:27.000+0000,STOREFARM,5,어린이 보석십자수 DIY 캐릭터 큐빅 비즈십자수 지니맘,지니맘 큐빅십자수  DIY: 7번 소녀2  (15cm 20cm)
787304002,SELLBLOG,NORMAL,아빠와  아들이  시간가는줄 모르고하네요,2020-01-17T15:09:24.000+0000,STOREFARM,5,어린이 보석십자수 DIY 캐릭터 큐빅 비즈십자수 지니맘,지니맘 큐빅십자수  DIY: 16번 별 (15cm 20cm)
777896220,SELLBLOG,NORMAL,빠른배송도 굿이며상품질토한굿입니다,2019-12-29T12:57:08.000+0000,STOREFARM,4,어린이 보석십자수 DIY 캐릭터 큐빅 비즈십자수 지니맘,지니맘 큐빅십자수  DIY: 20번 거미 (15cm 20cm)
789424006,SELLBLOG,NORMAL,재구매 의사 있어요,2020-01-22T03:14:25.000+0000,STOREFARM,5,어린이 보석십자수 DIY 캐릭터 큐빅 비즈십자수 지니맘,지니맘 큐빅십자수  DIY: 12번 슈퍼마리오 (15cm 20cm)
790087281,SELLBLOG,NORMAL,애들이 좋아합니다^^,2020-01-23T11:21:04.000+0000,STOREFARM,5,어린이 보석십자수 DIY 캐릭터 큐빅 비즈십자수 지니맘,지니맘 큐빅십자수  DIY: 21번 별유니콘 (15cm 20cm)
789144994,SELLBLOG,NORMAL,배송이 매우 빠릅니다,2020-01-21T12:04:48.000+0000,STOREFARM,4,어린이 보석십자수 DIY 캐릭터 큐빅 비즈십자수 지니맘,지니맘 큐빅십자수  DIY: 21번 별유니콘 (15cm 20cm)
789216445,SELLBLOG,NORMAL,재미있게 할 것 같아요.,2020-01-21T14:08:25.000+0000,STOREFARM,5,어린이 보석십자수 DIY 캐릭터 큐빅 비즈십자수 지니맘,지니맘 큐빅십자수  DIY: 3번 분홍사슴 (15cm 20cm)
776829598,SELLBLOG,NORMAL,생가보다예뻐요  다만배송ㅈ은돔느려서 아이가좀기다렜네요,2019-12-27T05:43:13.000+0000,STOREFARM,4,어린이 보석십자수 DIY 캐릭터 큐빅 비즈십자수 지니맘,지니맘 큐빅십자수  DIY: 9번 겨울사슴 (15cm 20cm)
789770136,SELLBLOG,NORMAL,바짝반짝 너무 예뻐요~~~,2020-01-22T14:54:10.000+0000,STOREFARM,5,어린이 보석십자수 DIY 캐릭터 큐빅 비즈십자수 지니맘,지니맘 큐빅십자수  DIY: 8번 꽃사슴 (15cm 20cm)
789216114,SELLBLOG,NORMAL,빠른 배송이 좋았어요.,2020-01-21T14:07:51.000+0000,STOREFARM,5,어린이 보석십자수 DIY 캐릭터 큐빅 비즈십자수 지니맘,지니맘 큐빅십자수  DIY: 11번 클로버 (15cm 20cm)
789770630,SELLBLOG,NORMAL,제가 더 푹 빠졌어요~~,2020-01-22T14:55:19.000+0000,STOREFARM,5,어린이 보석십자수 DIY 캐릭터 큐빅 비즈십자수 지니맘,지니맘 큐빅십자수  DIY: 9번 겨울사슴 (15cm 20cm)
789216227,SELLBLOG,NORMAL,아이들이 좋아합니다.,2020-01-21T14:08:04.000+0000,STOREFARM,5,어린이 보석십자수 DIY 캐릭터 큐빅 비즈십자수 지니맘,지니맘 큐빅십자수  DIY: 9번 겨울사슴 (15cm 20cm)
799694698,SELLBLOG,NORMAL,좋아요 좋아요 좋아요,2020-02-13T04:59:56.000+0000,STOREFARM,5,어린이 보석십자수 DIY 캐릭터 큐빅 비즈십자수 지니맘,지니맘 큐빅십자수  DIY: 15번 베트맨 (15cm 20cm)
799693912,SELLBLOG,NORMAL,좋아요 좋아요좋아요,2020-02-13T04:58:39.000+0000,STOREFARM,5,어린이 보석십자수 DIY 캐릭터 큐빅 비즈십자수 지니맘,지니맘 큐빅십자수  DIY: 20번 거미 (15cm 20cm)
789770350,SELLBLOG,NORMAL,금방 하나 끝나네요~~,2020-01-22T14:54:39.000+0000,STOREFARM,5,어린이 보석십자수 DIY 캐릭터 큐빅 비즈십자수 지니맘,지니맘 큐빅십자수  DIY: 6번 소녀1  (15cm 20cm)
776528443,SELLBLOG,NORMAL,좋아용~^^ 아이가 젬잇어해요,2019-12-26T11:27:17.000+0000,STOREFARM,4,어린이 보석십자수 DIY 캐릭터 큐빅 비즈십자수 지니맘,지니맘 큐빅십자수  DIY: 21번 별유니콘 (15cm 20cm)
778082076,SELLBLOG,NORMAL,"잘 받았습니다!!!!
아이가 너무 좋아해요~♡",2019-12-30T01:59:16.000+0000,STOREFARM,4,어린이 보석십자수 DIY 캐릭터 큐빅 비즈십자수 지니맘,지니맘 큐빅십자수  DIY: 1번 유니콘 (15cm 20cm)
773908313,SELLBLOG,AFTER_USE,"좋아용.
조금어려워하나 도와주면 집중하기 좋을듯요",2019-12-20T06:24:16.000+0000,STOREFARM,5,지니맘 어린이 보석십자수 캐릭터 큐빅십자수,지니맘 큐빅십자수  DIY: 1번 유니콘 (15cm 20cm)
788228145,SELLBLOG,NORMAL,아이가 너무좋아합니다,2020-01-19T16:29:03.000+0000,STOREFARM,4,어린이 보석십자수 DIY 캐릭터 큐빅 비즈십자수 지니맘,지니맘 큐빅십자수  DIY: 4번 홍학 (15cm 20cm)
776710525,SELLBLOG,NORMAL,아이들이 너무좋아해요 잘쓰겠습니다,2019-12-27T01:01:14.000+0000,STOREFARM,5,어린이 보석십자수 DIY 캐릭터 큐빅십자수 지니맘,지니맘 큐빅십자수  DIY: 21번 별유니콘 (15cm 20cm)
776710347,SELLBLOG,NORMAL,아이들이 너무좋아해요 잘쓰겠습니다,2019-12-27T01:00:45.000+0000,STOREFARM,5,어린이 보석십자수 DIY 캐릭터 큐빅십자수 지니맘,지니맘 큐빅십자수  DIY: 3번 분홍사슴 (15cm 20cm)
777896515,SELLBLOG,NORMAL,빠른배송도굿이며 질도좋습니다,2019-12-29T12:57:47.000+0000,STOREFARM,4,어린이 보석십자수 DIY 캐릭터 큐빅 비즈십자수 지니맘,지니맘 큐빅십자수  DIY: 17번 가면 (15cm 20cm)
777044350,SELLBLOG,NORMAL,아이들집중력에도좋고 재밌어요~,2019-12-27T13:07:10.000+0000,STOREFARM,5,어린이 보석십자수 DIY 캐릭터 큐빅 비즈십자수 지니맘,지니맘 큐빅십자수  DIY: 21번 별유니콘 (15cm 20cm)
787717079,SELLBLOG,NORMAL,아이들이 재밌어 하네요,2020-01-18T13:24:35.000+0000,STOREFARM,5,어린이 보석십자수 DIY 캐릭터 큐빅 비즈십자수 지니맘,지니맘 큐빅십자수  DIY: 3번 분홍사슴 (15cm 20cm)
774288141,SELLBLOG,NORMAL,8살 아이도 쉽게 만들고 좋아해요,2019-12-21T03:36:37.000+0000,STOREFARM,5,어린이 보석십자수 DIY 캐릭터 큐빅 비즈십자수 지니맘,지니맘 큐빅십자수  DIY: 2번 보라유니콘 (15cm 20cm)
786558390,SELLBLOG,NORMAL,아이가 시간가는줄모르고해요,2020-01-16T08:10:29.000+0000,STOREFARM,3,어린이 보석십자수 DIY 캐릭터 큐빅 비즈십자수 지니맘,지니맘 큐빅십자수  DIY: 8번 꽃사슴 (15cm 20cm)
773444762,SELLBLOG,NORMAL,스펀지 밥이랑 소녀랑 구매했는데 보석도 금색 은색이라 애들이 너무 좋아해요,2019-12-19T08:53:53.000+0000,STOREFARM,5,어린이 보석십자수 DIY 캐릭터 큐빅 비즈십자수 지니맘,지니맘 큐빅십자수  DIY: 13번 스폰지밥 (15cm 20cm)
787717331,SELLBLOG,NORMAL,아이들이 재밌어하네요~,2020-01-18T13:25:11.000+0000,STOREFARM,5,어린이 보석십자수 DIY 캐릭터 큐빅 비즈십자수 지니맘,지니맘 큐빅십자수  DIY: 12번 슈퍼마리오 (15cm 20cm)
782887272,SELLBLOG,NORMAL,"배송빠르고
아이들이좋아해요
같이하니 더재밋네요",2020-01-09T05:05:57.000+0000,STOREFARM,5,어린이 보석십자수 DIY 캐릭터 큐빅 비즈십자수 지니맘,지니맘 큐빅십자수  DIY: 21번 별유니콘 (15cm 20cm)
788318761,SELLBLOG,NORMAL,재미있고 반짝반짝 이뻐요~,2020-01-20T01:04:37.000+0000,STOREFARM,5,어린이 보석십자수 DIY 캐릭터 큐빅 비즈십자수 지니맘,지니맘 큐빅십자수  DIY: 11번 클로버 (15cm 20cm)
778056331,SELLBLOG,NORMAL,보석이 반짝반짝 너무 예뻐요^^,2019-12-30T01:05:53.000+0000,STOREFARM,5,어린이 보석십자수 DIY 캐릭터 큐빅 비즈십자수 지니맘,지니맘 큐빅십자수  DIY: 21번 별유니콘 (15cm 20cm)
777682015,SELLBLOG,NORMAL,딸아이가 너무 좋아하네요~^^,2019-12-29T03:58:45.000+0000,STOREFARM,5,어린이 보석십자수 DIY 캐릭터 큐빅 비즈십자수 지니맘,지니맘 큐빅십자수  DIY: 21번 별유니콘 (15cm 20cm)
786276174,SELLBLOG,NORMAL,배송 빠르고 아이가 너무 좋아하네요^^,2020-01-15T22:07:42.000+0000,STOREFARM,5,어린이 보석십자수 DIY 캐릭터 큐빅 비즈십자수 지니맘,지니맘 큐빅십자수  DIY: 27번 눈사람
786276149,SELLBLOG,NORMAL,배송 빠르고 아이가 너무 좋아하네요^^,2020-01-15T22:07:28.000+0000,STOREFARM,5,어린이 보석십자수 DIY 캐릭터 큐빅 비즈십자수 지니맘,지니맘 큐빅십자수  DIY: 1번 유니콘 (15cm 20cm)
786276104,SELLBLOG,NORMAL,배송 빠르고 아이가 너무 좋아하네요^^,2020-01-15T22:07:13.000+0000,STOREFARM,5,어린이 보석십자수 DIY 캐릭터 큐빅 비즈십자수 지니맘,지니맘 큐빅십자수  DIY: 21번 별유니콘 (15cm 20cm)
786558251,SELLBLOG,NORMAL,아이가 재밌어하고 집중해요,2020-01-16T08:10:14.000+0000,STOREFARM,3,어린이 보석십자수 DIY 캐릭터 큐빅 비즈십자수 지니맘,지니맘 큐빅십자수  DIY: 1번 유니콘 (15cm 20cm)
786558582,SELLBLOG,NORMAL,재밌게 방학동안 하고있어요,2020-01-16T08:10:51.000+0000,STOREFARM,3,어린이 보석십자수 DIY 캐릭터 큐빅 비즈십자수 지니맘,지니맘 큐빅십자수  DIY: 3번 분홍사슴 (15cm 20cm)
780421006,SELLBLOG,NORMAL,딸이하려고 샀는데 저도 같이 했어요 너무 재밌네요.조만간또 주문할거같네요,2020-01-04T08:41:21.000+0000,STOREFARM,5,어린이 보석십자수 DIY 캐릭터 큐빅 비즈십자수 지니맘,지니맘 큐빅십자수  DIY: 2번 보라유니콘 (15cm 20cm)
786493611,SELLBLOG,NORMAL,재미있게 집중할 수 있어요,2020-01-16T06:14:49.000+0000,STOREFARM,4,어린이 보석십자수 DIY 캐릭터 큐빅 비즈십자수 지니맘,지니맘 큐빅십자수  DIY: 27번 눈사람
788748226,SELLBLOG,NORMAL,좋아요 엄청ㅍ좋 아요,2020-01-20T17:46:06.000+0000,STOREFARM,4,어린이 보석십자수 DIY 캐릭터 큐빅 비즈십자수 지니맘,지니맘 큐빅십자수  DIY: 27번 눈사람
785020978,SELLBLOG,NORMAL,"아이들이  너무 좋아해요
배송도  빠르고요",2020-01-13T10:46:53.000+0000,STOREFARM,4,어린이 보석십자수 DIY 캐릭터 큐빅 비즈십자수 지니맘,지니맘 큐빅십자수  DIY: 22번 부엉이 (15cm 20cm)
786655267,SELLBLOG,NORMAL,배송도 빠르고 너무 이뻐요.,2020-01-16T11:08:35.000+0000,STOREFARM,5,어린이 보석십자수 DIY 캐릭터 큐빅 비즈십자수 지니맘,지니맘 큐빅십자수  DIY: 14번 슈퍼맨 (15cm 20cm)
786105094,SELLBLOG,NORMAL,배송도 빠르고 보석들도 반짝반짝 이쁘네영,2020-01-15T11:41:30.000+0000,STOREFARM,5,어린이 보석십자수 DIY 캐릭터 큐빅 비즈십자수 지니맘,지니맘 큐빅십자수  DIY: 1번 유니콘 (15cm 20cm)
785021492,SELLBLOG,NORMAL,큐빅십자수  이쁘고  아이들이  좋아해요,2020-01-13T10:48:05.000+0000,STOREFARM,4,어린이 보석십자수 DIY 캐릭터 큐빅 비즈십자수 지니맘,지니맘 큐빅십자수  DIY: 1번 유니콘 (15cm 20cm)
775958849,SELLBLOG,NORMAL,배송 빠르고 상품구성이 알차네요.,2019-12-25T01:58:02.000+0000,STOREFARM,5,어린이 보석십자수 DIY 캐릭터 큐빅 비즈십자수 지니맘,지니맘 큐빅십자수  DIY: 22번 부엉이 (15cm 20cm)
785019814,SELLBLOG,NORMAL,배송도 빠르고  아이들이  좋아해요,2020-01-13T10:43:54.000+0000,STOREFARM,4,어린이 보석십자수 DIY 캐릭터 큐빅 비즈십자수 지니맘,지니맘 큐빅십자수  DIY: 20번 거미 (15cm 20cm)
776428929,SELLBLOG,NORMAL,예쁘게 만들어 볼겠습니다 ㅎ,2019-12-26T07:37:30.000+0000,STOREFARM,5,어린이 보석십자수 DIY 캐릭터 큐빅 비즈십자수 지니맘,지니맘 큐빅십자수  DIY: 18번 망치 (15cm 20cm)
786749514,SELLBLOG,AFTER_USE,항상쓰던제품.이뻐요,2020-01-16T13:52:12.000+0000,STOREFARM,5,지니맘 어린이 보석십자수 캐릭터 큐빅십자수,지니맘 큐빅십자수  DIY: 27번 눈사람
786749207,SELLBLOG,AFTER_USE,항상쓰던제품.이뻐요,2020-01-16T13:51:38.000+0000,STOREFARM,5,지니맘 어린이 보석십자수 캐릭터 큐빅십자수,지니맘 큐빅십자수  DIY: 28번 산타
786749071,SELLBLOG,AFTER_USE,항상쓰던제품.이뻐요,2020-01-16T13:51:22.000+0000,STOREFARM,5,지니맘 어린이 보석십자수 캐릭터 큐빅십자수,지니맘 큐빅십자수  DIY: 17번 가면 (15cm 20cm)
786748859,SELLBLOG,AFTER_USE,항상쓰던제품.이뻐요,2020-01-16T13:50:58.000+0000,STOREFARM,5,지니맘 어린이 보석십자수 캐릭터 큐빅십자수,지니맘 큐빅십자수  DIY: 1번 유니콘 (15cm 20cm)
786748631,SELLBLOG,AFTER_USE,항상쓰던제품.이뻐요,2020-01-16T13:50:35.000+0000,STOREFARM,5,지니맘 어린이 보석십자수 캐릭터 큐빅십자수,지니맘 큐빅십자수  DIY: 8번 꽃사슴 (15cm 20cm)
772009300,SELLBLOG,AFTER_USE,"딸 아이가 엄청열심히 하고 좋아하네요
너무 빨리해서..
다음엔 더 큰거를 사야겠습니다",2019-12-16T12:43:56.000+0000,STOREFARM,5,지니맘 어린이 보석십자수 캐릭터 큐빅십자수,지니맘 큐빅십자수  DIY: 22번 부엉이 (15cm 20cm)
785128677,SELLBLOG,NORMAL,사진하고 같아요 잘받았습니다,2020-01-13T15:15:20.000+0000,STOREFARM,3,어린이 보석십자수 DIY 캐릭터 큐빅 비즈십자수 지니맘,지니맘 큐빅십자수  DIY: 3번 분홍사슴 (15cm 20cm)
772430789,SELLBLOG,NORMAL,아이들이 너무좋아하네요^^ 손쉽게할수있어좋아요~,2019-12-17T11:43:15.000+0000,STOREFARM,5,어린이 보석십자수 DIY 캐릭터 큐빅 비즈십자수 지니맘,지니맘 큐빅십자수  DIY: 1번 유니콘 (15cm 20cm)
785601541,SELLBLOG,NORMAL,아이가 너무나 좋아하네요,2020-01-14T13:34:22.000+0000,STOREFARM,4,어린이 보석십자수 DIY 캐릭터 큐빅 비즈십자수 지니맘,지니맘 큐빅십자수  DIY: 21번 별유니콘 (15cm 20cm)
775956696,SELLBLOG,NORMAL,딸아이 너무 집중하고 잘해요~,2019-12-25T01:49:52.000+0000,STOREFARM,5,어린이 보석십자수 DIY 캐릭터 큐빅 비즈십자수 지니맘,지니맘 큐빅십자수  DIY: 1번 유니콘 (15cm 20cm)
785601276,SELLBLOG,NORMAL,아이가 너무나 좋아하네요,2020-01-14T13:33:56.000+0000,STOREFARM,4,어린이 보석십자수 DIY 캐릭터 큐빅 비즈십자수 지니맘,지니맘 큐빅십자수  DIY: 22번 부엉이 (15cm 20cm)
781016204,SELLBLOG,NORMAL,"빠른 배송
7살 여아가 스스로 할 수 있지만
도안크기가 작지 않아 8살은 되야 덜 힘들어 할것 같아요",2020-01-05T15:16:45.000+0000,STOREFARM,5,어린이 보석십자수 DIY 캐릭터 큐빅 비즈십자수 지니맘,지니맘 큐빅십자수  DIY: 8번 꽃사슴 (15cm 20cm)
784401755,SELLBLOG,NORMAL,아직 다 완성은 안했지만 넘 예뻐요,2020-01-12T06:43:23.000+0000,STOREFARM,5,어린이 보석십자수 DIY 캐릭터 큐빅 비즈십자수 지니맘,지니맘 큐빅십자수  DIY: 2번 보라유니콘 (15cm 20cm)
779475312,SELLBLOG,NORMAL,"다른것 보다 큐빅이 예뻐요. 반짝이고 크기도 다양해요.
재구매 의사 있엉",2020-01-02T09:37:33.000+0000,STOREFARM,5,어린이 보석십자수 DIY 캐릭터 큐빅 비즈십자수 지니맘,
776428640,SELLBLOG,NORMAL,예쁘게 잘 만들겠습니다~~,2019-12-26T07:36:55.000+0000,STOREFARM,5,어린이 보석십자수 DIY 캐릭터 큐빅 비즈십자수 지니맘,지니맘 큐빅십자수  DIY: 17번 가면 (15cm 20cm)
786851662,SELLBLOG,NORMAL,아이가 좋아해요 !,2020-01-16T23:16:17.000+0000,STOREFARM,3,어린이 보석십자수 DIY 캐릭터 큐빅 비즈십자수 지니맘,지니맘 큐빅십자수  DIY: 2번 보라유니콘 (15cm 20cm)
786851588,SELLBLOG,NORMAL,아이가  좋아해요 !,2020-01-16T23:16:06.000+0000,STOREFARM,3,어린이 보석십자수 DIY 캐릭터 큐빅 비즈십자수 지니맘,지니맘 큐빅십자수  DIY: 22번 부엉이 (15cm 20cm)
778724090,SELLBLOG,NORMAL,9살 딸아이 집중해서 잘하네요. 반반씩 이틀만에 완성. 크기.모양 모두 아이에게 잘맞아요,2019-12-31T11:19:40.000+0000,STOREFARM,5,어린이 보석십자수 DIY 캐릭터 큐빅 비즈십자수 지니맘,지니맘 큐빅십자수  DIY: 2번 보라유니콘 (15cm 20cm)
788899609,SELLBLOG,NORMAL,넘넘 좋아요~~~!!!!,2020-01-21T04:11:27.000+0000,STOREFARM,5,어린이 보석십자수 DIY 캐릭터 큐빅 비즈십자수 지니맘,지니맘 큐빅십자수  DIY: 21번 별유니콘 (15cm 20cm)
785021262,SELLBLOG,NORMAL,십자수  아이들이  좋아해요,2020-01-13T10:47:33.000+0000,STOREFARM,4,어린이 보석십자수 DIY 캐릭터 큐빅 비즈십자수 지니맘,지니맘 큐빅십자수  DIY: 8번 꽃사슴 (15cm 20cm)
785485417,SELLBLOG,NORMAL,빠른배송 잘받았어요,2020-01-14T10:25:57.000+0000,STOREFARM,3,어린이 보석십자수 DIY 캐릭터 큐빅 비즈십자수 지니맘,지니맘 큐빅십자수  DIY: 7번 소녀2  (15cm 20cm)
773386575,SELLBLOG,NORMAL,완성하기까지도 재미있고  해놓고 보니 아주 예뻐요,2019-12-19T07:05:27.000+0000,STOREFARM,4,지니맘 어린이 보석십자수 캐릭터 큐빅십자수,지니맘 큐빅십자수  DIY: 1번 유니콘 (15cm 20cm)
776428402,SELLBLOG,NORMAL,예쁘게 만들겠습니다~~,2019-12-26T07:36:22.000+0000,STOREFARM,5,어린이 보석십자수 DIY 캐릭터 큐빅 비즈십자수 지니맘,지니맘 큐빅십자수  DIY: 5번  반짝이 사슴 (15cm 20cm)
766106901,SELLBLOG,NORMAL,"10살 남자아이 밤새도록 하고싶어하네요.
문제는 공부도 안하고 이것만 하려고해요.ㅠ
더 사달라고해서 또 사려고 후기올리고 바로 구매들어갑니다.",2019-12-04T12:40:21.000+0000,STOREFARM,5,지니맘 어린이 보석십자수 캐릭터 큐빅십자수,지니맘 큐빅십자수  DIY: 17번 가면 (15cm 20cm)
785021116,SELLBLOG,NORMAL,큐빅십자수  너무  이뻐요,2020-01-13T10:47:14.000+0000,STOREFARM,4,어린이 보석십자수 DIY 캐릭터 큐빅 비즈십자수 지니맘,지니맘 큐빅십자수  DIY: 16번 별 (15cm 20cm)
769078149,SELLBLOG,NORMAL,"작은 스티커로 되어있는거로 시작했는데
조금더 큰걸 원해서 주문했어요
너무좋아하네요~~",2019-12-10T12:55:56.000+0000,STOREFARM,5,지니맘 어린이 보석십자수 캐릭터 큐빅십자수,지니맘 큐빅십자수  DIY: 2번 보라유니콘 (15cm 20cm)
775956835,SELLBLOG,NORMAL,집중력에 짱이네요~,2019-12-25T01:50:26.000+0000,STOREFARM,5,어린이 보석십자수 DIY 캐릭터 큐빅 비즈십자수 지니맘,지니맘 큐빅십자수  DIY: 23번 사자 (15cm 20cm)
781335960,SELLBLOG,NORMAL,아이가 열심히 하네요. 집중력 향상!,2020-01-06T08:05:09.000+0000,STOREFARM,5,어린이 보석십자수 DIY 캐릭터 큐빅 비즈십자수 지니맘,지니맘 큐빅십자수  DIY: 2번 토끼(15cm 15cm)
781335859,SELLBLOG,NORMAL,아이가 열심히 하네요. 만드니까 이뻐요,2020-01-06T08:04:57.000+0000,STOREFARM,5,어린이 보석십자수 DIY 캐릭터 큐빅 비즈십자수 지니맘,지니맘 큐빅십자수  DIY: 3번 달팽이(15cm 15cm)
775300351,SELLBLOG,AFTER_USE,좋아요 재미있대요~^^,2019-12-23T07:56:55.000+0000,STOREFARM,5,지니맘 어린이 보석십자수 캐릭터 큐빅십자수,지니맘 큐빅십자수  DIY: 18번 망치 (15cm 20cm)
779636267,SELLBLOG,NORMAL,아이들이 매우 좋아해요 재구매의사 있습니다,2020-01-02T15:26:13.000+0000,STOREFARM,5,어린이 보석십자수 DIY 캐릭터 큐빅 비즈십자수 지니맘,지니맘 큐빅십자수  DIY: 22번 부엉이 (15cm 20cm)
772008516,SELLBLOG,AFTER_USE,"고도의 집중력이 필요한건 아니지만
재미있고 이쁩니다.",2019-12-16T12:41:59.000+0000,STOREFARM,5,지니맘 어린이 보석십자수 캐릭터 큐빅십자수,지니맘 큐빅십자수  DIY: 1번 유니콘 (15cm 20cm)
772210722,SELLBLOG,NORMAL,아이가 산타할아버지에게 주는 선물이라고 하네요,2019-12-17T04:24:23.000+0000,STOREFARM,5,어린이 보석십자수 DIY 캐릭터 큐빅십자수 지니맘,지니맘 큐빅십자수  DIY: 28번 산타
782289129,SELLBLOG,NORMAL,그림과똑같이 저렴하게 잘구매했습니다,2020-01-08T04:44:06.000+0000,STOREFARM,5,어린이 보석십자수 DIY 캐릭터 큐빅 비즈십자수 지니맘,지니맘 큐빅십자수  DIY: 26번 돌고래(15cm 20cm)
764512712,SELLBLOG,NORMAL,반짝이는 보석이 있어서 더 예뻐요.. 초등학교 1학년 아이인데 첨엔 어렵다고 하더니 금새 뚝딱 하나 완성시키네요. 액자에 넣으니 고급스럽고 좋앙ᆢㄷ,2019-12-01T11:40:41.000+0000,STOREFARM,5,지니맘 어린이 보석십자수 캐릭터 큐빅십자수,지니맘 큐빅십자수  DIY: 28번 산타
781434230,SELLBLOG,NORMAL,배송도빠르고 큐빅도 사이즈가 크고 다양해서 좋아요,2020-01-06T11:54:29.000+0000,STOREFARM,5,어린이 보석십자수 DIY 캐릭터 큐빅 비즈십자수 지니맘,지니맘 큐빅십자수  DIY: 21번 별유니콘 (15cm 20cm)
779615331,SELLBLOG,NORMAL,아이 방학 맞이하여 구매했는데 블링블링한 큐빅에 너무 좋아하며 집중하네요,2020-01-02T14:30:40.000+0000,STOREFARM,5,어린이 보석십자수 DIY 캐릭터 큐빅 비즈십자수 지니맘,지니맘 큐빅십자수  DIY: 21번 별유니콘 (15cm 20cm)
785020028,SELLBLOG,NORMAL,아이들이 좋아해요~^^,2020-01-13T10:44:27.000+0000,STOREFARM,4,어린이 보석십자수 DIY 캐릭터 큐빅 비즈십자수 지니맘,지니맘 큐빅십자수  DIY: 26번 돌고래(15cm 20cm)
779514356,SELLBLOG,NORMAL,배송도 빠르고 반짝이 비즈라 너무 이쁘네요 또 이용하겠습니다 번창하세요^^,2020-01-02T11:04:22.000+0000,STOREFARM,5,어린이 보석십자수 DIY 캐릭터 큐빅 비즈십자수 지니맘,지니맘 큐빅십자수  DIY: 3번 분홍사슴 (15cm 20cm)
778577071,SELLBLOG,NORMAL,아이가 너무 좋아하네요 긴 방학동안 하기 좋은 놀이,2019-12-31T05:37:21.000+0000,STOREFARM,5,어린이 보석십자수 DIY 캐릭터 큐빅 비즈십자수 지니맘,지니맘 큐빅십자수  DIY: 2번 보라유니콘 (15cm 20cm)
777248039,SELLBLOG,NORMAL,아이들이 너무 재미있게 만드네요. 하루종일 앉아서 하느라 시간 가는 줄 모르네요,2019-12-28T03:45:10.000+0000,STOREFARM,5,어린이 보석십자수 DIY 캐릭터 큐빅 비즈십자수 지니맘,지니맘 큐빅십자수  DIY: 6번 소녀1  (15cm 20cm)
781435027,SELLBLOG,NORMAL,배송빠르고 그림도 예뻐요 하루종일 열심히 하네요,2020-01-06T11:56:20.000+0000,STOREFARM,5,어린이 보석십자수 DIY 캐릭터 큐빅 비즈십자수 지니맘,지니맘 큐빅십자수  DIY: 23번 사자 (15cm 20cm)
783737534,SELLBLOG,NORMAL,아이들이 좋아해요 굿,2020-01-10T15:25:11.000+0000,STOREFARM,5,어린이 보석십자수 DIY 캐릭터 큐빅 비즈십자수 지니맘,지니맘 큐빅십자수  DIY: 6번 소녀1  (15cm 20cm)
773386076,SELLBLOG,NORMAL,아이가 굉장히 재미있다고 합니다 ~,2019-12-19T07:04:27.000+0000,STOREFARM,4,지니맘 어린이 보석십자수 캐릭터 큐빅십자수,지니맘 큐빅십자수  DIY: 22번 부엉이 (15cm 20cm)
782535755,SELLBLOG,NORMAL,아이들이 재미있게 잘 하네요,2020-01-08T11:58:31.000+0000,STOREFARM,4,어린이 보석십자수 DIY 캐릭터 큐빅 비즈십자수 지니맘,지니맘 큐빅십자수  DIY: 4번 홍학 (15cm 20cm)
779917434,SELLBLOG,NORMAL,액자포함인줄  ㅜㅜ 지대로안보고산건,2020-01-03T08:00:56.000+0000,STOREFARM,3,어린이 보석십자수 DIY 캐릭터 큐빅 비즈십자수 지니맘,지니맘 큐빅십자수  DIY: 21번 별유니콘 (15cm 20cm)
783737437,SELLBLOG,NORMAL,아이들이 좋아하네요 좋아요,2020-01-10T15:24:51.000+0000,STOREFARM,5,어린이 보석십자수 DIY 캐릭터 큐빅 비즈십자수 지니맘,지니맘 큐빅십자수  DIY: 7번 소녀2  (15cm 20cm)
778901885,SELLBLOG,AFTER_USE,재미있어요 아이들시켜주다 제가 더 빠졌어요,2020-01-01T02:33:49.000+0000,STOREFARM,4,지니맘 어린이 보석십자수 캐릭터 큐빅십자수,지니맘 큐빅십자수  DIY: 8번 꽃사슴 (15cm 20cm)
783598041,SELLBLOG,NORMAL,만들고 나니 참 이뻤어요~~,2020-01-10T10:01:37.000+0000,STOREFARM,4,어린이 보석십자수 DIY 캐릭터 큐빅 비즈십자수 지니맘,지니맘 큐빅십자수  DIY: 2번 보라유니콘 (15cm 20cm)
784291951,SELLBLOG,NORMAL,만족합니다 만족합니다,2020-01-12T02:09:56.000+0000,STOREFARM,4,어린이 보석십자수 DIY 캐릭터 큐빅 비즈십자수 지니맘,지니맘 큐빅십자수  DIY: 2번 토끼(15cm 15cm)
784291744,SELLBLOG,NORMAL,만족합니다 만족합니다,2020-01-12T02:09:24.000+0000,STOREFARM,4,어린이 보석십자수 DIY 캐릭터 큐빅 비즈십자수 지니맘,지니맘 큐빅십자수  DIY: 27번 눈사람
782536073,SELLBLOG,NORMAL,아이들이 좋아하고 잘해요,2020-01-08T11:59:00.000+0000,STOREFARM,4,어린이 보석십자수 DIY 캐릭터 큐빅 비즈십자수 지니맘,지니맘 큐빅십자수  DIY: 18번 망치 (15cm 20cm)
779980489,SELLBLOG,NORMAL,반짝반짝 어렵지않게할수있어요. 재밌네요,2020-01-03T10:04:39.000+0000,STOREFARM,5,어린이 보석십자수 DIY 캐릭터 큐빅 비즈십자수 지니맘,지니맘 큐빅십자수  DIY: 16번 별 (15cm 20cm)
779979714,SELLBLOG,NORMAL,크기가 여러가지라 어린아이들도 재밌게할수있네요.,2020-01-03T10:03:11.000+0000,STOREFARM,5,어린이 보석십자수 DIY 캐릭터 큐빅 비즈십자수 지니맘,지니맘 큐빅십자수  DIY: 17번 가면 (15cm 20cm)
792208643,SELLBLOG,NORMAL,아이가 아이가재밌어하고 좋아하네요~,2020-01-30T04:16:15.000+0000,STOREFARM,5,어린이 보석십자수 DIY 캐릭터 큐빅 비즈십자수 지니맘,지니맘 큐빅십자수  DIY: 24번 미니1 (15cm 20cm)
792208599,SELLBLOG,NORMAL,아이가 아이가재밌어하고 좋아하네요~,2020-01-30T04:16:09.000+0000,STOREFARM,5,어린이 보석십자수 DIY 캐릭터 큐빅 비즈십자수 지니맘,지니맘 큐빅십자수  DIY: 20번 거미 (15cm 20cm)
792208549,SELLBLOG,NORMAL,아이가 아이가재밌어하고 좋아하네요~,2020-01-30T04:16:02.000+0000,STOREFARM,5,어린이 보석십자수 DIY 캐릭터 큐빅 비즈십자수 지니맘,지니맘 큐빅십자수  DIY: 25번 미니2  (15cm 20cm)
792208462,SELLBLOG,NORMAL,아이가 아이가재밌어하고 좋아하네요~,2020-01-30T04:15:52.000+0000,STOREFARM,5,어린이 보석십자수 DIY 캐릭터 큐빅 비즈십자수 지니맘,지니맘 큐빅십자수  DIY: 16번 별 (15cm 20cm)
779107447,SELLBLOG,NORMAL,"아이가 사달라고 해서 샀어요..
좋아합니다~",2020-01-01T13:13:07.000+0000,STOREFARM,4,어린이 보석십자수 DIY 캐릭터 큐빅 비즈십자수 지니맘,지니맘 큐빅십자수  DIY: 12번 슈퍼마리오 (15cm 20cm)
778577265,SELLBLOG,NORMAL,아이가 좋아해요 아이언맨 좋아해서 더 좋아하네요,2019-12-31T05:37:51.000+0000,STOREFARM,5,어린이 보석십자수 DIY 캐릭터 큐빅 비즈십자수 지니맘,지니맘 큐빅십자수  DIY: 17번 가면 (15cm 20cm)
780209271,SELLBLOG,NORMAL,아이들이 쉽게할수 있고 너무 재미있어하네요~~,2020-01-04T00:28:34.000+0000,STOREFARM,5,어린이 보석십자수 DIY 캐릭터 큐빅 비즈십자수 지니맘,지니맘 큐빅십자수  DIY: 16번 별 (15cm 20cm)
780209227,SELLBLOG,NORMAL,아이들이 쉽게할수 있고 너무 재미있어하네요~~,2020-01-04T00:28:25.000+0000,STOREFARM,5,어린이 보석십자수 DIY 캐릭터 큐빅 비즈십자수 지니맘,지니맘 큐빅십자수  DIY: 21번 별유니콘 (15cm 20cm)
772431216,SELLBLOG,NORMAL,6세아이도 쉽게할수있고 좋네요~,2019-12-17T11:44:00.000+0000,STOREFARM,5,어린이 보석십자수 DIY 캐릭터 큐빅 비즈십자수 지니맘,지니맘 큐빅십자수  DIY: 8번 꽃사슴 (15cm 20cm)
773974907,SELLBLOG,NORMAL,딸 아이가 넘 좋아해요~^^,2019-12-20T08:29:33.000+0000,STOREFARM,5,어린이 보석십자수 DIY 캐릭터 큐빅 비즈십자수 지니맘,지니맘 큐빅십자수  DIY: 22번 부엉이 (15cm 20cm)
781335549,SELLBLOG,NORMAL,아이가 집중해서 열심히 하네요.,2020-01-06T08:04:20.000+0000,STOREFARM,5,어린이 보석십자수 DIY 캐릭터 큐빅 비즈십자수 지니맘,지니맘 큐빅십자수  DIY: 8번 꽃사슴 (15cm 20cm)
782289286,SELLBLOG,NORMAL,아이가 좋아하더라구요...,2020-01-08T04:44:25.000+0000,STOREFARM,5,어린이 보석십자수 DIY 캐릭터 큐빅 비즈십자수 지니맘,지니맘 큐빅십자수  DIY: 21번 별유니콘 (15cm 20cm)
781335652,SELLBLOG,NORMAL,아이가 진짜 열심히 하네요.,2020-01-06T08:04:31.000+0000,STOREFARM,5,어린이 보석십자수 DIY 캐릭터 큐빅 비즈십자수 지니맘,지니맘 큐빅십자수  DIY: 21번 별유니콘 (15cm 20cm)
778901951,SELLBLOG,AFTER_USE,재미있어요 하다보면 빠져드네요,2020-01-01T02:34:02.000+0000,STOREFARM,4,지니맘 어린이 보석십자수 캐릭터 큐빅십자수,지니맘 큐빅십자수  DIY: 21번 별유니콘 (15cm 20cm)
778902023,SELLBLOG,AFTER_USE,좋아요 아이들도 어른도 재미있어해요 ㅎㅎ,2020-01-01T02:34:19.000+0000,STOREFARM,5,지니맘 어린이 보석십자수 캐릭터 큐빅십자수,지니맘 큐빅십자수  DIY: 2번 보라유니콘 (15cm 20cm)
779636624,SELLBLOG,NORMAL,좋아요 재구매하고싶네요,2020-01-02T15:27:21.000+0000,STOREFARM,5,어린이 보석십자수 DIY 캐릭터 큐빅 비즈십자수 지니맘,지니맘 큐빅십자수  DIY: 4번 홍학 (15cm 20cm)
779636584,SELLBLOG,NORMAL,좋아요 재구매하고싶네요,2020-01-02T15:27:13.000+0000,STOREFARM,5,어린이 보석십자수 DIY 캐릭터 큐빅 비즈십자수 지니맘,지니맘 큐빅십자수  DIY: 3번 분홍사슴 (15cm 20cm)
779636548,SELLBLOG,NORMAL,좋아요 재구매하고싶네요,2020-01-02T15:27:06.000+0000,STOREFARM,5,어린이 보석십자수 DIY 캐릭터 큐빅 비즈십자수 지니맘,지니맘 큐빅십자수  DIY: 2번 보라유니콘 (15cm 20cm)
779636497,SELLBLOG,NORMAL,좋아요 재구매하고싶네요,2020-01-02T15:26:58.000+0000,STOREFARM,5,어린이 보석십자수 DIY 캐릭터 큐빅 비즈십자수 지니맘,지니맘 큐빅십자수  DIY: 21번 별유니콘 (15cm 20cm)
772204973,SELLBLOG,NORMAL,6세 아이가 재밌어 해요,2019-12-17T04:09:15.000+0000,STOREFARM,5,지니맘 어린이 보석십자수 캐릭터 큐빅십자수,지니맘 큐빅십자수  DIY: 22번 부엉이 (15cm 20cm)
780134614,SELLBLOG,NORMAL,배송도 빠르고 아이가 좋아해요,2020-01-03T15:24:04.000+0000,STOREFARM,5,어린이 보석십자수 DIY 캐릭터 큐빅 비즈십자수 지니맘,지니맘 큐빅십자수  DIY: 21번 별유니콘 (15cm 20cm)
779980048,SELLBLOG,NORMAL,반짝반짝 예쁘고 어렵지않게할수있어요,2020-01-03T10:03:50.000+0000,STOREFARM,5,어린이 보석십자수 DIY 캐릭터 큐빅 비즈십자수 지니맘,지니맘 큐빅십자수  DIY: 21번 별유니콘 (15cm 20cm)
776290859,SELLBLOG,AFTER_USE,하다보니 재미있어서 제가 다했네요 애들 주려고 샀는데 ㅋㅋㅋ,2019-12-26T02:21:58.000+0000,STOREFARM,5,지니맘 어린이 보석십자수 캐릭터 큐빅십자수,지니맘 큐빅십자수  DIY: 1번 유니콘 (15cm 20cm)
774435060,SELLBLOG,NORMAL,큰걸 사줬더니 완성시간 오래걸려 지루해 해서 작은걸로 사줬어요 순식간에 완성~~ 재미있어 합니다,2019-12-21T09:08:48.000+0000,STOREFARM,5,어린이 보석십자수 DIY 캐릭터 큐빅 비즈십자수 지니맘,지니맘 큐빅십자수  DIY: 17번 가면 (15cm 20cm)
781335794,SELLBLOG,NORMAL,아이가 열심히 하네요.,2020-01-06T08:04:47.000+0000,STOREFARM,5,어린이 보석십자수 DIY 캐릭터 큐빅 비즈십자수 지니맘,지니맘 큐빅십자수  DIY: 4번 작은유니콘(15cm 15cm)
772205552,SELLBLOG,NORMAL,6세 아이가 좋아해요,2019-12-17T04:10:40.000+0000,STOREFARM,5,지니맘 어린이 보석십자수 캐릭터 큐빅십자수,지니맘 큐빅십자수  DIY: 21번 별유니콘 (15cm 20cm)
772205284,SELLBLOG,NORMAL,6세 아이가 좋아해요,2019-12-17T04:10:02.000+0000,STOREFARM,5,지니맘 어린이 보석십자수 캐릭터 큐빅십자수,지니맘 큐빅십자수  DIY: 8번 꽃사슴 (15cm 20cm)
778916075,SELLBLOG,NORMAL,"아이가  넘 잼있어해요
시간가는줄  모르고 했네요",2020-01-01T03:22:41.000+0000,STOREFARM,5,어린이 보석십자수 DIY 캐릭터 큐빅 비즈십자수 지니맘,지니맘 큐빅십자수  DIY: 21번 별유니콘 (15cm 20cm)
779917699,SELLBLOG,NORMAL,액자포함인준 알았어요 안알아링ㆍ본잘못,2020-01-03T08:01:26.000+0000,STOREFARM,3,어린이 보석십자수 DIY 캐릭터 큐빅 비즈십자수 지니맘,지니맘 큐빅십자수  DIY: 3번 분홍사슴 (15cm 20cm)
775455074,SELLBLOG,NORMAL,"아이가 너무 좋아해요
근데 생각보다 커서 엄마가 조금 도와줘야 합니다~",2019-12-23T14:32:22.000+0000,STOREFARM,5,지니맘 어린이 보석십자수 캐릭터 큐빅십자수,지니맘 큐빅십자수  DIY: 25번 미니2  (15cm 20cm)
781092768,SELLBLOG,NORMAL,배송 잘 받았습니다.,2020-01-06T00:06:27.000+0000,STOREFARM,5,어린이 보석십자수 DIY 캐릭터 큐빅 비즈십자수 지니맘,
781092724,SELLBLOG,NORMAL,배송 잘 받았습니다.,2020-01-06T00:06:21.000+0000,STOREFARM,5,어린이 보석십자수 DIY 캐릭터 큐빅 비즈십자수 지니맘,
781092676,SELLBLOG,NORMAL,배송 잘 받았습니다.,2020-01-06T00:06:13.000+0000,STOREFARM,5,어린이 보석십자수 DIY 캐릭터 큐빅 비즈십자수 지니맘,
781092449,SELLBLOG,NORMAL,배송 잘 받았습니다.,2020-01-06T00:05:41.000+0000,STOREFARM,5,어린이 보석십자수 DIY 캐릭터 큐빅 비즈십자수 지니맘,
781095709,SELLBLOG,NORMAL,아이들이 좋아해요~~,2020-01-06T00:13:20.000+0000,STOREFARM,4,어린이 보석십자수 DIY 캐릭터 큐빅 비즈십자수 지니맘,지니맘 큐빅십자수  DIY: 27번 눈사람
777668057,SELLBLOG,NORMAL,아이가 하루종일 엄청 집중하고 완성하고 나서도 엄청 뿌듯해하네요,2019-12-29T03:19:46.000+0000,STOREFARM,5,어린이 보석십자수 DIY 캐릭터 큐빅 비즈십자수 지니맘,지니맘 큐빅십자수  DIY: 22번 부엉이 (15cm 20cm)
775714723,SELLBLOG,NORMAL,좋아요~아이가좋아하네요,2019-12-24T08:25:57.000+0000,STOREFARM,5,어린이 보석십자수 DIY 캐릭터 큐빅 비즈십자수 지니맘,지니맘 큐빅십자수  DIY: 1번 유니콘 (15cm 20cm)
772909536,SELLBLOG,NORMAL,하다보면 어깨도 아프고 허리도 아픈데 계속 하게된다는..?ㅋㅋ 구성이 좋고 집중할 수있어요~~ 시간이 아주 금방가네요~~,2019-12-18T09:19:10.000+0000,STOREFARM,5,지니맘 어린이 보석십자수 캐릭터 큐빅십자수,지니맘 큐빅십자수  DIY: 21번 별유니콘 (15cm 20cm)
766106153,SELLBLOG,NORMAL,"10살 남자아이가 너무 좋아해요.
하는 법도 쉽네요.",2019-12-04T12:39:08.000+0000,STOREFARM,5,지니맘 어린이 보석십자수 캐릭터 큐빅십자수,지니맘 큐빅십자수  DIY: 19번 방패 (15cm 20cm)
764672061,SELLBLOG,NORMAL,"아이가너무좋아해요
열심히하고있어요
완성하고 또주문해달라고하네요",2019-12-01T23:26:52.000+0000,STOREFARM,5,지니맘 어린이 보석십자수 캐릭터 큐빅십자수,지니맘 큐빅십자수  DIY: 1번 유니콘 (15cm 20cm)
778978012,SELLBLOG,NORMAL,아이들이 재미있어 하네요,2020-01-01T06:52:38.000+0000,STOREFARM,5,어린이 보석십자수 DIY 캐릭터 큐빅 비즈십자수 지니맘,지니맘 큐빅십자수  DIY: 21번 별유니콘 (15cm 20cm)
778977945,SELLBLOG,NORMAL,아이들이 재미있어하네요,2020-01-01T06:52:25.000+0000,STOREFARM,5,어린이 보석십자수 DIY 캐릭터 큐빅 비즈십자수 지니맘,지니맘 큐빅십자수  DIY: 27번 눈사람
775715105,SELLBLOG,NORMAL,"좋아요~ 아이가좋아해요,",2019-12-24T08:26:45.000+0000,STOREFARM,5,어린이 보석십자수 DIY 캐릭터 큐빅 비즈십자수 지니맘,지니맘 큐빅십자수  DIY: 22번 부엉이 (15cm 20cm)
778800329,SELLBLOG,NORMAL,방학때 놀잇감으로 최고예요,2019-12-31T14:51:21.000+0000,STOREFARM,5,어린이 보석십자수 DIY 캐릭터 큐빅 비즈십자수 지니맘,지니맘 큐빅십자수  DIY: 9번 겨울사슴 (15cm 20cm)
779322467,SELLBLOG,NORMAL,빠른 배송 감사합니다,2020-01-02T04:21:39.000+0000,STOREFARM,5,어린이 보석십자수 DIY 캐릭터 큐빅 비즈십자수 지니맘,지니맘 큐빅십자수  DIY: 2번 보라유니콘 (15cm 20cm)
779004774,SELLBLOG,NORMAL,완성해놓으니 이쁘네요,2020-01-01T08:22:05.000+0000,STOREFARM,5,어린이 보석십자수 DIY 캐릭터 큐빅 비즈십자수 지니맘,지니맘 큐빅십자수  DIY: 10번 안경토끼 (15cm 20cm)
779252698,SELLBLOG,NORMAL,상품포장이 꼼꼼합니다~,2020-01-02T01:45:17.000+0000,STOREFARM,5,어린이 보석십자수 DIY 캐릭터 큐빅십자수 지니맘,지니맘 큐빅십자수  DIY: 28번 산타
770018864,SELLBLOG,NORMAL,아이가 너무 좋아해요,2019-12-12T06:40:15.000+0000,STOREFARM,5,지니맘 어린이 보석십자수 캐릭터 큐빅십자수,지니맘 큐빅십자수  DIY: 17번 가면 (15cm 20cm)
770019264,SELLBLOG,NORMAL,아이가 좋아하겠어요,2019-12-12T06:40:52.000+0000,STOREFARM,5,지니맘 어린이 보석십자수 캐릭터 큐빅십자수,지니맘 큐빅십자수  DIY: 21번 별유니콘 (15cm 20cm)
778800428,SELLBLOG,NORMAL,아이들이 엄청 좋아해요,2019-12-31T14:51:40.000+0000,STOREFARM,5,어린이 보석십자수 DIY 캐릭터 큐빅 비즈십자수 지니맘,지니맘 큐빅십자수  DIY: 25번 미니2  (15cm 20cm)
769177700,SELLBLOG,AFTER_USE,배송 빠르고 잘 사용했어요,2019-12-10T16:34:12.000+0000,STOREFARM,5,지니맘 어린이 보석십자수 캐릭터 큐빅십자수,지니맘 큐빅십자수  DIY: 7번 소녀1  (15cm 20cm)
762528152,SELLBLOG,NORMAL,"예전에 구입할때는 품절이라 못 구입했는데ㅎ
거미 좋아요ㅎ 이뻐요ㅎㅎ
 배송도 빠르고 감사합니다^^",2019-11-27T06:26:31.000+0000,STOREFARM,5,지니맘 어린이 보석십자수 캐릭터 큐빅십자수,지니맘 큐빅십자수  DIY: 20번 거미 (15cm 20cm)
776724257,SELLBLOG,NORMAL,아직 안해봤어요~ 재밌겠죠~,2019-12-27T01:36:33.000+0000,STOREFARM,3,어린이 보석십자수 DIY 캐릭터 큐빅 비즈십자수 지니맘,지니맘 큐빅십자수  DIY: 26번 돌고래(15cm 20cm)
778862428,SELLBLOG,NORMAL,조카아이가 너무좋아합니다...,2019-12-31T23:52:32.000+0000,STOREFARM,5,어린이 보석십자수 DIY 캐릭터 큐빅 비즈십자수 지니맘,지니맘 큐빅십자수  DIY: 21번 별유니콘 (15cm 20cm)
776721710,SELLBLOG,NORMAL,괜찮아요~ 방학이라 주문해봤어요.,2019-12-27T01:30:36.000+0000,STOREFARM,3,어린이 보석십자수 DIY 캐릭터 큐빅 비즈십자수 지니맘,지니맘 큐빅십자수  DIY: 3번 분홍사슴 (15cm 20cm)
778862572,SELLBLOG,NORMAL,배송도 빠르고 내용물도 좋습니다.,2019-12-31T23:53:15.000+0000,STOREFARM,5,어린이 보석십자수 DIY 캐릭터 큐빅 비즈십자수 지니맘,지니맘 큐빅십자수  DIY: 6번 소녀1  (15cm 20cm)
775101389,SELLBLOG,NORMAL,"선물용으로 구매했어요
아이들이 좋아할거같아요~^^",2019-12-23T01:15:03.000+0000,STOREFARM,3,어린이 보석십자수 DIY 캐릭터 큐빅 비즈십자수 지니맘,지니맘 큐빅십자수  DIY: 3번 분홍사슴 (15cm 20cm)
777682236,SELLBLOG,NORMAL,딸친구에게 선물해도 좋을듯하네요^^,2019-12-29T03:59:31.000+0000,STOREFARM,5,어린이 보석십자수 DIY 캐릭터 큐빅 비즈십자수 지니맘,지니맘 큐빅십자수  DIY: 10번 안경토끼 (15cm 20cm)
777029688,SELLBLOG,NORMAL,아이들이 좋아하네요 예뻐요^^,2019-12-27T12:34:55.000+0000,STOREFARM,5,어린이 보석십자수 DIY 캐릭터 큐빅 비즈십자수 지니맘,지니맘 큐빅십자수  DIY: 3번 달팽이(15cm 15cm)
778806919,SELLBLOG,NORMAL,아이가 좋아하네요.,2019-12-31T15:17:35.000+0000,STOREFARM,5,어린이 보석십자수 DIY 캐릭터 큐빅 비즈십자수 지니맘,지니맘 큐빅십자수  DIY: 3번 분홍사슴 (15cm 20cm)
776724657,SELLBLOG,NORMAL,즐거운 겨울방학을 위해서 준비했어요~,2019-12-27T01:37:39.000+0000,STOREFARM,3,어린이 보석십자수 DIY 캐릭터 큐빅 비즈십자수 지니맘,지니맘 큐빅십자수  DIY: 1번 유니콘 (15cm 20cm)
773001408,SELLBLOG,NORMAL,아이들이 정말 좋아합니다.재미있어하고 무엇보다 이뻐요,2019-12-18T12:12:41.000+0000,STOREFARM,5,어린이 보석십자수 DIY 캐릭터 큐빅 비즈십자수 지니맘,지니맘 큐빅십자수  DIY: 9번 겨울사슴 (15cm 20cm)
762529623,SELLBLOG,NORMAL,"빠른배송 좋은상품 좋아요♡
크리스마스때 아이들과 하려구 미리미리 구입했어요^^",2019-11-27T06:28:59.000+0000,STOREFARM,5,지니맘 어린이 보석십자수 캐릭터 큐빅십자수,지니맘 큐빅십자수  DIY: 28번 산타
778678328,SELLBLOG,NORMAL,아이가 좋아합니다~,2019-12-31T09:25:53.000+0000,STOREFARM,5,어린이 보석십자수 DIY 캐릭터 큐빅 비즈십자수 지니맘,지니맘 큐빅십자수  DIY: 3번 분홍사슴 (15cm 20cm)
773393074,SELLBLOG,NORMAL,너무  예쁘네요 도안도 커서  아이들이  하기에  좋네요,2019-12-19T07:17:46.000+0000,STOREFARM,5,어린이 보석십자수 DIY 캐릭터 큐빅 비즈십자수 지니맘,지니맘 큐빅십자수  DIY: 28번 산타
766107402,SELLBLOG,NORMAL,"10살 남아 좋아해요.
너무 좋아해요.또 사려구요.",2019-12-04T12:41:10.000+0000,STOREFARM,5,지니맘 어린이 보석십자수 캐릭터 큐빅십자수,지니맘 큐빅십자수  DIY: 20번 거미 (15cm 20cm)
776937487,SELLBLOG,NORMAL,아이들이 재미있어합니다,2019-12-27T09:21:31.000+0000,STOREFARM,4,어린이 보석십자수 DIY 캐릭터 큐빅 비즈십자수 지니맘,지니맘 큐빅십자수  DIY: 28번 산타
769356786,SELLBLOG,NORMAL,시간이 매우 오래 걸리지만 아이가 좋아하고 집중할 수 있어서 좋아요~ 포장이 꼼꼼하게 잘되어 있습니다~ 사용하기 편해요^^,2019-12-11T04:00:39.000+0000,STOREFARM,5,지니맘 어린이 보석십자수 캐릭터 큐빅십자수,지니맘 큐빅십자수  DIY: 27번 눈사람
776724824,SELLBLOG,NORMAL,친구들과 함께 나눠하려고요~,2019-12-27T01:38:03.000+0000,STOREFARM,3,어린이 보석십자수 DIY 캐릭터 큐빅 비즈십자수 지니맘,지니맘 큐빅십자수  DIY: 4번 홍학 (15cm 20cm)
777044354,SELLBLOG,NORMAL,배송도 빠르고 너무 이뻐요~,2019-12-27T13:07:10.000+0000,STOREFARM,5,어린이 보석십자수 DIY 캐릭터 큐빅 비즈십자수 지니맘,지니맘 큐빅십자수  DIY: 21번 별유니콘 (15cm 20cm)
775414393,SELLBLOG,NORMAL,5세 아이에게 버거워 엄마인 제가 하고 있습니다,2019-12-23T12:44:48.000+0000,STOREFARM,4,지니맘 어린이 보석십자수 캐릭터 큐빅십자수,지니맘 큐빅십자수  DIY: 11번 클로버 (15cm 20cm)
776724500,SELLBLOG,NORMAL,초등생이 하기에 괜찮아요~,2019-12-27T01:37:13.000+0000,STOREFARM,3,어린이 보석십자수 DIY 캐릭터 큐빅 비즈십자수 지니맘,지니맘 큐빅십자수  DIY: 21번 별유니콘 (15cm 20cm)
771463242,SELLBLOG,NORMAL,큐빅을 넉넉하게 주셔서 좋아요~~배송도 빨라서 계속 주문하고있습니다^^,2019-12-15T07:32:01.000+0000,STOREFARM,5,지니맘 어린이 보석십자수 캐릭터 큐빅십자수,지니맘 큐빅십자수  DIY: 28번 산타
776868215,SELLBLOG,NORMAL,아이들이 좋아하네요,2019-12-27T07:00:56.000+0000,STOREFARM,5,어린이 보석십자수 DIY 캐릭터 큐빅 비즈십자수 지니맘,지니맘 큐빅십자수  DIY: 9번 겨울사슴 (15cm 20cm)
776868094,SELLBLOG,NORMAL,아이들이 좋아하네요,2019-12-27T07:00:40.000+0000,STOREFARM,5,어린이 보석십자수 DIY 캐릭터 큐빅 비즈십자수 지니맘,지니맘 큐빅십자수  DIY: 10번 안경토끼 (15cm 20cm)
775485905,SELLBLOG,AFTER_USE,다른곳보다 퀄리티가 확실히 다르네요,2019-12-23T16:38:53.000+0000,STOREFARM,5,지니맘 어린이 보석십자수 캐릭터 큐빅십자수,지니맘 큐빅십자수  DIY: 26번 돌고래(15cm 20cm)
774288309,SELLBLOG,NORMAL,아이가 좋아해요 만들기도 쉬워요,2019-12-21T03:37:07.000+0000,STOREFARM,5,어린이 보석십자수 DIY 캐릭터 큐빅 비즈십자수 지니맘,지니맘 큐빅십자수  DIY: 21번 별유니콘 (15cm 20cm)
777214304,SELLBLOG,NORMAL,아이들이 좋아해요~,2019-12-28T02:20:45.000+0000,STOREFARM,3,어린이 보석십자수 DIY 캐릭터 큐빅 비즈십자수 지니맘,지니맘 큐빅십자수  DIY: 7번 소녀2  (15cm 20cm)
769528346,SELLBLOG,NORMAL,아이한번 만들어보라고 주문해줘봤어요! 포장 꼼꼼히 보내주시고 칼배송에 ㅎㅎ 감사합니다^^,2019-12-11T09:14:52.000+0000,STOREFARM,5,지니맘 어린이 보석십자수 캐릭터 큐빅십자수,지니맘 큐빅십자수  DIY: 28번 산타
764672685,SELLBLOG,NORMAL,"두개주문해서  하나도전중이예요
이쁘네요",2019-12-01T23:29:00.000+0000,STOREFARM,5,지니맘 어린이 보석십자수 캐릭터 큐빅십자수,지니맘 큐빅십자수  DIY: 8번 꽃사슴 (15cm 20cm)
762528827,SELLBLOG,NORMAL,"크리스마스때 하려고 미리미리 구입했어요^_^
빠른배송에 좋아요ㅎ",2019-11-27T06:27:38.000+0000,STOREFARM,5,지니맘 어린이 보석십자수 캐릭터 큐빅십자수,지니맘 큐빅십자수  DIY: 27번 눈사람
776878767,SELLBLOG,NORMAL,집중력 키우기좋아요.,2019-12-27T07:22:21.000+0000,STOREFARM,5,어린이 보석십자수 DIY 캐릭터 큐빅 비즈십자수 지니맘,지니맘 큐빅십자수  DIY: 12번 슈퍼마리오 (15cm 20cm)
773906463,SELLBLOG,AFTER_USE,"좋아요 잘 써볼께요.
아직뜯질않았어용ㅜ",2019-12-20T06:21:07.000+0000,STOREFARM,5,지니맘 어린이 보석십자수 캐릭터 큐빅십자수,지니맘 큐빅십자수  DIY: 7번 소녀1  (15cm 20cm)
775414202,SELLBLOG,NORMAL,5세 아이에겐 다소 어려운 활동입니다,2019-12-23T12:44:18.000+0000,STOREFARM,5,지니맘 어린이 보석십자수 캐릭터 큐빅십자수,지니맘 큐빅십자수  DIY: 23번 사자 (15cm 20cm)
775306764,SELLBLOG,NORMAL,아이들이 좋아하네요 추천합니다,2019-12-23T08:10:28.000+0000,STOREFARM,5,어린이 보석십자수 DIY 캐릭터 큐빅 비즈십자수 지니맘,지니맘 큐빅십자수  DIY: 10번 안경토끼 (15cm 20cm)
775306666,SELLBLOG,NORMAL,아이들이 좋아하네요 추천합니다,2019-12-23T08:10:17.000+0000,STOREFARM,5,어린이 보석십자수 DIY 캐릭터 큐빅 비즈십자수 지니맘,지니맘 큐빅십자수  DIY: 7번 소녀2  (15cm 20cm)
775472638,SELLBLOG,NORMAL,언제나 재밌게 할 수 있어서 좋아요.,2019-12-23T15:31:36.000+0000,STOREFARM,5,지니맘 어린이 보석십자수 캐릭터 큐빅십자수,지니맘 큐빅십자수  DIY: 8번 꽃사슴 (15cm 20cm)
763967318,SELLBLOG,NORMAL,그림에 알맞게 도구 비즈 가 잘구성되어있어요,2019-11-30T06:34:24.000+0000,STOREFARM,5,지니맘 어린이 보석십자수 캐릭터 큐빅십자수,지니맘 큐빅십자수  DIY: 8번 꽃사슴 (15cm 20cm)
777214847,SELLBLOG,NORMAL,아이들이 좋아해요~~~,2019-12-28T02:21:58.000+0000,STOREFARM,3,어린이 보석십자수 DIY 캐릭터 큐빅 비즈십자수 지니맘,지니맘 큐빅십자수  DIY: 1번 유니콘 (15cm 20cm)
777214723,SELLBLOG,NORMAL,아이들이 좋아해요~~~,2019-12-28T02:21:40.000+0000,STOREFARM,3,어린이 보석십자수 DIY 캐릭터 큐빅 비즈십자수 지니맘,지니맘 큐빅십자수  DIY: 3번 분홍사슴 (15cm 20cm)
777214603,SELLBLOG,NORMAL,아이들이 좋아해요~~~,2019-12-28T02:21:24.000+0000,STOREFARM,3,어린이 보석십자수 DIY 캐릭터 큐빅 비즈십자수 지니맘,지니맘 큐빅십자수  DIY: 6번 소녀1  (15cm 20cm)
772480627,SELLBLOG,NORMAL,"배송이 빨라요
다음에 또 주문할께요",2019-12-17T13:06:00.000+0000,STOREFARM,5,어린이 보석십자수 DIY 캐릭터 큐빅십자수 지니맘,지니맘 큐빅십자수  DIY: 27번 눈사람
757569263,SELLBLOG,NORMAL,아이가 정말 좋아해요. 근데 이번껀 큐빅 불량이 좀 많았어요. 그것만 빼면 늘 꼼꼼한 포장과 제품 좋아요 ^^,2019-11-17T09:21:01.000+0000,STOREFARM,5,지니맘 어린이 보석십자수 캐릭터 큐빅십자수,지니맘 큐빅십자수  DIY: 20번 거미 (15cm 20cm)
775414580,SELLBLOG,NORMAL,심심할때 시간 보내기 좋아요,2019-12-23T12:45:16.000+0000,STOREFARM,5,지니맘 어린이 보석십자수 캐릭터 큐빅십자수,지니맘 큐빅십자수  DIY: 21번 별유니콘 (15cm 20cm)
775455712,SELLBLOG,NORMAL,아이들이 너무 좋아합니다,2019-12-23T14:34:16.000+0000,STOREFARM,5,지니맘 어린이 보석십자수 캐릭터 큐빅십자수,지니맘 큐빅십자수  DIY: 27번 눈사람
775455574,SELLBLOG,NORMAL,아이들이 너무 좋아합니다,2019-12-23T14:33:54.000+0000,STOREFARM,5,지니맘 어린이 보석십자수 캐릭터 큐빅십자수,지니맘 큐빅십자수  DIY: 1번 유니콘 (15cm 20cm)
775455463,SELLBLOG,NORMAL,아이들이 좋아합니다 너무,2019-12-23T14:33:33.000+0000,STOREFARM,5,지니맘 어린이 보석십자수 캐릭터 큐빅십자수,지니맘 큐빅십자수  DIY: 3번 분홍사슴 (15cm 20cm)
773906117,SELLBLOG,AFTER_USE,"초2아이가 혼자하기 힝들다네요ㅜ
상품구성은괜찮네요",2019-12-20T06:20:29.000+0000,STOREFARM,4,지니맘 어린이 보석십자수 캐릭터 큐빅십자수,지니맘 큐빅십자수  DIY: 27번 눈사람
775485751,SELLBLOG,AFTER_USE,아이가너무좋아합니다,2019-12-23T16:37:52.000+0000,STOREFARM,5,지니맘 어린이 보석십자수 캐릭터 큐빅십자수,지니맘 큐빅십자수  DIY: 2번 토끼(15cm 15cm)
773669838,SELLBLOG,NORMAL,선물로 산건데 아주 좋아해서 저도 기뻐요,2019-12-19T18:33:00.000+0000,STOREFARM,4,어린이 보석십자수 DIY 캐릭터 큐빅 비즈십자수 지니맘,지니맘 큐빅십자수  DIY: 21번 별유니콘 (15cm 20cm)
773001049,SELLBLOG,NORMAL,아이들이 너무 좋아해요 너무 이쁘네요,2019-12-18T12:12:03.000+0000,STOREFARM,5,어린이 보석십자수 DIY 캐릭터 큐빅 비즈십자수 지니맘,지니맘 큐빅십자수  DIY: 4번 홍학 (15cm 20cm)
772852216,SELLBLOG,NORMAL,처음하는 보석 십자수인데 힘들긴하지만 멋지네요,2019-12-18T07:30:19.000+0000,STOREFARM,5,어린이 보석십자수 DIY 캐릭터 큐빅 비즈십자수 지니맘,지니맘 큐빅십자수  DIY: 21번 별유니콘 (15cm 20cm)
774430716,SELLBLOG,NORMAL,선물로 구매했는데 아주 좋아요,2019-12-21T08:58:54.000+0000,STOREFARM,5,어린이 보석십자수 DIY 캐릭터 큐빅 비즈십자수 지니맘,지니맘 큐빅십자수  DIY: 21번 별유니콘 (15cm 20cm)
763966957,SELLBLOG,NORMAL,크기별 색깔별로 구성되어 있어서 좋아요,2019-11-30T06:33:33.000+0000,STOREFARM,5,지니맘 어린이 보석십자수 캐릭터 큐빅십자수,지니맘 큐빅십자수  DIY: 21번 별유니콘 (15cm 20cm)
763966521,SELLBLOG,NORMAL,"쫗아요
쫗아요
소근육운동에 좋아요",2019-11-30T06:32:32.000+0000,STOREFARM,5,지니맘 어린이 보석십자수 캐릭터 큐빅십자수,지니맘 큐빅십자수  DIY: 7번 소녀1  (15cm 20cm)
763464318,SELLBLOG,NORMAL,빠른 출고 감사드려요~ 딸이 너무 재미있어해서 하나더 재주문이에용~ 완성한건 셋째 동생 준다고 벽에 걸어두고 넷째 동생에게 준다고 하나더 주문해달래서 해줬네용~ 이쁘고 가성비도 좋아요,2019-11-29T02:39:28.000+0000,STOREFARM,5,지니맘 어린이 보석십자수 캐릭터 큐빅십자수,지니맘 큐빅십자수  DIY: 2번 보라유니콘 (15cm 20cm)
774431099,SELLBLOG,NORMAL,선물로 주기에 아주좋아요,2019-12-21T08:59:47.000+0000,STOREFARM,5,어린이 보석십자수 DIY 캐릭터 큐빅 비즈십자수 지니맘,지니맘 큐빅십자수  DIY: 22번 부엉이 (15cm 20cm)
762797346,SELLBLOG,NORMAL,배송엄청빠르고 판도 코팅잘되어있고 좋아요!,2019-11-27T14:37:51.000+0000,STOREFARM,5,지니맘 어린이 보석십자수 캐릭터 큐빅십자수,지니맘 큐빅십자수  DIY: 25번 미니2  (15cm 20cm)
768319110,SELLBLOG,NORMAL,"비즈도 많이 반짝거리고
바탕까지 비즈를붙이니
너무예뻐요ㅡ시간가는줄 모르겠어요
큰사이즈도 사고싶네요",2019-12-09T04:13:44.000+0000,STOREFARM,5,지니맘 어린이 보석십자수 캐릭터 큐빅십자수,지니맘 큐빅십자수  DIY: 12번 슈퍼 (15cm 20cm)
777463376,SELLBLOG,NORMAL,만족합니다.....,2019-12-28T11:59:30.000+0000,STOREFARM,5,어린이 보석십자수 DIY 캐릭터 큐빅 비즈십자수 지니맘,지니맘 큐빅십자수  DIY: 17번 가면 (15cm 20cm)
777463182,SELLBLOG,NORMAL,만족합니다.....,2019-12-28T11:59:06.000+0000,STOREFARM,5,어린이 보석십자수 DIY 캐릭터 큐빅 비즈십자수 지니맘,지니맘 큐빅십자수  DIY: 21번 별유니콘 (15cm 20cm)
777463072,SELLBLOG,NORMAL,만족합니다.... .,2019-12-28T11:58:52.000+0000,STOREFARM,5,어린이 보석십자수 DIY 캐릭터 큐빅 비즈십자수 지니맘,지니맘 큐빅십자수  DIY: 4번 홍학 (15cm 20cm)
777463283,SELLBLOG,NORMAL,만족합니다......,2019-12-28T11:59:18.000+0000,STOREFARM,5,어린이 보석십자수 DIY 캐릭터 큐빅 비즈십자수 지니맘,지니맘 큐빅십자수  DIY: 20번 거미 (15cm 20cm)
775485820,SELLBLOG,AFTER_USE,매번믿고구매합니다~~~,2019-12-23T16:38:20.000+0000,STOREFARM,5,지니맘 어린이 보석십자수 캐릭터 큐빅십자수,지니맘 큐빅십자수  DIY: 5번 펭귄(15cm 15cm)
763965961,SELLBLOG,NORMAL,"좋아요
개별포장되어있고 깔끔해요",2019-11-30T06:31:06.000+0000,STOREFARM,5,지니맘 어린이 보석십자수 캐릭터 큐빅십자수,지니맘 큐빅십자수  DIY: 4번 홍학 (15cm 20cm)
773719878,SELLBLOG,AFTER_USE,아이가 예쁘다고 좋아해요,2019-12-20T00:21:49.000+0000,STOREFARM,5,지니맘 어린이 보석십자수 캐릭터 큐빅십자수,지니맘 큐빅십자수  DIY: 1번 유니콘 (15cm 20cm)
773719482,SELLBLOG,AFTER_USE,아이가 예쁘다고 좋아해요,2019-12-20T00:20:52.000+0000,STOREFARM,5,지니맘 어린이 보석십자수 캐릭터 큐빅십자수,지니맘 큐빅십자수  DIY: 8번 꽃사슴 (15cm 20cm)
773719382,SELLBLOG,AFTER_USE,아이가 예쁘다고 좋아해요,2019-12-20T00:20:38.000+0000,STOREFARM,5,지니맘 어린이 보석십자수 캐릭터 큐빅십자수,지니맘 큐빅십자수  DIY: 22번 부엉이 (15cm 20cm)
774288444,SELLBLOG,NORMAL,만들기도 쉽고 도안도 예뻐요,2019-12-21T03:37:25.000+0000,STOREFARM,5,어린이 보석십자수 DIY 캐릭터 큐빅 비즈십자수 지니맘,지니맘 큐빅십자수  DIY: 27번 눈사람
773669897,SELLBLOG,NORMAL,많이 어렵지 않아서 조아요,2019-12-19T18:33:49.000+0000,STOREFARM,4,어린이 보석십자수 DIY 캐릭터 큐빅 비즈십자수 지니맘,지니맘 큐빅십자수  DIY: 1번 유니콘 (15cm 20cm)
773669879,SELLBLOG,NORMAL,많이 어렵지 않아서 조아요,2019-12-19T18:33:35.000+0000,STOREFARM,4,어린이 보석십자수 DIY 캐릭터 큐빅 비즈십자수 지니맘,지니맘 큐빅십자수  DIY: 7번 소녀2  (15cm 20cm)
771590729,SELLBLOG,AFTER_USE,액자때문에 재구매했어요..좋아요,2019-12-15T13:23:14.000+0000,STOREFARM,4,지니맘 어린이 보석십자수 캐릭터 큐빅십자수,지니맘 큐빅십자수  DIY: 26번 돌고래(15cm 20cm)
772084200,SELLBLOG,NORMAL,이쁘네요 아이가 좋아해요,2019-12-16T17:21:48.000+0000,STOREFARM,5,어린이 보석십자수 DIY 캐릭터 큐빅십자수 지니맘,지니맘 큐빅십자수  DIY: 8번 꽃사슴 (15cm 20cm)
772084193,SELLBLOG,NORMAL,이쁘네요 아이가 좋아해요,2019-12-16T17:21:38.000+0000,STOREFARM,5,어린이 보석십자수 DIY 캐릭터 큐빅십자수 지니맘,지니맘 큐빅십자수  DIY: 22번 부엉이 (15cm 20cm)
772084179,SELLBLOG,NORMAL,이쁘네요 아이가 좋아해요,2019-12-16T17:21:31.000+0000,STOREFARM,5,어린이 보석십자수 DIY 캐릭터 큐빅십자수 지니맘,지니맘 큐빅십자수  DIY: 21번 별유니콘 (15cm 20cm)
772084169,SELLBLOG,NORMAL,이쁘네요 아이가 좋아해요,2019-12-16T17:21:25.000+0000,STOREFARM,5,어린이 보석십자수 DIY 캐릭터 큐빅십자수 지니맘,지니맘 큐빅십자수  DIY: 3번 분홍사슴 (15cm 20cm)
772084158,SELLBLOG,NORMAL,이쁘네요 아이가 좋아해요,2019-12-16T17:21:16.000+0000,STOREFARM,5,어린이 보석십자수 DIY 캐릭터 큐빅십자수 지니맘,지니맘 큐빅십자수  DIY: 1번 유니콘 (15cm 20cm)
784292061,SELLBLOG,NORMAL,만족합니다 만족합니다,2020-01-12T02:10:11.000+0000,STOREFARM,4,어린이 보석십자수 DIY 캐릭터 큐빅 비즈십자수 지니맘,지니맘 큐빅십자수  DIY: 6번 소녀1  (15cm 20cm)
770686743,SELLBLOG,NORMAL,"공부는  뒷전~~ㅋㅋ
큐빅십자수만 할려고 하네요~~ㅋㅋ",2019-12-13T10:03:59.000+0000,STOREFARM,5,지니맘 어린이 보석십자수 캐릭터 큐빅십자수,지니맘 큐빅십자수  DIY: 2번 보라유니콘 (15cm 20cm)
757569820,SELLBLOG,NORMAL,좋아요^^ 아이가 너무 좋아해요^^ 조금더 복잡한 디자인이 생겼음 하네요,2019-11-17T09:22:35.000+0000,STOREFARM,5,지니맘 어린이 보석십자수 캐릭터 큐빅십자수,지니맘 큐빅십자수  DIY: 18번 망치 (15cm 20cm)
770685975,SELLBLOG,NORMAL,"너무 예쁘네요
간혹...큐빅에 색이 벗겨진게 나오는데~~
신경써주세요",2019-12-13T10:02:13.000+0000,STOREFARM,5,지니맘 어린이 보석십자수 캐릭터 큐빅십자수,지니맘 큐빅십자수  DIY: 1번 유니콘 (15cm 20cm)
774999905,SELLBLOG,NORMAL,아이가 좋아해요 ^^,2019-12-22T15:43:57.000+0000,STOREFARM,5,지니맘 어린이 보석십자수 캐릭터 큐빅십자수,지니맘 큐빅십자수  DIY: 12번 슈퍼 (15cm 20cm)
776878584,SELLBLOG,NORMAL,ㅇㅏ이들이 너무좋아해요,2019-12-27T07:22:01.000+0000,STOREFARM,5,어린이 보석십자수 DIY 캐릭터 큐빅 비즈십자수 지니맘,지니맘 큐빅십자수  DIY: 21번 별유니콘 (15cm 20cm)
768951429,SELLBLOG,AFTER_USE,딸아이가 완성해서 선물로 주네요 넘 이뻐요 만족,2019-12-10T09:14:57.000+0000,STOREFARM,5,지니맘 어린이 보석십자수 캐릭터 큐빅십자수,지니맘 큐빅십자수  DIY: 11번 클로버 (15cm 20cm)
772479453,SELLBLOG,NORMAL,배송도빠르고 포장이깔끔해요~,2019-12-17T13:04:08.000+0000,STOREFARM,5,어린이 보석십자수 DIY 캐릭터 큐빅십자수 지니맘,지니맘 큐빅십자수  DIY: 26번 돌고래(15cm 20cm)
786897152,SELLBLOG,NORMAL,"12345678910
11121314151617181920",2020-01-17T01:12:54.000+0000,STOREFARM,5,어린이 보석십자수 DIY 캐릭터 큐빅 비즈십자수 지니맘,지니맘 큐빅십자수  DIY: 18번 망치 (15cm 20cm)
786897034,SELLBLOG,NORMAL,"12345678910
11121314151617181920",2020-01-17T01:12:41.000+0000,STOREFARM,5,어린이 보석십자수 DIY 캐릭터 큐빅 비즈십자수 지니맘,지니맘 큐빅십자수  DIY: 26번 돌고래(15cm 20cm)
786896865,SELLBLOG,NORMAL,"12345678910
11121314151617181920",2020-01-17T01:12:21.000+0000,STOREFARM,5,어린이 보석십자수 DIY 캐릭터 큐빅 비즈십자수 지니맘,지니맘 큐빅십자수  DIY: 20번 거미 (15cm 20cm)
786896798,SELLBLOG,NORMAL,"12345678910
11121314151617181920",2020-01-17T01:12:10.000+0000,STOREFARM,5,어린이 보석십자수 DIY 캐릭터 큐빅 비즈십자수 지니맘,지니맘 큐빅십자수  DIY: 21번 별유니콘 (15cm 20cm)
786896708,SELLBLOG,NORMAL,"12345678910
11121314151617181920",2020-01-17T01:11:58.000+0000,STOREFARM,5,어린이 보석십자수 DIY 캐릭터 큐빅 비즈십자수 지니맘,지니맘 큐빅십자수  DIY: 8번 꽃사슴 (15cm 20cm)
786896601,SELLBLOG,NORMAL,"12345678910
11121314151617181920",2020-01-17T01:11:48.000+0000,STOREFARM,5,어린이 보석십자수 DIY 캐릭터 큐빅 비즈십자수 지니맘,지니맘 큐빅십자수  DIY: 1번 유니콘 (15cm 20cm)
771943020,SELLBLOG,NORMAL,금액도 착하고 아이가 좋아했어요,2019-12-16T09:34:39.000+0000,STOREFARM,5,어린이 보석십자수 DIY 캐릭터 큐빅십자수 지니맘,지니맘 큐빅십자수  DIY: 22번 부엉이 (15cm 20cm)
773393473,SELLBLOG,NORMAL,도안도  예쁘고  하기도  쉽네요,2019-12-19T07:18:29.000+0000,STOREFARM,5,어린이 보석십자수 DIY 캐릭터 큐빅 비즈십자수 지니맘,지니맘 큐빅십자수  DIY: 8번 꽃사슴 (15cm 20cm)
773393312,SELLBLOG,NORMAL,도안도  예쁘고  큐빅도 예뻐요,2019-12-19T07:18:11.000+0000,STOREFARM,5,어린이 보석십자수 DIY 캐릭터 큐빅 비즈십자수 지니맘,지니맘 큐빅십자수  DIY: 27번 눈사람
768951900,SELLBLOG,AFTER_USE,딸아이가 완성해서 선물로 주네요 만족만족,2019-12-10T09:15:50.000+0000,STOREFARM,5,지니맘 어린이 보석십자수 캐릭터 큐빅십자수,지니맘 큐빅십자수  DIY: 22번 부엉이 (15cm 20cm)
768951774,SELLBLOG,AFTER_USE,딸아이가 완성해서 선물로 주네요 만족만족,2019-12-10T09:15:36.000+0000,STOREFARM,5,지니맘 어린이 보석십자수 캐릭터 큐빅십자수,지니맘 큐빅십자수  DIY: 13번 스폰지 (15cm 20cm)
772852433,SELLBLOG,NORMAL,힘들긴 하지만 멋져요,2019-12-18T07:30:42.000+0000,STOREFARM,5,어린이 보석십자수 DIY 캐릭터 큐빅 비즈십자수 지니맘,지니맘 큐빅십자수  DIY: 12번 슈퍼마리오 (15cm 20cm)
772852376,SELLBLOG,NORMAL,힘들긴 하지만 멋져요,2019-12-18T07:30:36.000+0000,STOREFARM,5,어린이 보석십자수 DIY 캐릭터 큐빅 비즈십자수 지니맘,지니맘 큐빅십자수  DIY: 6번 소녀1  (15cm 20cm)
762797534,SELLBLOG,NORMAL,배송빠르고 구성도 좋아요 ㅋㅋㅋ,2019-11-27T14:38:18.000+0000,STOREFARM,5,지니맘 어린이 보석십자수 캐릭터 큐빅십자수,지니맘 큐빅십자수  DIY: 5번 펭귄(15cm 15cm)
768594303,SELLBLOG,AFTER_USE,아이가 좋아해서 좋아요 집중력 최고,2019-12-09T13:50:52.000+0000,STOREFARM,4,지니맘 어린이 보석십자수 캐릭터 큐빅십자수,지니맘 큐빅십자수  DIY: 21번 별유니콘 (15cm 20cm)
772480172,SELLBLOG,NORMAL,심심할때 좋을듯해요~,2019-12-17T13:05:16.000+0000,STOREFARM,5,어린이 보석십자수 DIY 캐릭터 큐빅십자수 지니맘,지니맘 큐빅십자수  DIY: 22번 부엉이 (15cm 20cm)
760646707,SELLBLOG,NORMAL,친구들 선물한다고 아주열심이예요ㅋㅋ,2019-11-23T10:25:24.000+0000,STOREFARM,5,지니맘 어린이 보석십자수 캐릭터 큐빅십자수,지니맘 큐빅십자수  DIY: 21번 별유니콘 (15cm 20cm)
770686390,SELLBLOG,NORMAL,"만족~~만족.
집중력에 짱 좋아요",2019-12-13T10:03:09.000+0000,STOREFARM,5,지니맘 어린이 보석십자수 캐릭터 큐빅십자수,지니맘 큐빅십자수  DIY: 8번 꽃사슴 (15cm 20cm)
760646473,SELLBLOG,NORMAL,아이집중력이 쭉쭉 올라가네요,2019-11-23T10:24:45.000+0000,STOREFARM,5,지니맘 어린이 보석십자수 캐릭터 큐빅십자수,지니맘 큐빅십자수  DIY: 3번 분홍사슴 (15cm 20cm)
772479731,SELLBLOG,NORMAL,아이들이 좋아해요~,2019-12-17T13:04:36.000+0000,STOREFARM,5,어린이 보석십자수 DIY 캐릭터 큐빅십자수 지니맘,지니맘 큐빅십자수  DIY: 1번 유니콘 (15cm 20cm)
757804186,SELLBLOG,NORMAL,아이가 매우 재밌어해요.,2019-11-17T23:47:50.000+0000,STOREFARM,5,지니맘 어린이 보석십자수 캐릭터 큐빅십자수,지니맘 큐빅십자수  DIY: 11번 클로버 (15cm 20cm)
769709566,SELLBLOG,NORMAL,딸아이가 좋아해서 여러개 한번에 구매했어요 ^^,2019-12-11T14:39:08.000+0000,STOREFARM,5,지니맘 어린이 보석십자수 캐릭터 큐빅십자수,지니맘 큐빅십자수  DIY: 13번 스폰지 (15cm 20cm)
769178175,SELLBLOG,AFTER_USE,잘 사용했어요~~많이 파새요,2019-12-10T16:36:35.000+0000,STOREFARM,5,지니맘 어린이 보석십자수 캐릭터 큐빅십자수,지니맘 큐빅십자수  DIY: 21번 별유니콘 (15cm 20cm)
767019461,SELLBLOG,NORMAL,재밌어요 보석도 넉넉히 들어있어서 안심되네요,2019-12-06T06:43:32.000+0000,STOREFARM,4,지니맘 어린이 보석십자수 캐릭터 큐빅십자수,지니맘 큐빅십자수  DIY: 6번 소녀  (15cm 20cm)
769709707,SELLBLOG,NORMAL,딸아이가 좋아해서 여러개 구매햇어요 ^^,2019-12-11T14:39:27.000+0000,STOREFARM,5,지니맘 어린이 보석십자수 캐릭터 큐빅십자수,지니맘 큐빅십자수  DIY: 1번 유니콘 (15cm 20cm)
759694400,SELLBLOG,NORMAL,배송느린거말고는 좋았음,2019-11-21T07:47:58.000+0000,STOREFARM,4,지니맘 어린이 보석십자수 캐릭터 큐빅십자수,지니맘 큐빅십자수  DIY: 5번  반짝이 사슴 (15cm 20cm)
760646299,SELLBLOG,NORMAL,아이가 너무너무좋아해요,2019-11-23T10:24:15.000+0000,STOREFARM,5,지니맘 어린이 보석십자수 캐릭터 큐빅십자수,지니맘 큐빅십자수  DIY: 26번 돌고래(15cm 20cm)
760015591,SELLBLOG,NORMAL,"아이가 기다려서 빠른 출고 부탁한다고 문의 드렸더니 마음을 잘 이해해주시고, 빨리 내보내주셔서 감사했고, 아이가 미술활동을 좋아해서 주문했어요~* 번창하세요",2019-11-22T01:31:28.000+0000,STOREFARM,5,지니맘 어린이 보석십자수 캐릭터 큐빅십자수,지니맘 큐빅십자수  DIY: 1번 유니콘 (15cm 20cm)
762666090,SELLBLOG,NORMAL,마음이 차분해지는 효과가 있네요~ 그런데 하다보면 점점 속도가 붙어요~ 귀여운 도안 더 많아졌음 좋겠어요~,2019-11-27T10:41:31.000+0000,STOREFARM,5,지니맘 어린이 보석십자수 캐릭터 큐빅십자수,지니맘 큐빅십자수  DIY: 21번 별유니콘 (15cm 20cm)
770685029,SELLBLOG,NORMAL,딸들이 너무 좋아하네요~~^^,2019-12-13T10:00:08.000+0000,STOREFARM,5,지니맘 어린이 보석십자수 캐릭터 큐빅십자수,지니맘 큐빅십자수  DIY: 12번 슈퍼 (15cm 20cm)
768917739,SELLBLOG,NORMAL,아이가 좋아해요 추천합니다,2019-12-10T08:10:12.000+0000,STOREFARM,5,지니맘 어린이 보석십자수 캐릭터 큐빅십자수,지니맘 큐빅십자수  DIY: 27번 눈사람
768319298,SELLBLOG,NORMAL,"배송도빠르고
아이가너무좋아해요",2019-12-09T04:14:03.000+0000,STOREFARM,5,지니맘 어린이 보석십자수 캐릭터 큐빅십자수,지니맘 큐빅십자수  DIY: 1번 유니콘 (15cm 20cm)
767019137,SELLBLOG,NORMAL,처음해보는건데 재밌어요 4살 아이도 집중력있게 잘해요,2019-12-06T06:42:50.000+0000,STOREFARM,5,지니맘 어린이 보석십자수 캐릭터 큐빅십자수,지니맘 큐빅십자수  DIY: 1번 유니콘 (15cm 20cm)
769466848,SELLBLOG,NORMAL,시간 보내기 정말 좋네요,2019-12-11T07:22:51.000+0000,STOREFARM,5,지니맘 어린이 보석십자수 캐릭터 큐빅십자수,지니맘 큐빅십자수  DIY: 6번 소녀  (15cm 20cm)
769177568,SELLBLOG,AFTER_USE,배송 빠르고 잘사용했어요,2019-12-10T16:33:29.000+0000,STOREFARM,5,지니맘 어린이 보석십자수 캐릭터 큐빅십자수,지니맘 큐빅십자수  DIY: 1번 유니콘 (15cm 20cm)
748011245,SELLBLOG,NORMAL,"5시간 집중해서 완성했어요~
생각보다 너무 이쁘고 액자도 진짜 가성비 갑이네요, 근데 사이즈가 안맞아서 그림 코팅테두리를 거의 다 짤라내야해요~
보석(비즈)도 넉넉하고 좋아요^^",2019-10-28T08:47:53.000+0000,STOREFARM,5,지니맘 어린이 보석십자수 캐릭터 큐빅십자수,지니맘 큐빅십자수  DIY: 5번  반짝이 사슴 (15cm 20cm)
760093985,SELLBLOG,NORMAL,포장도 각각 잘되어 왔구요. 그림도 예쁘고 좋았어요 큐빅도 많이 들어 있구요. 단 큐빅 불량이 조금 있더라구요 ^^ 그래도 아이들과 재미있게 했어요.,2019-11-22T04:41:26.000+0000,STOREFARM,4,지니맘 어린이 보석십자수 캐릭터 큐빅십자수,지니맘 큐빅십자수  DIY: 5번  반짝이 사슴 (15cm 20cm)
760093955,SELLBLOG,NORMAL,포장도 각각 잘되어 왔구요. 그림도 예쁘고 좋았어요 큐빅도 많이 들어 있구요. 단 큐빅 불량이 조금 있더라구요 ^^ 그래도 아이들과 재미있게 했어요.,2019-11-22T04:41:20.000+0000,STOREFARM,4,지니맘 어린이 보석십자수 캐릭터 큐빅십자수,지니맘 큐빅십자수  DIY: 3번 분홍사슴 (15cm 20cm)
760093922,SELLBLOG,NORMAL,포장도 각각 잘되어 왔구요. 그림도 예쁘고 좋았어요 큐빅도 많이 들어 있구요. 단 큐빅 불량이 조금 있더라구요 ^^ 그래도 아이들과 재미있게 했어요.,2019-11-22T04:41:15.000+0000,STOREFARM,4,지니맘 어린이 보석십자수 캐릭터 큐빅십자수,지니맘 큐빅십자수  DIY: 28번 산타
760093884,SELLBLOG,NORMAL,포장도 각각 잘되어 왔구요. 그림도 예쁘고 좋았어요 큐빅도 많이 들어 있구요. 단 큐빅 불량이 조금 있더라구요 ^^ 그래도 아이들과 재미있게 했어요.,2019-11-22T04:41:10.000+0000,STOREFARM,4,지니맘 어린이 보석십자수 캐릭터 큐빅십자수,지니맘 큐빅십자수  DIY: 4번 홍학 (15cm 20cm)
760093844,SELLBLOG,NORMAL,포장도 각각 잘되어 왔구요. 그림도 예쁘고 좋았어요 큐빅도 많이 들어 있구요. 단 큐빅 불량이 조금 있더라구요 ^^ 그래도 아이들과 재미있게 했어요.,2019-11-22T04:41:04.000+0000,STOREFARM,4,지니맘 어린이 보석십자수 캐릭터 큐빅십자수,지니맘 큐빅십자수  DIY: 21번 별유니콘 (15cm 20cm)
760093804,SELLBLOG,NORMAL,포장도 각각 잘되어 왔구요. 그림도 예쁘고 좋았어요 큐빅도 많이 들어 있구요. 단 큐빅 불량이 조금 있더라구요 ^^ 그래도 아이들과 재미있게 했어요.,2019-11-22T04:40:59.000+0000,STOREFARM,4,지니맘 어린이 보석십자수 캐릭터 큐빅십자수,지니맘 큐빅십자수  DIY: 1번 유니콘 (15cm 20cm)
759183510,SELLBLOG,NORMAL,애들이 늠 좋아합니다~~,2019-11-20T08:39:19.000+0000,STOREFARM,5,지니맘 어린이 보석십자수 캐릭터 큐빅십자수,지니맘 큐빅십자수  DIY: 2번 토끼(15cm 15cm)
768319457,SELLBLOG,NORMAL,"비즈도 많이반짝이고
재밌어요",2019-12-09T04:14:21.000+0000,STOREFARM,5,지니맘 어린이 보석십자수 캐릭터 큐빅십자수,지니맘 큐빅십자수  DIY: 3번 분홍사슴 (15cm 20cm)
763648787,SELLBLOG,NORMAL,딸랑구가조아해서항상시키는데.나름만족하고항상구매합니다,2019-11-29T09:51:47.000+0000,STOREFARM,4,지니맘 어린이 보석십자수 캐릭터 큐빅십자수,지니맘 큐빅십자수  DIY: 28번 산타
768319852,SELLBLOG,NORMAL,"비즈도  많이반짝이고
예뻐요",2019-12-09T04:15:00.000+0000,STOREFARM,5,지니맘 어린이 보석십자수 캐릭터 큐빅십자수,지니맘 큐빅십자수  DIY: 28번 산타
768319632,SELLBLOG,NORMAL,"배송도빠르고
너무재밌네요",2019-12-09T04:14:38.000+0000,STOREFARM,5,지니맘 어린이 보석십자수 캐릭터 큐빅십자수,지니맘 큐빅십자수  DIY: 13번 스폰지 (15cm 20cm)
752295537,SELLBLOG,AFTER_USE,너무예뻐요~ 하기너무편하고 쉬워서 시간가는줄 모르게 금방완성하고 재밌어요^^,2019-11-06T11:08:40.000+0000,STOREFARM,5,지니맘 어린이 보석십자수 캐릭터 큐빅십자수,지니맘 큐빅십자수  DIY: 13번 스폰지 (15cm 20cm)
763649151,SELLBLOG,NORMAL,조아요.몇번시켰는데.딸래미가.만족하며.열심히해요,2019-11-29T09:52:42.000+0000,STOREFARM,4,지니맘 어린이 보석십자수 캐릭터 큐빅십자수,지니맘 큐빅십자수  DIY: 27번 눈사람
760321334,SELLBLOG,NORMAL,"10살 5살 아이둘이 이거하나로 2시간 집중하네요
대박아이템이에요ㅋㅋ눈이 나빠질까 걱정은되지만 그래도 만족스러워요",2019-11-22T13:28:25.000+0000,STOREFARM,5,지니맘 어린이 보석십자수 캐릭터 큐빅십자수,지니맘 큐빅십자수  DIY: 8번 꽃사슴 (15cm 20cm)
760093419,SELLBLOG,NORMAL,"포장도 깔끔하니 좋구요. 그림도 예쁘구요. 큐빅도 많이 담겨 있구요. 
단 큐빅 불량이 많더라구요. ^^ 그래도 아이들과 재미있게 했어요.",2019-11-22T04:40:06.000+0000,STOREFARM,4,지니맘 어린이 보석십자수 캐릭터 큐빅십자수,지니맘 큐빅십자수  DIY: 20번 거미 (15cm 20cm)
768675852,SELLBLOG,NORMAL,애들이 좋아합니다~,2019-12-09T23:06:11.000+0000,STOREFARM,5,지니맘 어린이 보석십자수 캐릭터 큐빅십자수,지니맘 큐빅십자수  DIY: 8번 꽃사슴 (15cm 20cm)
768675803,SELLBLOG,NORMAL,애들이 좋아합니다~,2019-12-09T23:05:55.000+0000,STOREFARM,5,지니맘 어린이 보석십자수 캐릭터 큐빅십자수,지니맘 큐빅십자수  DIY: 6번 소녀  (15cm 20cm)
753103726,SELLBLOG,AFTER_USE,아이가 참 좋아하네요~ 블링블링한것이 제가 해도 재미있어요.,2019-11-08T02:23:07.000+0000,STOREFARM,5,지니맘 어린이 보석십자수 캐릭터 큐빅십자수,지니맘 큐빅십자수  DIY: 26번 돌고래(15cm 20cm)
755196437,SELLBLOG,NORMAL,재밌어요~ 아이들도 저도 모두 재밌어해요~!,2019-11-12T11:01:06.000+0000,STOREFARM,5,지니맘 어린이 보석십자수 캐릭터 큐빅십자수,지니맘 큐빅십자수  DIY: 26번 돌고래(15cm 20cm)
755196077,SELLBLOG,NORMAL,재밌어요~ 아이들도 저도 모두 재밌어해요~!,2019-11-12T11:00:33.000+0000,STOREFARM,5,지니맘 어린이 보석십자수 캐릭터 큐빅십자수,지니맘 큐빅십자수  DIY: 10번 안경토끼 (15cm 20cm)
755195775,SELLBLOG,NORMAL,재밌어요~ 아이들도 저도 모두 재밌어해요~!,2019-11-12T10:59:59.000+0000,STOREFARM,5,지니맘 어린이 보석십자수 캐릭터 큐빅십자수,지니맘 큐빅십자수  DIY: 28번 산타
764440889,SELLBLOG,NORMAL,너무 어렵지 않아요~~누구나 쉽게,2019-12-01T08:49:50.000+0000,STOREFARM,4,지니맘 어린이 보석십자수 캐릭터 큐빅십자수,지니맘 큐빅십자수  DIY: 3번 분홍사슴 (15cm 20cm)
762666535,SELLBLOG,NORMAL,점점 속도가 붙어서 신나게 하게 되네요. 반짝반짝 예쁘기까지~^^,2019-11-27T10:42:24.000+0000,STOREFARM,4,지니맘 어린이 보석십자수 캐릭터 큐빅십자수,지니맘 큐빅십자수  DIY: 17번 가면 (15cm 20cm)
746044471,SELLBLOG,NORMAL,보석도 넉넉하고 그림도 넘 이쁘네요~~ 촘촘히 짜여있어서 빠진부분 없을정도로 넘 이뻐요!! 사이즈는 a5정도라 생각하심 될듯하네요~애기 하려고 산건데 엄마더 집중하게 되는 매직ㅋㅋ너무이뻐요.,2019-10-23T23:59:38.000+0000,STOREFARM,5,지니맘 어린이 보석십자수 캐릭터 큐빅십자수,지니맘 큐빅십자수  DIY: 1번 유니콘 (15cm 20cm)
762631743,SELLBLOG,NORMAL,지난번구매하고..애들이 너무좋아해서 재구매해요.,2019-11-27T09:36:30.000+0000,STOREFARM,5,지니맘 어린이 보석십자수 캐릭터 큐빅십자수,지니맘 큐빅십자수  DIY: 26번 돌고래(15cm 20cm)
762632368,SELLBLOG,NORMAL,지난번 구매했는데..애들이 너무 좋아해서 다시 구매합니다.,2019-11-27T09:37:42.000+0000,STOREFARM,5,지니맘 어린이 보석십자수 캐릭터 큐빅십자수,지니맘 큐빅십자수  DIY: 16번 별 (15cm 20cm)
762632322,SELLBLOG,NORMAL,지난번 구매했는데..애들이 너무 좋아해서 다시 구매합니다.,2019-11-27T09:37:36.000+0000,STOREFARM,5,지니맘 어린이 보석십자수 캐릭터 큐빅십자수,지니맘 큐빅십자수  DIY: 19번 방패 (15cm 20cm)
762632259,SELLBLOG,NORMAL,지난번 구매했는데..애들이 너무 좋아해서 다시 구매합니다.,2019-11-27T09:37:30.000+0000,STOREFARM,5,지니맘 어린이 보석십자수 캐릭터 큐빅십자수,지니맘 큐빅십자수  DIY: 27번 눈사람
752210937,SELLBLOG,AFTER_USE,1시간이면 다해요ㅠㅜㅠ 재밋는데 아쉬워서 또시킬거에영.,2019-11-06T08:25:53.000+0000,STOREFARM,5,지니맘 어린이 보석십자수 캐릭터 큐빅십자수,지니맘 큐빅십자수  DIY: 18번 망치 (15cm 20cm)
765423403,SELLBLOG,NORMAL,애들이 집중력을 갖고 열심히하네요,2019-12-03T09:46:49.000+0000,STOREFARM,5,지니맘 어린이 보석십자수 캐릭터 큐빅십자수,지니맘 큐빅십자수  DIY: 1번 유니콘 (15cm 20cm)
752294190,SELLBLOG,AFTER_USE,아이들과함께 좋은시간보낼수있어서 너무좋고 큐빅십자수라 블링블링 너무이뻐요,2019-11-06T11:06:13.000+0000,STOREFARM,5,지니맘 어린이 보석십자수 캐릭터 큐빅십자수,지니맘 큐빅십자수  DIY: 21번 별유니콘 (15cm 20cm)
752279712,SELLBLOG,NORMAL,"생각보다 고급스럽고
집중력 좋아지게 하는 것 같아요
담에 또 구매의사 있어요^^",2019-11-06T10:39:18.000+0000,STOREFARM,5,지니맘 어린이 보석십자수 캐릭터 큐빅십자수,지니맘 큐빅십자수  DIY: 18번 망치 (15cm 20cm)
761394998,SELLBLOG,NORMAL,"아이가 너무 좋아해요~^^
포장까지 꼼꼼하게 해주셔서 감사합니다^^",2019-11-25T04:18:48.000+0000,STOREFARM,5,지니맘 어린이 보석십자수 캐릭터 큐빅십자수,지니맘 큐빅십자수  DIY: 25번 미니2  (15cm 20cm)
751218604,SELLBLOG,NORMAL,배송빨라좋고 그림도 더 예뻐요 아이들 집중에도 좋아요,2019-11-04T09:12:22.000+0000,STOREFARM,5,지니맘 어린이 보석십자수 캐릭터 큐빅십자수,지니맘 큐빅십자수  DIY: 9번 겨울사슴 (15cm 20cm)
753131960,SELLBLOG,NORMAL,배송 빠르고 좋아요. 아이들이 좋아해요~,2019-11-08T03:25:15.000+0000,STOREFARM,5,지니맘 어린이 보석십자수 캐릭터 큐빅십자수,지니맘 큐빅십자수  DIY: 1번 유니콘 (15cm 20cm)
750703826,SELLBLOG,NORMAL,딸아이가 만들면서 재미있는지 엄청 좋아하네요~ 만족합니다~~,2019-11-03T07:02:41.000+0000,STOREFARM,5,지니맘 어린이 보석십자수 캐릭터 큐빅십자수,지니맘 큐빅십자수  DIY: 5번 펭귄(15cm 15cm)
761490032,SELLBLOG,NORMAL,딸이 좋아하네요ㆍ큐빅도 사이즈가 세가지라 이뿌다고 또 사달래요,2019-11-25T07:31:24.000+0000,STOREFARM,5,지니맘 어린이 보석십자수 캐릭터 큐빅십자수,지니맘 큐빅십자수  DIY: 26번 돌고래(15cm 20cm)
766063711,SELLBLOG,NORMAL,아이가 조아해서 샀어요,2019-12-04T11:28:00.000+0000,STOREFARM,5,지니맘 어린이 보석십자수 캐릭터 큐빅십자수,지니맘 큐빅십자수  DIY: 27번 눈사람
765423627,SELLBLOG,NORMAL,배송빠르고 저렴해서 좋네요,2019-12-03T09:47:16.000+0000,STOREFARM,5,지니맘 어린이 보석십자수 캐릭터 큐빅십자수,지니맘 큐빅십자수  DIY: 5번  반짝이 사슴 (15cm 20cm)
752293179,SELLBLOG,AFTER_USE,"큐빅십자수라 너무 이쁘고 쉽고
아이들과함께 하기 딱좋아요~",2019-11-06T11:04:21.000+0000,STOREFARM,5,지니맘 어린이 보석십자수 캐릭터 큐빅십자수,지니맘 큐빅십자수  DIY: 13번 스폰지 (15cm 20cm)
766063618,SELLBLOG,NORMAL,아이가 원해서 샀엉노,2019-12-04T11:27:51.000+0000,STOREFARM,5,지니맘 어린이 보석십자수 캐릭터 큐빅십자수,지니맘 큐빅십자수  DIY: 3번 분홍사슴 (15cm 20cm)
766063512,SELLBLOG,NORMAL,아이가 원해서 샀엉노,2019-12-04T11:27:40.000+0000,STOREFARM,5,지니맘 어린이 보석십자수 캐릭터 큐빅십자수,지니맘 큐빅십자수  DIY: 28번 산타
750136596,SELLBLOG,NORMAL,"아이가 너무 좋아해요
큐빅이 작은거 큰거 섞여있어서 더좋네요",2019-11-01T22:31:02.000+0000,STOREFARM,5,지니맘 어린이 보석십자수 캐릭터 큐빅십자수,지니맘 큐빅십자수  DIY: 11번 클로버 (15cm 20cm)
764440753,SELLBLOG,NORMAL,집중해서 하는 모습보니 좋아요,2019-12-01T08:49:29.000+0000,STOREFARM,4,지니맘 어린이 보석십자수 캐릭터 큐빅십자수,지니맘 큐빅십자수  DIY: 7번 소녀1  (15cm 20cm)
738007142,SELLBLOG,NORMAL,"크기가 다양해서 꼼꼼하게 할 수있어 좋아요.
다만 불량인 비즈가 좀 있어서 골라내기 번거롭네요
한개 다하면 2시간 조금 더 걸리는 거같아요
취미생활로 최고입니다",2019-10-07T05:50:33.000+0000,STOREFARM,3,지니맘 어린이 보석십자수 캐릭터 큐빅십자수,지니맘 큐빅십자수  DIY: 17번 가면 (15cm 20cm)
765770143,SELLBLOG,NORMAL,이뻐요 만족합니다 좋아요,2019-12-04T02:08:01.000+0000,STOREFARM,5,지니맘 어린이 보석십자수 캐릭터 큐빅십자수,지니맘 큐빅십자수  DIY: 5번 펭귄(15cm 15cm)
764416942,SELLBLOG,AFTER_USE,생각보다 좋은제품이네요,2019-12-01T07:49:26.000+0000,STOREFARM,5,지니맘 어린이 보석십자수 캐릭터 큐빅십자수,지니맘 큐빅십자수  DIY: 6번 소녀  (15cm 20cm)
764513173,SELLBLOG,NORMAL,"아이가 너무 좋아합니다.
초등1학년 아이 예요..",2019-12-01T11:41:38.000+0000,STOREFARM,5,지니맘 어린이 보석십자수 캐릭터 큐빅십자수,지니맘 큐빅십자수  DIY: 22번 부엉이 (15cm 20cm)
751218856,SELLBLOG,NORMAL,배송빠름 그림도이뻐요.아이들도좋아해요,2019-11-04T09:13:09.000+0000,STOREFARM,5,지니맘 어린이 보석십자수 캐릭터 큐빅십자수,지니맘 큐빅십자수  DIY: 10번 안경토끼 (15cm 20cm)
752210622,SELLBLOG,AFTER_USE,재밋어용!!!!!! 이뿌고 시간금방가요,2019-11-06T08:25:15.000+0000,STOREFARM,5,지니맘 어린이 보석십자수 캐릭터 큐빅십자수,지니맘 큐빅십자수  DIY: 16번 별 (15cm 20cm)
764440989,SELLBLOG,NORMAL,남자아이도 좋아해요,2019-12-01T08:50:08.000+0000,STOREFARM,4,지니맘 어린이 보석십자수 캐릭터 큐빅십자수,지니맘 큐빅십자수  DIY: 1번 유니콘 (15cm 20cm)
751217961,SELLBLOG,NORMAL,"배송빠름,물건좋음.. 아이가 집중해서 하고 하고나니 너무예뻐요",2019-11-04T09:10:40.000+0000,STOREFARM,5,지니맘 어린이 보석십자수 캐릭터 큐빅십자수,지니맘 큐빅십자수  DIY: 11번 클로버 (15cm 20cm)
750704589,SELLBLOG,NORMAL,딸아이랑 같이 해봤는데... 재미있네요~,2019-11-03T07:05:03.000+0000,STOREFARM,5,지니맘 어린이 보석십자수 캐릭터 큐빅십자수,지니맘 큐빅십자수  DIY: 7번 소녀1  (15cm 20cm)
749447480,SELLBLOG,NORMAL,스파이더맨하고 아이언맨 주문했어요 아이가 좋아해요,2019-10-31T07:23:48.000+0000,STOREFARM,4,지니맘 어린이 보석십자수 캐릭터 큐빅십자수,지니맘 큐빅십자수  DIY: 17번 가면 (15cm 20cm)
744275398,SELLBLOG,NORMAL,"비즈아트를 알고나서 보석십자수를 검색해보며 구매를 했는데 처음!!했는데 이렇게 재밌는 ㅠㅠㅠ
근데 낫둘데가 없어서 슬프네요 
그래도 너무 이뻐서 감사합니당",2019-10-20T11:00:14.000+0000,STOREFARM,5,지니맘 어린이 보석십자수 캐릭터 큐빅십자수,지니맘 큐빅십자수  DIY: 13번 스폰지 (15cm 20cm)
752211975,SELLBLOG,AFTER_USE,택배상태만 아니면 대만족이엇을텐데..,2019-11-06T08:27:49.000+0000,STOREFARM,5,지니맘 어린이 보석십자수 캐릭터 큐빅십자수,지니맘 큐빅십자수  DIY: 19번 방패 (15cm 20cm)
753011609,SELLBLOG,NORMAL,좋아요 받자마자시작,2019-11-07T22:40:17.000+0000,STOREFARM,5,지니맘 어린이 보석십자수 캐릭터 큐빅십자수,지니맘 큐빅십자수  DIY: 3번 분홍사슴 (15cm 20cm)
764440489,SELLBLOG,NORMAL,아이들이 좋아해요~~,2019-12-01T08:48:45.000+0000,STOREFARM,4,지니맘 어린이 보석십자수 캐릭터 큐빅십자수,지니맘 큐빅십자수  DIY: 17번 가면 (15cm 20cm)
747400196,SELLBLOG,NORMAL,"받자마자 자기꺼 나눠서  애들 붙이고 있어요.
주말 시간 잘 보낼듯해요.",2019-10-26T23:30:40.000+0000,STOREFARM,5,지니맘 어린이 보석십자수 캐릭터 큐빅십자수,지니맘 큐빅십자수  DIY: 1번 유니콘 (15cm 20cm)
751219068,SELLBLOG,NORMAL,좋아요 ~~다음에 또 시킬게요,2019-11-04T09:13:41.000+0000,STOREFARM,5,지니맘 어린이 보석십자수 캐릭터 큐빅십자수,지니맘 큐빅십자수  DIY: 5번  반짝이 사슴 (15cm 20cm)
749554460,SELLBLOG,NORMAL,딸아이와ㅜ친구와 같이 만들었어요 재미있네요,2019-10-31T11:10:22.000+0000,STOREFARM,4,지니맘 어린이 보석십자수 캐릭터 큐빅십자수,지니맘 큐빅십자수  DIY: 1번 유니콘 (15cm 20cm)
752211391,SELLBLOG,AFTER_USE,취미생활로 정말좋아여,2019-11-06T08:26:42.000+0000,STOREFARM,5,지니맘 어린이 보석십자수 캐릭터 큐빅십자수,지니맘 큐빅십자수  DIY: 17번 가면 (15cm 20cm)
755855639,SELLBLOG,NORMAL,"다양한 사이즈의 큐빅이 넘 예뻐요
아이들이 많이 좋아합니다~~스폰지밥과 아이언맨 구매했어요^^",2019-11-13T13:28:47.000+0000,STOREFARM,5,지니맘 어린이 보석십자수 캐릭터 큐빅십자수,지니맘 큐빅십자수  DIY: 17번 가면 (15cm 20cm)
752059246,SELLBLOG,NORMAL,아이가 재미있게 했어요,2019-11-06T03:15:01.000+0000,STOREFARM,4,지니맘 어린이 보석십자수 캐릭터 큐빅십자수,지니맘 큐빅십자수  DIY: 21번 별유니콘 (15cm 20cm)
753104355,SELLBLOG,AFTER_USE,블링블링한게 너무 이뻐요~,2019-11-08T02:24:21.000+0000,STOREFARM,5,지니맘 어린이 보석십자수 캐릭터 큐빅십자수,지니맘 큐빅십자수  DIY: 1번 유니콘 (15cm 20cm)
747399689,SELLBLOG,NORMAL,"아이들이 좋아해요.
^^♡ 받자마자 열심히 붙이고 있어요. 주말 시간 잘 갈 듯요 ..",2019-10-26T23:28:10.000+0000,STOREFARM,5,지니맘 어린이 보석십자수 캐릭터 큐빅십자수,지니맘 큐빅십자수  DIY: 21번 별유니콘 (15cm 20cm)
750705012,SELLBLOG,NORMAL,재밌어요~ 재구매의사있어요~,2019-11-03T07:06:19.000+0000,STOREFARM,5,지니맘 어린이 보석십자수 캐릭터 큐빅십자수,지니맘 큐빅십자수  DIY: 2번 보라유니콘 (15cm 20cm)
757948544,SELLBLOG,NORMAL,아이와 시간 보내기 좋아요. 배송도 빠릅니다.,2019-11-18T04:06:42.000+0000,STOREFARM,5,지니맘 어린이 보석십자수 캐릭터 큐빅십자수,지니맘 큐빅십자수  DIY: 9번 겨울사슴 (15cm 20cm)
747399453,SELLBLOG,NORMAL,"아이들이 좋아하네요
받자마자 뜯어서 열심히 하고 있어요.",2019-10-26T23:26:56.000+0000,STOREFARM,5,지니맘 어린이 보석십자수 캐릭터 큐빅십자수,지니맘 큐빅십자수  DIY: 3번 달팽이(15cm 15cm)
750136455,SELLBLOG,NORMAL,여러개 샀는데 벌써 하나 완성할듯해요,2019-11-01T22:30:06.000+0000,STOREFARM,5,지니맘 어린이 보석십자수 캐릭터 큐빅십자수,지니맘 큐빅십자수  DIY: 18번 망치 (15cm 20cm)
755305233,SELLBLOG,NORMAL,애들이 좋아해요~ 집중해서 금방 다 완성했네요~ 액자 있어야 깔끔하게 보관될거 같아요~,2019-11-12T13:53:20.000+0000,STOREFARM,5,지니맘 어린이 보석십자수 캐릭터 큐빅십자수,지니맘 큐빅십자수  DIY: 9번 겨울사슴 (15cm 20cm)
747276973,SELLBLOG,NORMAL,"친구들과 같이 만드니 더 재밌었어요. 
선물용도 최고!",2019-10-26T11:50:45.000+0000,STOREFARM,5,지니맘 어린이 보석십자수 캐릭터 큐빅십자수,지니맘 큐빅십자수  DIY: 26번 돌고래(15cm 20cm)
761490604,SELLBLOG,NORMAL,딸이 이뿌다고 또 사달래요,2019-11-25T07:32:39.000+0000,STOREFARM,5,지니맘 어린이 보석십자수 캐릭터 큐빅십자수,지니맘 큐빅십자수  DIY: 11번 클로버 (15cm 20cm)
761490852,SELLBLOG,NORMAL,딸이 이뿌다고 다만들면 또 사달래요ㆍ,2019-11-25T07:33:12.000+0000,STOREFARM,5,지니맘 어린이 보석십자수 캐릭터 큐빅십자수,지니맘 큐빅십자수  DIY: 8번 꽃사슴 (15cm 20cm)
741510254,SELLBLOG,NORMAL,일곱살 여덟살 아이들이 너무 좋아하네요~ 아드님은 좀 힘들어해서 도와주긴했지만 .. 저도 하다보니 넘 재밌고 잡생각?도 없어지고 좋더라구요^^ 또 애용할께요~,2019-10-15T00:02:56.000+0000,STOREFARM,5,지니맘 어린이 보석십자수 캐릭터 큐빅십자수,지니맘 큐빅십자수  DIY: 4번 작은유니콘(15cm 15cm)
761254483,SELLBLOG,NORMAL,좋아요 좋아요 마니 반짝여요,2019-11-24T23:49:57.000+0000,STOREFARM,5,지니맘 어린이 보석십자수 캐릭터 큐빅십자수,지니맘 큐빅십자수  DIY: 24번 미니1 (15cm 20cm)
761254163,SELLBLOG,NORMAL,좋아요 좋아요 마니 반짝여요,2019-11-24T23:49:03.000+0000,STOREFARM,5,지니맘 어린이 보석십자수 캐릭터 큐빅십자수,지니맘 큐빅십자수  DIY: 12번 슈퍼 (15cm 20cm)
749447172,SELLBLOG,NORMAL,큐빅이 크고 아이가 하기 좋은것 같아요,2019-10-31T07:23:05.000+0000,STOREFARM,4,지니맘 어린이 보석십자수 캐릭터 큐빅십자수,지니맘 큐빅십자수  DIY: 20번 거미 (15cm 20cm)
749553151,SELLBLOG,NORMAL,딸과 이쁘게만들어서 액자에 넣었어요,2019-10-31T11:07:39.000+0000,STOREFARM,5,지니맘 어린이 보석십자수 캐릭터 큐빅십자수,지니맘 큐빅십자수  DIY: 21번 별유니콘 (15cm 20cm)
759182955,SELLBLOG,NORMAL,"애들이 좋아합니다
집중해서 잘 앉아있습니다",2019-11-20T08:38:17.000+0000,STOREFARM,5,지니맘 어린이 보석십자수 캐릭터 큐빅십자수,지니맘 큐빅십자수  DIY: 5번 펭귄(15cm 15cm)
750704229,SELLBLOG,NORMAL,배송도 빠르고 만족합니다^^,2019-11-03T07:03:57.000+0000,STOREFARM,5,지니맘 어린이 보석십자수 캐릭터 큐빅십자수,지니맘 큐빅십자수  DIY: 26번 돌고래(15cm 20cm)
757967978,SELLBLOG,NORMAL,좋습니다. 아이가 좋아합니다,2019-11-18T04:42:21.000+0000,STOREFARM,5,지니맘 어린이 보석십자수 캐릭터 큐빅십자수,지니맘 큐빅십자수  DIY: 4번 홍학 (15cm 20cm)
761491492,SELLBLOG,NORMAL,딸이 이뿌다고 좋아하네요ㆍ,2019-11-25T07:34:32.000+0000,STOREFARM,5,지니맘 어린이 보석십자수 캐릭터 큐빅십자수,지니맘 큐빅십자수  DIY: 1번 유니콘 (15cm 20cm)
761490357,SELLBLOG,NORMAL,딸이 이뿌다고 좋아해요ㆍ,2019-11-25T07:32:08.000+0000,STOREFARM,5,지니맘 어린이 보석십자수 캐릭터 큐빅십자수,지니맘 큐빅십자수  DIY: 7번 소녀1  (15cm 20cm)
750136316,SELLBLOG,NORMAL,아이들이 좋아하네요,2019-11-01T22:29:12.000+0000,STOREFARM,5,지니맘 어린이 보석십자수 캐릭터 큐빅십자수,지니맘 큐빅십자수  DIY: 20번 거미 (15cm 20cm)
749553388,SELLBLOG,NORMAL,7세 딸과 재미있게 만들었어요,2019-10-31T11:08:10.000+0000,STOREFARM,5,지니맘 어린이 보석십자수 캐릭터 큐빅십자수,지니맘 큐빅십자수  DIY: 8번 꽃사슴 (15cm 20cm)
755194557,SELLBLOG,NORMAL,"재미있어요 예쁘고,, 좀 더 다양하게 있었음좋겠어요 너무하고싶어요 ㅎㅎ",2019-11-12T10:57:44.000+0000,STOREFARM,5,지니맘 어린이 보석십자수 캐릭터 큐빅십자수,지니맘 큐빅십자수  DIY: 27번 눈사람
760284566,SELLBLOG,NORMAL,초딩 아이들이 좋아해여~,2019-11-22T11:53:45.000+0000,STOREFARM,5,지니맘 어린이 보석십자수 캐릭터 큐빅십자수,지니맘 큐빅십자수  DIY: 10번 안경토끼 (15cm 20cm)
760284417,SELLBLOG,NORMAL,초딩 아이들이 좋아해여~,2019-11-22T11:53:26.000+0000,STOREFARM,5,지니맘 어린이 보석십자수 캐릭터 큐빅십자수,지니맘 큐빅십자수  DIY: 3번 분홍사슴 (15cm 20cm)
749552583,SELLBLOG,NORMAL,7세아이와 재미있게했어요.,2019-10-31T11:06:33.000+0000,STOREFARM,5,지니맘 어린이 보석십자수 캐릭터 큐빅십자수,지니맘 큐빅십자수  DIY: 23번 사자 (15cm 20cm)
757967565,SELLBLOG,NORMAL,빠른배송과 깔끔한 포장 감사합니다,2019-11-18T04:41:39.000+0000,STOREFARM,5,지니맘 어린이 보석십자수 캐릭터 큐빅십자수,지니맘 큐빅십자수  DIY: 3번 분홍사슴 (15cm 20cm)
754606878,SELLBLOG,AFTER_USE,"사용하기에 편한것 같아요...
딸아이가 또 사달라고 하네요...",2019-11-11T07:32:14.000+0000,STOREFARM,4,지니맘 어린이 보석십자수 캐릭터 큐빅십자수,지니맘 큐빅십자수  DIY: 16번 별 (15cm 20cm)
759182541,SELLBLOG,NORMAL,애들이 늠 재밌어해요~,2019-11-20T08:37:32.000+0000,STOREFARM,5,지니맘 어린이 보석십자수 캐릭터 큐빅십자수,지니맘 큐빅십자수  DIY: 1번 유니콘 (15cm 20cm)
759182678,SELLBLOG,NORMAL,애들이 좋아해요~~,2019-11-20T08:37:48.000+0000,STOREFARM,5,지니맘 어린이 보석십자수 캐릭터 큐빅십자수,지니맘 큐빅십자수  DIY: 21번 별유니콘 (15cm 20cm)
743889889,SELLBLOG,NORMAL,배송도빠르네요굳굳 추찬합니다,2019-10-19T11:28:30.000+0000,STOREFARM,5,지니맘 어린이 보석십자수 캐릭터 큐빅십자수,지니맘 큐빅십자수  DIY: 2번 보라유니콘 (15cm 20cm)
755305632,SELLBLOG,NORMAL,받자마자 바로시작해서 2틀만에 뚝딱 해냈네요~,2019-11-12T13:54:00.000+0000,STOREFARM,5,지니맘 어린이 보석십자수 캐릭터 큐빅십자수,지니맘 큐빅십자수  DIY: 17번 가면 (15cm 20cm)
752893369,SELLBLOG,NORMAL,아이가 좋아해요 같이 하다보면 재미도 있어요,2019-11-07T12:48:19.000+0000,STOREFARM,5,지니맘 어린이 보석십자수 캐릭터 큐빅십자수,지니맘 큐빅십자수  DIY: 17번 가면 (15cm 20cm)
752893618,SELLBLOG,NORMAL,재미있어요 큐빅도 예쁘고 시간 정말 잘가요,2019-11-07T12:48:49.000+0000,STOREFARM,5,지니맘 어린이 보석십자수 캐릭터 큐빅십자수,지니맘 큐빅십자수  DIY: 20번 거미 (15cm 20cm)
753062075,SELLBLOG,NORMAL,아이가 좋아해요. 집중해서 잘 하네요,2019-11-08T00:58:50.000+0000,STOREFARM,4,지니맘 어린이 보석십자수 캐릭터 큐빅십자수,지니맘 큐빅십자수  DIY: 1번 유니콘 (15cm 20cm)
753062033,SELLBLOG,NORMAL,아이가 좋아해요. 집중해서 잘 하네요,2019-11-08T00:58:45.000+0000,STOREFARM,4,지니맘 어린이 보석십자수 캐릭터 큐빅십자수,지니맘 큐빅십자수  DIY: 20번 거미 (15cm 20cm)
753061977,SELLBLOG,NORMAL,아이가 좋아해요. 집중해서 잘 하네요,2019-11-08T00:58:39.000+0000,STOREFARM,4,지니맘 어린이 보석십자수 캐릭터 큐빅십자수,지니맘 큐빅십자수  DIY: 3번 분홍사슴 (15cm 20cm)
743890015,SELLBLOG,NORMAL,만족해요 또구매할께요,2019-10-19T11:28:50.000+0000,STOREFARM,5,지니맘 어린이 보석십자수 캐릭터 큐빅십자수,지니맘 큐빅십자수  DIY: 1번 유니콘 (15cm 20cm)
748182276,SELLBLOG,AFTER_USE,아이들이 좋아함. 사려고했던게 품절이라 차선을 골랐음. 선택지가 더 다양하면좋겠다,2019-10-28T22:19:54.000+0000,STOREFARM,3,지니맘 어린이 보석십자수 캐릭터 큐빅십자수,지니맘 큐빅십자수  DIY: 4번 홍학 (15cm 20cm)
754039539,SELLBLOG,AFTER_USE,집중집중  해서 하는 울 딸~완성하니 예뻐요,2019-11-10T04:46:10.000+0000,STOREFARM,4,지니맘 어린이 보석십자수 캐릭터 큐빅십자수,지니맘 큐빅십자수  DIY: 6번 소녀  (15cm 20cm)
743889722,SELLBLOG,NORMAL,큐빅이넉넉하게들어있어좋아요,2019-10-19T11:28:03.000+0000,STOREFARM,5,지니맘 어린이 보석십자수 캐릭터 큐빅십자수,지니맘 큐빅십자수  DIY: 8번 꽃사슴 (15cm 20cm)
743889181,SELLBLOG,NORMAL,정말 이쁘고 아이들이좋아하네요^^,2019-10-19T11:26:44.000+0000,STOREFARM,5,지니맘 어린이 보석십자수 캐릭터 큐빅십자수,지니맘 큐빅십자수  DIY: 21번 별유니콘 (15cm 20cm)
754650031,SELLBLOG,NORMAL,배송빠르고 재밌어요,2019-11-11T09:11:24.000+0000,STOREFARM,5,지니맘 어린이 보석십자수 캐릭터 큐빅십자수,지니맘 큐빅십자수  DIY: 9번 겨울사슴 (15cm 20cm)
754649783,SELLBLOG,NORMAL,배송빠르고 재밌어요,2019-11-11T09:10:45.000+0000,STOREFARM,5,지니맘 어린이 보석십자수 캐릭터 큐빅십자수,지니맘 큐빅십자수  DIY: 12번 슈퍼 (15cm 20cm)
754649742,SELLBLOG,NORMAL,배송빠르고 재밌어요,2019-11-11T09:10:39.000+0000,STOREFARM,5,지니맘 어린이 보석십자수 캐릭터 큐빅십자수,지니맘 큐빅십자수  DIY: 4번 홍학 (15cm 20cm)
754649704,SELLBLOG,NORMAL,배송빠르고 재밌어요,2019-11-11T09:10:33.000+0000,STOREFARM,5,지니맘 어린이 보석십자수 캐릭터 큐빅십자수,지니맘 큐빅십자수  DIY: 20번 거미 (15cm 20cm)
754649594,SELLBLOG,NORMAL,배송빠르고 재밌어요,2019-11-11T09:10:16.000+0000,STOREFARM,5,지니맘 어린이 보석십자수 캐릭터 큐빅십자수,지니맘 큐빅십자수  DIY: 21번 별유니콘 (15cm 20cm)
751329594,SELLBLOG,AFTER_USE,이뻐요. 야둘이 엄청 좋아햐요,2019-11-04T13:49:03.000+0000,STOREFARM,5,지니맘 어린이 보석십자수 캐릭터 큐빅십자수,지니맘 큐빅십자수  DIY: 3번 분홍사슴 (15cm 20cm)
751329773,SELLBLOG,AFTER_USE,좋아요. 야달이 엄청 좋아함 ㅋ,2019-11-04T13:49:32.000+0000,STOREFARM,5,지니맘 어린이 보석십자수 캐릭터 큐빅십자수,지니맘 큐빅십자수  DIY: 10번 안경토끼 (15cm 20cm)
751330012,SELLBLOG,AFTER_USE,좋아요. 애들이 엄청 좋아했어요,2019-11-04T13:50:08.000+0000,STOREFARM,5,지니맘 어린이 보석십자수 캐릭터 큐빅십자수,지니맘 큐빅십자수  DIY: 1번 유니콘 (15cm 20cm)
750040424,SELLBLOG,NORMAL,빠른배송 감사해요 잘 만들어봐야겠어요,2019-11-01T12:25:56.000+0000,STOREFARM,5,지니맘 어린이 보석십자수 캐릭터 큐빅십자수,지니맘 큐빅십자수  DIY: 8번 꽃사슴 (15cm 20cm)
750040335,SELLBLOG,NORMAL,빠른배송 감사해요 잘 만들어봐야겠어요,2019-11-01T12:25:43.000+0000,STOREFARM,5,지니맘 어린이 보석십자수 캐릭터 큐빅십자수,지니맘 큐빅십자수  DIY: 22번 부엉이 (15cm 20cm)
750040233,SELLBLOG,NORMAL,빠른배송 감사해요 잘 만들어봐야겠어요,2019-11-01T12:25:27.000+0000,STOREFARM,5,지니맘 어린이 보석십자수 캐릭터 큐빅십자수,지니맘 큐빅십자수  DIY: 20번 거미 (15cm 20cm)
741510976,SELLBLOG,NORMAL,한땀한땀 오래공들여야하지만 완성되니 뿌듯하고 예쁘네요~^^,2019-10-15T00:05:21.000+0000,STOREFARM,5,지니맘 어린이 보석십자수 캐릭터 큐빅십자수,지니맘 큐빅십자수  DIY: 12번 슈퍼 (15cm 20cm)
753011432,SELLBLOG,NORMAL,아이가 보자마자 하네요,2019-11-07T22:39:19.000+0000,STOREFARM,5,지니맘 어린이 보석십자수 캐릭터 큐빅십자수,지니맘 큐빅십자수  DIY: 22번 부엉이 (15cm 20cm)
748741214,SELLBLOG,AFTER_USE,딸 아이가 좋아해요 잘 떨어지지도 않고 오래가네요,2019-10-30T00:49:15.000+0000,STOREFARM,4,지니맘 어린이 보석십자수 캐릭터 큐빅십자수,지니맘 큐빅십자수  DIY: 21번 별유니콘 (15cm 20cm)
747910119,SELLBLOG,NORMAL,아이들이 엄청 좋아하네요~~블링블링해서 완성하면 이쁩니다,2019-10-28T04:39:52.000+0000,STOREFARM,3,지니맘 어린이 보석십자수 캐릭터 큐빅십자수,지니맘 큐빅십자수  DIY: 24번 미니1 (15cm 20cm)
743005771,SELLBLOG,NORMAL,빠른배송 좋아요 재미있어요,2019-10-17T11:57:23.000+0000,STOREFARM,5,지니맘 어린이 보석십자수 캐릭터 큐빅십자수,지니맘 큐빅십자수  DIY: 15번 베트맨 (15cm 20cm)
743005246,SELLBLOG,NORMAL,빠른배송 좋아요 재미있어요,2019-10-17T11:56:22.000+0000,STOREFARM,5,지니맘 어린이 보석십자수 캐릭터 큐빅십자수,지니맘 큐빅십자수  DIY: 17번 가면 (15cm 20cm)
743004822,SELLBLOG,NORMAL,빠른배송 좋아요 재미있어요,2019-10-17T11:55:35.000+0000,STOREFARM,5,지니맘 어린이 보석십자수 캐릭터 큐빅십자수,지니맘 큐빅십자수  DIY: 14번 슈퍼맨 (15cm 20cm)
743004436,SELLBLOG,NORMAL,빠른배송 좋아요 재미있어요,2019-10-17T11:54:51.000+0000,STOREFARM,5,지니맘 어린이 보석십자수 캐릭터 큐빅십자수,지니맘 큐빅십자수  DIY: 8번 꽃사슴 (15cm 20cm)
743004103,SELLBLOG,NORMAL,빠른배송 좋아요 재미있어요,2019-10-17T11:54:14.000+0000,STOREFARM,5,지니맘 어린이 보석십자수 캐릭터 큐빅십자수,지니맘 큐빅십자수  DIY: 1번 유니콘 (15cm 20cm)
750040121,SELLBLOG,NORMAL,빠른배송 감사해요. 잘 만들게요.,2019-11-01T12:25:08.000+0000,STOREFARM,5,지니맘 어린이 보석십자수 캐릭터 큐빅십자수,지니맘 큐빅십자수  DIY: 16번 별 (15cm 20cm)
751286571,SELLBLOG,NORMAL,귀엽고색도너무예뻐요,2019-11-04T12:05:39.000+0000,STOREFARM,5,지니맘 어린이 보석십자수 캐릭터 큐빅십자수,지니맘 큐빅십자수  DIY: 8번 꽃사슴 (15cm 20cm)
738007639,SELLBLOG,NORMAL,배송빠르고 2가지 색상이어두 크기가 여러개라 지루하지 않아요,2019-10-07T05:51:31.000+0000,STOREFARM,4,지니맘 어린이 보석십자수 캐릭터 큐빅십자수,지니맘 큐빅십자수  DIY: 16번 별 (15cm 20cm)
753011357,SELLBLOG,NORMAL,아이가 좋아해요....,2019-11-07T22:38:58.000+0000,STOREFARM,5,지니맘 어린이 보석십자수 캐릭터 큐빅십자수,지니맘 큐빅십자수  DIY: 28번 산타
747399903,SELLBLOG,NORMAL,"받자마자 애들 붙이고 있어요.
수고하세요",2019-10-26T23:29:14.000+0000,STOREFARM,5,지니맘 어린이 보석십자수 캐릭터 큐빅십자수,지니맘 큐빅십자수  DIY: 1번 사탕(15cm 15cm)
737001639,SELLBLOG,NORMAL,"아이들이 넘 좋아해요~
덕분에 주말편히보냈어요",2019-10-04T23:23:15.000+0000,STOREFARM,4,지니맘 어린이 보석십자수 캐릭터 큐빅십자수,지니맘 큐빅십자수  DIY: 1번 유니콘 (15cm 20cm)
748006559,SELLBLOG,AFTER_USE,딸아이랑 시간보내기 딱이고 집중력에 최곤거 같아요,2019-10-28T08:34:31.000+0000,STOREFARM,5,지니맘 어린이 보석십자수 캐릭터 큐빅십자수,지니맘 큐빅십자수  DIY: 25번 미니2  (15cm 20cm)
750253521,SELLBLOG,AFTER_USE,찾고있던거라만족해요좋아요,2019-11-02T04:31:42.000+0000,STOREFARM,5,지니맘 어린이 보석십자수 캐릭터 큐빅십자수,지니맘 큐빅십자수  DIY: 11번 클로버 (15cm 20cm)
750253897,SELLBLOG,AFTER_USE,찾고있던거라만족해요,2019-11-02T04:32:47.000+0000,STOREFARM,5,지니맘 어린이 보석십자수 캐릭터 큐빅십자수,지니맘 큐빅십자수  DIY: 21번 별유니콘 (15cm 20cm)
747691842,SELLBLOG,AFTER_USE,아이방에 액자 장식하니 인테리어 효과가 있어요^^,2019-10-27T14:06:28.000+0000,STOREFARM,5,지니맘 어린이 보석십자수 캐릭터 큐빅십자수,지니맘 큐빅십자수  DIY: 1번 사탕(15cm 15cm)
745121052,SELLBLOG,NORMAL,"보석수도 많이 있었고
쉽고 다 하고 완성된 작품이 너무 예뻤습니다.
또 사달라고 하네요",2019-10-22T07:32:57.000+0000,STOREFARM,5,지니맘 어린이 보석십자수 캐릭터 큐빅십자수,지니맘 큐빅십자수  DIY: 8번 꽃사슴 (15cm 20cm)
747910463,SELLBLOG,NORMAL,반짝반짝해서 아이들이 엄청좋아해요,2019-10-28T04:40:35.000+0000,STOREFARM,3,지니맘 어린이 보석십자수 캐릭터 큐빅십자수,지니맘 큐빅십자수  DIY: 1번 유니콘 (15cm 20cm)
728506660,SELLBLOG,NORMAL,"아이들이 하고 싶다고해서 여러개를 한꺼번에 시켰어요
다른곳은 시킨 물건이랑 다른걸 보내주시기도 하는데 여러개 구매해도 잘도착했네요
아직 해보진 않았구요 해보고 리뷰 수정할게요^^",2019-09-17T08:32:37.000+0000,STOREFARM,5,지니맘 어린이 보석십자수 캐릭터 큐빅십자수,지니맘 큐빅십자수  DIY: 14번 슈퍼맨 (15cm 20cm)
741405382,SELLBLOG,NORMAL,두번째 구입해서 만들고 있어요.색깔도 이뿌고.아이랑 둘이 붙이는 재미가 아주 쏠쏠합니다.재밌어요,2019-10-14T13:01:48.000+0000,STOREFARM,5,지니맘 어린이 보석십자수 캐릭터 큐빅십자수,지니맘 큐빅십자수  DIY: 8번 꽃사슴 (15cm 20cm)
747910311,SELLBLOG,NORMAL,반짝반짝해서 아이들이 좋아해요~,2019-10-28T04:40:16.000+0000,STOREFARM,3,지니맘 어린이 보석십자수 캐릭터 큐빅십자수,지니맘 큐빅십자수  DIY: 21번 별유니콘 (15cm 20cm)
746044689,SELLBLOG,NORMAL,큐빅수도 넉넉하고 그림이마 촘촘한것도 최고 좋아요,2019-10-24T00:00:09.000+0000,STOREFARM,5,지니맘 어린이 보석십자수 캐릭터 큐빅십자수,지니맘 큐빅십자수  DIY: 17번 가면 (15cm 20cm)
747994806,SELLBLOG,NORMAL,배송이 늦어서 아쉬웠어요,2019-10-28T08:04:02.000+0000,STOREFARM,2,지니맘 어린이 보석십자수 캐릭터 큐빅십자수,지니맘 큐빅십자수  DIY: 1번 유니콘 (15cm 20cm)
721365415,SELLBLOG,NORMAL,문의드린 내용에 대한 대답도 빠르고 간결했고 주문한 상품도 안전하게 잘 왔어요. 그런데.. 하나가 불량인가봐요ㅠㅠ 배송된 날 액자 끼우다가 뒤에.. 액자 세우는 그 부분이 툭 떨어져버렸어요! 이렇게 힘이 세진 않았단 말이죠ㅠㅠ 원래 그런가 싶기엔 다른 두 개는 멀쩡하니 아마도 불량같은데.. 하나 갖고 교환하기도 그래서 그냥 기대놓는 식으로 쓰려구요ㅠㅠ 제가 운이 없었겠지 싶으면서도 조금 속상하네요.. 엄마 사드린거였는데ㅠㅠ,2019-08-30T10:47:01.000+0000,STOREFARM,4,지니맘 어린이 보석십자수 캐릭터 큐빅십자수,지니맘 큐빅십자수  DIY: 15번 베트맨 (15cm 20cm)
759528355,SELLBLOG,AFTER_USE,좋아요좋아요 좋아요,2019-11-21T02:10:03.000+0000,STOREFARM,5,지니맘 어린이 보석십자수 캐릭터 큐빅십자수,지니맘 큐빅십자수  DIY: 1번 유니콘 (15cm 20cm)
738009496,SELLBLOG,NORMAL,반쪽하는데 1시간 걸려요 재밌어요,2019-10-07T05:55:14.000+0000,STOREFARM,4,지니맘 어린이 보석십자수 캐릭터 큐빅십자수,지니맘 큐빅십자수  DIY: 18번 망치 (15cm 20cm)
734695932,SELLBLOG,NORMAL,"주말에 외부로 가족 나들이를 가지 않는 경우 집에서 거의 TV를 시청하거나 핸드폰을 주로 하는 편인데 여아, 남아 모두에게 이 제품으로 잠시나마 전자제품에서 떨어져서 집중할 수 있게 합니다. 벌써 4개 이상 구입한 것 같습니다. ^^

많이 판매하세요!!",2019-09-30T02:00:51.000+0000,STOREFARM,5,지니맘 어린이 보석십자수 캐릭터 큐빅십자수,지니맘 큐빅십자수  DIY: 1번 유니콘 (15cm 20cm)
728508472,SELLBLOG,NORMAL,"아이가 친구들이랑 같이 하고 싶다고해서 친구들꺼 까지 같이 주문했어요 
아직 해본건 아니지만 포장도 맘에들고 그림도 맘에들어 재구매하게 될거 같아요^^",2019-09-17T08:36:42.000+0000,STOREFARM,5,지니맘 어린이 보석십자수 캐릭터 큐빅십자수,지니맘 큐빅십자수  DIY: 23번 사자 (15cm 20cm)
728508304,SELLBLOG,NORMAL,"아이가 친구들이랑 같이 하고 싶다고해서 친구들꺼 까지 같이 주문했어요 
아직 해본건 아니지만 포장도 맘에들고 그림도 맘에들어 재구매하게 될거 같아요^^",2019-09-17T08:36:18.000+0000,STOREFARM,5,지니맘 어린이 보석십자수 캐릭터 큐빅십자수,지니맘 큐빅십자수  DIY: 4번 홍학 (15cm 20cm)
728508143,SELLBLOG,NORMAL,"아이가 친구들이랑 같이 하고 싶다고해서 친구들꺼 까지 같이 주문했어요 
아직 해본건 아니지만 포장도 맘에들고 그림도 맘에들어 재구매하게 될거 같아요^^",2019-09-17T08:35:55.000+0000,STOREFARM,5,지니맘 어린이 보석십자수 캐릭터 큐빅십자수,지니맘 큐빅십자수  DIY: 1번 유니콘 (15cm 20cm)
728507995,SELLBLOG,NORMAL,"아이가 친구들이랑 같이 하고 싶다고해서 친구들꺼 까지 같이 주문했어요 
아직 해본건 아니지만 포장도 맘에들고 그림도 맘에들어 재구매하게 될거 같아요^^",2019-09-17T08:35:36.000+0000,STOREFARM,5,지니맘 어린이 보석십자수 캐릭터 큐빅십자수,지니맘 큐빅십자수  DIY: 13번 스폰지 (15cm 20cm)
728507773,SELLBLOG,NORMAL,"아이가 친구들이랑 같이 하고 싶다고해서 친구들꺼 까지 같이 주문했어요 
아직 해본건 아니지만 포장도 맘에들고 그림도 맘에들어 재구매하게 될거 같아요^^",2019-09-17T08:35:02.000+0000,STOREFARM,5,지니맘 어린이 보석십자수 캐릭터 큐빅십자수,지니맘 큐빅십자수  DIY: 19번 방패 (15cm 20cm)
746228955,SELLBLOG,NORMAL,아이들이 넘넘 좋아해서 만족해요,2019-10-24T05:55:43.000+0000,STOREFARM,4,지니맘 어린이 보석십자수 캐릭터 큐빅십자수,지니맘 큐빅십자수  DIY: 25번 미니2  (15cm 20cm)
733294179,SELLBLOG,AFTER_USE,아이들이 정말 좋아해요. 집중력 기르는데 좋네요 ^^,2019-09-26T23:12:16.000+0000,STOREFARM,4,지니맘 어린이 보석십자수 캐릭터 큐빅십자수,지니맘 큐빅십자수  DIY: 8번 꽃사슴 (15cm 20cm)
738060409,SELLBLOG,NORMAL,"학교 준비물로 산거라 아직 해보지는 않았는데 디자인이 예쁜것 같아요...
딸아이가 다음번에는 자기껏도 주문해 달라네요...
또 애용할께요",2019-10-07T07:42:07.000+0000,STOREFARM,4,지니맘 어린이 보석십자수 캐릭터 큐빅십자수,지니맘 큐빅십자수  DIY: 26번 돌고래(15cm 20cm)
731852807,SELLBLOG,NORMAL,해외에 사는 조카 선물로 구입했어요~ 빠른 배송 고맙습니다.,2019-09-24T06:20:44.000+0000,STOREFARM,4,지니맘 어린이 보석십자수 캐릭터 큐빅십자수,지니맘 큐빅십자수  DIY: 16번 별 (15cm 20cm)
746229856,SELLBLOG,NORMAL,아이들이 넘 좋아해서 만족해요,2019-10-24T05:57:25.000+0000,STOREFARM,4,지니맘 어린이 보석십자수 캐릭터 큐빅십자수,지니맘 큐빅십자수  DIY: 6번 소녀  (15cm 20cm)
746229790,SELLBLOG,NORMAL,아이들이 넘 좋아해서 만족해요,2019-10-24T05:57:18.000+0000,STOREFARM,4,지니맘 어린이 보석십자수 캐릭터 큐빅십자수,지니맘 큐빅십자수  DIY: 7번 소녀1  (15cm 20cm)
746229734,SELLBLOG,NORMAL,아이들이 넘 좋아해서 만족해요,2019-10-24T05:57:11.000+0000,STOREFARM,4,지니맘 어린이 보석십자수 캐릭터 큐빅십자수,지니맘 큐빅십자수  DIY: 1번 유니콘 (15cm 20cm)
739326579,SELLBLOG,NORMAL,"귀여워요.. 아이가 너무 재미있어해요.
액자 품절이라 주문 못해서 아쉽지만 다음번에 또 주문하면 그때 액자 같이 주문할 예정이예오ㅡ",2019-10-10T05:26:02.000+0000,STOREFARM,5,지니맘 어린이 보석십자수 캐릭터 큐빅십자수,지니맘 큐빅십자수  DIY: 1번 유니콘 (15cm 20cm)
745360506,SELLBLOG,AFTER_USE,아이들이 너무 좋아하고 또 사달라고 하네요!~,2019-10-22T14:27:16.000+0000,STOREFARM,5,지니맘 어린이 보석십자수 캐릭터 큐빅십자수,지니맘 큐빅십자수  DIY: 26번 돌고래(15cm 20cm)
748413494,SELLBLOG,AFTER_USE,제품 만족합니다....,2019-10-29T08:00:18.000+0000,STOREFARM,5,지니맘 어린이 보석십자수 캐릭터 큐빅십자수,지니맘 큐빅십자수  DIY: 1번 유니콘 (15cm 20cm)
748413427,SELLBLOG,AFTER_USE,제품 만족합니다....,2019-10-29T08:00:09.000+0000,STOREFARM,5,지니맘 어린이 보석십자수 캐릭터 큐빅십자수,지니맘 큐빅십자수  DIY: 2번 보라유니콘 (15cm 20cm)
748413299,SELLBLOG,AFTER_USE,제품 만족합니다....,2019-10-29T07:59:53.000+0000,STOREFARM,5,지니맘 어린이 보석십자수 캐릭터 큐빅십자수,지니맘 큐빅십자수  DIY: 3번 분홍사슴 (15cm 20cm)
748413180,SELLBLOG,AFTER_USE,제품 만족합니다....,2019-10-29T07:59:37.000+0000,STOREFARM,5,지니맘 어린이 보석십자수 캐릭터 큐빅십자수,지니맘 큐빅십자수  DIY: 6번 소녀  (15cm 20cm)
748413121,SELLBLOG,AFTER_USE,제품 만족합니다....,2019-10-29T07:59:29.000+0000,STOREFARM,5,지니맘 어린이 보석십자수 캐릭터 큐빅십자수,지니맘 큐빅십자수  DIY: 7번 소녀1  (15cm 20cm)
746455011,SELLBLOG,NORMAL,아이가 너무좋아하네요,2019-10-24T13:33:39.000+0000,STOREFARM,5,지니맘 어린이 보석십자수 캐릭터 큐빅십자수,지니맘 큐빅십자수  DIY: 13번 스폰지 (15cm 20cm)
738009035,SELLBLOG,NORMAL,택배 이렇게 왔어욬ㅋㅋㅋ,2019-10-07T05:54:19.000+0000,STOREFARM,1,지니맘 어린이 보석십자수 캐릭터 큐빅십자수,지니맘 큐빅십자수  DIY: 19번 방패 (15cm 20cm)
744173321,SELLBLOG,NORMAL,"좋아요0
아이가 좋아해요
넘이뻐요",2019-10-20T06:06:02.000+0000,STOREFARM,5,지니맘 어린이 보석십자수 캐릭터 큐빅십자수,지니맘 큐빅십자수  DIY: 17번 가면 (15cm 20cm)
744173497,SELLBLOG,NORMAL,"좋아요~
완성하니 넘 예쁘네요~",2019-10-20T06:06:31.000+0000,STOREFARM,5,지니맘 어린이 보석십자수 캐릭터 큐빅십자수,지니맘 큐빅십자수  DIY: 18번 망치 (15cm 20cm)
739327270,SELLBLOG,NORMAL,"부엉이는 제일 마지막에 하겠다고 ㅋㅋ
꽃사슴하고 유니콘~~~ 그리고 부엉이..
1시간반동안 집중집중",2019-10-10T05:27:32.000+0000,STOREFARM,5,지니맘 어린이 보석십자수 캐릭터 큐빅십자수,지니맘 큐빅십자수  DIY: 22번 부엉이 (15cm 20cm)
732892487,SELLBLOG,NORMAL,"아이가 너무 좋아해요
저도 재미있네요^^",2019-09-26T03:39:39.000+0000,STOREFARM,5,지니맘 어린이 보석십자수 캐릭터 큐빅십자수,지니맘 큐빅십자수  DIY: 7번 소녀1  (15cm 20cm)
732923992,SELLBLOG,NORMAL,만족해요 다음에 또 주문할께요,2019-09-26T04:43:58.000+0000,STOREFARM,5,지니맘 어린이 보석십자수 캐릭터 큐빅십자수,지니맘 큐빅십자수  DIY: 3번 분홍사슴 (15cm 20cm)
732923603,SELLBLOG,NORMAL,아이가 좋아해서 주문했는데 힘들긴하지만 예쁘네요,2019-09-26T04:43:09.000+0000,STOREFARM,5,지니맘 어린이 보석십자수 캐릭터 큐빅십자수,지니맘 큐빅십자수  DIY: 8번 꽃사슴 (15cm 20cm)
738814870,SELLBLOG,NORMAL,"사이즈도 딱 좋고 아이가 좋아해서 두번째 구매해요
아쉬운건 품절이 많네요.ㅠ",2019-10-09T01:14:55.000+0000,STOREFARM,5,지니맘 어린이 보석십자수 캐릭터 큐빅십자수,지니맘 큐빅십자수  DIY: 6번 소녀  (15cm 20cm)
738067650,SELLBLOG,NORMAL,"학교 준비무로 구매했는데 디자인이 예쁘네요...
딸아이도 다음번에는 구매를 부탁하네요....
또 애용할꺽요....",2019-10-07T07:57:29.000+0000,STOREFARM,4,지니맘 어린이 보석십자수 캐릭터 큐빅십자수,지니맘 큐빅십자수  DIY: 16번 별 (15cm 20cm)
738067574,SELLBLOG,NORMAL,"학교 준비무로 구매했는데 디자인이 예쁘네요...
딸아이도 다음번에는 구매를 부탁하네요....
또 애용할꺽요....",2019-10-07T07:57:20.000+0000,STOREFARM,4,지니맘 어린이 보석십자수 캐릭터 큐빅십자수,지니맘 큐빅십자수  DIY: 15번 베트맨 (15cm 20cm)
738067478,SELLBLOG,NORMAL,"학교 준비무로 구매했는데 디자인이 예쁘네요...
딸아이도 다음번에는 구매를 부탁하네요....
또 애용할꺽요....",2019-10-07T07:57:08.000+0000,STOREFARM,4,지니맘 어린이 보석십자수 캐릭터 큐빅십자수,지니맘 큐빅십자수  DIY: 25번 미니2  (15cm 20cm)
755312693,SELLBLOG,NORMAL,만족합니다 만족합니다,2019-11-12T14:06:24.000+0000,STOREFARM,5,지니맘 어린이 보석십자수 캐릭터 큐빅십자수,지니맘 큐빅십자수  DIY: 22번 부엉이 (15cm 20cm)
755312621,SELLBLOG,NORMAL,만족합니다 만족합니다,2019-11-12T14:06:16.000+0000,STOREFARM,5,지니맘 어린이 보석십자수 캐릭터 큐빅십자수,지니맘 큐빅십자수  DIY: 2번 보라유니콘 (15cm 20cm)
744173401,SELLBLOG,NORMAL,아이가 재밋어하네요~,2019-10-20T06:06:16.000+0000,STOREFARM,5,지니맘 어린이 보석십자수 캐릭터 큐빅십자수,지니맘 큐빅십자수  DIY: 16번 별 (15cm 20cm)
729759900,SELLBLOG,NORMAL,"포장넘깔끔하고 큐빅상태도좋아요.
해놓으니 이뿌네요.",2019-09-19T15:38:39.000+0000,STOREFARM,5,지니맘 어린이 보석십자수 캐릭터 큐빅십자수,지니맘 큐빅십자수  DIY: 9번 겨울사슴 (15cm 20cm)
734696264,SELLBLOG,NORMAL,아이가 너무 좋아해요!! 아이가 구입해달라고 요청해서 구입하였습니다. 집중력도 키워주는 것 같고 잠시나마 핸드폰하고 멀어지기도 하고 여러모로 좋아요.,2019-09-30T02:01:25.000+0000,STOREFARM,5,지니맘 어린이 보석십자수 캐릭터 큐빅십자수,지니맘 큐빅십자수  DIY: 8번 꽃사슴 (15cm 20cm)
740685247,SELLBLOG,AFTER_USE,아이들시간보내기좋고 완성하니만족감이듭니다,2019-10-13T02:10:58.000+0000,STOREFARM,5,지니맘 어린이 보석십자수 캐릭터 큐빅십자수,지니맘 큐빅십자수  DIY: 5번 펭귄(15cm 15cm)
726440466,SELLBLOG,NORMAL,"추석전 빠른배송 감사합니다
가격 너무 착하고 포장도 꼼꼼히 해서 보내주셨구요 무엇보다 딸아이가 너무 좋아하네요",2019-09-10T12:02:27.000+0000,STOREFARM,5,지니맘 어린이 보석십자수 캐릭터 큐빅십자수,지니맘 큐빅십자수  DIY: 25번 미니2  (15cm 20cm)
743035391,SELLBLOG,AFTER_USE,아이가 너무좋아하네요,2019-10-17T12:54:56.000+0000,STOREFARM,4,지니맘 어린이 보석십자수 캐릭터 큐빅십자수,지니맘 큐빅십자수  DIY: 1번 유니콘 (15cm 20cm)
736044863,SELLBLOG,AFTER_USE,"아이가 너무 좋아하고 저도하다보니 중독되네요ㅋ
완성하면 너무 예뻐서 계속하고싶어요
재구매의사있어요",2019-10-02T12:21:14.000+0000,STOREFARM,5,지니맘 어린이 보석십자수 캐릭터 큐빅십자수,지니맘 큐빅십자수  DIY: 6번 소녀  (15cm 20cm)
733294470,SELLBLOG,AFTER_USE,아이들이 좋아해요.,2019-09-26T23:13:20.000+0000,STOREFARM,4,지니맘 어린이 보석십자수 캐릭터 큐빅십자수,지니맘 큐빅십자수  DIY: 4번 홍학 (15cm 20cm)
740192037,SELLBLOG,NORMAL,만족해요 애가 넘 좋아해요,2019-10-11T23:34:03.000+0000,STOREFARM,5,지니맘 어린이 보석십자수 캐릭터 큐빅십자수,지니맘 큐빅십자수  DIY: 5번  반짝이 사슴 (15cm 20cm)
732894170,SELLBLOG,NORMAL,너무 재밋어요 소확행,2019-09-26T03:43:13.000+0000,STOREFARM,5,지니맘 어린이 보석십자수 캐릭터 큐빅십자수,지니맘 큐빅십자수  DIY: 2번 보라유니콘 (15cm 20cm)
741965800,SELLBLOG,AFTER_USE,재밌어합니다 집중력 짱,2019-10-15T15:03:21.000+0000,STOREFARM,5,지니맘 어린이 보석십자수 캐릭터 큐빅십자수,지니맘 큐빅십자수  DIY: 22번 부엉이 (15cm 20cm)
738833248,SELLBLOG,NORMAL,반짝임이 덜한 보석 십자수도 있는데 이제품는 반짝임이 더 있어 화려하네요,2019-10-09T02:00:14.000+0000,STOREFARM,3,지니맘 어린이 보석십자수 캐릭터 큐빅십자수,지니맘 큐빅십자수  DIY: 21번 별유니콘 (15cm 20cm)
739326853,SELLBLOG,NORMAL,"받자마자 꽃사슴 먼저 착착 붙이기~
완전 재미있어하네요.",2019-10-10T05:26:37.000+0000,STOREFARM,5,지니맘 어린이 보석십자수 캐릭터 큐빅십자수,지니맘 큐빅십자수  DIY: 8번 꽃사슴 (15cm 20cm)
736453442,SELLBLOG,AFTER_USE,아이들이 너무 좋아하고 좋은것 같아요. 재품은 좀부실합니다.,2019-10-03T12:46:47.000+0000,STOREFARM,4,지니맘 어린이 보석십자수 캐릭터 큐빅십자수,지니맘 큐빅십자수  DIY: 22번 부엉이 (15cm 20cm)
727020787,SELLBLOG,NORMAL,큰 아이가 학교에서 보석십자수를 배워와서 잼있어하고 좋아하길래 주문했습니다 작은애것도 혹여나싶어 주문했는데 두아이가 배송오자마자 시작하더니 몇시간 집중해서 하더니 거의 마무리를 지었네요 액자랑 같이 구매해서조금 가격이 있긴하지만 애들이 너무 맘에 들어해서 만족합니다 번창하셔요 곧 또 재구매할듯 싶습니다^^,2019-09-11T23:42:27.000+0000,STOREFARM,4,지니맘 어린이 보석십자수 캐릭터 큐빅십자수,지니맘 큐빅십자수  DIY: 12번 슈퍼 (15cm 20cm)
729675049,SELLBLOG,NORMAL,재미있어요ㅎㅎ 딸도 좋아해용,2019-09-19T12:45:22.000+0000,STOREFARM,5,지니맘 어린이 보석십자수 캐릭터 큐빅십자수,지니맘 큐빅십자수  DIY: 21번 별유니콘 (15cm 20cm)
740181339,SELLBLOG,AFTER_USE,거의다 완성해갑니다 편하구이뻐요,2019-10-11T22:42:28.000+0000,STOREFARM,5,지니맘 어린이 보석십자수 캐릭터 큐빅십자수,지니맘 큐빅십자수  DIY: 25번 미니2  (15cm 20cm)
740216293,SELLBLOG,NORMAL,해보진않앗지만 아이가좋아하네요,2019-10-12T00:51:11.000+0000,STOREFARM,5,지니맘 어린이 보석십자수 캐릭터 큐빅십자수,지니맘 큐빅십자수  DIY: 12번 슈퍼 (15cm 20cm)
738832089,SELLBLOG,NORMAL,반짝이는 큐빅을 좋아하는 울 아이를 위해 주문이요,2019-10-09T01:57:28.000+0000,STOREFARM,3,지니맘 어린이 보석십자수 캐릭터 큐빅십자수,지니맘 큐빅십자수  DIY: 1번 유니콘 (15cm 20cm)
736787106,SELLBLOG,AFTER_USE,"아이가 너무 잼있게 했어요
또 구매할예정입니당",2019-10-04T08:07:47.000+0000,STOREFARM,5,지니맘 어린이 보석십자수 캐릭터 큐빅십자수,지니맘 큐빅십자수  DIY: 1번 유니콘 (15cm 20cm)
732997688,SELLBLOG,NORMAL,아이가 생일선물로 갖고싶다해서 주문했는데~배송도 딱맞게 도착하구 아이가 너무 좋아하네요♡다 하면 좀더 큰걸루 주문할게요^^,2019-09-26T07:06:44.000+0000,STOREFARM,5,지니맘 어린이 보석십자수 캐릭터 큐빅십자수,지니맘 큐빅십자수  DIY: 2번 보라유니콘 (15cm 20cm)
732997633,SELLBLOG,NORMAL,아이가 생일선물로 갖고싶다해서 주문했는데~배송도 딱맞게 도착하구 아이가 너무 좋아하네요♡다 하면 좀더 큰걸루 주문할게요^^,2019-09-26T07:06:38.000+0000,STOREFARM,5,지니맘 어린이 보석십자수 캐릭터 큐빅십자수,지니맘 큐빅십자수  DIY: 1번 유니콘 (15cm 20cm)
732997572,SELLBLOG,NORMAL,아이가 생일선물로 갖고싶다해서 주문했는데~배송도 딱맞게 도착하구 아이가 너무 좋아하네요♡다 하면 좀더 큰걸루 주문할게요^^,2019-09-26T07:06:32.000+0000,STOREFARM,5,지니맘 어린이 보석십자수 캐릭터 큐빅십자수,지니맘 큐빅십자수  DIY: 21번 별유니콘 (15cm 20cm)
740685040,SELLBLOG,AFTER_USE,시원하니편하고좋아요,2019-10-13T02:10:28.000+0000,STOREFARM,5,지니맘 어린이 보석십자수 캐릭터 큐빅십자수,지니맘 큐빅십자수  DIY: 3번 분홍사슴 (15cm 20cm)
740683698,SELLBLOG,NORMAL,배송 빠르고 괜찮네요,2019-10-13T02:06:49.000+0000,STOREFARM,3,지니맘 어린이 보석십자수 캐릭터 큐빅십자수,지니맘 큐빅십자수  DIY: 21번 별유니콘 (15cm 20cm)
740683594,SELLBLOG,NORMAL,배송 빠르고 괜찮네요,2019-10-13T02:06:29.000+0000,STOREFARM,3,지니맘 어린이 보석십자수 캐릭터 큐빅십자수,지니맘 큐빅십자수  DIY: 24번 미니1 (15cm 20cm)
737500458,SELLBLOG,AFTER_USE,"짬짬히 잘하고있어요
근데 매진된 것들도 빨리입고되면좋겠어요",2019-10-06T02:34:13.000+0000,STOREFARM,4,지니맘 어린이 보석십자수 캐릭터 큐빅십자수,지니맘 큐빅십자수  DIY: 24번 미니1 (15cm 20cm)
740855548,SELLBLOG,NORMAL,애들이 넘 조아라 하네요~^^,2019-10-13T10:37:55.000+0000,STOREFARM,5,지니맘 어린이 보석십자수 캐릭터 큐빅십자수,지니맘 큐빅십자수  DIY: 1번 유니콘 (15cm 20cm)
740191928,SELLBLOG,NORMAL,배송빠르고 좋아요 만족,2019-10-11T23:33:34.000+0000,STOREFARM,5,지니맘 어린이 보석십자수 캐릭터 큐빅십자수,지니맘 큐빅십자수  DIY: 12번 슈퍼 (15cm 20cm)
740855688,SELLBLOG,NORMAL,큐빅도 넉넉하고 조아요~^^,2019-10-13T10:38:16.000+0000,STOREFARM,5,지니맘 어린이 보석십자수 캐릭터 큐빅십자수,지니맘 큐빅십자수  DIY: 19번 방패 (15cm 20cm)
739420260,SELLBLOG,NORMAL,사이즈도 크고 너무 좋아요,2019-10-10T08:31:37.000+0000,STOREFARM,4,지니맘 어린이 보석십자수 캐릭터 큐빅십자수,지니맘 큐빅십자수  DIY: 6번 소녀  (15cm 20cm)
739806828,SELLBLOG,NORMAL,아이들이 넘 좋아합니다.,2019-10-11T04:23:13.000+0000,STOREFARM,5,지니맘 어린이 보석십자수 캐릭터 큐빅십자수,지니맘 큐빅십자수  DIY: 26번 돌고래(15cm 20cm)
739806592,SELLBLOG,NORMAL,아이들이 넘 좋아합니다.,2019-10-11T04:22:44.000+0000,STOREFARM,5,지니맘 어린이 보석십자수 캐릭터 큐빅십자수,지니맘 큐빅십자수  DIY: 13번 스폰지 (15cm 20cm)
738831547,SELLBLOG,NORMAL,제가 함 해보려고 주문했네요,2019-10-09T01:56:11.000+0000,STOREFARM,4,지니맘 어린이 보석십자수 캐릭터 큐빅십자수,지니맘 큐빅십자수  DIY: 6번 소녀  (15cm 20cm)
727879295,SELLBLOG,AFTER_USE,보석도 충분히 들어 있어 맘편히 할수 있네요,2019-09-15T12:22:30.000+0000,STOREFARM,5,지니맘 어린이 보석십자수 캐릭터 큐빅십자수,지니맘 큐빅십자수  DIY: 3번 분홍사슴 (15cm 20cm)
739420538,SELLBLOG,NORMAL,아이가 너무 좋나해요,2019-10-10T08:32:12.000+0000,STOREFARM,4,지니맘 어린이 보석십자수 캐릭터 큐빅십자수,지니맘 큐빅십자수  DIY: 7번 소녀1  (15cm 20cm)
739420485,SELLBLOG,NORMAL,아이가 나무 좋아해요,2019-10-10T08:32:06.000+0000,STOREFARM,4,지니맘 어린이 보석십자수 캐릭터 큐빅십자수,지니맘 큐빅십자수  DIY: 18번 망치 (15cm 20cm)
739420422,SELLBLOG,NORMAL,아이가 너무 좋아해욤,2019-10-10T08:31:59.000+0000,STOREFARM,4,지니맘 어린이 보석십자수 캐릭터 큐빅십자수,지니맘 큐빅십자수  DIY: 1번 유니콘 (15cm 20cm)
736616421,SELLBLOG,NORMAL,이쁘고 좋아요 보석도 넉넉하고^^,2019-10-04T01:52:05.000+0000,STOREFARM,5,지니맘 어린이 보석십자수 캐릭터 큐빅십자수,지니맘 큐빅십자수  DIY: 2번 보라유니콘 (15cm 20cm)
739420744,SELLBLOG,NORMAL,너무 마음에 들어요,2019-10-10T08:32:38.000+0000,STOREFARM,4,지니맘 어린이 보석십자수 캐릭터 큐빅십자수,지니맘 큐빅십자수  DIY: 26번 돌고래(15cm 20cm)
739420691,SELLBLOG,NORMAL,너무 마음에 들어오,2019-10-10T08:32:31.000+0000,STOREFARM,4,지니맘 어린이 보석십자수 캐릭터 큐빅십자수,지니맘 큐빅십자수  DIY: 21번 별유니콘 (15cm 20cm)
739420635,SELLBLOG,NORMAL,마음에 들어오.  좋아요,2019-10-10T08:32:25.000+0000,STOREFARM,4,지니맘 어린이 보석십자수 캐릭터 큐빅십자수,지니맘 큐빅십자수  DIY: 24번 미니1 (15cm 20cm)
739420343,SELLBLOG,NORMAL,"아이가
너무 좋아해요",2019-10-10T08:31:48.000+0000,STOREFARM,4,지니맘 어린이 보석십자수 캐릭터 큐빅십자수,지니맘 큐빅십자수  DIY: 2번 보라유니콘 (15cm 20cm)
738006898,SELLBLOG,NORMAL,생각보다 손이 많이 가지만 재밋어요ㅎㅎ,2019-10-07T05:50:03.000+0000,STOREFARM,5,지니맘 어린이 보석십자수 캐릭터 큐빅십자수,지니맘 큐빅십자수  DIY: 12번 슈퍼 (15cm 20cm)
726959673,SELLBLOG,NORMAL,좋아요 아이가 재미있어합니다,2019-09-11T14:29:41.000+0000,STOREFARM,5,지니맘 어린이 보석십자수 캐릭터 큐빅십자수,지니맘 큐빅십자수  DIY: 22번 부엉이 (15cm 20cm)
737680565,SELLBLOG,NORMAL,받자마자 아이들이 집중해서 하네요~~,2019-10-06T11:45:20.000+0000,STOREFARM,5,지니맘 어린이 보석십자수 캐릭터 큐빅십자수,지니맘 큐빅십자수  DIY: 12번 슈퍼 (15cm 20cm)
735188198,SELLBLOG,NORMAL,"구매 잘한 것 같아요. 
아이가 좋아합니다.",2019-10-01T02:18:11.000+0000,STOREFARM,5,지니맘 어린이 보석십자수 캐릭터 큐빅십자수,지니맘 큐빅십자수  DIY: 1번 유니콘 (15cm 20cm)
733848676,SELLBLOG,NORMAL,"아이들이 너무 좋아해요. 어렵지 않고 쉬워요
배송도 빨라요",2019-09-28T03:12:16.000+0000,STOREFARM,5,지니맘 어린이 보석십자수 캐릭터 큐빅십자수,지니맘 큐빅십자수  DIY: 1번 유니콘 (15cm 20cm)
736615911,SELLBLOG,NORMAL,애기랑 둘이 할려고 샀는데 넘 이쁘고 재밋네요^^,2019-10-04T01:50:51.000+0000,STOREFARM,5,지니맘 어린이 보석십자수 캐릭터 큐빅십자수,지니맘 큐빅십자수  DIY: 8번 꽃사슴 (15cm 20cm)
721214839,SELLBLOG,NORMAL,너무 이쁘고 쉽게 만들수 있어서 좋았어여! 근데 액자하나가 약간 색이 벗겨지고 살짝 파손되있어서  아쉬웠습니다,2019-08-30T05:21:12.000+0000,STOREFARM,3,지니맘 어린이 보석십자수 캐릭터 큐빅십자수,지니맘 큐빅십자수  DIY: 17번 가면 (15cm 20cm)
727879758,SELLBLOG,AFTER_USE,보석이 충분히 들어있어 좋아요,2019-09-15T12:23:58.000+0000,STOREFARM,5,지니맘 어린이 보석십자수 캐릭터 큐빅십자수,지니맘 큐빅십자수  DIY: 11번 클로버 (15cm 20cm)
735188024,SELLBLOG,NORMAL,아이가 집중하여 붙이고 있네요 혼자서 하기는 좀 힘든가봐요,2019-10-01T02:17:50.000+0000,STOREFARM,5,지니맘 어린이 보석십자수 캐릭터 큐빅십자수,지니맘 큐빅십자수  DIY: 22번 부엉이 (15cm 20cm)
732972929,SELLBLOG,NORMAL,상품의 질이 좋아요~ 남는 큐빅이 좀 아깝긴 하지만 절대 모자라진 않아요...,2019-09-26T06:18:30.000+0000,STOREFARM,5,지니맘 어린이 보석십자수 캐릭터 큐빅십자수,지니맘 큐빅십자수  DIY: 3번 분홍사슴 (15cm 20cm)
733752346,SELLBLOG,NORMAL,액자를끼워야 이쁨이완성. 보석양 무지많음,2019-09-27T21:41:04.000+0000,STOREFARM,4,지니맘 어린이 보석십자수 캐릭터 큐빅십자수,지니맘 큐빅십자수  DIY: 10번 안경토끼 (15cm 20cm)
737680265,SELLBLOG,NORMAL,아이들이 넘 재미있어 하네요~~~,2019-10-06T11:44:40.000+0000,STOREFARM,5,지니맘 어린이 보석십자수 캐릭터 큐빅십자수,지니맘 큐빅십자수  DIY: 20번 거미 (15cm 20cm)
730854857,SELLBLOG,NORMAL,아이가 좋아해서 구입하였지요. 추석연휴로 배송은 늦었지만 아이가 선택한 제품이 잘 도착했네요.,2019-09-22T05:27:44.000+0000,STOREFARM,5,지니맘 어린이 보석십자수 캐릭터 큐빅십자수,지니맘 큐빅십자수  DIY: 9번 겨울사슴 (15cm 20cm)
735769836,SELLBLOG,NORMAL,3가지 구매했는데 배송/상품/포장 모두 마음에 들어요~,2019-10-02T03:36:50.000+0000,STOREFARM,5,지니맘 어린이 보석십자수 캐릭터 큐빅십자수,지니맘 큐빅십자수  DIY: 26번 돌고래(15cm 20cm)
735769777,SELLBLOG,NORMAL,3가지 구매했는데 배송/상품/포장 모두 마음에 들어요~,2019-10-02T03:36:43.000+0000,STOREFARM,5,지니맘 어린이 보석십자수 캐릭터 큐빅십자수,지니맘 큐빅십자수  DIY: 3번 분홍사슴 (15cm 20cm)
735769709,SELLBLOG,NORMAL,3가지 구매했는데 배송/상품/포장 모두 마음에 들어요~,2019-10-02T03:36:35.000+0000,STOREFARM,5,지니맘 어린이 보석십자수 캐릭터 큐빅십자수,지니맘 큐빅십자수  DIY: 4번 홍학 (15cm 20cm)
732972341,SELLBLOG,NORMAL,큐빅이 불량이 없어 좋아요~ 아이가 하기에 좋은 사이즈예요~,2019-09-26T06:17:19.000+0000,STOREFARM,5,지니맘 어린이 보석십자수 캐릭터 큐빅십자수,지니맘 큐빅십자수  DIY: 24번 미니1 (15cm 20cm)
733742931,SELLBLOG,NORMAL,배송도빠르고~~~~저희딸이너무좋아하네요~~~^^너무재미있어하네요^^,2019-09-27T18:43:11.000+0000,STOREFARM,5,지니맘 어린이 보석십자수 캐릭터 큐빅십자수,지니맘 큐빅십자수  DIY: 1번 유니콘 (15cm 20cm)
727880648,SELLBLOG,AFTER_USE,보석이 충분해서 좋아요,2019-09-15T12:26:57.000+0000,STOREFARM,5,지니맘 어린이 보석십자수 캐릭터 큐빅십자수,지니맘 큐빅십자수  DIY: 4번 홍학 (15cm 20cm)
727880317,SELLBLOG,AFTER_USE,보석이 충분해서 좋아요,2019-09-15T12:25:48.000+0000,STOREFARM,5,지니맘 어린이 보석십자수 캐릭터 큐빅십자수,지니맘 큐빅십자수  DIY: 5번  반짝이 사슴 (15cm 20cm)
727880055,SELLBLOG,AFTER_USE,보석이 충분해서 좋아요,2019-09-15T12:24:54.000+0000,STOREFARM,5,지니맘 어린이 보석십자수 캐릭터 큐빅십자수,지니맘 큐빅십자수  DIY: 9번 겨울사슴 (15cm 20cm)
726441236,SELLBLOG,NORMAL,미니언즈 캐릭터 너무 귀엽다고 딸아이가 좋아하네요,2019-09-10T12:03:47.000+0000,STOREFARM,5,지니맘 어린이 보석십자수 캐릭터 큐빅십자수,지니맘 큐빅십자수  DIY: 22번 부엉이 (15cm 20cm)
738225945,SELLBLOG,NORMAL,쉽게 할 수 있고 이뻐요~~,2019-10-07T14:37:57.000+0000,STOREFARM,5,지니맘 어린이 보석십자수 캐릭터 큐빅십자수,지니맘 큐빅십자수  DIY: 11번 클로버 (15cm 20cm)
735422254,SELLBLOG,NORMAL,아이가조아해서샀는데 혼자열심히잘하네요ㅎ,2019-10-01T10:13:09.000+0000,STOREFARM,5,지니맘 어린이 보석십자수 캐릭터 큐빅십자수,지니맘 큐빅십자수  DIY: 13번 스폰지 (15cm 20cm)
731853069,SELLBLOG,NORMAL,어린이용이라 그런지 보석이 크긴하네요~ 얼렁 선물하고 싶네요.,2019-09-24T06:21:13.000+0000,STOREFARM,4,지니맘 어린이 보석십자수 캐릭터 큐빅십자수,지니맘 큐빅십자수  DIY: 15번 베트맨 (15cm 20cm)
731064942,SELLBLOG,NORMAL,아이들이 좋아하네요 이쁘고 포장도 종류별로 잘되어 있는거 같아요,2019-09-22T14:29:57.000+0000,STOREFARM,4,지니맘 어린이 보석십자수 캐릭터 큐빅십자수,지니맘 큐빅십자수  DIY: 11번 클로버 (15cm 20cm)
731064880,SELLBLOG,NORMAL,아이들이 좋아하네요 이쁘고 포장도 종류별로 잘되어 있는거 같아요,2019-09-22T14:29:48.000+0000,STOREFARM,4,지니맘 어린이 보석십자수 캐릭터 큐빅십자수,지니맘 큐빅십자수  DIY: 13번 스폰지 (15cm 20cm)
731064823,SELLBLOG,NORMAL,아이들이 좋아하네요 이쁘고 포장도 종류별로 잘되어 있는거 같아요,2019-09-22T14:29:39.000+0000,STOREFARM,4,지니맘 어린이 보석십자수 캐릭터 큐빅십자수,지니맘 큐빅십자수  DIY: 22번 부엉이 (15cm 20cm)
738225716,SELLBLOG,NORMAL,쉽게 할 수 있어요 ^^,2019-10-07T14:37:17.000+0000,STOREFARM,5,지니맘 어린이 보석십자수 캐릭터 큐빅십자수,지니맘 큐빅십자수  DIY: 9번 겨울사슴 (15cm 20cm)
735002848,SELLBLOG,NORMAL,아이가 쉽게 완성하고 전시해서 좋아요,2019-09-30T12:53:19.000+0000,STOREFARM,5,지니맘 어린이 보석십자수 캐릭터 큐빅십자수,지니맘 큐빅십자수  DIY: 1번 유니콘 (15cm 20cm)
726959442,SELLBLOG,NORMAL,아이가 좋아해서 재구매합니다,2019-09-11T14:28:56.000+0000,STOREFARM,5,지니맘 어린이 보석십자수 캐릭터 큐빅십자수,지니맘 큐빅십자수  DIY: 23번 사자 (15cm 20cm)
736452776,SELLBLOG,AFTER_USE,재미있고 시간잘 갑니다.,2019-10-03T12:45:13.000+0000,STOREFARM,5,지니맘 어린이 보석십자수 캐릭터 큐빅십자수,지니맘 큐빅십자수  DIY: 1번 유니콘 (15cm 20cm)
725263196,SELLBLOG,NORMAL,아직 미개봉이지만 이것도 잘 만들것같아요,2019-09-08T02:11:03.000+0000,STOREFARM,5,지니맘 어린이 보석십자수 캐릭터 큐빅십자수,지니맘 큐빅십자수  DIY: 1번 유니콘 (15cm 20cm)
724135129,SELLBLOG,NORMAL,아이들이 좋아해요 아직 미개봉,2019-09-05T10:43:08.000+0000,STOREFARM,4,지니맘 어린이 보석십자수 캐릭터 큐빅십자수,지니맘 큐빅십자수  DIY: 13번 스폰지 (15cm 20cm)
733592425,SELLBLOG,NORMAL,빠른 배송 좋어요~~ 십자수도 재밌어요,2019-09-27T09:56:30.000+0000,STOREFARM,4,지니맘 어린이 보석십자수 캐릭터 큐빅십자수,지니맘 큐빅십자수  DIY: 23번 사자 (15cm 20cm)
735003416,SELLBLOG,NORMAL,모양도 예쁘고 전시하니 예쁘네요.,2019-09-30T12:54:36.000+0000,STOREFARM,5,지니맘 어린이 보석십자수 캐릭터 큐빅십자수,지니맘 큐빅십자수  DIY: 21번 별유니콘 (15cm 20cm)
737001419,SELLBLOG,NORMAL,아이들이 좋아해요~^^,2019-10-04T23:22:10.000+0000,STOREFARM,4,지니맘 어린이 보석십자수 캐릭터 큐빅십자수,지니맘 큐빅십자수  DIY: 2번 보라유니콘 (15cm 20cm)
719930751,SELLBLOG,NORMAL,"초3딸이 엄청 집중하며 재미있게 하네요~~
완성하여 액자에 넣고 벽장식으로 가성비 갑 일듯요^^",2019-08-27T13:10:36.000+0000,STOREFARM,5,지니맘 어린이 보석십자수 캐릭터 큐빅십자수,지니맘 큐빅십자수  DIY: 21번 별유니콘 (15cm 20cm)
734434556,SELLBLOG,NORMAL,ㅎㅎ넘좋아하네요 잘받았어요,2019-09-29T10:39:51.000+0000,STOREFARM,5,지니맘 어린이 보석십자수 캐릭터 큐빅십자수,지니맘 큐빅십자수  DIY: 18번 망치 (15cm 20cm)
726404388,SELLBLOG,AFTER_USE,아이가 재미있게 잘 만들었어요~^^,2019-09-10T10:56:04.000+0000,STOREFARM,5,지니맘 어린이 보석십자수 캐릭터 큐빅십자수,지니맘 큐빅십자수  DIY: 3번 분홍사슴 (15cm 20cm)
737005996,SELLBLOG,NORMAL,아이가좋아해요ㅋㅋㅎ,2019-10-04T23:44:02.000+0000,STOREFARM,4,지니맘 어린이 보석십자수 캐릭터 큐빅십자수,지니맘 큐빅십자수  DIY: 8번 꽃사슴 (15cm 20cm)
733698516,SELLBLOG,AFTER_USE,집중해서 몰두하는 아이모습보니좋네요,2019-09-27T14:28:17.000+0000,STOREFARM,5,지니맘 어린이 보석십자수 캐릭터 큐빅십자수,지니맘 큐빅십자수  DIY: 26번 돌고래(15cm 20cm)
726405228,SELLBLOG,AFTER_USE,재미있게 잘 만들었어요,2019-09-10T10:57:42.000+0000,STOREFARM,5,지니맘 어린이 보석십자수 캐릭터 큐빅십자수,지니맘 큐빅십자수  DIY: 4번 작은유니콘(15cm 15cm)
725262677,SELLBLOG,NORMAL,배송빠르고 아이가 너무 좋아해요,2019-09-08T02:09:45.000+0000,STOREFARM,5,지니맘 어린이 보석십자수 캐릭터 큐빅십자수,지니맘 큐빅십자수  DIY: 23번 사자 (15cm 20cm)
734434724,SELLBLOG,NORMAL,아이들이아주좋아산센요,2019-09-29T10:40:20.000+0000,STOREFARM,5,지니맘 어린이 보석십자수 캐릭터 큐빅십자수,지니맘 큐빅십자수  DIY: 21번 별유니콘 (15cm 20cm)
733752282,SELLBLOG,NORMAL,정말 너무이뻐요 액자를꼭끼워야해요,2019-09-27T21:40:28.000+0000,STOREFARM,4,지니맘 어린이 보석십자수 캐릭터 큐빅십자수,지니맘 큐빅십자수  DIY: 3번 분홍사슴 (15cm 20cm)
725263428,SELLBLOG,NORMAL,배송빠르고 아이가 좋아해요,2019-09-08T02:11:38.000+0000,STOREFARM,5,지니맘 어린이 보석십자수 캐릭터 큐빅십자수,지니맘 큐빅십자수  DIY: 1번 사탕(15cm 15cm)
725996935,SELLBLOG,AFTER_USE,아이가 너무 좋아해요,2019-09-09T13:53:33.000+0000,STOREFARM,5,지니맘 어린이 보석십자수 캐릭터 큐빅십자수,지니맘 큐빅십자수  DIY: 3번 분홍사슴 (15cm 20cm)
725996579,SELLBLOG,AFTER_USE,아이가 너무 좋아해요,2019-09-09T13:52:37.000+0000,STOREFARM,5,지니맘 어린이 보석십자수 캐릭터 큐빅십자수,지니맘 큐빅십자수  DIY: 4번 작은유니콘(15cm 15cm)
745710973,SELLBLOG,AFTER_USE,좋아요 좋아요 좋아요 좋아요 좋아요,2019-10-23T07:10:15.000+0000,STOREFARM,5,지니맘 어린이 보석십자수 캐릭터 큐빅십자수,지니맘 큐빅십자수  DIY: 22번 부엉이 (15cm 20cm)
735003068,SELLBLOG,NORMAL,친구 선물로 잘 줬어요~,2019-09-30T12:53:50.000+0000,STOREFARM,5,지니맘 어린이 보석십자수 캐릭터 큐빅십자수,지니맘 큐빅십자수  DIY: 7번 소녀1  (15cm 20cm)
735035533,SELLBLOG,AFTER_USE,아이들이좋아하네요^,2019-09-30T14:12:02.000+0000,STOREFARM,3,지니맘 어린이 보석십자수 캐릭터 큐빅십자수,지니맘 큐빅십자수  DIY: 21번 별유니콘 (15cm 20cm)
745710853,SELLBLOG,AFTER_USE,좋아요 좋아요 좋아요 좋아요,2019-10-23T07:10:03.000+0000,STOREFARM,5,지니맘 어린이 보석십자수 캐릭터 큐빅십자수,지니맘 큐빅십자수  DIY: 21번 별유니콘 (15cm 20cm)
714511246,SELLBLOG,NORMAL,저희는 눈을 하늘색으로 해봤어요. 이게 더 나은 것 같아요 ^^,2019-08-15T07:59:02.000+0000,STOREFARM,5,지니맘 어린이 보석십자수 캐릭터 큐빅십자수,지니맘 큐빅십자수  DIY: 17번 가면 (15cm 20cm)
734207604,SELLBLOG,NORMAL,아이들이 너무 좋아해요,2019-09-29T00:46:36.000+0000,STOREFARM,5,지니맘 어린이 보석십자수 캐릭터 큐빅십자수,지니맘 큐빅십자수  DIY: 9번 겨울사슴 (15cm 20cm)
734207343,SELLBLOG,NORMAL,아이들이 너무 좋아해요,2019-09-29T00:45:46.000+0000,STOREFARM,5,지니맘 어린이 보석십자수 캐릭터 큐빅십자수,지니맘 큐빅십자수  DIY: 8번 꽃사슴 (15cm 20cm)
732972574,SELLBLOG,NORMAL,아이가 시리즈 별로 하는 십자수 입니다.,2019-09-26T06:17:44.000+0000,STOREFARM,5,지니맘 어린이 보석십자수 캐릭터 큐빅십자수,지니맘 큐빅십자수  DIY: 8번 꽃사슴 (15cm 20cm)
727128211,SELLBLOG,NORMAL,보석이 큼직하고 사이즈도 다양해서 애들이 좋아합니다. 단지 큰사이즈 처럼 테이프부분을 비닐로 하면 좋겠어요~,2019-09-12T07:22:31.000+0000,STOREFARM,5,지니맘 어린이 보석십자수 캐릭터 큐빅십자수,지니맘 큐빅십자수  DIY: 2번 보라유니콘 (15cm 20cm)
734207258,SELLBLOG,NORMAL,아이들이 너무 좋아해요!,2019-09-29T00:45:28.000+0000,STOREFARM,5,지니맘 어린이 보석십자수 캐릭터 큐빅십자수,지니맘 큐빅십자수  DIY: 26번 돌고래(15cm 20cm)
731235942,SELLBLOG,NORMAL,아이들이 좋아해요. 다하면 성취감이 커요,2019-09-23T02:22:03.000+0000,STOREFARM,5,지니맘 어린이 보석십자수 캐릭터 큐빅십자수,지니맘 큐빅십자수  DIY: 2번 토끼(15cm 15cm)
727750948,SELLBLOG,NORMAL,두번째 구매이예요~아이가 너무 좋아하고..주말내내 심심해하지않고 하였네요~,2019-09-15T03:26:36.000+0000,STOREFARM,4,지니맘 어린이 보석십자수 캐릭터 큐빅십자수,지니맘 큐빅십자수  DIY: 2번 보라유니콘 (15cm 20cm)
718050139,SELLBLOG,NORMAL,보석같이 반짝반짝 예쁘고 아이가 너무 좋아해서 추가로 구매해야될것같아요 너무 마음에 드네요,2019-08-23T03:08:49.000+0000,STOREFARM,5,지니맘 어린이 보석십자수 캐릭터 큐빅십자수,지니맘 큐빅십자수  DIY: 17번 가면 (15cm 20cm)
734207540,SELLBLOG,NORMAL,아이들이 너무 좋아해요~!!,2019-09-29T00:46:23.000+0000,STOREFARM,5,지니맘 어린이 보석십자수 캐릭터 큐빅십자수,지니맘 큐빅십자수  DIY: 21번 별유니콘 (15cm 20cm)
731236687,SELLBLOG,NORMAL,좋아요. 다하면 성취감이 커요,2019-09-23T02:23:18.000+0000,STOREFARM,5,지니맘 어린이 보석십자수 캐릭터 큐빅십자수,지니맘 큐빅십자수  DIY: 2번 보라유니콘 (15cm 20cm)
719895706,SELLBLOG,NORMAL,"아이들과 즐겁게 보석십자수완성했어요
너무너무 예뻐요",2019-08-27T12:07:41.000+0000,STOREFARM,5,지니맘 어린이 보석십자수 캐릭터 큐빅십자수,지니맘 큐빅십자수  DIY: 7번 소녀1  (15cm 20cm)
724134691,SELLBLOG,NORMAL,아직 안했지만 좋네요,2019-09-05T10:42:12.000+0000,STOREFARM,4,지니맘 어린이 보석십자수 캐릭터 큐빅십자수,지니맘 큐빅십자수  DIY: 6번 소녀  (15cm 20cm)
724559497,SELLBLOG,AFTER_USE,색상이 아주 예쁩니다^^,2019-09-06T08:10:44.000+0000,STOREFARM,5,지니맘 어린이 보석십자수 캐릭터 큐빅십자수,지니맘 큐빅십자수  DIY: 21번 별유니콘 (15cm 20cm)
731237845,SELLBLOG,NORMAL,상품이 좋고 배송상태도 좋아요,2019-09-23T02:25:13.000+0000,STOREFARM,5,지니맘 어린이 보석십자수 캐릭터 큐빅십자수,지니맘 큐빅십자수  DIY: 3번 달팽이(15cm 15cm)
731237610,SELLBLOG,NORMAL,상품이 좋고 배송상태도 좋아요,2019-09-23T02:24:50.000+0000,STOREFARM,5,지니맘 어린이 보석십자수 캐릭터 큐빅십자수,지니맘 큐빅십자수  DIY: 4번 작은유니콘(15cm 15cm)
731237236,SELLBLOG,NORMAL,배송상태가 좋고 상품이 좋아요,2019-09-23T02:24:14.000+0000,STOREFARM,5,지니맘 어린이 보석십자수 캐릭터 큐빅십자수,지니맘 큐빅십자수  DIY: 5번 펭귄(15cm 15cm)
729675559,SELLBLOG,NORMAL,재미있어요ㅋㅋ 시간가는줄 모름,2019-09-19T12:46:16.000+0000,STOREFARM,5,지니맘 어린이 보석십자수 캐릭터 큐빅십자수,지니맘 큐빅십자수  DIY: 5번 펭귄(15cm 15cm)
718049443,SELLBLOG,NORMAL,아이가 너무 좋아해서 추가로 구매해야될랑가봐요 너무 맘에 들어해요,2019-08-23T03:07:11.000+0000,STOREFARM,5,지니맘 어린이 보석십자수 캐릭터 큐빅십자수,지니맘 큐빅십자수  DIY: 4번 홍학 (15cm 20cm)
723726956,SELLBLOG,NORMAL,아이가 좋아해요ㅎ 블링블링 반짝한 비즈에 크기도 다양해서 지루해하지않고 하더라구요ㅎ,2019-09-04T14:49:17.000+0000,STOREFARM,5,지니맘 어린이 보석십자수 캐릭터 큐빅십자수,지니맘 큐빅십자수  DIY: 1번 유니콘 (15cm 20cm)
722164891,SELLBLOG,NORMAL,아이들이 조용히 완전 집중모드네요,2019-09-01T12:12:17.000+0000,STOREFARM,5,지니맘 어린이 보석십자수 캐릭터 큐빅십자수,지니맘 큐빅십자수  DIY: 18번 망치 (15cm 20cm)
728253388,SELLBLOG,NORMAL,가격착하고 그에비해 포장넘좋으네요.굿!,2019-09-16T13:06:30.000+0000,STOREFARM,5,지니맘 어린이 보석십자수 캐릭터 큐빅십자수,지니맘 큐빅십자수  DIY: 22번 부엉이 (15cm 20cm)
726549328,SELLBLOG,NORMAL,반짝이가 너무 사방에 날려서 힘들었지만 완성하니 예뻤습니다. 반짝이를 너무 많이 뿌리면 사슴이다 가려져서 조금만 뿌려야 될 것 같았습니다.,2019-09-10T15:34:35.000+0000,STOREFARM,4,지니맘 어린이 보석십자수 캐릭터 큐빅십자수,지니맘 큐빅십자수  DIY: 5번  반짝이 사슴 (15cm 20cm)
729675423,SELLBLOG,NORMAL,재미있어요ㅋㅋ 딸도 좋아라함,2019-09-19T12:46:02.000+0000,STOREFARM,5,지니맘 어린이 보석십자수 캐릭터 큐빅십자수,지니맘 큐빅십자수  DIY: 22번 부엉이 (15cm 20cm)
718537257,SELLBLOG,NORMAL,"아이들이 너무 좋아해요~
시리즈 별로 다 해보고 싶다고 하네요...",2019-08-24T06:09:03.000+0000,STOREFARM,5,지니맘 어린이 보석십자수 캐릭터 큐빅십자수,지니맘 큐빅십자수  DIY: 23번 사자 (15cm 20cm)
726710078,SELLBLOG,NORMAL,"아이,엄마도 재미있게 할 수 있네요.
이뻐서 많이 좋아 하는데 제품 냄새가 나네요",2019-09-11T02:55:59.000+0000,STOREFARM,5,지니맘 어린이 보석십자수 캐릭터 큐빅십자수,지니맘 큐빅십자수  DIY: 7번 소녀1  (15cm 20cm)
716759581,SELLBLOG,NORMAL,캐릭터 이뻐서 아이가 좋아해요. 지퍼백으로 보석이 포장되서 보관도 하기 좋아요.,2019-08-20T12:43:10.000+0000,STOREFARM,5,지니맘 어린이 보석십자수 캐릭터 큐빅십자수,지니맘 큐빅십자수  DIY: 1번 유니콘 (15cm 20cm)
731853406,SELLBLOG,NORMAL,빠른배송 고맙습니다,2019-09-24T06:21:53.000+0000,STOREFARM,4,지니맘 어린이 보석십자수 캐릭터 큐빅십자수,지니맘 큐빅십자수  DIY: 12번 슈퍼 (15cm 20cm)
731853181,SELLBLOG,NORMAL,빠른배송 고맙습니다,2019-09-24T06:21:27.000+0000,STOREFARM,4,지니맘 어린이 보석십자수 캐릭터 큐빅십자수,지니맘 큐빅십자수  DIY: 14번 슈퍼맨 (15cm 20cm)
731712398,SELLBLOG,NORMAL,빠른배송 감사합니다,2019-09-24T01:45:06.000+0000,STOREFARM,5,지니맘 어린이 보석십자수 캐릭터 큐빅십자수,지니맘 큐빅십자수  DIY: 1번 유니콘 (15cm 20cm)
731712324,SELLBLOG,NORMAL,빠른배송 감사합니다,2019-09-24T01:44:58.000+0000,STOREFARM,5,지니맘 어린이 보석십자수 캐릭터 큐빅십자수,지니맘 큐빅십자수  DIY: 2번 보라유니콘 (15cm 20cm)
723275442,SELLBLOG,NORMAL,아이들 집중력 짱~~입니다,2019-09-03T22:37:37.000+0000,STOREFARM,5,지니맘 어린이 보석십자수 캐릭터 큐빅십자수,지니맘 큐빅십자수  DIY: 21번 별유니콘 (15cm 20cm)
714503272,SELLBLOG,NORMAL,9살 7살 아이들 하기에 처음에는 조금 어려웠지만 다하고 나선 뿌듯해어요. 아무래도 작은 사이즈부터 시작하는게 더 좋을거 같아요^^,2019-08-15T07:32:42.000+0000,STOREFARM,5,지니맘 어린이 보석십자수 캐릭터 큐빅십자수,지니맘 큐빅십자수  DIY: 4번 작은유니콘(15cm 15cm)
714503648,SELLBLOG,NORMAL,디자인에 따라서도 난이도가 조금 다른거 같아여. 아이들이 처음 고른 디자인은 없어서 아쉽긴했는데 시간은 잘가네요,2019-08-15T07:33:59.000+0000,STOREFARM,5,지니맘 어린이 보석십자수 캐릭터 큐빅십자수,지니맘 큐빅십자수  DIY: 8번 꽃사슴 (15cm 20cm)
722414401,SELLBLOG,AFTER_USE,집중해서 잘 만들었어요,2019-09-02T03:28:00.000+0000,STOREFARM,5,지니맘 어린이 보석십자수 캐릭터 큐빅십자수,지니맘 큐빅십자수  DIY: 13번 스폰지 (15cm 20cm)
719893823,SELLBLOG,NORMAL,"너무예뻐요
보석십자수 지니맘님네 너뭉예퍼요",2019-08-27T12:04:22.000+0000,STOREFARM,5,지니맘 어린이 보석십자수 캐릭터 큐빅십자수,지니맘 큐빅십자수  DIY: 8번 꽃사슴 (15cm 20cm)
730536646,SELLBLOG,NORMAL,아이가 너무 좋아해요 즐거워하네요,2019-09-21T09:27:09.000+0000,STOREFARM,5,지니맘 어린이 보석십자수 캐릭터 큐빅십자수,지니맘 큐빅십자수  DIY: 21번 별유니콘 (15cm 20cm)
744246303,SELLBLOG,AFTER_USE,Bbcgjxxxjo,2019-10-20T09:40:33.000+0000,STOREFARM,3,지니맘 어린이 보석십자수 캐릭터 큐빅십자수,지니맘 큐빅십자수  DIY: 12번 슈퍼 (15cm 20cm)
744246254,SELLBLOG,AFTER_USE,Hhhhgggfsy,2019-10-20T09:40:22.000+0000,STOREFARM,4,지니맘 어린이 보석십자수 캐릭터 큐빅십자수,지니맘 큐빅십자수  DIY: 11번 클로버 (15cm 20cm)
730536510,SELLBLOG,NORMAL,아이가 너무 좋아해요,2019-09-21T09:26:50.000+0000,STOREFARM,5,지니맘 어린이 보석십자수 캐릭터 큐빅십자수,
729563253,SELLBLOG,NORMAL,유치부 초등 아이 모두 좋아해요.,2019-09-19T09:17:24.000+0000,STOREFARM,5,지니맘 어린이 보석십자수 캐릭터 큐빅십자수,지니맘 큐빅십자수  DIY: 22번 부엉이 (15cm 20cm)
719894337,SELLBLOG,NORMAL,"이뻐요
딸아이와 아들과 좋은시간 갖고있어요",2019-08-27T12:05:17.000+0000,STOREFARM,5,지니맘 어린이 보석십자수 캐릭터 큐빅십자수,지니맘 큐빅십자수  DIY: 4번 홍학 (15cm 20cm)
721503497,SELLBLOG,NORMAL,아이들이 해보고 싶어해서 구매했는데 방학동안 재미있게 했답니다. 저도 재미있어 같이했네요. 큐빅이라 반짝반짝 빛나고 액자에 넣어서 아이들방에 걸어줘도 좋겠네요.,2019-08-30T22:34:31.000+0000,STOREFARM,5,지니맘 어린이 보석십자수 캐릭터 큐빅십자수,지니맘 큐빅십자수  DIY: 3번 분홍사슴 (15cm 20cm)
722166129,SELLBLOG,NORMAL,아이들이 좋아해요.,2019-09-01T12:15:29.000+0000,STOREFARM,5,지니맘 어린이 보석십자수 캐릭터 큐빅십자수,지니맘 큐빅십자수  DIY: 22번 부엉이 (15cm 20cm)
722166012,SELLBLOG,NORMAL,아이들이 좋아해요.,2019-09-01T12:15:10.000+0000,STOREFARM,5,지니맘 어린이 보석십자수 캐릭터 큐빅십자수,지니맘 큐빅십자수  DIY: 13번 스폰지 (15cm 20cm)
722165889,SELLBLOG,NORMAL,아이들이 좋아해요.,2019-09-01T12:14:49.000+0000,STOREFARM,5,지니맘 어린이 보석십자수 캐릭터 큐빅십자수,지니맘 큐빅십자수  DIY: 1번 유니콘 (15cm 20cm)
722165739,SELLBLOG,NORMAL,아이들이 좋아해요.,2019-09-01T12:14:28.000+0000,STOREFARM,5,지니맘 어린이 보석십자수 캐릭터 큐빅십자수,지니맘 큐빅십자수  DIY: 8번 꽃사슴 (15cm 20cm)
722165465,SELLBLOG,NORMAL,아이들이 좋아해요.,2019-09-01T12:13:47.000+0000,STOREFARM,5,지니맘 어린이 보석십자수 캐릭터 큐빅십자수,지니맘 큐빅십자수  DIY: 4번 홍학 (15cm 20cm)
722165200,SELLBLOG,NORMAL,아이들이 좋아해요.,2019-09-01T12:13:06.000+0000,STOREFARM,5,지니맘 어린이 보석십자수 캐릭터 큐빅십자수,지니맘 큐빅십자수  DIY: 17번 가면 (15cm 20cm)
729675695,SELLBLOG,NORMAL,집중력 향상 되고 좋아요,2019-09-19T12:46:31.000+0000,STOREFARM,5,지니맘 어린이 보석십자수 캐릭터 큐빅십자수,지니맘 큐빅십자수  DIY: 3번 달팽이(15cm 15cm)
716758831,SELLBLOG,NORMAL,아이가 집중해서 잘해요. 즐겁게 시간보내기 좋아요.,2019-08-20T12:41:52.000+0000,STOREFARM,5,지니맘 어린이 보석십자수 캐릭터 큐빅십자수,지니맘 큐빅십자수  DIY: 23번 사자 (15cm 20cm)
728253075,SELLBLOG,NORMAL,배송빠르고 포장도꼼꼼히 조아요,2019-09-16T13:05:31.000+0000,STOREFARM,5,지니맘 어린이 보석십자수 캐릭터 큐빅십자수,지니맘 큐빅십자수  DIY: 11번 클로버 (15cm 20cm)
726548046,SELLBLOG,NORMAL,생각보다 만드는 시간이 오래걸렸지만 재밌었고 완성하고 나서 예뻤습니다.,2019-09-10T15:30:51.000+0000,STOREFARM,5,지니맘 어린이 보석십자수 캐릭터 큐빅십자수,지니맘 큐빅십자수  DIY: 3번 분홍사슴 (15cm 20cm)
718050672,SELLBLOG,NORMAL,아이가 너무 좋아해서 추가로 구매해야할 것 같아요,2019-08-23T03:10:04.000+0000,STOREFARM,5,지니맘 어린이 보석십자수 캐릭터 큐빅십자수,지니맘 큐빅십자수  DIY: 20번 거미 (15cm 20cm)
718050400,SELLBLOG,NORMAL,아이가 너무 좋아해서 추가로 구매해야될것 같아요,2019-08-23T03:09:26.000+0000,STOREFARM,5,지니맘 어린이 보석십자수 캐릭터 큐빅십자수,지니맘 큐빅십자수  DIY: 19번 방패 (15cm 20cm)
728536215,SELLBLOG,AFTER_USE,"너무 재미있어해요
저렴하게 잘샀어요",2019-09-17T09:40:38.000+0000,STOREFARM,5,지니맘 어린이 보석십자수 캐릭터 큐빅십자수,지니맘 큐빅십자수  DIY: 26번 돌고래(15cm 20cm)
714796818,SELLBLOG,NORMAL,큐빅이 넉넉히 있어서 다행이였어요. 불량이 꽤 있어서 불안했거든요. 재미있게 잘했어요.,2019-08-16T03:49:06.000+0000,STOREFARM,5,지니맘 어린이 보석십자수 캐릭터 큐빅십자수,지니맘 큐빅십자수  DIY: 4번 홍학 (15cm 20cm)
719895269,SELLBLOG,NORMAL,보석이 넉넉해서 좋았어요,2019-08-27T12:06:55.000+0000,STOREFARM,5,지니맘 어린이 보석십자수 캐릭터 큐빅십자수,지니맘 큐빅십자수  DIY: 1번 유니콘 (15cm 20cm)
722729420,SELLBLOG,NORMAL,"아이들이 너무 좋아해요
생각보다 쉽게 할 수 있고 집중력도 길러줄거 같아요
엄마 최고래요",2019-09-02T16:38:51.000+0000,STOREFARM,5,지니맘 어린이 보석십자수 캐릭터 큐빅십자수,지니맘 큐빅십자수  DIY: 21번 별유니콘 (15cm 20cm)
716760504,SELLBLOG,NORMAL,아이가 열심히 하네요. 큐빅도 넘 이뻐요.,2019-08-20T12:44:42.000+0000,STOREFARM,5,지니맘 어린이 보석십자수 캐릭터 큐빅십자수,지니맘 큐빅십자수  DIY: 1번 사탕(15cm 15cm)
719705662,SELLBLOG,NORMAL,품절상품중에 사고싶은게있었지만. 막상 다른것도 괜찮은것같아요. 키카가서 할값으로 2개사서 친구와 같이하게해주니 좋아하네요,2019-08-27T05:57:57.000+0000,STOREFARM,5,지니맘 어린이 보석십자수 캐릭터 큐빅십자수,지니맘 큐빅십자수  DIY: 4번 작은유니콘(15cm 15cm)
739005605,SELLBLOG,NORMAL,좋아요좋아요 좋아요,2019-10-09T10:13:25.000+0000,STOREFARM,5,지니맘 어린이 보석십자수 캐릭터 큐빅십자수,지니맘 큐빅십자수  DIY: 2번 보라유니콘 (15cm 20cm)
739005554,SELLBLOG,NORMAL,좋아요좋아요 좋아요,2019-10-09T10:13:17.000+0000,STOREFARM,5,지니맘 어린이 보석십자수 캐릭터 큐빅십자수,지니맘 큐빅십자수  DIY: 1번 유니콘 (15cm 20cm)
723032147,SELLBLOG,NORMAL,완성한 보석십자수 액자 사러 다이소도 갔었지만 마땅하지 않아서 주문하면서 액자 따로 주문했는데 화이트 깔끔하고 예뻐요.,2019-09-03T09:08:45.000+0000,STOREFARM,5,지니맘 어린이 보석십자수 캐릭터 큐빅십자수,
726318382,SELLBLOG,AFTER_USE,아직 완성은 못한 ㅡㅡㅋ 시간이 꽤걸리네요. 애들이 좋아행,2019-09-10T08:05:13.000+0000,STOREFARM,5,지니맘 어린이 보석십자수 캐릭터 큐빅십자수,지니맘 큐빅십자수  DIY: 23번 사자 (15cm 20cm)
727766130,SELLBLOG,NORMAL,배송도 빠르고 좋아요,2019-09-15T04:33:21.000+0000,STOREFARM,4,지니맘 어린이 보석십자수 캐릭터 큐빅십자수,지니맘 큐빅십자수  DIY: 9번 겨울사슴 (15cm 20cm)
727766101,SELLBLOG,NORMAL,배송도 빠르고 좋아요,2019-09-15T04:33:12.000+0000,STOREFARM,4,지니맘 어린이 보석십자수 캐릭터 큐빅십자수,지니맘 큐빅십자수  DIY: 22번 부엉이 (15cm 20cm)
727766062,SELLBLOG,NORMAL,배송도 빠르고 좋아요,2019-09-15T04:33:03.000+0000,STOREFARM,4,지니맘 어린이 보석십자수 캐릭터 큐빅십자수,지니맘 큐빅십자수  DIY: 3번 분홍사슴 (15cm 20cm)
719705120,SELLBLOG,NORMAL,작은사이즈사서 여행갈때가져가서 친구와 룸에있을때 만들고놀았네요 시간떼우고 예쁘기도하고 살만한것같아요.,2019-08-27T05:56:47.000+0000,STOREFARM,5,지니맘 어린이 보석십자수 캐릭터 큐빅십자수,지니맘 큐빅십자수  DIY: 1번 사탕(15cm 15cm)
727765997,SELLBLOG,NORMAL,배송도 빠르고 좋아요 ^^,2019-09-15T04:32:45.000+0000,STOREFARM,4,지니맘 어린이 보석십자수 캐릭터 큐빅십자수,지니맘 큐빅십자수  DIY: 26번 돌고래(15cm 20cm)
719704759,SELLBLOG,NORMAL,배송빨랐구요 아이들이 슬라임카페가서 사달라는거 집에서 시원하게 수다떨며 재밌게만들었습니다.,2019-08-27T05:56:06.000+0000,STOREFARM,5,지니맘 어린이 보석십자수 캐릭터 큐빅십자수,지니맘 큐빅십자수  DIY: 3번 달팽이(15cm 15cm)
726549866,SELLBLOG,NORMAL,"비즈가 넉넉해서 좋았고, 재밌었습니다.",2019-09-10T15:36:10.000+0000,STOREFARM,5,지니맘 어린이 보석십자수 캐릭터 큐빅십자수,지니맘 큐빅십자수  DIY: 4번 홍학 (15cm 20cm)
714541394,SELLBLOG,NORMAL,너무 이쁘고 재밌네요^^ 배송도 빨랐습니다~!,2019-08-15T09:40:58.000+0000,STOREFARM,5,지니맘 어린이 보석십자수 캐릭터 큐빅십자수,지니맘 큐빅십자수  DIY: 17번 가면 (15cm 20cm)
712174532,SELLBLOG,NORMAL,큐빅이 생각보다 작지않아 아이들이 하기 좋을것같아요,2019-08-09T12:15:45.000+0000,STOREFARM,4,지니맘 어린이 보석십자수 캐릭터 큐빅십자수,지니맘 큐빅십자수  DIY: 21번 별유니콘 (15cm 20cm)
721071433,SELLBLOG,NORMAL,배송이 하루만에 된다해서  급하게 시킨건데.....그래도좋은 제품 감사합니다,2019-08-30T00:10:46.000+0000,STOREFARM,4,지니맘 어린이 보석십자수 캐릭터 큐빅십자수,지니맘 큐빅십자수  DIY: 8번 꽃사슴 (15cm 20cm)
712175848,SELLBLOG,NORMAL,아이들이 재미있게 잘할수있겠어요 액자도 깔끔해요 큐빅크기도 다양하네요,2019-08-09T12:19:30.000+0000,STOREFARM,4,지니맘 어린이 보석십자수 캐릭터 큐빅십자수,지니맘 큐빅십자수  DIY: 8번 꽃사슴 (15cm 20cm)
723335575,SELLBLOG,NORMAL,비즈 정리도 잘돼어있고 아이가 재미있어하고 좋아해요,2019-09-04T01:21:51.000+0000,STOREFARM,5,지니맘 어린이 보석십자수 캐릭터 큐빅십자수,지니맘 큐빅십자수  DIY: 25번 미니2  (15cm 20cm)
723335530,SELLBLOG,NORMAL,비즈 정리도 잘돼어있고 아이가 재미있어하고 좋아해요,2019-09-04T01:21:45.000+0000,STOREFARM,5,지니맘 어린이 보석십자수 캐릭터 큐빅십자수,지니맘 큐빅십자수  DIY: 2번 보라유니콘 (15cm 20cm)
723335477,SELLBLOG,NORMAL,비즈 정리도 잘돼어있고 아이가 재미있어하고 좋아해요,2019-09-04T01:21:39.000+0000,STOREFARM,5,지니맘 어린이 보석십자수 캐릭터 큐빅십자수,지니맘 큐빅십자수  DIY: 15번 베트맨 (15cm 20cm)
723335408,SELLBLOG,NORMAL,비즈 정리도 잘돼어있고 아이가 재미있어하고 좋아해요,2019-09-04T01:21:30.000+0000,STOREFARM,5,지니맘 어린이 보석십자수 캐릭터 큐빅십자수,지니맘 큐빅십자수  DIY: 17번 가면 (15cm 20cm)
723830462,SELLBLOG,NORMAL,딸 아이 받자마자 집중하더니 금방 다 해버리네요,2019-09-05T00:40:31.000+0000,STOREFARM,4,지니맘 어린이 보석십자수 캐릭터 큐빅십자수,지니맘 큐빅십자수  DIY: 21번 별유니콘 (15cm 20cm)
712175364,SELLBLOG,NORMAL,아이들이 재미있게 할수있을것같아요 액자도 깔끔하네요,2019-08-09T12:18:08.000+0000,STOREFARM,4,지니맘 어린이 보석십자수 캐릭터 큐빅십자수,지니맘 큐빅십자수  DIY: 24번 미니1 (15cm 20cm)
714556240,SELLBLOG,NORMAL,좋은상품이네요~~ 배송도 빨랐어요~~,2019-08-15T10:33:05.000+0000,STOREFARM,5,지니맘 어린이 보석십자수 캐릭터 큐빅십자수,지니맘 큐빅십자수  DIY: 12번 슈퍼 (15cm 20cm)
723830707,SELLBLOG,NORMAL,아들 오랜만에 집중하는 모습 보여주네요,2019-09-05T00:41:04.000+0000,STOREFARM,4,지니맘 어린이 보석십자수 캐릭터 큐빅십자수,지니맘 큐빅십자수  DIY: 23번 사자 (15cm 20cm)
723131944,SELLBLOG,NORMAL,배송 빠르고. 아이들 좋아해요^^,2019-09-03T12:18:26.000+0000,STOREFARM,5,지니맘 어린이 보석십자수 캐릭터 큐빅십자수,지니맘 큐빅십자수  DIY: 23번 사자 (15cm 20cm)
725204191,SELLBLOG,NORMAL,빠진 것 없이 다 배송되었네요 ㅎㅎ,2019-09-07T22:00:00.000+0000,STOREFARM,5,지니맘 어린이 보석십자수 캐릭터 큐빅십자수,지니맘 큐빅십자수  DIY: 15번 베트맨 (15cm 20cm)
722729512,SELLBLOG,NORMAL,"엄마 최고라며 엄지척입니다
하기쉽고 배송 빨라요",2019-09-02T16:39:35.000+0000,STOREFARM,5,지니맘 어린이 보석십자수 캐릭터 큐빅십자수,지니맘 큐빅십자수  DIY: 2번 토끼(15cm 15cm)
722729593,SELLBLOG,NORMAL,"책상에 앉아  초집중하며 합니다
다하면 또 살려구요",2019-09-02T16:40:17.000+0000,STOREFARM,5,지니맘 어린이 보석십자수 캐릭터 큐빅십자수,지니맘 큐빅십자수  DIY: 3번 달팽이(15cm 15cm)
712175029,SELLBLOG,NORMAL,아이들이 재미있게 하겠어요 포장도 잘왔어요,2019-08-09T12:17:13.000+0000,STOREFARM,4,지니맘 어린이 보석십자수 캐릭터 큐빅십자수,지니맘 큐빅십자수  DIY: 25번 미니2  (15cm 20cm)
723390491,SELLBLOG,AFTER_USE,좋아요 애가 좋아하네요,2019-09-04T03:15:58.000+0000,STOREFARM,5,지니맘 어린이 보석십자수 캐릭터 큐빅십자수,지니맘 큐빅십자수  DIY: 8번 꽃사슴 (15cm 20cm)
723132205,SELLBLOG,NORMAL,퀵배송 ^^ 잘 받았습니다.,2019-09-03T12:18:54.000+0000,STOREFARM,5,지니맘 어린이 보석십자수 캐릭터 큐빅십자수,지니맘 큐빅십자수  DIY: 21번 별유니콘 (15cm 20cm)
714797004,SELLBLOG,NORMAL,재미있게 잘했어요.,2019-08-16T03:49:36.000+0000,STOREFARM,5,지니맘 어린이 보석십자수 캐릭터 큐빅십자수,지니맘 큐빅십자수  DIY: 8번 꽃사슴 (15cm 20cm)
724436520,SELLBLOG,NORMAL,완성하니 너무 이쁘네요^^,2019-09-06T03:28:18.000+0000,STOREFARM,5,지니맘 어린이 보석십자수 캐릭터 큐빅십자수,지니맘 큐빅십자수  DIY: 21번 별유니콘 (15cm 20cm)
722064984,SELLBLOG,NORMAL,이뻐요  딸님이    넘  좋아해요 ~,2019-09-01T07:21:39.000+0000,STOREFARM,5,지니맘 어린이 보석십자수 캐릭터 큐빅십자수,지니맘 큐빅십자수  DIY: 21번 별유니콘 (15cm 20cm)
714541836,SELLBLOG,NORMAL,배송도 빠르고 좋습니다,2019-08-15T09:42:36.000+0000,STOREFARM,5,지니맘 어린이 보석십자수 캐릭터 큐빅십자수,지니맘 큐빅십자수  DIY: 18번 망치 (15cm 20cm)
722729624,SELLBLOG,NORMAL,빨리 완성하고 싶은 맘이에요,2019-09-02T16:40:37.000+0000,STOREFARM,5,지니맘 어린이 보석십자수 캐릭터 큐빅십자수,지니맘 큐빅십자수  DIY: 2번 보라유니콘 (15cm 20cm)
721410244,SELLBLOG,NORMAL,시간후딱가네요~~애들좋아해요,2019-08-30T12:41:59.000+0000,STOREFARM,5,지니맘 어린이 보석십자수 캐릭터 큐빅십자수,지니맘 큐빅십자수  DIY: 9번 겨울사슴 (15cm 20cm)
725204139,SELLBLOG,NORMAL,배송이 빨라요!!!,2019-09-07T21:59:27.000+0000,STOREFARM,5,지니맘 어린이 보석십자수 캐릭터 큐빅십자수,지니맘 큐빅십자수  DIY: 17번 가면 (15cm 20cm)
709831901,SELLBLOG,NORMAL,이번엔 액자랑 재구매하네요 집중력짱입니다,2019-08-04T02:59:46.000+0000,STOREFARM,5,지니맘 어린이 보석십자수 캐릭터 큐빅십자수,지니맘 큐빅십자수  DIY: 3번 분홍사슴 (15cm 20cm)
714069319,SELLBLOG,NORMAL,아이가너무좋아해용ㅎ,2019-08-14T07:37:34.000+0000,STOREFARM,4,지니맘 어린이 보석십자수 캐릭터 큐빅십자수,지니맘 큐빅십자수  DIY: 1번 유니콘 (15cm 20cm)
717712552,SELLBLOG,NORMAL,8살 아이가 좋아해요 집중력도 생기는거 같고 재미있어 하네요,2019-08-22T08:49:09.000+0000,STOREFARM,5,지니맘 어린이 보석십자수 캐릭터 큐빅십자수,지니맘 큐빅십자수  DIY: 4번 홍학 (15cm 20cm)
714070185,SELLBLOG,NORMAL,시간보내기좋습시당^^,2019-08-14T07:39:16.000+0000,STOREFARM,4,지니맘 어린이 보석십자수 캐릭터 큐빅십자수,지니맘 큐빅십자수  DIY: 7번 소녀1  (15cm 20cm)
719669058,SELLBLOG,NORMAL,앉아있기힘든아이인데한시간은거뜽하게앉아서해요^^,2019-08-27T04:38:08.000+0000,STOREFARM,5,지니맘 어린이 보석십자수 캐릭터 큐빅십자수,지니맘 큐빅십자수  DIY: 22번 부엉이 (15cm 20cm)
718651704,SELLBLOG,NORMAL,배송도 빠르고 너무 좋아요~ 딸램이 쉽게 만들었어요^^,2019-08-24T11:26:50.000+0000,STOREFARM,5,지니맘 어린이 보석십자수 캐릭터 큐빅십자수,지니맘 큐빅십자수  DIY: 25번 미니2  (15cm 20cm)
714069680,SELLBLOG,NORMAL,아이가좋아합니당^^,2019-08-14T07:38:16.000+0000,STOREFARM,4,지니맘 어린이 보석십자수 캐릭터 큐빅십자수,지니맘 큐빅십자수  DIY: 21번 별유니콘 (15cm 20cm)
723390705,SELLBLOG,AFTER_USE,방학 잘 보냈네요ㅎㅎ,2019-09-04T03:16:28.000+0000,STOREFARM,5,지니맘 어린이 보석십자수 캐릭터 큐빅십자수,지니맘 큐빅십자수  DIY: 22번 부엉이 (15cm 20cm)
721389189,SELLBLOG,NORMAL,이쁘고아이들이좋아해요,2019-08-30T11:46:38.000+0000,STOREFARM,5,지니맘 어린이 보석십자수 캐릭터 큐빅십자수,지니맘 큐빅십자수  DIY: 3번 분홍사슴 (15cm 20cm)
722165578,SELLBLOG,NORMAL,아이들이 좋아해요.,2019-09-01T12:14:06.000+0000,STOREFARM,5,지니맘 어린이 보석십자수 캐릭터 큐빅십자수,지니맘 큐빅십자수  DIY: 3번 분홍사슴 (15cm 20cm)
722165255,SELLBLOG,NORMAL,아이들이 좋아해요.,2019-09-01T12:13:17.000+0000,STOREFARM,5,지니맘 어린이 보석십자수 캐릭터 큐빅십자수,지니맘 큐빅십자수  DIY: 10번 안경토끼 (15cm 20cm)
719669407,SELLBLOG,NORMAL,배송도좋았고받아보니꼼꼼하게포장이되어있어ㅛ었요,2019-08-27T04:38:54.000+0000,STOREFARM,5,지니맘 어린이 보석십자수 캐릭터 큐빅십자수,지니맘 큐빅십자수  DIY: 7번 소녀1  (15cm 20cm)
714707073,SELLBLOG,NORMAL,"처음접한 8살딸이  잘 하네요
불량비즈가 있어서 아쉽구요
저도 큰딸도 재밌어보여 도전해보려구요^^",2019-08-16T00:16:25.000+0000,STOREFARM,4,지니맘 어린이 보석십자수 캐릭터 큐빅십자수,지니맘 큐빅십자수  DIY: 12번 슈퍼 (15cm 20cm)
720906863,SELLBLOG,NORMAL,아이가 좋아해요 재미잏어요,2019-08-29T11:37:16.000+0000,STOREFARM,5,지니맘 어린이 보석십자수 캐릭터 큐빅십자수,지니맘 큐빅십자수  DIY: 2번 보라유니콘 (15cm 20cm)
721046955,SELLBLOG,NORMAL,배송이  좀... 그것말곤  괜찮습니다,2019-08-29T22:41:33.000+0000,STOREFARM,4,지니맘 어린이 보석십자수 캐릭터 큐빅십자수,지니맘 큐빅십자수  DIY: 3번 분홍사슴 (15cm 20cm)
719668758,SELLBLOG,NORMAL,11살7살 여자아이해주려샀는데너무좋아해요,2019-08-27T04:37:29.000+0000,STOREFARM,5,지니맘 어린이 보석십자수 캐릭터 큐빅십자수,지니맘 큐빅십자수  DIY: 3번 분홍사슴 (15cm 20cm)
716543708,SELLBLOG,NORMAL,초3 아들 완전완전 집중하네요.. 무릎꿇고 할정도로 재미있나봐요,2019-08-20T06:00:26.000+0000,STOREFARM,5,지니맘 어린이 보석십자수 캐릭터 큐빅십자수,
722729680,SELLBLOG,NORMAL,재구매 의향 10000000프로에요,2019-09-02T16:41:06.000+0000,STOREFARM,5,지니맘 어린이 보석십자수 캐릭터 큐빅십자수,지니맘 큐빅십자수  DIY: 8번 꽃사슴 (15cm 20cm)
721503673,SELLBLOG,NORMAL,재미있게 잘 했습니다.,2019-08-30T22:35:55.000+0000,STOREFARM,5,지니맘 어린이 보석십자수 캐릭터 큐빅십자수,지니맘 큐빅십자수  DIY: 1번 유니콘 (15cm 20cm)
721503640,SELLBLOG,NORMAL,재미있게 잘했습니다.,2019-08-30T22:35:36.000+0000,STOREFARM,5,지니맘 어린이 보석십자수 캐릭터 큐빅십자수,지니맘 큐빅십자수  DIY: 7번 소녀1  (15cm 20cm)
721503612,SELLBLOG,NORMAL,재미있게 잘했습니다.,2019-08-30T22:35:20.000+0000,STOREFARM,5,지니맘 어린이 보석십자수 캐릭터 큐빅십자수,지니맘 큐빅십자수  DIY: 8번 꽃사슴 (15cm 20cm)
721410036,SELLBLOG,NORMAL,아이들집중력 짱이에요^^,2019-08-30T12:41:26.000+0000,STOREFARM,5,지니맘 어린이 보석십자수 캐릭터 큐빅십자수,지니맘 큐빅십자수  DIY: 1번 유니콘 (15cm 20cm)
718811118,SELLBLOG,NORMAL,아이는 하면서 집중력을 키우고 엄마는 쉴 수 있어요,2019-08-25T01:50:17.000+0000,STOREFARM,5,지니맘 어린이 보석십자수 캐릭터 큐빅십자수,지니맘 큐빅십자수  DIY: 20번 거미 (15cm 20cm)
720907097,SELLBLOG,NORMAL,좋아요 집중력좋아요,2019-08-29T11:37:45.000+0000,STOREFARM,5,지니맘 어린이 보석십자수 캐릭터 큐빅십자수,지니맘 큐빅십자수  DIY: 8번 꽃사슴 (15cm 20cm)
705302601,SELLBLOG,NORMAL,여자아이 둘이서 열심히 만드네요~큐빅이 이쁘네요,2019-07-24T09:50:39.000+0000,STOREFARM,4,지니맘 어린이 보석십자수 캐릭터 큐빅십자수,지니맘 큐빅십자수  DIY: 1번 사탕(15cm 15cm)
713159206,SELLBLOG,NORMAL,"아이들이 작품을 완성하듯..집중하는 모습이 귀엽기만 하네요..
지중력에도 좋고 본인이 만든 작품이라며 자랑질까지...뿌듯",2019-08-12T06:59:58.000+0000,STOREFARM,5,지니맘 어린이 보석십자수 캐릭터 큐빅십자수,지니맘 큐빅십자수  DIY: 26번 돌고래(15cm 20cm)
720110406,SELLBLOG,NORMAL,너무 이쁘고 좋아요 또 구매할께요,2019-08-28T01:17:59.000+0000,STOREFARM,5,지니맘 어린이 보석십자수 캐릭터 큐빅십자수,지니맘 큐빅십자수  DIY: 2번 보라유니콘 (15cm 20cm)
720110334,SELLBLOG,NORMAL,너무 이쁘고 좋아요 또 구매할께요,2019-08-28T01:17:52.000+0000,STOREFARM,5,지니맘 어린이 보석십자수 캐릭터 큐빅십자수,지니맘 큐빅십자수  DIY: 23번 사자 (15cm 20cm)
720110277,SELLBLOG,NORMAL,너무 이쁘고 좋아요 또 구매할께요,2019-08-28T01:17:45.000+0000,STOREFARM,5,지니맘 어린이 보석십자수 캐릭터 큐빅십자수,지니맘 큐빅십자수  DIY: 2번 토끼(15cm 15cm)
720110202,SELLBLOG,NORMAL,너무 이쁘고 좋아요 또 구매할께요,2019-08-28T01:17:38.000+0000,STOREFARM,5,지니맘 어린이 보석십자수 캐릭터 큐빅십자수,지니맘 큐빅십자수  DIY: 22번 부엉이 (15cm 20cm)
718811350,SELLBLOG,NORMAL,예쁘기도 하고 시간 보내기에도 좋아요,2019-08-25T01:51:00.000+0000,STOREFARM,5,지니맘 어린이 보석십자수 캐릭터 큐빅십자수,지니맘 큐빅십자수  DIY: 1번 유니콘 (15cm 20cm)
713870297,SELLBLOG,NORMAL,배송 빠르네요~^^ 포장도 꼼꼼하고 비즈 싸이즈가 다양하게 들어있어 아이들이 좋아하네요,2019-08-14T00:41:44.000+0000,STOREFARM,5,지니맘 어린이 보석십자수 캐릭터 큐빅십자수,지니맘 큐빅십자수  DIY: 23번 사자 (15cm 20cm)
719669227,SELLBLOG,NORMAL,아이둘이너무좋아하네요,2019-08-27T04:38:30.000+0000,STOREFARM,5,지니맘 어린이 보석십자수 캐릭터 큐빅십자수,지니맘 큐빅십자수  DIY: 1번 유니콘 (15cm 20cm)
709830312,SELLBLOG,NORMAL,아들이넘좋아해서재구매할예정 굿쿳,2019-08-04T02:53:56.000+0000,STOREFARM,5,지니맘 어린이 보석십자수 캐릭터 큐빅십자수,지니맘 큐빅십자수  DIY: 25번 미니2  (15cm 20cm)
716543949,SELLBLOG,NORMAL,초등 1학년도 재미나게 합니다.어려워서 못할줄 알았는데 즐겁게 하네요,2019-08-20T06:00:56.000+0000,STOREFARM,5,지니맘 어린이 보석십자수 캐릭터 큐빅십자수,
714690225,SELLBLOG,NORMAL,"7살아들이 사달라 했는데
사알짝 어려워용ㅎ
그래도 좋아하네요",2019-08-15T23:10:18.000+0000,STOREFARM,4,지니맘 어린이 보석십자수 캐릭터 큐빅십자수,지니맘 큐빅십자수  DIY: 18번 망치 (15cm 20cm)
718811271,SELLBLOG,NORMAL,엄마가 쉴 수 있는 시간을 주네여 ㅎ,2019-08-25T01:50:45.000+0000,STOREFARM,5,지니맘 어린이 보석십자수 캐릭터 큐빅십자수,지니맘 큐빅십자수  DIY: 2번 보라유니콘 (15cm 20cm)
710783431,SELLBLOG,NORMAL,예뻐요 힘들지않게 완성했네요,2019-08-06T12:09:25.000+0000,STOREFARM,5,지니맘 어린이 보석십자수 캐릭터 큐빅십자수,지니맘 큐빅십자수  DIY: 12번 슈퍼 (15cm 20cm)
718811211,SELLBLOG,NORMAL,아이들 집중력에 도움이돠요,2019-08-25T01:50:34.000+0000,STOREFARM,5,지니맘 어린이 보석십자수 캐릭터 큐빅십자수,지니맘 큐빅십자수  DIY: 4번 홍학 (15cm 20cm)
715263511,SELLBLOG,NORMAL,"아이들이 너무좋아해요~
구성품 완벽하게 들어있네요!",2019-08-17T06:46:23.000+0000,STOREFARM,5,지니맘 어린이 보석십자수 캐릭터 큐빅십자수,지니맘 큐빅십자수  DIY: 2번 토끼(15cm 15cm)
714576992,SELLBLOG,NORMAL,방학을맞아.아이들하기좋아요~.잼있고.시간떼우기도좋네요,2019-08-15T11:41:11.000+0000,STOREFARM,5,지니맘 어린이 보석십자수 캐릭터 큐빅십자수,지니맘 큐빅십자수  DIY: 4번 홍학 (15cm 20cm)
718811439,SELLBLOG,NORMAL,예쁘고 집중력 에 짱 입니다,2019-08-25T01:51:17.000+0000,STOREFARM,5,지니맘 어린이 보석십자수 캐릭터 큐빅십자수,지니맘 큐빅십자수  DIY: 14번 슈퍼맨 (15cm 20cm)
718811491,SELLBLOG,NORMAL,엄마는 쉬고 아이는 놀 수 있어요,2019-08-25T01:51:28.000+0000,STOREFARM,5,지니맘 어린이 보석십자수 캐릭터 큐빅십자수,지니맘 큐빅십자수  DIY: 17번 가면 (15cm 20cm)
718499432,SELLBLOG,AFTER_USE,애가정말좋아하는취미예요,2019-08-24T04:33:04.000+0000,STOREFARM,5,지니맘 어린이 보석십자수 캐릭터 큐빅십자수,지니맘 큐빅십자수  DIY: 1번 유니콘 (15cm 20cm)
716054174,SELLBLOG,NORMAL,총알 배송은 아니지만 좋은 퀄리티에 아이들이 좋아합니다.,2019-08-19T04:13:31.000+0000,STOREFARM,5,지니맘 어린이 보석십자수 캐릭터 큐빅십자수,지니맘 큐빅십자수  DIY: 3번 분홍사슴 (15cm 20cm)
717575158,SELLBLOG,NORMAL,배송삐ㅡ르고 포장좋아요,2019-08-22T04:25:27.000+0000,STOREFARM,5,지니맘 어린이 보석십자수 캐릭터 큐빅십자수,지니맘 큐빅십자수  DIY: 23번 사자 (15cm 20cm)
709741969,SELLBLOG,NORMAL,애들이 재미있어해요,2019-08-03T15:36:35.000+0000,STOREFARM,5,지니맘 어린이 보석십자수 캐릭터 큐빅십자수,지니맘 큐빅십자수  DIY: 16번 별 (15cm 20cm)
709741883,SELLBLOG,NORMAL,애들이 재미있어해요,2019-08-03T15:36:11.000+0000,STOREFARM,5,지니맘 어린이 보석십자수 캐릭터 큐빅십자수,지니맘 큐빅십자수  DIY: 13번 스폰지 (15cm 20cm)
699554212,SELLBLOG,NORMAL,"아이들이 너무 기다렸어요~~
깨끗하게 포장해주셔서 좋았습니다.
바로 개봉해서 만들기 시작했어요.
반짝반짝  예쁩니다.",2019-07-11T13:33:58.000+0000,STOREFARM,5,지니맘 어린이 보석십자수 캐릭터 큐빅십자수,지니맘 큐빅십자수  DIY: 4번 작은유니콘(15cm 15cm)
717712735,SELLBLOG,NORMAL,집중력도 생기고 재밌어해요,2019-08-22T08:49:31.000+0000,STOREFARM,5,지니맘 어린이 보석십자수 캐릭터 큐빅십자수,지니맘 큐빅십자수  DIY: 3번 달팽이(15cm 15cm)
714705961,SELLBLOG,NORMAL,"8살 처음하는건데 잘하네요~^^
가끔 불량비즈가 보여요~ㅠㅠ",2019-08-16T00:13:06.000+0000,STOREFARM,4,지니맘 어린이 보석십자수 캐릭터 큐빅십자수,지니맘 큐빅십자수  DIY: 3번 분홍사슴 (15cm 20cm)
709741805,SELLBLOG,NORMAL,애들이 재미있어해요.,2019-08-03T15:35:47.000+0000,STOREFARM,5,지니맘 어린이 보석십자수 캐릭터 큐빅십자수,지니맘 큐빅십자수  DIY: 17번 가면 (15cm 20cm)
706367822,SELLBLOG,NORMAL,아이가 좋아해요 큐빅 불량이 좀 있어요,2019-07-26T12:57:19.000+0000,STOREFARM,5,지니맘 어린이 보석십자수 캐릭터 큐빅십자수,지니맘 큐빅십자수  DIY: 25번 미니2  (15cm 20cm)
717575075,SELLBLOG,NORMAL,배송빠르고 포장좋아요,2019-08-22T04:25:18.000+0000,STOREFARM,5,지니맘 어린이 보석십자수 캐릭터 큐빅십자수,지니맘 큐빅십자수  DIY: 17번 가면 (15cm 20cm)
717574966,SELLBLOG,NORMAL,배송빠르고 포장 좋아요,2019-08-22T04:25:05.000+0000,STOREFARM,5,지니맘 어린이 보석십자수 캐릭터 큐빅십자수,지니맘 큐빅십자수  DIY: 10번 안경토끼 (15cm 20cm)
718233892,SELLBLOG,NORMAL,가격대비 만족합니다~,2019-08-23T09:57:43.000+0000,STOREFARM,5,지니맘 어린이 보석십자수 캐릭터 큐빅십자수,지니맘 큐빅십자수  DIY: 25번 미니2  (15cm 20cm)
718233798,SELLBLOG,NORMAL,가격대비 만족합니다~,2019-08-23T09:57:26.000+0000,STOREFARM,5,지니맘 어린이 보석십자수 캐릭터 큐빅십자수,지니맘 큐빅십자수  DIY: 22번 부엉이 (15cm 20cm)
718233663,SELLBLOG,NORMAL,가격 대비 만족합니다~,2019-08-23T09:57:01.000+0000,STOREFARM,5,지니맘 어린이 보석십자수 캐릭터 큐빅십자수,지니맘 큐빅십자수  DIY: 20번 거미 (15cm 20cm)
714238926,SELLBLOG,NORMAL,"아이가 좋아하네요
비즈도넉넉히 들어있네요",2019-08-14T13:41:50.000+0000,STOREFARM,5,지니맘 어린이 보석십자수 캐릭터 큐빅십자수,지니맘 큐빅십자수  DIY: 8번 꽃사슴 (15cm 20cm)
717348604,SELLBLOG,NORMAL,애들의 만족도가 높아요,2019-08-21T14:14:08.000+0000,STOREFARM,5,지니맘 어린이 보석십자수 캐릭터 큐빅십자수,지니맘 큐빅십자수  DIY: 9번 겨울사슴 (15cm 20cm)
707154659,SELLBLOG,NORMAL,우리딸이 너무 이뿌다고~~반짝반짝 빛나서 좋다고 하네요~~,2019-07-28T22:44:48.000+0000,STOREFARM,5,지니맘 어린이 보석십자수 캐릭터 큐빅십자수,지니맘 큐빅십자수  DIY: 10번 안경토끼 (15cm 20cm)
717226111,SELLBLOG,NORMAL,아이들이 너무 좋아 해요,2019-08-21T10:02:47.000+0000,STOREFARM,5,지니맘 어린이 보석십자수 캐릭터 큐빅십자수,지니맘 큐빅십자수  DIY: 7번 소녀1  (15cm 20cm)
717226017,SELLBLOG,NORMAL,아이들이 너무 좋아해요,2019-08-21T10:02:37.000+0000,STOREFARM,5,지니맘 어린이 보석십자수 캐릭터 큐빅십자수,지니맘 큐빅십자수  DIY: 21번 별유니콘 (15cm 20cm)
717225930,SELLBLOG,NORMAL,아이들이 너무 좋아해요,2019-08-21T10:02:27.000+0000,STOREFARM,5,지니맘 어린이 보석십자수 캐릭터 큐빅십자수,지니맘 큐빅십자수  DIY: 25번 미니2  (15cm 20cm)
717225855,SELLBLOG,NORMAL,아이들이 너무 좋아해요,2019-08-21T10:02:17.000+0000,STOREFARM,5,지니맘 어린이 보석십자수 캐릭터 큐빅십자수,지니맘 큐빅십자수  DIY: 2번 보라유니콘 (15cm 20cm)
717225765,SELLBLOG,NORMAL,아이들이 너무 좋아해요,2019-08-21T10:02:06.000+0000,STOREFARM,5,지니맘 어린이 보석십자수 캐릭터 큐빅십자수,지니맘 큐빅십자수  DIY: 22번 부엉이 (15cm 20cm)
717335927,SELLBLOG,NORMAL,한개한개 붙이면서 생각비우기 좋아요,2019-08-21T13:47:41.000+0000,STOREFARM,3,지니맘 어린이 보석십자수 캐릭터 큐빅십자수,지니맘 큐빅십자수  DIY: 9번 겨울사슴 (15cm 20cm)
717225655,SELLBLOG,NORMAL,아이들이 너무 좋라해요,2019-08-21T10:01:53.000+0000,STOREFARM,5,지니맘 어린이 보석십자수 캐릭터 큐빅십자수,지니맘 큐빅십자수  DIY: 24번 미니1 (15cm 20cm)
713159434,SELLBLOG,NORMAL,"딸아이 둘이 경쟁을 하듯 열시이네요..ㅎㅎ
집중력에 좋을듯..ㅎㅎ",2019-08-12T07:00:36.000+0000,STOREFARM,5,지니맘 어린이 보석십자수 캐릭터 큐빅십자수,지니맘 큐빅십자수  DIY: 9번 겨울사슴 (15cm 20cm)
717348799,SELLBLOG,NORMAL,애들이 너무 좋아해요,2019-08-21T14:14:34.000+0000,STOREFARM,5,지니맘 어린이 보석십자수 캐릭터 큐빅십자수,지니맘 큐빅십자수  DIY: 8번 꽃사슴 (15cm 20cm)
717348503,SELLBLOG,NORMAL,애들이 너무 좋아해요,2019-08-21T14:13:58.000+0000,STOREFARM,5,지니맘 어린이 보석십자수 캐릭터 큐빅십자수,지니맘 큐빅십자수  DIY: 22번 부엉이 (15cm 20cm)
717348708,SELLBLOG,NORMAL,집중하고 재미있게 하고 있어요,2019-08-21T14:14:22.000+0000,STOREFARM,5,지니맘 어린이 보석십자수 캐릭터 큐빅십자수,지니맘 큐빅십자수  DIY: 7번 소녀1  (15cm 20cm)
717299717,SELLBLOG,NORMAL,다양한 디자인 좋아요,2019-08-21T12:34:59.000+0000,STOREFARM,5,지니맘 어린이 보석십자수 캐릭터 큐빅십자수,지니맘 큐빅십자수  DIY: 25번 미니2  (15cm 20cm)
717299481,SELLBLOG,NORMAL,보석 넉넉하니 좋아요,2019-08-21T12:34:27.000+0000,STOREFARM,5,지니맘 어린이 보석십자수 캐릭터 큐빅십자수,지니맘 큐빅십자수  DIY: 1번 유니콘 (15cm 20cm)
717348415,SELLBLOG,NORMAL,잘 사용하고 있어요,2019-08-21T14:13:47.000+0000,STOREFARM,5,지니맘 어린이 보석십자수 캐릭터 큐빅십자수,지니맘 큐빅십자수  DIY: 21번 별유니콘 (15cm 20cm)
717348316,SELLBLOG,NORMAL,잘 사용하고 있어요,2019-08-21T14:13:37.000+0000,STOREFARM,5,지니맘 어린이 보석십자수 캐릭터 큐빅십자수,지니맘 큐빅십자수  DIY: 1번 유니콘 (15cm 20cm)
713718055,SELLBLOG,NORMAL,배송두빠르고 너무좋네요^~아이가좋아해요,2019-08-13T13:10:48.000+0000,STOREFARM,5,지니맘 어린이 보석십자수 캐릭터 큐빅십자수,지니맘 큐빅십자수  DIY: 6번 소녀  (15cm 20cm)
715387788,SELLBLOG,NORMAL,애들이 재미있어해서 재구매했어요,2019-08-17T11:37:56.000+0000,STOREFARM,5,지니맘 어린이 보석십자수 캐릭터 큐빅십자수,지니맘 큐빅십자수  DIY: 1번 유니콘 (15cm 20cm)
713594036,SELLBLOG,NORMAL,"블링블링 너무예쁘네요
완성작보면서 뿌듯해하는 딸보니 또 구입해야겠어요",2019-08-13T09:05:09.000+0000,STOREFARM,4,지니맘 어린이 보석십자수 캐릭터 큐빅십자수,지니맘 큐빅십자수  DIY: 8번 꽃사슴 (15cm 20cm)
717575232,SELLBLOG,NORMAL,배송빠르고 포장좋아오ㅡ,2019-08-22T04:25:37.000+0000,STOREFARM,5,지니맘 어린이 보석십자수 캐릭터 큐빅십자수,지니맘 큐빅십자수  DIY: 8번 꽃사슴 (15cm 20cm)
699551022,SELLBLOG,NORMAL,"도착하자마자  개봉~~
아이들이 완전 좋아합니다.
반짝반짝  이뿌네요~~",2019-07-11T13:27:17.000+0000,STOREFARM,5,지니맘 어린이 보석십자수 캐릭터 큐빅십자수,지니맘 큐빅십자수  DIY: 20번 거미 (15cm 20cm)
717300004,SELLBLOG,NORMAL,빠른 배송 좋아요~~,2019-08-21T12:35:33.000+0000,STOREFARM,5,지니맘 어린이 보석십자수 캐릭터 큐빅십자수,지니맘 큐빅십자수  DIY: 12번 슈퍼 (15cm 20cm)
708621560,SELLBLOG,NORMAL,"집중해서 하기 좋아요
보석도 넉넉하고 다양해서 시간 가는줄 모르고 했어요...생각이 많으신분들께 추천해드립니다",2019-08-01T02:21:24.000+0000,STOREFARM,5,지니맘 어린이 보석십자수 캐릭터 큐빅십자수,지니맘 큐빅십자수  DIY: 12번 슈퍼 (15cm 20cm)
705804693,SELLBLOG,NORMAL,잘만들어요 재미있어요,2019-07-25T08:44:07.000+0000,STOREFARM,5,지니맘 어린이 보석십자수 캐릭터 큐빅십자수,지니맘 큐빅십자수  DIY: 5번 펭귄(15cm 15cm)
716863325,SELLBLOG,NORMAL,아이가 좋아해요^^,2019-08-20T17:03:32.000+0000,STOREFARM,5,지니맘 어린이 보석십자수 캐릭터 큐빅십자수,지니맘 큐빅십자수  DIY: 22번 부엉이 (15cm 20cm)
716863295,SELLBLOG,NORMAL,아이가 좋아해요^^,2019-08-20T17:03:17.000+0000,STOREFARM,5,지니맘 어린이 보석십자수 캐릭터 큐빅십자수,지니맘 큐빅십자수  DIY: 7번 소녀1  (15cm 20cm)
711344079,SELLBLOG,NORMAL,아이들이랑 같이하고있어요 ~ 이틀만에 한개완성이네요ㅎㅎ,2019-08-07T14:24:51.000+0000,STOREFARM,5,지니맘 어린이 보석십자수 캐릭터 큐빅십자수,지니맘 큐빅십자수  DIY: 1번 유니콘 (15cm 20cm)
715388108,SELLBLOG,NORMAL,애들이 정말 좋아해요,2019-08-17T11:38:39.000+0000,STOREFARM,5,지니맘 어린이 보석십자수 캐릭터 큐빅십자수,지니맘 큐빅십자수  DIY: 21번 별유니콘 (15cm 20cm)
715387985,SELLBLOG,NORMAL,가격대비 너무 좋아요,2019-08-17T11:38:21.000+0000,STOREFARM,5,지니맘 어린이 보석십자수 캐릭터 큐빅십자수,지니맘 큐빅십자수  DIY: 22번 부엉이 (15cm 20cm)
712564493,SELLBLOG,NORMAL,이쁘네요. 아직다 목했지만 시간 잘 감요,2019-08-10T14:08:00.000+0000,STOREFARM,5,지니맘 어린이 보석십자수 캐릭터 큐빅십자수,지니맘 큐빅십자수  DIY: 23번 사자 (15cm 20cm)
712564309,SELLBLOG,NORMAL,좋아요. 애들이 좋아해요. 집중력짱,2019-08-10T14:07:26.000+0000,STOREFARM,5,지니맘 어린이 보석십자수 캐릭터 큐빅십자수,지니맘 큐빅십자수  DIY: 10번 안경토끼 (15cm 20cm)
700173699,SELLBLOG,NORMAL,반짝이도 동봉되어 있어요! 사슴에 잘못 뿌렸지만 그래도 겨울 분위기 나고 이뻐요,2019-07-13T03:55:33.000+0000,STOREFARM,5,지니맘 어린이 보석십자수 캐릭터 큐빅십자수,지니맘 큐빅십자수  DIY: 5번  반짝이 사슴 (15cm 20cm)
701005463,SELLBLOG,NORMAL,성인이 하기에도 아주 재미있어요 다양하게 나왔으면 좋겠어요,2019-07-15T05:38:42.000+0000,STOREFARM,5,지니맘 어린이 보석십자수 캐릭터 큐빅십자수,지니맘 큐빅십자수  DIY: 3번 분홍사슴 (15cm 20cm)
705804950,SELLBLOG,NORMAL,이쁘고 좋아요  많이파세요,2019-07-25T08:44:37.000+0000,STOREFARM,5,지니맘 어린이 보석십자수 캐릭터 큐빅십자수,지니맘 큐빅십자수  DIY: 22번 부엉이 (15cm 20cm)
713256070,SELLBLOG,NORMAL,조아요 딸이좋아하네요,2019-08-12T12:12:28.000+0000,STOREFARM,5,지니맘 어린이 보석십자수 캐릭터 큐빅십자수,지니맘 큐빅십자수  DIY: 23번 사자 (15cm 20cm)
713342284,SELLBLOG,NORMAL,아이들이  너무나  재미있게  해요,2019-08-12T22:37:01.000+0000,STOREFARM,4,지니맘 어린이 보석십자수 캐릭터 큐빅십자수,지니맘 큐빅십자수  DIY: 10번 안경토끼 (15cm 20cm)
711439412,SELLBLOG,NORMAL,아이가 해보고 싶다고해서 주문했늨데 아이들도 손쉽게 할만해요,2019-08-08T00:36:38.000+0000,STOREFARM,5,지니맘 어린이 보석십자수 캐릭터 큐빅십자수,지니맘 큐빅십자수  DIY: 9번 겨울사슴 (15cm 20cm)
700979517,SELLBLOG,NORMAL,"10살 여자아이 엄청 집중해서 합니다.
저도 같이 재미있게 했습니다.
액자에 넣으니 정말 훨~~씬 예쁩니다.",2019-07-15T04:46:40.000+0000,STOREFARM,5,지니맘 어린이 보석십자수 캐릭터 큐빅십자수,지니맘 큐빅십자수  DIY: 25번 미니2  (15cm 20cm)
713342340,SELLBLOG,NORMAL,아이들이  너무  재미 있게  합니다,2019-08-12T22:37:25.000+0000,STOREFARM,4,지니맘 어린이 보석십자수 캐릭터 큐빅십자수,지니맘 큐빅십자수  DIY: 11번 클로버 (15cm 20cm)
712564561,SELLBLOG,NORMAL,좋아요. 시간 잘 감요. 졸너요,2019-08-10T14:08:11.000+0000,STOREFARM,5,지니맘 어린이 보석십자수 캐릭터 큐빅십자수,지니맘 큐빅십자수  DIY: 3번 분홍사슴 (15cm 20cm)
713342236,SELLBLOG,NORMAL,아이들이  너무  재미있게  해요,2019-08-12T22:36:42.000+0000,STOREFARM,4,지니맘 어린이 보석십자수 캐릭터 큐빅십자수,지니맘 큐빅십자수  DIY: 20번 거미 (15cm 20cm)
713256210,SELLBLOG,NORMAL,좋아요 또살겁니다 딸이 좋아하네요,2019-08-12T12:12:52.000+0000,STOREFARM,5,지니맘 어린이 보석십자수 캐릭터 큐빅십자수,지니맘 큐빅십자수  DIY: 7번 소녀1  (15cm 20cm)
710782759,SELLBLOG,NORMAL,원하는 디자인이 품절되어 선택의 폭이 좁았지만 완성하고보니 예쁘네요,2019-08-06T12:08:04.000+0000,STOREFARM,4,지니맘 어린이 보석십자수 캐릭터 큐빅십자수,지니맘 큐빅십자수  DIY: 25번 미니2  (15cm 20cm)
713342142,SELLBLOG,NORMAL,아이들이  너무  즐겁게  해요,2019-08-12T22:36:06.000+0000,STOREFARM,4,지니맘 어린이 보석십자수 캐릭터 큐빅십자수,지니맘 큐빅십자수  DIY: 26번 돌고래(15cm 20cm)
712311171,SELLBLOG,NORMAL,"배송도 빠르고 제품도 좋네요
아이들이 좋아합니다",2019-08-10T01:33:05.000+0000,STOREFARM,5,지니맘 어린이 보석십자수 캐릭터 큐빅십자수,지니맘 큐빅십자수  DIY: 10번 안경토끼 (15cm 20cm)
712310984,SELLBLOG,NORMAL,"배송도 빠르고 제품도 좋네요
아이들이 좋아합니다",2019-08-10T01:32:34.000+0000,STOREFARM,5,지니맘 어린이 보석십자수 캐릭터 큐빅십자수,지니맘 큐빅십자수  DIY: 25번 미니2  (15cm 20cm)
714238331,SELLBLOG,NORMAL,"아이가 너무 좋아해요,",2019-08-14T13:40:22.000+0000,STOREFARM,5,지니맘 어린이 보석십자수 캐릭터 큐빅십자수,지니맘 큐빅십자수  DIY: 1번 유니콘 (15cm 20cm)
712564399,SELLBLOG,NORMAL,애들이 좋아해요. 지주ㅜㅇ역짱.,2019-08-10T14:07:43.000+0000,STOREFARM,5,지니맘 어린이 보석십자수 캐릭터 큐빅십자수,지니맘 큐빅십자수  DIY: 1번 유니콘 (15cm 20cm)
705805133,SELLBLOG,NORMAL,좋아요 많이 파세요~,2019-07-25T08:44:58.000+0000,STOREFARM,5,지니맘 어린이 보석십자수 캐릭터 큐빅십자수,지니맘 큐빅십자수  DIY: 4번 작은유니콘(15cm 15cm)
707931638,SELLBLOG,NORMAL,"방학동안 놀거리로 샀어요
보석 사이즈가 여러가지라 지루하지 않고 재밌어해요",2019-07-30T13:45:13.000+0000,STOREFARM,5,지니맘 어린이 보석십자수 캐릭터 큐빅십자수,지니맘 큐빅십자수  DIY: 3번 분홍사슴 (15cm 20cm)
712771418,SELLBLOG,NORMAL,그림이 예뻐서 아이가 좋아하네요^^,2019-08-11T07:24:29.000+0000,STOREFARM,4,지니맘 어린이 보석십자수 캐릭터 큐빅십자수,지니맘 큐빅십자수  DIY: 1번 유니콘 (15cm 20cm)
712771541,SELLBLOG,NORMAL,사이즈가 커서 마음에 들어요,2019-08-11T07:24:51.000+0000,STOREFARM,4,지니맘 어린이 보석십자수 캐릭터 큐빅십자수,지니맘 큐빅십자수  DIY: 10번 안경토끼 (15cm 20cm)
705804505,SELLBLOG,NORMAL,8살아이 잘만드네요 이뻐요,2019-07-25T08:43:46.000+0000,STOREFARM,5,지니맘 어린이 보석십자수 캐릭터 큐빅십자수,지니맘 큐빅십자수  DIY: 8번 꽃사슴 (15cm 20cm)
699887602,SELLBLOG,NORMAL,액자프레임이바뀐거같아요 개인적으로지난번것이더낫네요,2019-07-12T08:25:09.000+0000,STOREFARM,5,지니맘 어린이 보석십자수 캐릭터 큐빅십자수,지니맘 큐빅십자수  DIY: 2번 보라유니콘 (15cm 20cm)
711344215,SELLBLOG,NORMAL,잘받았어요~ 비즈도 넉넉해요,2019-08-07T14:25:14.000+0000,STOREFARM,5,지니맘 어린이 보석십자수 캐릭터 큐빅십자수,지니맘 큐빅십자수  DIY: 22번 부엉이 (15cm 20cm)
700173184,SELLBLOG,NORMAL,비즈 색깔이 다양하고 이뻐요! 친구 선물로 좋아요,2019-07-13T03:54:18.000+0000,STOREFARM,5,지니맘 어린이 보석십자수 캐릭터 큐빅십자수,지니맘 큐빅십자수  DIY: 12번 슈퍼 (15cm 20cm)
710701609,SELLBLOG,NORMAL,감사합니다~ 잘사용할게요!,2019-08-06T09:20:44.000+0000,STOREFARM,4,지니맘 어린이 보석십자수 캐릭터 큐빅십자수,지니맘 큐빅십자수  DIY: 11번 클로버 (15cm 20cm)
711767092,SELLBLOG,NORMAL,여유큐빅도 넣어주시고 배송도 정말빠릅니다.,2019-08-08T13:44:34.000+0000,STOREFARM,5,지니맘 어린이 보석십자수 캐릭터 큐빅십자수,지니맘 큐빅십자수  DIY: 17번 가면 (15cm 20cm)
710782043,SELLBLOG,NORMAL,재밌어요 아이들이 좋아해요,2019-08-06T12:06:43.000+0000,STOREFARM,4,지니맘 어린이 보석십자수 캐릭터 큐빅십자수,지니맘 큐빅십자수  DIY: 26번 돌고래(15cm 20cm)
707983166,SELLBLOG,NORMAL,"아이들이 정말좋아해요^^
비즈가간혹불량이섞여있긴하지만
재미있어요",2019-07-30T15:44:14.000+0000,STOREFARM,3,지니맘 어린이 보석십자수 캐릭터 큐빅십자수,지니맘 큐빅십자수  DIY: 14번 슈퍼맨 (15cm 20cm)
707596083,SELLBLOG,AFTER_USE,아이와 함께 시간가는줄 몰랐네요~~ 아이들도 완성하고 정말 좋아했어요.,2019-07-30T01:50:09.000+0000,STOREFARM,5,지니맘 어린이 보석십자수 캐릭터 큐빅십자수,지니맘 큐빅십자수  DIY: 21번 별유니콘 (15cm 20cm)
701005113,SELLBLOG,NORMAL,선물로도 좋아요 액자도 해야 좋아요,2019-07-15T05:37:59.000+0000,STOREFARM,5,지니맘 어린이 보석십자수 캐릭터 큐빅십자수,지니맘 큐빅십자수  DIY: 22번 부엉이 (15cm 20cm)
711767307,SELLBLOG,NORMAL,즐거운 방학보내게 됬어요,2019-08-08T13:45:04.000+0000,STOREFARM,5,지니맘 어린이 보석십자수 캐릭터 큐빅십자수,지니맘 큐빅십자수  DIY: 18번 망치 (15cm 20cm)
711767481,SELLBLOG,NORMAL,총알배송입니다.감사합니다,2019-08-08T13:45:32.000+0000,STOREFARM,5,지니맘 어린이 보석십자수 캐릭터 큐빅십자수,지니맘 큐빅십자수  DIY: 16번 별 (15cm 20cm)
711344407,SELLBLOG,NORMAL,빤짝거려서 더욱이쁘고 코팅되어있어 더욱 굳~~!,2019-08-07T14:25:45.000+0000,STOREFARM,5,지니맘 어린이 보석십자수 캐릭터 큐빅십자수,지니맘 큐빅십자수  DIY: 23번 사자 (15cm 20cm)
712771620,SELLBLOG,NORMAL,배송 빠르고 예뻐요^^,2019-08-11T07:25:07.000+0000,STOREFARM,4,지니맘 어린이 보석십자수 캐릭터 큐빅십자수,지니맘 큐빅십자수  DIY: 23번 사자 (15cm 20cm)
711767609,SELLBLOG,NORMAL,아이들이 너무좋아해요,2019-08-08T13:45:51.000+0000,STOREFARM,5,지니맘 어린이 보석십자수 캐릭터 큐빅십자수,지니맘 큐빅십자수  DIY: 20번 거미 (15cm 20cm)
702945991,SELLBLOG,NORMAL,포장도 깔끔하고 구성도 좋네요~,2019-07-19T03:25:52.000+0000,STOREFARM,3,지니맘 어린이 보석십자수 캐릭터 큐빅십자수,지니맘 큐빅십자수  DIY: 23번 사자 (15cm 20cm)
722065061,SELLBLOG,NORMAL,좋아요 좋아요 좋아요 좋아요,2019-09-01T07:21:53.000+0000,STOREFARM,5,지니맘 어린이 보석십자수 캐릭터 큐빅십자수,지니맘 큐빅십자수  DIY: 22번 부엉이 (15cm 20cm)
712771675,SELLBLOG,NORMAL,아이가 좋아해요^^,2019-08-11T07:25:19.000+0000,STOREFARM,4,지니맘 어린이 보석십자수 캐릭터 큐빅십자수,지니맘 큐빅십자수  DIY: 26번 돌고래(15cm 20cm)
700800774,SELLBLOG,NORMAL,배송이 조금 느렸지만 제품엔 만족합니다,2019-07-14T21:22:07.000+0000,STOREFARM,5,지니맘 어린이 보석십자수 캐릭터 큐빅십자수,지니맘 큐빅십자수  DIY: 19번 방패 (15cm 20cm)
707996497,SELLBLOG,NORMAL,조카들 선물로 구입했습니다. 아이들이 좋아하네요!!^^,2019-07-30T16:38:40.000+0000,STOREFARM,4,지니맘 어린이 보석십자수 캐릭터 큐빅십자수,지니맘 큐빅십자수  DIY: 4번 작은유니콘(15cm 15cm)
699177663,SELLBLOG,NORMAL,아이가좋아해요ㅎ 배송이 빨라서 좋았어요,2019-07-11T01:12:31.000+0000,STOREFARM,5,지니맘 어린이 보석십자수 캐릭터 큐빅십자수,지니맘 큐빅십자수  DIY: 8번 꽃사슴 (15cm 20cm)
707996392,SELLBLOG,NORMAL,조카들 선물로 구입했습니다!!^^ 아이들이 좋아하네요~^^,2019-07-30T16:38:07.000+0000,STOREFARM,4,지니맘 어린이 보석십자수 캐릭터 큐빅십자수,지니맘 큐빅십자수  DIY: 3번 분홍사슴 (15cm 20cm)
704328779,SELLBLOG,NORMAL,7세 여아인데 혼자서 집중력있게 잘해요 귀여운 캐릭터에 비즈가 반짝반짝거려 더 좋아하네요,2019-07-22T09:08:34.000+0000,STOREFARM,4,지니맘 어린이 보석십자수 캐릭터 큐빅십자수,지니맘 큐빅십자수  DIY: 26번 돌고래(15cm 20cm)
706186614,SELLBLOG,NORMAL,"빠른배송이었구요
상품이 너무좋네요
생각보다 더이뻐요
방학동안 잘할듯요^^",2019-07-26T05:32:37.000+0000,STOREFARM,5,지니맘 어린이 보석십자수 캐릭터 큐빅십자수,지니맘 큐빅십자수  DIY: 19번 방패 (15cm 20cm)
708186508,SELLBLOG,NORMAL,"방학때 할려고 샀어요.
애가 좋아하네요",2019-07-31T04:49:38.000+0000,STOREFARM,5,지니맘 어린이 보석십자수 캐릭터 큐빅십자수,지니맘 큐빅십자수  DIY: 3번 분홍사슴 (15cm 20cm)
701004890,SELLBLOG,NORMAL,성인이 해도 너무 재미있어요,2019-07-15T05:37:31.000+0000,STOREFARM,5,지니맘 어린이 보석십자수 캐릭터 큐빅십자수,지니맘 큐빅십자수  DIY: 6번 소녀  (15cm 20cm)
707228604,SELLBLOG,NORMAL,"아이들 방학때 하려고 샀는데, 재미있어해요..좋아요~~",2019-07-29T02:05:22.000+0000,STOREFARM,5,지니맘 어린이 보석십자수 캐릭터 큐빅십자수,지니맘 큐빅십자수  DIY: 8번 꽃사슴 (15cm 20cm)
708057244,SELLBLOG,NORMAL,아이가 좋아하네요..집중해서 할수 있는거ㅈ같아요,2019-07-31T00:09:22.000+0000,STOREFARM,3,지니맘 어린이 보석십자수 캐릭터 큐빅십자수,지니맘 큐빅십자수  DIY: 2번 보라유니콘 (15cm 20cm)
698548051,SELLBLOG,NORMAL,너무 이뻐요. 친구가 마음에 들어해요!,2019-07-09T16:38:27.000+0000,STOREFARM,5,지니맘 어린이 보석십자수 캐릭터 큐빅십자수,지니맘 큐빅십자수  DIY: 17번 가면 (15cm 20cm)
699265052,SELLBLOG,NORMAL,아이  하라고 샀는데 내가 더 열성적으로 했네요..ㅋ,2019-07-11T04:05:09.000+0000,STOREFARM,5,지니맘 어린이 보석십자수 캐릭터 큐빅십자수,지니맘 큐빅십자수  DIY: 17번 가면 (15cm 20cm)
708237775,SELLBLOG,AFTER_USE,집중해서ㅜ하기 좋아요,2019-07-31T06:29:07.000+0000,STOREFARM,5,지니맘 어린이 보석십자수 캐릭터 큐빅십자수,지니맘 큐빅십자수  DIY: 17번 가면 (15cm 20cm)
708237504,SELLBLOG,AFTER_USE,집중해서ㅜ하기 좋아요,2019-07-31T06:28:36.000+0000,STOREFARM,5,지니맘 어린이 보석십자수 캐릭터 큐빅십자수,지니맘 큐빅십자수  DIY: 22번 부엉이 (15cm 20cm)
709624523,SELLBLOG,NORMAL,아이가 좋아하네요 직접 골랐어요,2019-08-03T08:59:49.000+0000,STOREFARM,5,지니맘 어린이 보석십자수 캐릭터 큐빅십자수,지니맘 큐빅십자수  DIY: 8번 꽃사슴 (15cm 20cm)
706353308,SELLBLOG,NORMAL,아이들이 너무 좋아하더라고요~시간은 좀 걸렸어요~^^,2019-07-26T12:16:21.000+0000,STOREFARM,5,지니맘 어린이 보석십자수 캐릭터 큐빅십자수,지니맘 큐빅십자수  DIY: 3번 분홍사슴 (15cm 20cm)
709624377,SELLBLOG,NORMAL,아이가 직접 골랐어요,2019-08-03T08:59:21.000+0000,STOREFARM,5,지니맘 어린이 보석십자수 캐릭터 큐빅십자수,지니맘 큐빅십자수  DIY: 22번 부엉이 (15cm 20cm)
709624299,SELLBLOG,NORMAL,아이가 직접 골랐어요,2019-08-03T08:59:06.000+0000,STOREFARM,5,지니맘 어린이 보석십자수 캐릭터 큐빅십자수,지니맘 큐빅십자수  DIY: 26번 돌고래(15cm 20cm)
700800710,SELLBLOG,NORMAL,잘 포장되어 왔어요~,2019-07-14T21:21:21.000+0000,STOREFARM,4,지니맘 어린이 보석십자수 캐릭터 큐빅십자수,지니맘 큐빅십자수  DIY: 16번 별 (15cm 20cm)
699887237,SELLBLOG,NORMAL,집들이선물로가져갔어요,2019-07-12T08:24:24.000+0000,STOREFARM,5,지니맘 어린이 보석십자수 캐릭터 큐빅십자수,지니맘 큐빅십자수  DIY: 7번 소녀1  (15cm 20cm)
698548218,SELLBLOG,NORMAL,배트맨 좋아하는데 반짝이고 정말 이뻐요,2019-07-09T16:39:28.000+0000,STOREFARM,5,지니맘 어린이 보석십자수 캐릭터 큐빅십자수,지니맘 큐빅십자수  DIY: 15번 베트맨 (15cm 20cm)
699886991,SELLBLOG,NORMAL,친구들생일선물이예요,2019-07-12T08:23:47.000+0000,STOREFARM,5,지니맘 어린이 보석십자수 캐릭터 큐빅십자수,지니맘 큐빅십자수  DIY: 8번 꽃사슴 (15cm 20cm)
708214356,SELLBLOG,AFTER_USE,여자애들 생일선물로 좋네요,2019-07-31T05:44:02.000+0000,STOREFARM,5,지니맘 어린이 보석십자수 캐릭터 큐빅십자수,지니맘 큐빅십자수  DIY: 1번 유니콘 (15cm 20cm)
708214254,SELLBLOG,AFTER_USE,여자애들 생일선물로 좋네요,2019-07-31T05:43:51.000+0000,STOREFARM,5,지니맘 어린이 보석십자수 캐릭터 큐빅십자수,지니맘 큐빅십자수  DIY: 8번 꽃사슴 (15cm 20cm)
708214137,SELLBLOG,AFTER_USE,여자애들 생일선물로 좋네요,2019-07-31T05:43:38.000+0000,STOREFARM,5,지니맘 어린이 보석십자수 캐릭터 큐빅십자수,지니맘 큐빅십자수  DIY: 13번 스폰지 (15cm 20cm)
708214067,SELLBLOG,AFTER_USE,여자애들 생일선물로 좋네요,2019-07-31T05:43:27.000+0000,STOREFARM,5,지니맘 어린이 보석십자수 캐릭터 큐빅십자수,지니맘 큐빅십자수  DIY: 22번 부엉이 (15cm 20cm)
703556841,SELLBLOG,NORMAL,"받자마자 완성했네요
액자로 만들어 놓으니 방 분위기도 살고 좋아요",2019-07-20T10:08:00.000+0000,STOREFARM,5,지니맘 어린이 보석십자수 캐릭터 큐빅십자수,지니맘 큐빅십자수  DIY: 10번 안경토끼 (15cm 20cm)
706353489,SELLBLOG,NORMAL,"넘 예쁘고 단순해서 하기쉽고
집중력 짱인 놀이네요",2019-07-26T12:16:53.000+0000,STOREFARM,5,지니맘 어린이 보석십자수 캐릭터 큐빅십자수,지니맘 큐빅십자수  DIY: 2번 보라유니콘 (15cm 20cm)
705550370,SELLBLOG,NORMAL,가끔가다 불량이 나오긴하지만 아이와 재밌게 하고있습니다,2019-07-25T00:25:52.000+0000,STOREFARM,4,지니맘 어린이 보석십자수 캐릭터 큐빅십자수,지니맘 큐빅십자수  DIY: 26번 돌고래(15cm 20cm)
705034277,SELLBLOG,NORMAL,"아이들이 너무 좋아해요!
큐빅자수가 너무 블링블링해요",2019-07-24T00:58:47.000+0000,STOREFARM,5,지니맘 어린이 보석십자수 캐릭터 큐빅십자수,지니맘 큐빅십자수  DIY: 18번 망치 (15cm 20cm)
709665826,SELLBLOG,NORMAL,빠른배송좋아요 ㅎㅎ,2019-08-03T11:19:19.000+0000,STOREFARM,5,지니맘 어린이 보석십자수 캐릭터 큐빅십자수,지니맘 큐빅십자수  DIY: 1번 유니콘 (15cm 20cm)
709665670,SELLBLOG,NORMAL,빠른배송좋아요 ㅎㅎ,2019-08-03T11:18:49.000+0000,STOREFARM,5,지니맘 어린이 보석십자수 캐릭터 큐빅십자수,지니맘 큐빅십자수  DIY: 8번 꽃사슴 (15cm 20cm)
697838588,SELLBLOG,NORMAL,사이즈도  적당하고  큐빅도  예쁘고  좋습니다,2019-07-08T08:13:07.000+0000,STOREFARM,4,지니맘 어린이 보석십자수 캐릭터 큐빅십자수,지니맘 큐빅십자수  DIY: 3번 달팽이(15cm 15cm)
697838384,SELLBLOG,NORMAL,사이즈도  적당하고  큐빅도  예쁘고  좋습니다,2019-07-08T08:12:42.000+0000,STOREFARM,4,지니맘 어린이 보석십자수 캐릭터 큐빅십자수,지니맘 큐빅십자수  DIY: 4번 작은유니콘(15cm 15cm)
700980553,SELLBLOG,NORMAL,"10살 여자아이 정말 열심히 합니다.
같이하는 저도 즐거웠어요~
액자에 넣으니 퀄리티가 올라갑니다!",2019-07-15T04:48:43.000+0000,STOREFARM,5,지니맘 어린이 보석십자수 캐릭터 큐빅십자수,지니맘 큐빅십자수  DIY: 4번 홍학 (15cm 20cm)
700980451,SELLBLOG,NORMAL,"10살 여자아이 정말 열심히 합니다.
같이하는 저도 즐거웠어요~
액자에 넣으니 퀄리티가 올라갑니다!",2019-07-15T04:48:31.000+0000,STOREFARM,5,지니맘 어린이 보석십자수 캐릭터 큐빅십자수,지니맘 큐빅십자수  DIY: 9번 겨울사슴 (15cm 20cm)
700980374,SELLBLOG,NORMAL,"10살 여자아이 정말 열심히 합니다.
같이하는 저도 즐거웠어요~
액자에 넣으니 퀄리티가 올라갑니다!",2019-07-15T04:48:22.000+0000,STOREFARM,5,지니맘 어린이 보석십자수 캐릭터 큐빅십자수,지니맘 큐빅십자수  DIY: 22번 부엉이 (15cm 20cm)
700980314,SELLBLOG,NORMAL,"10살 여자아이 정말 열심히 합니다.
같이하는 저도 즐거웠어요~
액자에 넣으니 퀄리티가 올라갑니다!",2019-07-15T04:48:14.000+0000,STOREFARM,5,지니맘 어린이 보석십자수 캐릭터 큐빅십자수,지니맘 큐빅십자수  DIY: 11번 클로버 (15cm 20cm)
700980233,SELLBLOG,NORMAL,"10살 여자아이 정말 열심히 합니다.
같이하는 저도 즐거웠어요~
액자에 넣으니 퀄리티가 올라갑니다!",2019-07-15T04:48:04.000+0000,STOREFARM,5,지니맘 어린이 보석십자수 캐릭터 큐빅십자수,지니맘 큐빅십자수  DIY: 8번 꽃사슴 (15cm 20cm)
697837942,SELLBLOG,NORMAL,사이즈도   적당하고  예쁘네요,2019-07-08T08:11:44.000+0000,STOREFARM,4,지니맘 어린이 보석십자수 캐릭터 큐빅십자수,지니맘 큐빅십자수  DIY: 4번 홍학 (15cm 20cm)
706353617,SELLBLOG,NORMAL,엄마들도 빠지게하는 마력이 있네요ㅋㅋ,2019-07-26T12:17:14.000+0000,STOREFARM,5,지니맘 어린이 보석십자수 캐릭터 큐빅십자수,지니맘 큐빅십자수  DIY: 1번 유니콘 (15cm 20cm)
706825275,SELLBLOG,NORMAL,아이가 너무좋아하네요,2019-07-27T22:33:37.000+0000,STOREFARM,4,지니맘 어린이 보석십자수 캐릭터 큐빅십자수,지니맘 큐빅십자수  DIY: 1번 유니콘 (15cm 20cm)
701080419,SELLBLOG,NORMAL,가격대비 구성좋아요~ 첨해보는거라 작은걸루 시작하려고요~ 꼼꼼하게 잘받았어요,2019-07-15T08:28:47.000+0000,STOREFARM,5,지니맘 어린이 보석십자수 캐릭터 큐빅십자수,지니맘 큐빅십자수  DIY: 8번 꽃사슴 (15cm 20cm)
700914769,SELLBLOG,NORMAL,큐빅도 넉넉히 넣어주셔서 애들이 잃어버려도 걱정이없네요 상품도 만족합니다,2019-07-15T02:34:40.000+0000,STOREFARM,5,지니맘 어린이 보석십자수 캐릭터 큐빅십자수,지니맘 큐빅십자수  DIY: 11번 클로버 (15cm 20cm)
702108116,SELLBLOG,NORMAL,아이가 하기에 적당히 비즈가 크네요. 뒷면이 코팅돼서 하기 편하대요,2019-07-17T10:09:51.000+0000,STOREFARM,4,지니맘 어린이 보석십자수 캐릭터 큐빅십자수,지니맘 큐빅십자수  DIY: 20번 거미 (15cm 20cm)
704329261,SELLBLOG,NORMAL,캐릭터가 귀엽고 7세가 하기에 아주 적당한 크기예요,2019-07-22T09:09:56.000+0000,STOREFARM,4,지니맘 어린이 보석십자수 캐릭터 큐빅십자수,지니맘 큐빅십자수  DIY: 22번 부엉이 (15cm 20cm)
704329208,SELLBLOG,NORMAL,캐릭터가 귀엽고 7세가 하기에 아주 적당한 크기예요,2019-07-22T09:09:46.000+0000,STOREFARM,4,지니맘 어린이 보석십자수 캐릭터 큐빅십자수,지니맘 큐빅십자수  DIY: 5번  반짝이 사슴 (15cm 20cm)
704329161,SELLBLOG,NORMAL,캐릭터가 귀엽고 7세가 하기에 아주 적당한 크기예요,2019-07-22T09:09:37.000+0000,STOREFARM,4,지니맘 어린이 보석십자수 캐릭터 큐빅십자수,지니맘 큐빅십자수  DIY: 3번 분홍사슴 (15cm 20cm)
701799812,SELLBLOG,NORMAL,배송빠르고 가격은 좀 나가지만 디자인이 이뻐서 아이 방학 만들기용으로 구입했어요,2019-07-17T00:14:29.000+0000,STOREFARM,5,지니맘 어린이 보석십자수 캐릭터 큐빅십자수,지니맘 큐빅십자수  DIY: 2번 보라유니콘 (15cm 20cm)
706623378,SELLBLOG,NORMAL,초등 아이가 좋아해요,2019-07-27T07:10:06.000+0000,STOREFARM,5,지니맘 어린이 보석십자수 캐릭터 큐빅십자수,지니맘 큐빅십자수  DIY: 8번 꽃사슴 (15cm 20cm)
706623295,SELLBLOG,NORMAL,초등 아이가 좋아해요,2019-07-27T07:09:55.000+0000,STOREFARM,5,지니맘 어린이 보석십자수 캐릭터 큐빅십자수,지니맘 큐빅십자수  DIY: 23번 사자 (15cm 20cm)
706623226,SELLBLOG,NORMAL,초등 아이가 좋아해요.,2019-07-27T07:09:44.000+0000,STOREFARM,5,지니맘 어린이 보석십자수 캐릭터 큐빅십자수,지니맘 큐빅십자수  DIY: 2번 보라유니콘 (15cm 20cm)
695237514,SELLBLOG,NORMAL,배송도 빠르고 포장도 꼼꼼하게 잘 받았어요,2019-07-02T22:57:34.000+0000,STOREFARM,5,지니맘 어린이 보석십자수 캐릭터 큐빅십자수,지니맘 큐빅십자수  DIY: 5번  반짝이 사슴 (15cm 20cm)
695236692,SELLBLOG,NORMAL,포장도 꼼꼼하게 배송도 빠르게 잘 받았어요,2019-07-02T22:54:35.000+0000,STOREFARM,5,지니맘 어린이 보석십자수 캐릭터 큐빅십자수,지니맘 큐빅십자수  DIY: 11번 클로버 (15cm 20cm)
695237966,SELLBLOG,NORMAL,포장도 꼼꽁하고 배송도 빠르게 받았어요,2019-07-02T22:59:14.000+0000,STOREFARM,5,지니맘 어린이 보석십자수 캐릭터 큐빅십자수,지니맘 큐빅십자수  DIY: 3번 분홍사슴 (15cm 20cm)
705930051,SELLBLOG,NORMAL,애들이 참 좋아하네요,2019-07-25T13:22:05.000+0000,STOREFARM,5,지니맘 어린이 보석십자수 캐릭터 큐빅십자수,지니맘 큐빅십자수  DIY: 1번 유니콘 (15cm 20cm)
705929972,SELLBLOG,NORMAL,애들이 참 좋아하네요,2019-07-25T13:21:54.000+0000,STOREFARM,5,지니맘 어린이 보석십자수 캐릭터 큐빅십자수,지니맘 큐빅십자수  DIY: 4번 홍학 (15cm 20cm)
705929896,SELLBLOG,NORMAL,애들이 참 좋아하네요,2019-07-25T13:21:44.000+0000,STOREFARM,5,지니맘 어린이 보석십자수 캐릭터 큐빅십자수,지니맘 큐빅십자수  DIY: 8번 꽃사슴 (15cm 20cm)
705929820,SELLBLOG,NORMAL,애들이 참 좋아하네요,2019-07-25T13:21:34.000+0000,STOREFARM,5,지니맘 어린이 보석십자수 캐릭터 큐빅십자수,지니맘 큐빅십자수  DIY: 20번 거미 (15cm 20cm)
695237723,SELLBLOG,NORMAL,포장도 꼼꼼하고 배송도 빠르게 받았어요,2019-07-02T22:58:19.000+0000,STOREFARM,5,지니맘 어린이 보석십자수 캐릭터 큐빅십자수,지니맘 큐빅십자수  DIY: 4번 홍학 (15cm 20cm)
695237282,SELLBLOG,NORMAL,포장도 꼼꼼하고 배송도 빠르게 받았어요,2019-07-02T22:56:42.000+0000,STOREFARM,5,지니맘 어린이 보석십자수 캐릭터 큐빅십자수,지니맘 큐빅십자수  DIY: 9번 겨울사슴 (15cm 20cm)
705782314,SELLBLOG,NORMAL,가격도 저렴하고 모양도 예뻐요,2019-07-25T08:00:54.000+0000,STOREFARM,5,지니맘 어린이 보석십자수 캐릭터 큐빅십자수,지니맘 큐빅십자수  DIY: 2번 보라유니콘 (15cm 20cm)
701948626,SELLBLOG,NORMAL,"이번이 재구매 입니다
만들어 놓으면 인테리어효과도 크고
큐빅이 예뻐요",2019-07-17T04:59:44.000+0000,STOREFARM,5,지니맘 어린이 보석십자수 캐릭터 큐빅십자수,지니맘 큐빅십자수  DIY: 7번 소녀1  (15cm 20cm)
701706651,SELLBLOG,NORMAL,아이들이 너무 좋아해요.저도 빠져서 하고있어요~~^^,2019-07-16T15:02:58.000+0000,STOREFARM,5,지니맘 어린이 보석십자수 캐릭터 큐빅십자수,지니맘 큐빅십자수  DIY: 23번 사자 (15cm 20cm)
705675114,SELLBLOG,AFTER_USE,쉽게 만들수있어요 예뻐요,2019-07-25T04:38:01.000+0000,STOREFARM,4,지니맘 어린이 보석십자수 캐릭터 큐빅십자수,지니맘 큐빅십자수  DIY: 9번 겨울사슴 (15cm 20cm)
703637090,SELLBLOG,NORMAL,집중력에 최고네요 2-3시간 집중하네요ㅋㅋ,2019-07-20T13:47:47.000+0000,STOREFARM,4,지니맘 어린이 보석십자수 캐릭터 큐빅십자수,지니맘 큐빅십자수  DIY: 25번 미니2  (15cm 20cm)
694301274,SELLBLOG,NORMAL,초등학생 이상이라면 작은 사이즈 큐빅자수보다는 지니맘것이 딱 좋아요.. 작은건 너무 금방하고 ~ 이미지도 어린아이용이더라구요.. 초2학년 딸이 작년부터 좋아해서 하구 있어요,2019-07-01T00:57:32.000+0000,STOREFARM,5,지니맘 어린이 보석십자수 캐릭터 큐빅십자수,지니맘 큐빅십자수  DIY: 8번 꽃사슴 (15cm 20cm)
695311097,SELLBLOG,NORMAL,"큐빅 스티커 만들기 해보고..좀 더 이쁜거 없을까 하고 찾다가 발견했는데...너~~무 예뻐요^^
애들이 시간가는 줄 모르고 집중해서 열심히하네요",2019-07-03T01:47:26.000+0000,STOREFARM,5,지니맘 어린이 보석십자수 캐릭터 큐빅십자수,지니맘 큐빅십자수  DIY: 1번 유니콘 (15cm 20cm)
701080718,SELLBLOG,NORMAL,가각 폴리백에 구분해서 망가지지않게 뽁뽁이에 잘 넣어보내주셨어요~,2019-07-15T08:29:32.000+0000,STOREFARM,5,지니맘 어린이 보석십자수 캐릭터 큐빅십자수,지니맘 큐빅십자수  DIY: 22번 부엉이 (15cm 20cm)
698728940,SELLBLOG,NORMAL,"완전 반짝이네요~
아들방 지저분한 벽에 붙이니 인테리어 효과도 있어 좋아요~",2019-07-10T04:06:06.000+0000,STOREFARM,4,지니맘 어린이 보석십자수 캐릭터 큐빅십자수,지니맘 큐빅십자수  DIY: 20번 거미 (15cm 20cm)
705675441,SELLBLOG,AFTER_USE,만들기 쉬워요  좋아요,2019-07-25T04:38:38.000+0000,STOREFARM,4,지니맘 어린이 보석십자수 캐릭터 큐빅십자수,지니맘 큐빅십자수  DIY: 2번 보라유니콘 (15cm 20cm)
700498532,SELLBLOG,NORMAL,배송 완전 빨라요 제품도 좋아여,2019-07-14T01:27:31.000+0000,STOREFARM,5,지니맘 어린이 보석십자수 캐릭터 큐빅십자수,지니맘 큐빅십자수  DIY: 26번 돌고래(15cm 20cm)
701706453,SELLBLOG,NORMAL,아이들이 너무 좋아해요~~잘 만들께요~~^^,2019-07-16T15:02:31.000+0000,STOREFARM,5,지니맘 어린이 보석십자수 캐릭터 큐빅십자수,지니맘 큐빅십자수  DIY: 26번 돌고래(15cm 20cm)
702363636,SELLBLOG,NORMAL,작지만 큐비가 아주 예브고좋아요,2019-07-18T01:04:52.000+0000,STOREFARM,5,지니맘 어린이 보석십자수 캐릭터 큐빅십자수,지니맘 큐빅십자수  DIY: 19번 방패 (15cm 20cm)
703637284,SELLBLOG,NORMAL,집중력최고~~~ 아이들한테 최고네요,2019-07-20T13:48:21.000+0000,STOREFARM,4,지니맘 어린이 보석십자수 캐릭터 큐빅십자수,지니맘 큐빅십자수  DIY: 1번 유니콘 (15cm 20cm)
703220515,SELLBLOG,NORMAL,딸아이가 무척 좋아 합니다,2019-07-19T13:22:15.000+0000,STOREFARM,5,지니맘 어린이 보석십자수 캐릭터 큐빅십자수,지니맘 큐빅십자수  DIY: 8번 꽃사슴 (15cm 20cm)
703220400,SELLBLOG,NORMAL,딸아이가 무척 좋아 합니다,2019-07-19T13:21:55.000+0000,STOREFARM,5,지니맘 어린이 보석십자수 캐릭터 큐빅십자수,지니맘 큐빅십자수  DIY: 26번 돌고래(15cm 20cm)
703220305,SELLBLOG,NORMAL,딸아이가 무척 좋아 합니다,2019-07-19T13:21:39.000+0000,STOREFARM,5,지니맘 어린이 보석십자수 캐릭터 큐빅십자수,지니맘 큐빅십자수  DIY: 10번 안경토끼 (15cm 20cm)
702946178,SELLBLOG,NORMAL,그림도 이쁘고 최고입니당,2019-07-19T03:26:22.000+0000,STOREFARM,4,지니맘 어린이 보석십자수 캐릭터 큐빅십자수,지니맘 큐빅십자수  DIY: 7번 소녀1  (15cm 20cm)
703854794,SELLBLOG,NORMAL,완성하니 넘 예뻐요.,2019-07-21T07:05:13.000+0000,STOREFARM,5,지니맘 어린이 보석십자수 캐릭터 큐빅십자수,지니맘 큐빅십자수  DIY: 5번 펭귄(15cm 15cm)
694300613,SELLBLOG,NORMAL,두번째 구매에요.. 다양하고 이쁜 이미지가 많아서 아이가 좋아해요.. 다른데보다 사이즈도 크고.. 액자로 꾸며도 될만큼 이쁩니다.,2019-07-01T00:56:18.000+0000,STOREFARM,5,지니맘 어린이 보석십자수 캐릭터 큐빅십자수,지니맘 큐빅십자수  DIY: 6번 소녀  (15cm 20cm)
676315052,SELLBLOG,NORMAL,"초등3학년 딸래미랑 만들었는데요.
눈알빠지고 어깨 나가는줄 알았지만
마지막 한개 붙일때 그 뿌듯함이...흡사 산정상에 오르는 기분이랄까요..ㅋㅋ
제품 퀄리티가 매우 높으네요~~
블링블링 한것이 넘 이뻐요~~^^",2019-05-22T11:25:06.000+0000,STOREFARM,5,지니맘 어린이 보석십자수 캐릭터 큐빅십자수,지니맘 큐빅십자수  DIY: 21번 별유니콘 (15cm 20cm)
692792146,SELLBLOG,NORMAL,언제나 깔끔. 이번엔 빠르게 받았어요~^^,2019-06-27T07:27:57.000+0000,STOREFARM,4,지니맘 어린이 보석십자수 캐릭터 큐빅십자수,지니맘 큐빅십자수  DIY: 3번 분홍사슴 (15cm 20cm)
692791944,SELLBLOG,NORMAL,언제나 깔끔. 이번엔 빠르게 받았어요~^^,2019-06-27T07:27:31.000+0000,STOREFARM,4,지니맘 어린이 보석십자수 캐릭터 큐빅십자수,지니맘 큐빅십자수  DIY: 7번 소녀1  (15cm 20cm)
692791778,SELLBLOG,NORMAL,언제나 깔끔. 이번엔 빠르게 받았어요~^^,2019-06-27T07:27:11.000+0000,STOREFARM,4,지니맘 어린이 보석십자수 캐릭터 큐빅십자수,지니맘 큐빅십자수  DIY: 10번 안경토끼 (15cm 20cm)
692791635,SELLBLOG,NORMAL,언제나 깔끔. 이번엔 빠르게 받았어요~^^,2019-06-27T07:26:54.000+0000,STOREFARM,4,지니맘 어린이 보석십자수 캐릭터 큐빅십자수,지니맘 큐빅십자수  DIY: 11번 클로버 (15cm 20cm)
692791449,SELLBLOG,NORMAL,언제나 깔끔. 이번엔 빠르게 받았어요~^^,2019-06-27T07:26:32.000+0000,STOREFARM,4,지니맘 어린이 보석십자수 캐릭터 큐빅십자수,지니맘 큐빅십자수  DIY: 15번 베트맨 (15cm 20cm)
692790967,SELLBLOG,NORMAL,언제나 깔끔. 이번엔 빠르게 받았어요~^^,2019-06-27T07:25:36.000+0000,STOREFARM,4,지니맘 어린이 보석십자수 캐릭터 큐빅십자수,지니맘 큐빅십자수  DIY: 12번 슈퍼 (15cm 20cm)
700907195,SELLBLOG,NORMAL,"빠른배송 
애들이 집중해서 놀때 딱이네요",2019-07-15T02:20:15.000+0000,STOREFARM,5,지니맘 어린이 보석십자수 캐릭터 큐빅십자수,지니맘 큐빅십자수  DIY: 4번 홍학 (15cm 20cm)
691764650,SELLBLOG,NORMAL,아이가 좋아하네요 감사합니다,2019-06-25T08:25:25.000+0000,STOREFARM,5,지니맘 어린이 보석십자수 캐릭터 큐빅십자수,지니맘 큐빅십자수  DIY: 22번 부엉이 (15cm 20cm)
700556248,SELLBLOG,NORMAL,아주좋아요. 또 구매할께요,2019-07-14T04:20:14.000+0000,STOREFARM,5,지니맘 어린이 보석십자수 캐릭터 큐빅십자수,지니맘 큐빅십자수  DIY: 1번 유니콘 (15cm 20cm)
698584600,SELLBLOG,NORMAL,"반짝반짝 애들이 좋아하네요
6섯산ㅅ 아이도 혼자서 잘하네요",2019-07-09T22:49:03.000+0000,STOREFARM,5,지니맘 어린이 보석십자수 캐릭터 큐빅십자수,지니맘 큐빅십자수  DIY: 4번 작은유니콘(15cm 15cm)
701873940,SELLBLOG,NORMAL,아이가 많이 좋아합니다.,2019-07-17T02:33:27.000+0000,STOREFARM,4,지니맘 어린이 보석십자수 캐릭터 큐빅십자수,지니맘 큐빅십자수  DIY: 8번 꽃사슴 (15cm 20cm)
697545825,SELLBLOG,NORMAL,디자인도예쁘고 짱짱하게잘붙어요 완성작도 예쁘네요,2019-07-07T22:52:49.000+0000,STOREFARM,5,지니맘 어린이 보석십자수 캐릭터 큐빅십자수,지니맘 큐빅십자수  DIY: 26번 돌고래(15cm 20cm)
700555948,SELLBLOG,NORMAL,색감도 산뜻하고 큐빅도 넉넉해서 좋아요,2019-07-14T04:19:22.000+0000,STOREFARM,5,지니맘 어린이 보석십자수 캐릭터 큐빅십자수,지니맘 큐빅십자수  DIY: 5번 펭귄(15cm 15cm)
700914410,SELLBLOG,NORMAL,배송상품 모두 만족합니다,2019-07-15T02:34:01.000+0000,STOREFARM,5,지니맘 어린이 보석십자수 캐릭터 큐빅십자수,지니맘 큐빅십자수  DIY: 5번  반짝이 사슴 (15cm 20cm)
700498386,SELLBLOG,NORMAL,넘 좋아요 시간가는 줄 모르고 했어요,2019-07-14T01:27:04.000+0000,STOREFARM,5,지니맘 어린이 보석십자수 캐릭터 큐빅십자수,지니맘 큐빅십자수  DIY: 3번 분홍사슴 (15cm 20cm)
692000975,SELLBLOG,NORMAL,반짝이는게 너무 예뻐요~~,2019-06-25T17:20:13.000+0000,STOREFARM,5,지니맘 어린이 보석십자수 캐릭터 큐빅십자수,지니맘 큐빅십자수  DIY: 4번 홍학 (15cm 20cm)
700556158,SELLBLOG,NORMAL,색감도 이쁘고 큐빅도 넉넉해서 좋아요.,2019-07-14T04:19:59.000+0000,STOREFARM,5,지니맘 어린이 보석십자수 캐릭터 큐빅십자수,지니맘 큐빅십자수  DIY: 8번 꽃사슴 (15cm 20cm)
700906411,SELLBLOG,NORMAL,반짝반짝 애들이 넘좋아해요,2019-07-15T02:18:49.000+0000,STOREFARM,5,지니맘 어린이 보석십자수 캐릭터 큐빅십자수,지니맘 큐빅십자수  DIY: 2번 보라유니콘 (15cm 20cm)
699328637,SELLBLOG,NORMAL,스트레쓰 풀때 이만한게 없는것 같아요,2019-07-11T05:59:55.000+0000,STOREFARM,5,지니맘 어린이 보석십자수 캐릭터 큐빅십자수,지니맘 큐빅십자수  DIY: 1번 유니콘 (15cm 20cm)
695305335,SELLBLOG,NORMAL,"큐빅이 반짝반짝 너무 예뻐요~^^
방학동안 딸램들과 재미있게 만들거에요^^",2019-07-03T01:36:03.000+0000,STOREFARM,5,지니맘 어린이 보석십자수 캐릭터 큐빅십자수,지니맘 큐빅십자수  DIY: 8번 꽃사슴 (15cm 20cm)
697546308,SELLBLOG,NORMAL,아이가좋아하는 캐릭터라 시간가는줄모르고 집중하네요,2019-07-07T22:54:29.000+0000,STOREFARM,5,지니맘 어린이 보석십자수 캐릭터 큐빅십자수,지니맘 큐빅십자수  DIY: 6번 소녀  (15cm 20cm)
697546485,SELLBLOG,NORMAL,아이랑같이하려고샀는데 정말 시간가는줄모르겠어요ㅎ,2019-07-07T22:55:10.000+0000,STOREFARM,5,지니맘 어린이 보석십자수 캐릭터 큐빅십자수,지니맘 큐빅십자수  DIY: 2번 보라유니콘 (15cm 20cm)
697546105,SELLBLOG,NORMAL,아이가좋아해서 구매했는데 사이즈도적당하고 시간잘가요ㅎ,2019-07-07T22:53:48.000+0000,STOREFARM,5,지니맘 어린이 보석십자수 캐릭터 큐빅십자수,지니맘 큐빅십자수  DIY: 22번 부엉이 (15cm 20cm)
698032777,SELLBLOG,NORMAL,너무 예뻐요. 애들이좋아해요,2019-07-08T21:52:35.000+0000,STOREFARM,5,지니맘 어린이 보석십자수 캐릭터 큐빅십자수,지니맘 큐빅십자수  DIY: 8번 꽃사슴 (15cm 20cm)
699705309,SELLBLOG,NORMAL,아이가 하기에 블링블링 너무 이쁩니다.,2019-07-12T01:27:24.000+0000,STOREFARM,4,지니맘 어린이 보석십자수 캐릭터 큐빅십자수,지니맘 큐빅십자수  DIY: 22번 부엉이 (15cm 20cm)
691764412,SELLBLOG,NORMAL,아이가 좋아해요~~,2019-06-25T08:24:57.000+0000,STOREFARM,5,지니맘 어린이 보석십자수 캐릭터 큐빅십자수,지니맘 큐빅십자수  DIY: 1번 유니콘 (15cm 20cm)
698498158,SELLBLOG,AFTER_USE,많이 아파 집에 있는데 시간 잘가내요,2019-07-09T14:13:17.000+0000,STOREFARM,4,지니맘 어린이 보석십자수 캐릭터 큐빅십자수,지니맘 큐빅십자수  DIY: 26번 돌고래(15cm 20cm)
693810688,SELLBLOG,NORMAL,반짜반짝 너무이뻐요7살아이 집중력은 조금 떨어져두 잘하네요ㅎㅎ 몇일걸려완성여 너무이뻐요,2019-06-29T14:29:00.000+0000,STOREFARM,4,지니맘 어린이 보석십자수 캐릭터 큐빅십자수,지니맘 큐빅십자수  DIY: 8번 꽃사슴 (15cm 20cm)
698584729,SELLBLOG,NORMAL,진짜보석 십자수라며 좋아하네요,2019-07-09T22:49:34.000+0000,STOREFARM,5,지니맘 어린이 보석십자수 캐릭터 큐빅십자수,지니맘 큐빅십자수  DIY: 3번 분홍사슴 (15cm 20cm)
699252135,SELLBLOG,NORMAL,도안이 이쁘고 배송도 빨라영 ㅋ,2019-07-11T03:38:44.000+0000,STOREFARM,4,지니맘 어린이 보석십자수 캐릭터 큐빅십자수,지니맘 큐빅십자수  DIY: 20번 거미 (15cm 20cm)
699252069,SELLBLOG,NORMAL,도안이 이쁘고 배송도 빨라영 ㅋ,2019-07-11T03:38:38.000+0000,STOREFARM,4,지니맘 어린이 보석십자수 캐릭터 큐빅십자수,지니맘 큐빅십자수  DIY: 17번 가면 (15cm 20cm)
699252024,SELLBLOG,NORMAL,도안이 이쁘고 배송도 빨라영 ㅋ,2019-07-11T03:38:31.000+0000,STOREFARM,4,지니맘 어린이 보석십자수 캐릭터 큐빅십자수,지니맘 큐빅십자수  DIY: 1번 유니콘 (15cm 20cm)
699251953,SELLBLOG,NORMAL,도안이 이쁘고 배송도 빨라영 ㅋ,2019-07-11T03:38:21.000+0000,STOREFARM,4,지니맘 어린이 보석십자수 캐릭터 큐빅십자수,지니맘 큐빅십자수  DIY: 8번 꽃사슴 (15cm 20cm)
699251756,SELLBLOG,NORMAL,도안이 이쁘고 배송도 빨라영 ㅋ,2019-07-11T03:37:57.000+0000,STOREFARM,4,지니맘 어린이 보석십자수 캐릭터 큐빅십자수,지니맘 큐빅십자수  DIY: 23번 사자 (15cm 20cm)
695305742,SELLBLOG,NORMAL,"동생 태교용으로 선물했어요.
이쁘다면서 너무 좋아하네요^^",2019-07-03T01:36:54.000+0000,STOREFARM,5,지니맘 어린이 보석십자수 캐릭터 큐빅십자수,지니맘 큐빅십자수  DIY: 2번 보라유니콘 (15cm 20cm)
697536823,SELLBLOG,NORMAL,아이가직접고른디자인인데 너무귀엽네요,2019-07-07T22:07:58.000+0000,STOREFARM,5,지니맘 어린이 보석십자수 캐릭터 큐빅십자수,지니맘 큐빅십자수  DIY: 1번 유니콘 (15cm 20cm)
699265784,SELLBLOG,NORMAL,배송빠르고 제품 좋아요,2019-07-11T04:06:38.000+0000,STOREFARM,5,지니맘 어린이 보석십자수 캐릭터 큐빅십자수,지니맘 큐빅십자수  DIY: 8번 꽃사슴 (15cm 20cm)
699265699,SELLBLOG,NORMAL,배송빠르고 제품 좋아요,2019-07-11T04:06:28.000+0000,STOREFARM,5,지니맘 어린이 보석십자수 캐릭터 큐빅십자수,지니맘 큐빅십자수  DIY: 1번 유니콘 (15cm 20cm)
699265636,SELLBLOG,NORMAL,배송빠르고 제품 좋아요,2019-07-11T04:06:19.000+0000,STOREFARM,5,지니맘 어린이 보석십자수 캐릭터 큐빅십자수,지니맘 큐빅십자수  DIY: 11번 클로버 (15cm 20cm)
699265520,SELLBLOG,NORMAL,배송빠르고 제품 좋아요,2019-07-11T04:06:05.000+0000,STOREFARM,5,지니맘 어린이 보석십자수 캐릭터 큐빅십자수,지니맘 큐빅십자수  DIY: 22번 부엉이 (15cm 20cm)
699265164,SELLBLOG,NORMAL,배송빠르고 제품 좋아요,2019-07-11T04:05:22.000+0000,STOREFARM,5,지니맘 어린이 보석십자수 캐릭터 큐빅십자수,지니맘 큐빅십자수  DIY: 20번 거미 (15cm 20cm)
698584875,SELLBLOG,NORMAL,애들이 반짝인다고 좋아해요,2019-07-09T22:50:09.000+0000,STOREFARM,5,지니맘 어린이 보석십자수 캐릭터 큐빅십자수,지니맘 큐빅십자수  DIY: 4번 홍학 (15cm 20cm)
698498779,SELLBLOG,AFTER_USE,시간잘 가고 만들기도 쉬눠요,2019-07-09T14:14:28.000+0000,STOREFARM,4,지니맘 어린이 보석십자수 캐릭터 큐빅십자수,지니맘 큐빅십자수  DIY: 12번 슈퍼 (15cm 20cm)
699328013,SELLBLOG,NORMAL,딸아이가 너무 좋아합니다.^^,2019-07-11T05:58:55.000+0000,STOREFARM,3,지니맘 어린이 보석십자수 캐릭터 큐빅십자수,지니맘 큐빅십자수  DIY: 3번 분홍사슴 (15cm 20cm)
689609221,SELLBLOG,NORMAL,언제나 깔끔한포장 좋아요~^^,2019-06-20T09:04:24.000+0000,STOREFARM,4,지니맘 어린이 보석십자수 캐릭터 큐빅십자수,지니맘 큐빅십자수  DIY: 13번 스폰지 (15cm 20cm)
689609080,SELLBLOG,NORMAL,언제나 깔끔한포장 좋아요~^^,2019-06-20T09:04:07.000+0000,STOREFARM,4,지니맘 어린이 보석십자수 캐릭터 큐빅십자수,지니맘 큐빅십자수  DIY: 10번 안경토끼 (15cm 20cm)
689608953,SELLBLOG,NORMAL,언제나 깔끔한포장 좋아요~^^,2019-06-20T09:03:51.000+0000,STOREFARM,4,지니맘 어린이 보석십자수 캐릭터 큐빅십자수,지니맘 큐빅십자수  DIY: 17번 가면 (15cm 20cm)
689608748,SELLBLOG,NORMAL,언제나 깔끔한포장 좋아요~^^,2019-06-20T09:03:22.000+0000,STOREFARM,4,지니맘 어린이 보석십자수 캐릭터 큐빅십자수,지니맘 큐빅십자수  DIY: 23번 사자 (15cm 20cm)
689608596,SELLBLOG,NORMAL,언제나 깔끔한포장 좋아요~^^,2019-06-20T09:03:03.000+0000,STOREFARM,4,지니맘 어린이 보석십자수 캐릭터 큐빅십자수,지니맘 큐빅십자수  DIY: 26번 돌고래(15cm 20cm)
689608085,SELLBLOG,NORMAL,언제나 깔끔한포장 좋아요~^^,2019-06-20T09:01:59.000+0000,STOREFARM,4,지니맘 어린이 보석십자수 캐릭터 큐빅십자수,지니맘 큐빅십자수  DIY: 20번 거미 (15cm 20cm)
689607881,SELLBLOG,NORMAL,언제나 깔끔한포장 좋아요~^^,2019-06-20T09:01:36.000+0000,STOREFARM,4,지니맘 어린이 보석십자수 캐릭터 큐빅십자수,지니맘 큐빅십자수  DIY: 16번 별 (15cm 20cm)
689607660,SELLBLOG,NORMAL,언제나 깔끔한포장 좋아요~^^,2019-06-20T09:01:10.000+0000,STOREFARM,4,지니맘 어린이 보석십자수 캐릭터 큐빅십자수,지니맘 큐빅십자수  DIY: 13번 스폰지 (15cm 20cm)
689607439,SELLBLOG,NORMAL,언제나 깔끔한포장 좋아요~^^,2019-06-20T09:00:46.000+0000,STOREFARM,4,지니맘 어린이 보석십자수 캐릭터 큐빅십자수,지니맘 큐빅십자수  DIY: 8번 꽃사슴 (15cm 20cm)
689607169,SELLBLOG,NORMAL,언제나 깔끔한포장 좋아요~^^,2019-06-20T09:00:14.000+0000,STOREFARM,4,지니맘 어린이 보석십자수 캐릭터 큐빅십자수,지니맘 큐빅십자수  DIY: 3번 분홍사슴 (15cm 20cm)
689606521,SELLBLOG,NORMAL,언제나 깔끔한포장 좋아요~^^,2019-06-20T08:58:57.000+0000,STOREFARM,4,지니맘 어린이 보석십자수 캐릭터 큐빅십자수,지니맘 큐빅십자수  DIY: 25번 미니2  (15cm 20cm)
689606255,SELLBLOG,NORMAL,언제나 깔끔한포장 좋아요~^^,2019-06-20T08:58:25.000+0000,STOREFARM,4,지니맘 어린이 보석십자수 캐릭터 큐빅십자수,지니맘 큐빅십자수  DIY: 22번 부엉이 (15cm 20cm)
689605964,SELLBLOG,NORMAL,언제나 깔끔한포장 좋아요~^^,2019-06-20T08:57:53.000+0000,STOREFARM,4,지니맘 어린이 보석십자수 캐릭터 큐빅십자수,지니맘 큐빅십자수  DIY: 18번 망치 (15cm 20cm)
689605769,SELLBLOG,NORMAL,언제나 깔끔한포장 좋아요~^^,2019-06-20T08:57:28.000+0000,STOREFARM,4,지니맘 어린이 보석십자수 캐릭터 큐빅십자수,지니맘 큐빅십자수  DIY: 17번 가면 (15cm 20cm)
689605563,SELLBLOG,NORMAL,언제나 깔끔한포장 좋아요~^^,2019-06-20T08:57:03.000+0000,STOREFARM,4,지니맘 어린이 보석십자수 캐릭터 큐빅십자수,지니맘 큐빅십자수  DIY: 12번 슈퍼 (15cm 20cm)
689605335,SELLBLOG,NORMAL,언제나 깔끔한포장 좋아요~^^,2019-06-20T08:56:36.000+0000,STOREFARM,4,지니맘 어린이 보석십자수 캐릭터 큐빅십자수,지니맘 큐빅십자수  DIY: 11번 클로버 (15cm 20cm)
689604908,SELLBLOG,NORMAL,언제나 깔끔한포장 좋아요~^^,2019-06-20T08:55:47.000+0000,STOREFARM,4,지니맘 어린이 보석십자수 캐릭터 큐빅십자수,지니맘 큐빅십자수  DIY: 7번 소녀1  (15cm 20cm)
689604625,SELLBLOG,NORMAL,언제나 깔끔한포장 좋아요~^^,2019-06-20T08:55:12.000+0000,STOREFARM,4,지니맘 어린이 보석십자수 캐릭터 큐빅십자수,지니맘 큐빅십자수  DIY: 1번 유니콘 (15cm 20cm)
697546193,SELLBLOG,NORMAL,디자인도좋구 애도 만족합니다,2019-07-07T22:54:07.000+0000,STOREFARM,5,지니맘 어린이 보석십자수 캐릭터 큐빅십자수,지니맘 큐빅십자수  DIY: 7번 소녀1  (15cm 20cm)
693811091,SELLBLOG,NORMAL,7살딸애가 좋아해서 매번스티커구매했는데 이번액자랑 셋트구매해서 해놓으니 너무이쁘네요~,2019-06-29T14:30:10.000+0000,STOREFARM,4,지니맘 어린이 보석십자수 캐릭터 큐빅십자수,지니맘 큐빅십자수  DIY: 1번 유니콘 (15cm 20cm)
698499043,SELLBLOG,AFTER_USE,재밌어요  예쁘고 만들기 쉬워요,2019-07-09T14:15:03.000+0000,STOREFARM,4,지니맘 어린이 보석십자수 캐릭터 큐빅십자수,지니맘 큐빅십자수  DIY: 13번 스폰지 (15cm 20cm)
698498483,SELLBLOG,AFTER_USE,예쁘고 만들기 쉬워요 재밌어요,2019-07-09T14:13:52.000+0000,STOREFARM,4,지니맘 어린이 보석십자수 캐릭터 큐빅십자수,지니맘 큐빅십자수  DIY: 25번 미니2  (15cm 20cm)
698032734,SELLBLOG,NORMAL,애들이 매우 좋아해요,2019-07-08T21:52:17.000+0000,STOREFARM,5,지니맘 어린이 보석십자수 캐릭터 큐빅십자수,지니맘 큐빅십자수  DIY: 22번 부엉이 (15cm 20cm)
694209593,SELLBLOG,NORMAL,"사이즈가 굉장히 크네요 ㅎㅎ
오래걸리겠어요
감사해요",2019-06-30T15:52:28.000+0000,STOREFARM,5,지니맘 어린이 보석십자수 캐릭터 큐빅십자수,지니맘 큐빅십자수  DIY: 13번 스폰지 (15cm 20cm)
679140728,SELLBLOG,NORMAL,별이 큐빅컬러부터 사진과 아주 다릅니다. 이렇게 다를때는 사진을 다시 올려주셔야 맞지않나요? 이건 전혀 다른건데요..ㅠㅠ,2019-05-28T22:16:21.000+0000,STOREFARM,1,지니맘 어린이 보석십자수 캐릭터 큐빅십자수,지니맘 큐빅십자수  DIY: 16번 별 (15cm 20cm)
698032818,SELLBLOG,NORMAL,애들이넘좋아해요..,2019-07-08T21:52:55.000+0000,STOREFARM,5,지니맘 어린이 보석십자수 캐릭터 큐빅십자수,지니맘 큐빅십자수  DIY: 9번 겨울사슴 (15cm 20cm)
696111289,SELLBLOG,NORMAL,애들 시간 때우기로 너무 좋아요,2019-07-04T09:46:13.000+0000,STOREFARM,5,지니맘 어린이 보석십자수 캐릭터 큐빅십자수,지니맘 큐빅십자수  DIY: 19번 방패 (15cm 20cm)
695238564,SELLBLOG,NORMAL,아직해보진 않았지만 배송은 괜찮네요,2019-07-02T23:01:29.000+0000,STOREFARM,5,지니맘 어린이 보석십자수 캐릭터 큐빅십자수,지니맘 큐빅십자수  DIY: 4번 홍학 (15cm 20cm)
698032857,SELLBLOG,NORMAL,애들이 좋아해요..,2019-07-08T21:53:15.000+0000,STOREFARM,5,지니맘 어린이 보석십자수 캐릭터 큐빅십자수,지니맘 큐빅십자수  DIY: 26번 돌고래(15cm 20cm)
695238695,SELLBLOG,NORMAL,포장이나 배송상태가 괜찮네요,2019-07-02T23:02:03.000+0000,STOREFARM,5,지니맘 어린이 보석십자수 캐릭터 큐빅십자수,지니맘 큐빅십자수  DIY: 22번 부엉이 (15cm 20cm)
696111660,SELLBLOG,NORMAL,애들 시간 때우기 좋아요,2019-07-04T09:47:01.000+0000,STOREFARM,5,지니맘 어린이 보석십자수 캐릭터 큐빅십자수,지니맘 큐빅십자수  DIY: 3번 분홍사슴 (15cm 20cm)
696111471,SELLBLOG,NORMAL,애들 시간 때우기 좋아요,2019-07-04T09:46:34.000+0000,STOREFARM,5,지니맘 어린이 보석십자수 캐릭터 큐빅십자수,지니맘 큐빅십자수  DIY: 20번 거미 (15cm 20cm)
696111567,SELLBLOG,NORMAL,애둔 시간 때우기 좋아요,2019-07-04T09:46:47.000+0000,STOREFARM,5,지니맘 어린이 보석십자수 캐릭터 큐빅십자수,지니맘 큐빅십자수  DIY: 1번 유니콘 (15cm 20cm)
691749843,SELLBLOG,AFTER_USE,"나름 괜찮아요
슬림핏입니다 조아요
예뻐요 추천합니다",2019-06-25T07:56:43.000+0000,STOREFARM,3,지니맘 어린이 보석십자수 캐릭터 큐빅십자수,지니맘 큐빅십자수  DIY: 8번 꽃사슴 (15cm 20cm)
691749759,SELLBLOG,AFTER_USE,"나름 괜찮아요
슬림핏입니다 조아요
예뻐요 추천합니다",2019-06-25T07:56:33.000+0000,STOREFARM,3,지니맘 어린이 보석십자수 캐릭터 큐빅십자수,지니맘 큐빅십자수  DIY: 4번 홍학 (15cm 20cm)
691775319,SELLBLOG,NORMAL,시간금방가요!처음해봣는데 재미지네유,2019-06-25T08:45:15.000+0000,STOREFARM,5,지니맘 어린이 보석십자수 캐릭터 큐빅십자수,지니맘 큐빅십자수  DIY: 11번 클로버 (15cm 20cm)
695238838,SELLBLOG,NORMAL,해보진않았지만 괜찮아요,2019-07-02T23:02:34.000+0000,STOREFARM,5,지니맘 어린이 보석십자수 캐릭터 큐빅십자수,지니맘 큐빅십자수  DIY: 8번 꽃사슴 (15cm 20cm)
696112065,SELLBLOG,NORMAL,시간 때우기 좋아요,2019-07-04T09:47:49.000+0000,STOREFARM,5,지니맘 어린이 보석십자수 캐릭터 큐빅십자수,지니맘 큐빅십자수  DIY: 18번 망치 (15cm 20cm)
696111965,SELLBLOG,NORMAL,시간 때우기 좋아요,2019-07-04T09:47:38.000+0000,STOREFARM,5,지니맘 어린이 보석십자수 캐릭터 큐빅십자수,지니맘 큐빅십자수  DIY: 12번 슈퍼 (15cm 20cm)
679382262,SELLBLOG,NORMAL,"초등2ㅡ여아,초등1-남아 엄청잘하네요
집중력최고입니다
단점이라면.. 집중을 너무해서 늦게잤어요ㅜㅜ 흑흑
다하고 또사주기로했네요ㅡ다음에 또 올게요ㅎ",2019-05-29T07:05:57.000+0000,STOREFARM,5,지니맘 어린이 보석십자수 캐릭터 큐빅십자수,지니맘 큐빅십자수  DIY: 1번 유니콘 (15cm 20cm)
698385218,SELLBLOG,NORMAL,재미있어요!!!!!,2019-07-09T10:54:54.000+0000,STOREFARM,5,지니맘 어린이 보석십자수 캐릭터 큐빅십자수,지니맘 큐빅십자수  DIY: 4번 홍학 (15cm 20cm)
693506118,SELLBLOG,AFTER_USE,간편하고도다양하게할수있어서좋아요,2019-06-29T01:05:49.000+0000,STOREFARM,5,지니맘 어린이 보석십자수 캐릭터 큐빅십자수,지니맘 큐빅십자수  DIY: 1번 유니콘 (15cm 20cm)
691750749,SELLBLOG,NORMAL,좋아요 다음에 몇개더 주문하고 싶어요,2019-06-25T07:58:26.000+0000,STOREFARM,5,지니맘 어린이 보석십자수 캐릭터 큐빅십자수,지니맘 큐빅십자수  DIY: 1번 유니콘 (15cm 20cm)
694502702,SELLBLOG,NORMAL,집중력키우기 짱인거같아요.,2019-07-01T07:33:49.000+0000,STOREFARM,5,지니맘 어린이 보석십자수 캐릭터 큐빅십자수,지니맘 큐빅십자수  DIY: 2번 보라유니콘 (15cm 20cm)
694502642,SELLBLOG,NORMAL,집중력키우기 짱인거같아요.,2019-07-01T07:33:40.000+0000,STOREFARM,5,지니맘 어린이 보석십자수 캐릭터 큐빅십자수,지니맘 큐빅십자수  DIY: 22번 부엉이 (15cm 20cm)
694502570,SELLBLOG,NORMAL,집중력키우기 짱인거같아요.,2019-07-01T07:33:31.000+0000,STOREFARM,5,지니맘 어린이 보석십자수 캐릭터 큐빅십자수,지니맘 큐빅십자수  DIY: 3번 분홍사슴 (15cm 20cm)
676316404,SELLBLOG,NORMAL,"초등6학년 아들을 위해 아이언맨도 같이 샀는데..
조금 하다가 도망가서..ㅠㅠ
엄마인 제가 다 만드느라 죽는줄..ㅋ
그래두 만들어 놓고 보니 넘 이쁩니다~",2019-05-22T11:27:49.000+0000,STOREFARM,5,지니맘 어린이 보석십자수 캐릭터 큐빅십자수,지니맘 큐빅십자수  DIY: 22번 부엉이 (15cm 20cm)
694209757,SELLBLOG,NORMAL,친구생일선물로 구매했네요,2019-06-30T15:53:12.000+0000,STOREFARM,5,지니맘 어린이 보석십자수 캐릭터 큐빅십자수,지니맘 큐빅십자수  DIY: 25번 미니2  (15cm 20cm)
691750507,SELLBLOG,NORMAL,배송도빠르고 아이들이 쉽게할수있는 보석십자수네여~,2019-06-25T07:57:57.000+0000,STOREFARM,5,지니맘 어린이 보석십자수 캐릭터 큐빅십자수,지니맘 큐빅십자수  DIY: 19번 방패 (15cm 20cm)
690099915,SELLBLOG,NORMAL,"열심히 만들고있어요
아이들도 잼있어하고 어른인 제가해도
뭔가 힐링된듯하니기분좋아져요^^",2019-06-21T09:44:57.000+0000,STOREFARM,5,지니맘 어린이 보석십자수 캐릭터 큐빅십자수,지니맘 큐빅십자수  DIY: 1번 유니콘 (15cm 20cm)
689709661,SELLBLOG,NORMAL,"큐빅십자수 하다 보니 시간 가는줄 몰랐어요~
재미 있습니다^^",2019-06-20T12:46:52.000+0000,STOREFARM,4,지니맘 어린이 보석십자수 캐릭터 큐빅십자수,지니맘 큐빅십자수  DIY: 6번 소녀  (15cm 20cm)
685029834,SELLBLOG,NORMAL,예쁘게 만들어볼게요~,2019-06-11T03:42:37.000+0000,STOREFARM,4,지니맘 어린이 보석십자수 캐릭터 큐빅십자수,지니맘 큐빅십자수  DIY: 20번 거미 (15cm 20cm)
695238960,SELLBLOG,NORMAL,맘에들어요 괜찮아요,2019-07-02T23:02:58.000+0000,STOREFARM,5,지니맘 어린이 보석십자수 캐릭터 큐빅십자수,지니맘 큐빅십자수  DIY: 1번 유니콘 (15cm 20cm)
688785185,SELLBLOG,AFTER_USE,"아이가 좋아해요.
풀이 마르지 않아서 시간이 좀 걸려도 상관 없네요 ㅋ",2019-06-18T22:47:23.000+0000,STOREFARM,5,지니맘 어린이 보석십자수 캐릭터 큐빅십자수,지니맘 큐빅십자수  DIY: 20번 거미 (15cm 20cm)
685028189,SELLBLOG,NORMAL,언제나 그렇듯 예뻐요~^^,2019-06-11T03:38:32.000+0000,STOREFARM,4,지니맘 어린이 보석십자수 캐릭터 큐빅십자수,지니맘 큐빅십자수  DIY: 3번 분홍사슴 (15cm 20cm)
685029476,SELLBLOG,NORMAL,마리오도 귀여워요 ^^,2019-06-11T03:41:46.000+0000,STOREFARM,4,지니맘 어린이 보석십자수 캐릭터 큐빅십자수,지니맘 큐빅십자수  DIY: 12번 슈퍼 (15cm 20cm)
691750175,SELLBLOG,NORMAL,배송도빠르고 아이가 고른건데 좋아하네요 ^^,2019-06-25T07:57:21.000+0000,STOREFARM,5,지니맘 어린이 보석십자수 캐릭터 큐빅십자수,지니맘 큐빅십자수  DIY: 12번 슈퍼 (15cm 20cm)
692228894,SELLBLOG,AFTER_USE,아이의 집중력 향상에 너무 조아요,2019-06-26T06:01:52.000+0000,STOREFARM,4,지니맘 어린이 보석십자수 캐릭터 큐빅십자수,지니맘 큐빅십자수  DIY: 22번 부엉이 (15cm 20cm)
689154590,SELLBLOG,NORMAL,애들이 너무 좋아해요~~배송도 빠르고 너무 맘에 들어요,2019-06-19T11:46:24.000+0000,STOREFARM,5,지니맘 어린이 보석십자수 캐릭터 큐빅십자수,지니맘 큐빅십자수  DIY: 20번 거미 (15cm 20cm)
684365002,SELLBLOG,NORMAL,"사진보고 시간도 오래걸리고 어려울까봐 걱정했는데 8살 꼬마도 잘하네요!
비즈양도 넉넉하고 색감도 예쁘고 고급스럽습니다! 감사합니다^^",2019-06-09T13:16:52.000+0000,STOREFARM,5,지니맘 어린이 보석십자수 캐릭터 큐빅십자수,지니맘 큐빅십자수  DIY: 23번 사자 (15cm 20cm)
686061252,SELLBLOG,NORMAL,"이뻐요.
애들이 엄청 좋아해요.
근데  이것만 붙잡고 할일을 안해서 담엔  주말에  풀어야 겠어요~~^^",2019-06-13T00:07:27.000+0000,STOREFARM,5,지니맘 어린이 보석십자수 캐릭터 큐빅십자수,지니맘 큐빅십자수  DIY: 4번 작은유니콘(15cm 15cm)
680935306,SELLBLOG,NORMAL,"하루만에 완성했어요
너무 마음에 들어요",2019-06-01T13:18:08.000+0000,STOREFARM,5,지니맘 어린이 보석십자수 캐릭터 큐빅십자수,지니맘 큐빅십자수  DIY: 26번 돌고래(15cm 20cm)
690100085,SELLBLOG,NORMAL,"잼있어요
힐링포인트에요",2019-06-21T09:45:28.000+0000,STOREFARM,5,지니맘 어린이 보석십자수 캐릭터 큐빅십자수,지니맘 큐빅십자수  DIY: 22번 부엉이 (15cm 20cm)
678983988,SELLBLOG,NORMAL,"아이가 집중해서 열심히 하네요
재밌다고 잘하네요",2019-05-28T11:48:34.000+0000,STOREFARM,5,지니맘 어린이 보석십자수 캐릭터 큐빅십자수,지니맘 큐빅십자수  DIY: 1번 유니콘 (15cm 20cm)
677381962,SELLBLOG,NORMAL,"아이도 좋아하고 남편도 푹 빠졌어요~
완성해서 액자에 끼우니 넘 이쁩니다~",2019-05-24T14:56:39.000+0000,STOREFARM,5,지니맘 어린이 보석십자수 캐릭터 큐빅십자수,지니맘 큐빅십자수  DIY: 20번 거미 (15cm 20cm)
680418108,SELLBLOG,NORMAL,아이가 너무 좋아합니다 집중해서 하니까 좋네요,2019-05-31T08:12:02.000+0000,STOREFARM,5,지니맘 어린이 보석십자수 캐릭터 큐빅십자수,지니맘 큐빅십자수  DIY: 2번 보라유니콘 (15cm 20cm)
691431787,SELLBLOG,NORMAL,아이들이재미있어해요~,2019-06-24T13:47:24.000+0000,STOREFARM,5,지니맘 어린이 보석십자수 캐릭터 큐빅십자수,지니맘 큐빅십자수  DIY: 13번 스폰지 (15cm 20cm)
691431678,SELLBLOG,NORMAL,아이들이재미있어해요^^,2019-06-24T13:47:07.000+0000,STOREFARM,5,지니맘 어린이 보석십자수 캐릭터 큐빅십자수,지니맘 큐빅십자수  DIY: 1번 유니콘 (15cm 20cm)
690929457,SELLBLOG,NORMAL,아이가 너무 좋아하네요,2019-06-23T13:18:08.000+0000,STOREFARM,5,지니맘 어린이 보석십자수 캐릭터 큐빅십자수,지니맘 큐빅십자수  DIY: 26번 돌고래(15cm 20cm)
690929296,SELLBLOG,NORMAL,아이가 너무 좋아하네요,2019-06-23T13:17:45.000+0000,STOREFARM,5,지니맘 어린이 보석십자수 캐릭터 큐빅십자수,지니맘 큐빅십자수  DIY: 22번 부엉이 (15cm 20cm)
690929166,SELLBLOG,NORMAL,아이가 너무 좋아하네요,2019-06-23T13:17:24.000+0000,STOREFARM,5,지니맘 어린이 보석십자수 캐릭터 큐빅십자수,지니맘 큐빅십자수  DIY: 1번 유니콘 (15cm 20cm)
690929014,SELLBLOG,NORMAL,아이가 너무 좋아하네요,2019-06-23T13:17:00.000+0000,STOREFARM,5,지니맘 어린이 보석십자수 캐릭터 큐빅십자수,지니맘 큐빅십자수  DIY: 23번 사자 (15cm 20cm)
680934965,SELLBLOG,NORMAL,아이들보다 제가 더 좋아해요,2019-06-01T13:17:15.000+0000,STOREFARM,5,지니맘 어린이 보석십자수 캐릭터 큐빅십자수,지니맘 큐빅십자수  DIY: 22번 부엉이 (15cm 20cm)
690100567,SELLBLOG,NORMAL,아이랑 같이하기에 즐거워요,2019-06-21T09:46:46.000+0000,STOREFARM,5,지니맘 어린이 보석십자수 캐릭터 큐빅십자수,지니맘 큐빅십자수  DIY: 7번 소녀1  (15cm 20cm)
689343217,SELLBLOG,AFTER_USE,좋긴한데 생각보다 비싼것같아요,2019-06-20T00:26:04.000+0000,STOREFARM,3,지니맘 어린이 보석십자수 캐릭터 큐빅십자수,지니맘 큐빅십자수  DIY: 26번 돌고래(15cm 20cm)
686058592,SELLBLOG,NORMAL,"목이 아프다 할 정도로 집중하네요.
그리고 블링블링 정말 이뿌네요~~~~",2019-06-13T00:01:27.000+0000,STOREFARM,5,지니맘 어린이 보석십자수 캐릭터 큐빅십자수,지니맘 큐빅십자수  DIY: 5번 펭귄(15cm 15cm)
690100464,SELLBLOG,NORMAL,어른이하기에도 잼있어요,2019-06-21T09:46:31.000+0000,STOREFARM,5,지니맘 어린이 보석십자수 캐릭터 큐빅십자수,지니맘 큐빅십자수  DIY: 3번 분홍사슴 (15cm 20cm)
688784922,SELLBLOG,AFTER_USE,캐릭터가 귀엽고 재밌게 할 수 있어요,2019-06-18T22:46:20.000+0000,STOREFARM,5,지니맘 어린이 보석십자수 캐릭터 큐빅십자수,지니맘 큐빅십자수  DIY: 10번 안경토끼 (15cm 20cm)
680935633,SELLBLOG,NORMAL,아이 집중력 짱이예요,2019-06-01T13:19:02.000+0000,STOREFARM,5,지니맘 어린이 보석십자수 캐릭터 큐빅십자수,지니맘 큐빅십자수  DIY: 23번 사자 (15cm 20cm)
690425250,SELLBLOG,NORMAL,아이들이..참좋아하네욘,2019-06-22T07:03:24.000+0000,STOREFARM,4,지니맘 어린이 보석십자수 캐릭터 큐빅십자수,지니맘 큐빅십자수  DIY: 18번 망치 (15cm 20cm)
690425164,SELLBLOG,NORMAL,아이들이  너무좋아해요^^,2019-06-22T07:03:10.000+0000,STOREFARM,4,지니맘 어린이 보석십자수 캐릭터 큐빅십자수,지니맘 큐빅십자수  DIY: 1번 유니콘 (15cm 20cm)
689989514,SELLBLOG,NORMAL,아이들이 너무 좋아해요~,2019-06-21T05:35:45.000+0000,STOREFARM,5,지니맘 어린이 보석십자수 캐릭터 큐빅십자수,지니맘 큐빅십자수  DIY: 2번 보라유니콘 (15cm 20cm)
683566452,SELLBLOG,AFTER_USE,학생들이 좋아해요~~ 너무 촘촘한 성인 큐빅십자수에 비해 아이들이 하기 좋고 디자인도 좋아요^^,2019-06-07T13:47:47.000+0000,STOREFARM,5,지니맘 어린이 보석십자수 캐릭터 큐빅십자수,지니맘 큐빅십자수  DIY: 1번 사탕(15cm 15cm)
689988988,SELLBLOG,NORMAL,딸 아이가 너무 좋아하네요~^^,2019-06-21T05:34:41.000+0000,STOREFARM,5,지니맘 어린이 보석십자수 캐릭터 큐빅십자수,지니맘 큐빅십자수  DIY: 1번 유니콘 (15cm 20cm)
680419788,SELLBLOG,NORMAL,여자 아이가 참 좋아해요~,2019-05-31T08:15:48.000+0000,STOREFARM,5,지니맘 어린이 보석십자수 캐릭터 큐빅십자수,지니맘 큐빅십자수  DIY: 18번 망치 (15cm 20cm)
682271972,SELLBLOG,NORMAL,"아이들이재밌게놀았는데 큐빅이라그런지 눈이조금아프네요ㅋ
그래도 큐빅넉넉히 넣어주셔서 잘놀았답니다",2019-06-04T12:43:04.000+0000,STOREFARM,3,지니맘 어린이 보석십자수 캐릭터 큐빅십자수,지니맘 큐빅십자수  DIY: 26번 돌고래(15cm 20cm)
686059459,SELLBLOG,NORMAL,"일단 반짝반짝 너무 이뿌네요.
종류별로 사달래요",2019-06-13T00:03:32.000+0000,STOREFARM,5,지니맘 어린이 보석십자수 캐릭터 큐빅십자수,지니맘 큐빅십자수  DIY: 8번 꽃사슴 (15cm 20cm)
690425298,SELLBLOG,NORMAL,아이들이..참좋아해요  ㅎㅎ,2019-06-22T07:03:33.000+0000,STOREFARM,4,지니맘 어린이 보석십자수 캐릭터 큐빅십자수,지니맘 큐빅십자수  DIY: 2번 보라유니콘 (15cm 20cm)
689989327,SELLBLOG,NORMAL,아이들이 너무 좋아해요~^^,2019-06-21T05:35:24.000+0000,STOREFARM,5,지니맘 어린이 보석십자수 캐릭터 큐빅십자수,지니맘 큐빅십자수  DIY: 22번 부엉이 (15cm 20cm)
666614006,SELLBLOG,NORMAL,"남자아이셋이 머리맞대고 집중하면서 두세시간을 보낸다는게 신기할뿐이에요.ㅋㅋ하루에 다 못하고 3일걸렸어요.주말에 액자사러갈려구요.완성해놓으니 너무 이뻐요.아참 아이들은 초등학년들이에요.2학년인 막내는 좀 힘들어해서 도와줬구요 6학년은 혼자했답니다.
또구입해야겠어요.~^^",2019-04-30T06:30:43.000+0000,STOREFARM,5,지니맘 어린이 보석십자수 캐릭터 큐빅십자수,지니맘 큐빅십자수  DIY: 8번 꽃사슴 (15cm 20cm)
675690736,SELLBLOG,NORMAL,"일단 배송이 빨라서 좋았고요.
아이들이 하기에 정말 좋았어요. 처음이라, 제일 작은사이즈로 시텨서 해보았는데요. 만 하루만에 다 완성해버리네요.
참고로 아이들 3학년입니다.

이제 조금 큰 사이즈로 도전해봐야겠네요~~~
집중력 향상과 늘 심심해 하는 아이들 위해서 참 좋은 취미가 생겼어요~~~ 강추입니다.",2019-05-21T08:52:18.000+0000,STOREFARM,5,지니맘 어린이 보석십자수 캐릭터 큐빅십자수,지니맘 큐빅십자수  DIY: 25번 미니2  (15cm 20cm)
675061720,SELLBLOG,NORMAL,"초등딸 사줬는데 초 집중해서 하네요~
하고나니 이쁩니다.",2019-05-20T02:19:24.000+0000,STOREFARM,5,지니맘 어린이 보석십자수 캐릭터 큐빅십자수,지니맘 큐빅십자수  DIY: 1번 유니콘 (15cm 20cm)
669396628,SELLBLOG,NORMAL,"액자에 넣으니 확살죠?
배송도 무척빠르고 판매자분도 너무 친절해요
키티는 네이버에 도안없어서 11번가에서 구매햇어용 쉬는날 남친이랑 시간때우기 짱이에용 수고하세용",2019-05-07T10:45:27.000+0000,STOREFARM,5,지니맘 어린이 보석십자수 캐릭터 큐빅십자수,지니맘 큐빅십자수  DIY: 15번 베트맨 (15cm 20cm)
681319840,SELLBLOG,NORMAL,"잼나게 잘하고 있어요~
도안이 엄청 이쁘고 멋지네요 
어벤져스 스파이더맨 돌고래~애들이 핸드폰줄이고 요거 하고 있어요~",2019-06-02T13:48:31.000+0000,STOREFARM,5,지니맘 어린이 보석십자수 캐릭터 큐빅십자수,지니맘 큐빅십자수  DIY: 17번 가면 (15cm 20cm)
679382697,SELLBLOG,NORMAL,"초딩저학년 아이들 너무잘하네요

큐빅을 자주 엎긴하지만..ㅋ 집중도 잘하고
하면서 뿌듯하고 그런가봐요
잘샀네요
저도 큰거하나 사볼까합니다",2019-05-29T07:06:55.000+0000,STOREFARM,5,지니맘 어린이 보석십자수 캐릭터 큐빅십자수,지니맘 큐빅십자수  DIY: 23번 사자 (15cm 20cm)
680936019,SELLBLOG,NORMAL,너무 너무 재미있어요,2019-06-01T13:20:03.000+0000,STOREFARM,5,지니맘 어린이 보석십자수 캐릭터 큐빅십자수,지니맘 큐빅십자수  DIY: 7번 소녀1  (15cm 20cm)
688785232,SELLBLOG,NORMAL,예쁘고마음에 들어요,2019-06-18T22:47:35.000+0000,STOREFARM,5,지니맘 어린이 보석십자수 캐릭터 큐빅십자수,지니맘 큐빅십자수  DIY: 20번 거미 (15cm 20cm)
688785313,SELLBLOG,NORMAL,예쁘고마음엥 들어요,2019-06-18T22:47:54.000+0000,STOREFARM,5,지니맘 어린이 보석십자수 캐릭터 큐빅십자수,지니맘 큐빅십자수  DIY: 2번 보라유니콘 (15cm 20cm)
688785166,SELLBLOG,NORMAL,예쁘고마음에들어요ㅋ,2019-06-18T22:47:19.000+0000,STOREFARM,5,지니맘 어린이 보석십자수 캐릭터 큐빅십자수,지니맘 큐빅십자수  DIY: 7번 소녀1  (15cm 20cm)
686614762,SELLBLOG,NORMAL,너무 예쁘네요~ 마음에 들어요,2019-06-14T02:01:58.000+0000,STOREFARM,5,지니맘 어린이 보석십자수 캐릭터 큐빅십자수,지니맘 큐빅십자수  DIY: 6번 소녀  (15cm 20cm)
686216110,SELLBLOG,NORMAL,상당히크네요.  아이가 좋아해요,2019-06-13T05:14:48.000+0000,STOREFARM,3,지니맘 어린이 보석십자수 캐릭터 큐빅십자수,지니맘 큐빅십자수  DIY: 20번 거미 (15cm 20cm)
684365433,SELLBLOG,NORMAL,좋아요! 액자에 넣어도 될만큼 고급스럽네요,2019-06-09T13:17:55.000+0000,STOREFARM,5,지니맘 어린이 보석십자수 캐릭터 큐빅십자수,지니맘 큐빅십자수  DIY: 12번 슈퍼 (15cm 20cm)
684467355,SELLBLOG,NORMAL,아이들이 좋아해요 재미있어 하네요,2019-06-09T23:31:37.000+0000,STOREFARM,5,지니맘 어린이 보석십자수 캐릭터 큐빅십자수,지니맘 큐빅십자수  DIY: 8번 꽃사슴 (15cm 20cm)
684467316,SELLBLOG,NORMAL,아이들이 좋아해요 재미있어 하네요,2019-06-09T23:31:25.000+0000,STOREFARM,5,지니맘 어린이 보석십자수 캐릭터 큐빅십자수,지니맘 큐빅십자수  DIY: 1번 사탕(15cm 15cm)
684467276,SELLBLOG,NORMAL,아이들이 좋아해요 재미있어 하네요,2019-06-09T23:31:16.000+0000,STOREFARM,5,지니맘 어린이 보석십자수 캐릭터 큐빅십자수,지니맘 큐빅십자수  DIY: 22번 부엉이 (15cm 20cm)
684467229,SELLBLOG,NORMAL,아이들이 좋아해요 재미있어 하네요,2019-06-09T23:31:06.000+0000,STOREFARM,5,지니맘 어린이 보석십자수 캐릭터 큐빅십자수,지니맘 큐빅십자수  DIY: 4번 작은유니콘(15cm 15cm)
688785088,SELLBLOG,NORMAL,재밋고 예뻐요 좋네요,2019-06-18T22:47:02.000+0000,STOREFARM,5,지니맘 어린이 보석십자수 캐릭터 큐빅십자수,지니맘 큐빅십자수  DIY: 15번 베트맨 (15cm 20cm)
684365193,SELLBLOG,NORMAL,좋아요! 재구매 의사 있습니다,2019-06-09T13:17:19.000+0000,STOREFARM,5,지니맘 어린이 보석십자수 캐릭터 큐빅십자수,지니맘 큐빅십자수  DIY: 15번 베트맨 (15cm 20cm)
681989066,SELLBLOG,NORMAL,"반짝이가 이뻐요 근데 어른취향은 아니에요
그림이 이쁘지가 않아요",2019-06-04T03:49:46.000+0000,STOREFARM,4,지니맘 어린이 보석십자수 캐릭터 큐빅십자수,지니맘 큐빅십자수  DIY: 13번 스폰지 (15cm 20cm)
677382240,SELLBLOG,NORMAL,도착하자마자 완성~~이뽀요~~,2019-05-24T14:57:45.000+0000,STOREFARM,5,지니맘 어린이 보석십자수 캐릭터 큐빅십자수,지니맘 큐빅십자수  DIY: 13번 스폰지 (15cm 20cm)
666615861,SELLBLOG,NORMAL,"초등학생 남자아이셋이 하나씩 만들었구요.생각보다 커서 놀랬어요.
 삼일걸렸습니다,
막내 초2학년은 제가 도와줬구요.
완성해놓으니 너무 예뻐서 주말에 액자사서 끼워놓을려구요.^^",2019-04-30T06:34:34.000+0000,STOREFARM,5,지니맘 어린이 보석십자수 캐릭터 큐빅십자수,지니맘 큐빅십자수  DIY: 2번 보라유니콘 (15cm 20cm)
666615737,SELLBLOG,NORMAL,"초등학생 남자아이셋이 하나씩 만들었구요.생각보다 커서 놀랬어요.
 삼일걸렸습니다,
막내 초2학년은 제가 도와줬구요.
완성해놓으니 너무 예뻐서 주말에 액자사서 끼워놓을려구요.^^",2019-04-30T06:34:20.000+0000,STOREFARM,5,지니맘 어린이 보석십자수 캐릭터 큐빅십자수,지니맘 큐빅십자수  DIY: 20번 거미 (15cm 20cm)
666615595,SELLBLOG,NORMAL,"초등학생 남자아이셋이 하나씩 만들었구요.생각보다 커서 놀랬어요.
 삼일걸렸습니다,
막내 초2학년은 제가 도와줬구요.
완성해놓으니 너무 예뻐서 주말에 액자사서 끼워놓을려구요.^^",2019-04-30T06:34:04.000+0000,STOREFARM,5,지니맘 어린이 보석십자수 캐릭터 큐빅십자수,지니맘 큐빅십자수  DIY: 21번 별유니콘 (15cm 20cm)
674890415,SELLBLOG,NORMAL,아이가 너무 좋아하고 6세인데 제법 잘 해여,2019-05-19T13:48:50.000+0000,STOREFARM,5,지니맘 어린이 보석십자수 캐릭터 큐빅십자수,지니맘 큐빅십자수  DIY: 8번 꽃사슴 (15cm 20cm)
683299452,SELLBLOG,AFTER_USE,재미있어요 아이가 좋아해요,2019-06-07T01:42:12.000+0000,STOREFARM,5,지니맘 어린이 보석십자수 캐릭터 큐빅십자수,지니맘 큐빅십자수  DIY: 22번 부엉이 (15cm 20cm)
683299357,SELLBLOG,AFTER_USE,재미있어요 아이가 좋아해요,2019-06-07T01:41:58.000+0000,STOREFARM,5,지니맘 어린이 보석십자수 캐릭터 큐빅십자수,지니맘 큐빅십자수  DIY: 26번 돌고래(15cm 20cm)
685312961,SELLBLOG,AFTER_USE,편하게  만들수 있어요  재밌어요,2019-06-11T12:41:25.000+0000,STOREFARM,4,지니맘 어린이 보석십자수 캐릭터 큐빅십자수,지니맘 큐빅십자수  DIY: 8번 꽃사슴 (15cm 20cm)
678533669,SELLBLOG,NORMAL,"큐빅이 벗겨진게 좀 있네요.
도안에 동그라미가 큐빅보다 커서 좀 지저분해 보이긴 하지만 아이가 좋아해요.",2019-05-27T11:26:02.000+0000,STOREFARM,3,지니맘 어린이 보석십자수 캐릭터 큐빅십자수,지니맘 큐빅십자수  DIY: 17번 가면 (15cm 20cm)
678533605,SELLBLOG,NORMAL,"큐빅이 벗겨진게 좀 있네요.
도안에 동그라미가 큐빅보다 커서 좀 지저분해 보이긴 하지만 아이가 좋아해요.",2019-05-27T11:25:52.000+0000,STOREFARM,3,지니맘 어린이 보석십자수 캐릭터 큐빅십자수,지니맘 큐빅십자수  DIY: 11번 클로버 (15cm 20cm)
685312550,SELLBLOG,AFTER_USE,쉽게 만들 수 있어요 재밌어요,2019-06-11T12:40:45.000+0000,STOREFARM,4,지니맘 어린이 보석십자수 캐릭터 큐빅십자수,지니맘 큐빅십자수  DIY: 22번 부엉이 (15cm 20cm)
685312151,SELLBLOG,AFTER_USE,아플때 시간가기 좋네요 ㅇ케뻐요,2019-06-11T12:40:10.000+0000,STOREFARM,5,지니맘 어린이 보석십자수 캐릭터 큐빅십자수,지니맘 큐빅십자수  DIY: 23번 사자 (15cm 20cm)
674890631,SELLBLOG,NORMAL,6세여아인데 제법 잘하고 좋아여,2019-05-19T13:49:23.000+0000,STOREFARM,5,지니맘 어린이 보석십자수 캐릭터 큐빅십자수,지니맘 큐빅십자수  DIY: 22번 부엉이 (15cm 20cm)
675692472,SELLBLOG,NORMAL,"배송 빠르고. 집중력 향상과 매번 심심하다는 아이에게 딱 좋은 취미가 생겼어요... 
만 하루만에 다 했으니까요.. 이젠 조금 더 큰 사이즈로 해야겠어요~~~",2019-05-21T08:55:39.000+0000,STOREFARM,5,지니맘 어린이 보석십자수 캐릭터 큐빅십자수,지니맘 큐빅십자수  DIY: 26번 돌고래(15cm 20cm)
675691780,SELLBLOG,NORMAL,"배송 빠르고. 집중력 향상과 매번 심심하다는 아이에게 딱 좋은 취미가 생겼어요... 
만 하루만에 다 했으니까요.. 이젠 조금 더 큰 사이즈로 해야겠어요~~~",2019-05-21T08:54:18.000+0000,STOREFARM,5,지니맘 어린이 보석십자수 캐릭터 큐빅십자수,지니맘 큐빅십자수  DIY: 1번 유니콘 (15cm 20cm)
676315495,SELLBLOG,NORMAL,제품 질이 매우 좋아요~~^^,2019-05-22T11:25:59.000+0000,STOREFARM,5,지니맘 어린이 보석십자수 캐릭터 큐빅십자수,지니맘 큐빅십자수  DIY: 17번 가면 (15cm 20cm)
680596152,SELLBLOG,NORMAL,"이삐고 애들이 너무 좋아하네요
재구매해야겠어요",2019-05-31T17:26:49.000+0000,STOREFARM,5,지니맘 어린이 보석십자수 캐릭터 큐빅십자수,지니맘 큐빅십자수  DIY: 2번 보라유니콘 (15cm 20cm)
674890080,SELLBLOG,NORMAL,아이가 너무 좋아합니다,2019-05-19T13:47:58.000+0000,STOREFARM,5,지니맘 어린이 보석십자수 캐릭터 큐빅십자수,지니맘 큐빅십자수  DIY: 1번 유니콘 (15cm 20cm)
683337245,SELLBLOG,NORMAL,혼자시간조내기에 아주조라용,2019-06-07T03:29:53.000+0000,STOREFARM,4,지니맘 어린이 보석십자수 캐릭터 큐빅십자수,지니맘 큐빅십자수  DIY: 18번 망치 (15cm 20cm)
670332670,SELLBLOG,NORMAL,언제나 깔끔하게 포장되어있어 좋아요. 완성하면 최고로 예뻐요~^^,2019-05-09T10:23:33.000+0000,STOREFARM,4,지니맘 어린이 보석십자수 캐릭터 큐빅십자수,지니맘 큐빅십자수  DIY: 20번 거미 (15cm 20cm)
670332471,SELLBLOG,NORMAL,언제나 깔끔하게 포장되어있어 좋아요. 완성하면 최고로 예뻐요~^^,2019-05-09T10:23:11.000+0000,STOREFARM,4,지니맘 어린이 보석십자수 캐릭터 큐빅십자수,지니맘 큐빅십자수  DIY: 8번 꽃사슴 (15cm 20cm)
670332291,SELLBLOG,NORMAL,언제나 깔끔하게 포장되어있어 좋아요. 완성하면 최고로 예뻐요~^^,2019-05-09T10:22:49.000+0000,STOREFARM,4,지니맘 어린이 보석십자수 캐릭터 큐빅십자수,지니맘 큐빅십자수  DIY: 3번 분홍사슴 (15cm 20cm)
670332125,SELLBLOG,NORMAL,언제나 깔끔하게 포장되어있어 좋아요. 완성하면 최고로 예뻐요~^^,2019-05-09T10:22:29.000+0000,STOREFARM,4,지니맘 어린이 보석십자수 캐릭터 큐빅십자수,지니맘 큐빅십자수  DIY: 22번 부엉이 (15cm 20cm)
678581122,SELLBLOG,NORMAL,"아이들이 앉아서 열심히 하네요
조용히 앉아서 하니까 너무 좋아요 
완성하면 너무 너무 이뻐요",2019-05-27T13:38:32.000+0000,STOREFARM,5,지니맘 어린이 보석십자수 캐릭터 큐빅십자수,지니맘 큐빅십자수  DIY: 7번 소녀1  (15cm 20cm)
678581443,SELLBLOG,NORMAL,"아이들이 좋아해서 구입했어요
끈기있게 앉아서 잘하고 좋아요",2019-05-27T13:39:23.000+0000,STOREFARM,5,지니맘 어린이 보석십자수 캐릭터 큐빅십자수,지니맘 큐빅십자수  DIY: 21번 별유니콘 (15cm 20cm)
678107883,SELLBLOG,AFTER_USE,"아이들이 정말 좋다네요.
저도 함께하니 시간가는줄 모르고 했어요.",2019-05-26T13:07:24.000+0000,STOREFARM,3,지니맘 어린이 보석십자수 캐릭터 큐빅십자수,지니맘 큐빅십자수  DIY: 21번 별유니콘 (15cm 20cm)
682272275,SELLBLOG,NORMAL,아이들과재밌게잘놀았어요,2019-06-04T12:43:33.000+0000,STOREFARM,3,지니맘 어린이 보석십자수 캐릭터 큐빅십자수,지니맘 큐빅십자수  DIY: 1번 유니콘 (15cm 20cm)
677079705,SELLBLOG,NORMAL,"5살아이가 너무좋아하여 구매하엿습니다!
저도 옆에서같이하는데. 재미있네요..ㅎ",2019-05-24T01:59:28.000+0000,STOREFARM,5,지니맘 어린이 보석십자수 캐릭터 큐빅십자수,지니맘 큐빅십자수  DIY: 1번 사탕(15cm 15cm)
679564533,SELLBLOG,AFTER_USE,6살 아들래미 시켜주려고 샀는데 엄마가 더 재미있어하는 중입니다 ㅎ,2019-05-29T13:23:25.000+0000,STOREFARM,5,지니맘 어린이 보석십자수 캐릭터 큐빅십자수,지니맘 큐빅십자수  DIY: 5번 펭귄(15cm 15cm)
668419166,SELLBLOG,NORMAL,"8살 아이 어린이날 선물로 구매했는데
너무 좋아하네요ㅎㅎ 만족합니다",2019-05-04T12:59:02.000+0000,STOREFARM,5,지니맘 어린이 보석십자수 캐릭터 큐빅십자수,지니맘 큐빅십자수  DIY: 21번 별유니콘 (15cm 20cm)
680596218,SELLBLOG,NORMAL,너무 이쁘고 3학년 아들과 6세딸 좋아하니 뿌듯합니다,2019-05-31T17:27:22.000+0000,STOREFARM,5,지니맘 어린이 보석십자수 캐릭터 큐빅십자수,지니맘 큐빅십자수  DIY: 1번 유니콘 (15cm 20cm)
668772047,SELLBLOG,NORMAL,아이가 좋아하고 포장도 깔끔해요. 잘받았습니다,2019-05-05T15:34:11.000+0000,STOREFARM,5,지니맘 어린이 보석십자수 캐릭터 큐빅십자수,지니맘 큐빅십자수  DIY: 4번 홍학 (15cm 20cm)
668419628,SELLBLOG,NORMAL,"유니콘 예쁘네요
보석도 넉넉히 들어있고
포장도 꼼꼼했어요. 만족합니다",2019-05-04T13:00:25.000+0000,STOREFARM,5,지니맘 어린이 보석십자수 캐릭터 큐빅십자수,지니맘 큐빅십자수  DIY: 4번 홍학 (15cm 20cm)
674510252,SELLBLOG,NORMAL,조카 선물로 사줬는데 배송도 빠르고 만족스럽습니다! 크기가 각각 달라 빈틈없이 메꿔주어 퀄리티도 좋네요!,2019-05-18T13:32:59.000+0000,STOREFARM,4,지니맘 어린이 보석십자수 캐릭터 큐빅십자수,지니맘 큐빅십자수  DIY: 7번 소녀1  (15cm 20cm)
679212096,SELLBLOG,NORMAL,"배송도 빠르고 선물할거라서 보지는 못했지만 
좋아요",2019-05-29T01:23:57.000+0000,STOREFARM,4,지니맘 어린이 보석십자수 캐릭터 큐빅십자수,지니맘 큐빅십자수  DIY: 6번 소녀  (15cm 20cm)
663957177,SELLBLOG,NORMAL,완전좋아요!!!!따님이너무좋아하네요ㅋ첨하기엔 크긴한데 엄마랑같이하는걸좋아라해서 같이하구있어욯ㅎ완성되면액자에넣어 걸어두려구요!,2019-04-24T01:09:58.000+0000,STOREFARM,5,지니맘 어린이 보석십자수 캐릭터 큐빅십자수,지니맘 큐빅십자수  DIY: 8번 꽃사슴 (15cm 20cm)
665627182,SELLBLOG,NORMAL,"배송이 엄청 빠르네요 ^^
초4 딸아이가 받자마자 시작했어요.
생각보다 시간이 좀 걸리는데 5시간 가까이 흔들림 없이 하고 있네요",2019-04-28T00:20:04.000+0000,STOREFARM,5,지니맘 어린이 보석십자수 캐릭터 큐빅십자수,지니맘 큐빅십자수  DIY: 10번 안경토끼 (15cm 20cm)
665627081,SELLBLOG,NORMAL,"배송이 엄청 빠르네요 ^^
초4 딸아이가 받자마자 시작했어요.
생각보다 시간이 좀 걸리는데 5시간 가까이 흔들림 없이 하고 있네요",2019-04-28T00:19:43.000+0000,STOREFARM,5,지니맘 어린이 보석십자수 캐릭터 큐빅십자수,지니맘 큐빅십자수  DIY: 20번 거미 (15cm 20cm)
665626879,SELLBLOG,NORMAL,"배송이 엄청 빠르네요 ^^
초4 딸아이가 받자마자 시작했어요.
생각보다 시간이 좀 걸리는데 5시간 가까이 흔들림 없이 하고 있네요",2019-04-28T00:18:54.000+0000,STOREFARM,5,지니맘 어린이 보석십자수 캐릭터 큐빅십자수,지니맘 큐빅십자수  DIY: 2번 보라유니콘 (15cm 20cm)
679212289,SELLBLOG,NORMAL,빠르고 좋아요~ 액자도 이쁘네요,2019-05-29T01:24:21.000+0000,STOREFARM,4,지니맘 어린이 보석십자수 캐릭터 큐빅십자수,지니맘 큐빅십자수  DIY: 22번 부엉이 (15cm 20cm)
680026144,SELLBLOG,AFTER_USE,좋아요 ^^ 시간 가는줄 몰라요,2019-05-30T11:53:41.000+0000,STOREFARM,4,지니맘 어린이 보석십자수 캐릭터 큐빅십자수,지니맘 큐빅십자수  DIY: 16번 별 (15cm 20cm)
665306472,SELLBLOG,NORMAL,"아이친구선물해주었는데너무좋아하네요
우리애들것도몇개더구입해야겠어용",2019-04-27T02:50:56.000+0000,STOREFARM,5,지니맘 어린이 보석십자수 캐릭터 큐빅십자수,지니맘 큐빅십자수  DIY: 26번 돌고래(15cm 20cm)
674510377,SELLBLOG,NORMAL,초등학생 조카 선물로 사줬는데 참 좋아하네요! 배송도 빠르고 만족스럽습니다,2019-05-18T13:33:21.000+0000,STOREFARM,4,지니맘 어린이 보석십자수 캐릭터 큐빅십자수,지니맘 큐빅십자수  DIY: 1번 유니콘 (15cm 20cm)
678581297,SELLBLOG,NORMAL,"완성하면 더 반짝반짝거리고 이뻐요
아이들이 좋아해요",2019-05-27T13:38:57.000+0000,STOREFARM,5,지니맘 어린이 보석십자수 캐릭터 큐빅십자수,지니맘 큐빅십자수  DIY: 3번 분홍사슴 (15cm 20cm)
676550328,SELLBLOG,NORMAL,애들이좋아해요 하기도편하고 작품이네요,2019-05-23T01:21:44.000+0000,STOREFARM,4,지니맘 어린이 보석십자수 캐릭터 큐빅십자수,지니맘 큐빅십자수  DIY: 5번  반짝이 사슴 (15cm 20cm)
677771033,SELLBLOG,NORMAL,아이도 좋아하고 집중하는데 도움이 되어 좋아요^,2019-05-25T14:40:20.000+0000,STOREFARM,4,지니맘 어린이 보석십자수 캐릭터 큐빅십자수,지니맘 큐빅십자수  DIY: 21번 별유니콘 (15cm 20cm)
680078553,SELLBLOG,NORMAL,포장도 깔끔하고 배송도 좋았어요^^,2019-05-30T13:42:15.000+0000,STOREFARM,5,지니맘 어린이 보석십자수 캐릭터 큐빅십자수,지니맘 큐빅십자수  DIY: 2번 보라유니콘 (15cm 20cm)
676924845,SELLBLOG,AFTER_USE,처음에는어려워서쟁겨뒀었는데 심심해서해보니까재밌네요!!!,2019-05-23T13:30:10.000+0000,STOREFARM,5,지니맘 어린이 보석십자수 캐릭터 큐빅십자수,지니맘 큐빅십자수  DIY: 10번 안경토끼 (15cm 20cm)
678123909,SELLBLOG,NORMAL,재미있어용~~~♡너무나도,2019-05-26T13:48:10.000+0000,STOREFARM,3,지니맘 어린이 보석십자수 캐릭터 큐빅십자수,지니맘 큐빅십자수  DIY: 21번 별유니콘 (15cm 20cm)
678123771,SELLBLOG,NORMAL,아이들과 함께해여 재미있아용,2019-05-26T13:47:47.000+0000,STOREFARM,4,지니맘 어린이 보석십자수 캐릭터 큐빅십자수,지니맘 큐빅십자수  DIY: 1번 유니콘 (15cm 20cm)
669796814,SELLBLOG,NORMAL,아이가 좋아하네요.,2019-05-08T10:47:04.000+0000,STOREFARM,3,지니맘 어린이 보석십자수 캐릭터 큐빅십자수,지니맘 큐빅십자수  DIY: 26번 돌고래(15cm 20cm)
669796589,SELLBLOG,NORMAL,아이가 좋아하네요 .,2019-05-08T10:46:38.000+0000,STOREFARM,3,지니맘 어린이 보석십자수 캐릭터 큐빅십자수,지니맘 큐빅십자수  DIY: 20번 거미 (15cm 20cm)
669796203,SELLBLOG,NORMAL,아이가 좋아하네요.,2019-05-08T10:45:51.000+0000,STOREFARM,3,지니맘 어린이 보석십자수 캐릭터 큐빅십자수,지니맘 큐빅십자수  DIY: 18번 망치 (15cm 20cm)
668357392,SELLBLOG,NORMAL,지인에게 선물했는데 넘 좋아하네요,2019-05-04T09:59:39.000+0000,STOREFARM,5,지니맘 어린이 보석십자수 캐릭터 큐빅십자수,지니맘 큐빅십자수  DIY: 8번 꽃사슴 (15cm 20cm)
677771633,SELLBLOG,NORMAL,아이. 어른도 맘에 들어해서 좋으네요^~^,2019-05-25T14:42:08.000+0000,STOREFARM,4,지니맘 어린이 보석십자수 캐릭터 큐빅십자수,지니맘 큐빅십자수  DIY: 26번 돌고래(15cm 20cm)
676925321,SELLBLOG,AFTER_USE,예쁘고깜뛱해서인테리어하기에좋네요+,2019-05-23T13:31:10.000+0000,STOREFARM,5,지니맘 어린이 보석십자수 캐릭터 큐빅십자수,지니맘 큐빅십자수  DIY: 12번 슈퍼 (15cm 20cm)
668772332,SELLBLOG,NORMAL,포장이 꼼꼼해서 좋았습니다.,2019-05-05T15:35:28.000+0000,STOREFARM,5,지니맘 어린이 보석십자수 캐릭터 큐빅십자수,지니맘 큐빅십자수  DIY: 7번 소녀1  (15cm 20cm)
672772919,SELLBLOG,NORMAL,빠른배송과 꼼꼼함 포장 멈 맘에 들어요 초1딸 정말 좋아해용,2019-05-15T02:00:13.000+0000,STOREFARM,5,지니맘 어린이 보석십자수 캐릭터 큐빅십자수,지니맘 큐빅십자수  DIY: 1번 유니콘 (15cm 20cm)
672672571,SELLBLOG,NORMAL,두아이가 참 좋아하네요. 포장도 꼼꼼하고 다음에도 구매하고싶어요.,2019-05-14T21:21:44.000+0000,STOREFARM,4,지니맘 어린이 보석십자수 캐릭터 큐빅십자수,지니맘 큐빅십자수  DIY: 26번 돌고래(15cm 20cm)
677770542,SELLBLOG,NORMAL,초딩 조카가 넘 좋아하네요~,2019-05-25T14:38:49.000+0000,STOREFARM,4,지니맘 어린이 보석십자수 캐릭터 큐빅십자수,지니맘 큐빅십자수  DIY: 1번 유니콘 (15cm 20cm)
670882403,SELLBLOG,NORMAL,빠른 배송과 다른 곳 제품은 불량이 많다던데 여긴 없어요. 더 많은 종류가 있었으면 좋겠어요.,2019-05-10T13:47:03.000+0000,STOREFARM,5,지니맘 어린이 보석십자수 캐릭터 큐빅십자수,지니맘 큐빅십자수  DIY: 2번 보라유니콘 (15cm 20cm)
677729704,SELLBLOG,NORMAL,6살 아이가 너무 좋아해요,2019-05-25T12:53:46.000+0000,STOREFARM,5,지니맘 어린이 보석십자수 캐릭터 큐빅십자수,지니맘 큐빅십자수  DIY: 1번 유니콘 (15cm 20cm)
669585301,SELLBLOG,NORMAL,아이들이 좋아해요......,2019-05-08T02:46:35.000+0000,STOREFARM,5,지니맘 어린이 보석십자수 캐릭터 큐빅십자수,지니맘 큐빅십자수  DIY: 7번 소녀1  (15cm 20cm)
672305866,SELLBLOG,NORMAL,잘 도착했습니다. 예쁜 디자인이 다양하게 있어서 좋아요~,2019-05-14T05:30:48.000+0000,STOREFARM,5,지니맘 어린이 보석십자수 캐릭터 큐빅십자수,지니맘 큐빅십자수  DIY: 1번 유니콘 (15cm 20cm)
667608091,SELLBLOG,NORMAL,딸아이가 제품을 뜯어보고 바로 자수를 했는데 성격을  차분하게 만들어 주는것 같아서 좋았습니다.또다른 제품을 사달라 하네요. 요번거 다 한다음에 담에 새로운 제품을 구매하고 싶습니다.,2019-05-02T09:43:21.000+0000,STOREFARM,5,지니맘 어린이 보석십자수 캐릭터 큐빅십자수,지니맘 큐빅십자수  DIY: 8번 꽃사슴 (15cm 20cm)
669585486,SELLBLOG,NORMAL,아이가 좋아합니다......,2019-05-08T02:47:08.000+0000,STOREFARM,5,지니맘 어린이 보석십자수 캐릭터 큐빅십자수,지니맘 큐빅십자수  DIY: 2번 보라유니콘 (15cm 20cm)
669585696,SELLBLOG,NORMAL,아이기 좋아합니다.......,2019-05-08T02:47:46.000+0000,STOREFARM,5,지니맘 어린이 보석십자수 캐릭터 큐빅십자수,지니맘 큐빅십자수  DIY: 21번 별유니콘 (15cm 20cm)
660326616,SELLBLOG,AFTER_USE,아직 마무리 전인데 그림도 다양하고 비즈색도 예쁜데 불량비즈가 많아서 좀 아쉬워요 마무리 못 지을까 싶기도해요 어떤건 불량비즈가 많이 있기도 하거든요..,2019-04-15T14:55:46.000+0000,STOREFARM,5,지니맘 어린이 보석십자수 캐릭터,지니맘 큐빅십자수  DIY: 16번 별 (15cm 20cm)
677729882,SELLBLOG,NORMAL,6살 아이가 좋아해요,2019-05-25T12:54:14.000+0000,STOREFARM,5,지니맘 어린이 보석십자수 캐릭터 큐빅십자수,지니맘 큐빅십자수  DIY: 26번 돌고래(15cm 20cm)
663957907,SELLBLOG,NORMAL,좋아요!! 제스탈입니다ㅎㅎ딸아이도엄청좋아하고 같이하기좋아요,2019-04-24T01:11:20.000+0000,STOREFARM,5,지니맘 어린이 보석십자수 캐릭터 큐빅십자수,지니맘 큐빅십자수  DIY: 21번 별유니콘 (15cm 20cm)
663957714,SELLBLOG,NORMAL,좋아요!! 제스탈입니다ㅎㅎ딸아이도엄청좋아하고 같이하기좋아요,2019-04-24T01:11:00.000+0000,STOREFARM,5,지니맘 어린이 보석십자수 캐릭터 큐빅십자수,지니맘 큐빅십자수  DIY: 3번 분홍사슴 (15cm 20cm)
669585872,SELLBLOG,NORMAL,아이가 좋아해여.......,2019-05-08T02:48:14.000+0000,STOREFARM,5,지니맘 어린이 보석십자수 캐릭터 큐빅십자수,지니맘 큐빅십자수  DIY: 1번 유니콘 (15cm 20cm)
676022126,SELLBLOG,NORMAL,재미있는  취미생활을 하네요,2019-05-22T01:42:47.000+0000,STOREFARM,3,지니맘 어린이 보석십자수 캐릭터 큐빅십자수,지니맘 큐빅십자수  DIY: 1번 유니콘 (15cm 20cm)
676021922,SELLBLOG,NORMAL,아이와 재미있게 하고 있어요,2019-05-22T01:42:27.000+0000,STOREFARM,3,지니맘 어린이 보석십자수 캐릭터 큐빅십자수,지니맘 큐빅십자수  DIY: 22번 부엉이 (15cm 20cm)
674890207,SELLBLOG,NORMAL,아이가 너무 좋아하고 집중력에 최고에여,2019-05-19T13:48:18.000+0000,STOREFARM,5,지니맘 어린이 보석십자수 캐릭터 큐빅십자수,지니맘 큐빅십자수  DIY: 2번 보라유니콘 (15cm 20cm)
670027584,SELLBLOG,NORMAL,"9세 7세 아이와 했고요
둘이 함께 열심히 했어요.
저도 함께 했는데 제 취향에 딱이라서 제가 더 했어요",2019-05-09T00:10:44.000+0000,STOREFARM,5,지니맘 어린이 보석십자수 캐릭터 큐빅십자수,지니맘 큐빅십자수  DIY: 21번 별유니콘 (15cm 20cm)
668419781,SELLBLOG,NORMAL,만족합니다. 만족합니다.,2019-05-04T13:00:48.000+0000,STOREFARM,5,지니맘 어린이 보석십자수 캐릭터 큐빅십자수,지니맘 큐빅십자수  DIY: 5번 펭귄(15cm 15cm)
668419399,SELLBLOG,NORMAL,만족합니다. 만족합니다.,2019-05-04T12:59:41.000+0000,STOREFARM,5,지니맘 어린이 보석십자수 캐릭터 큐빅십자수,지니맘 큐빅십자수  DIY: 1번 유니콘 (15cm 20cm)
676021506,SELLBLOG,NORMAL,아이와 즐겁게 하네요,2019-05-22T01:41:39.000+0000,STOREFARM,3,지니맘 어린이 보석십자수 캐릭터 큐빅십자수,지니맘 큐빅십자수  DIY: 3번 분홍사슴 (15cm 20cm)
675035455,SELLBLOG,NORMAL,"두번째구매입니다.
퀄리티가 좋아요.",2019-05-20T01:32:02.000+0000,STOREFARM,5,지니맘 어린이 보석십자수 캐릭터 큐빅십자수,지니맘 큐빅십자수  DIY: 3번 분홍사슴 (15cm 20cm)
673597195,SELLBLOG,NORMAL,정말 귀여워요 아이가 좋아하네요,2019-05-16T11:01:18.000+0000,STOREFARM,5,지니맘 어린이 보석십자수 캐릭터 큐빅십자수,지니맘 큐빅십자수  DIY: 10번 안경토끼 (15cm 20cm)
673589186,SELLBLOG,NORMAL,정말 귀여워요 아이가 좋아하네요,2019-05-16T10:43:53.000+0000,STOREFARM,5,지니맘 어린이 보석십자수 캐릭터 큐빅십자수,지니맘 큐빅십자수  DIY: 23번 사자 (15cm 20cm)
673588924,SELLBLOG,NORMAL,정말 귀여워요 아이가 좋아하네요,2019-05-16T10:43:22.000+0000,STOREFARM,5,지니맘 어린이 보석십자수 캐릭터 큐빅십자수,지니맘 큐빅십자수  DIY: 5번 펭귄(15cm 15cm)
673993907,SELLBLOG,NORMAL,재밌어요  예뻐요  시간떼우기 좋아요,2019-05-17T08:19:56.000+0000,STOREFARM,3,지니맘 어린이 보석십자수 캐릭터 큐빅십자수,지니맘 큐빅십자수  DIY: 26번 돌고래(15cm 20cm)
673588756,SELLBLOG,NORMAL,정말 예뻐요 아이가 좋아하네요,2019-05-16T10:42:59.000+0000,STOREFARM,5,지니맘 어린이 보석십자수 캐릭터 큐빅십자수,지니맘 큐빅십자수  DIY: 22번 부엉이 (15cm 20cm)
676021750,SELLBLOG,NORMAL,취미로 참 좋아요. 정말,2019-05-22T01:42:07.000+0000,STOREFARM,3,지니맘 어린이 보석십자수 캐릭터 큐빅십자수,지니맘 큐빅십자수  DIY: 5번  반짝이 사슴 (15cm 20cm)
666160050,SELLBLOG,NORMAL,아이들과하기에 너무 좋습니다.,2019-04-29T04:47:49.000+0000,STOREFARM,5,지니맘 어린이 보석십자수 캐릭터 큐빅십자수,지니맘 큐빅십자수  DIY: 8번 꽃사슴 (15cm 20cm)
665307070,SELLBLOG,NORMAL,집중을잘해요. 너무좋아요,2019-04-27T02:52:43.000+0000,STOREFARM,5,지니맘 어린이 보석십자수 캐릭터 큐빅십자수,지니맘 큐빅십자수  DIY: 2번 보라유니콘 (15cm 20cm)
675013829,SELLBLOG,AFTER_USE,너무 예쁘고 아이가 좋아해요.,2019-05-20T00:53:18.000+0000,STOREFARM,5,지니맘 어린이 보석십자수 캐릭터,
686060560,SELLBLOG,NORMAL,블링블링 이뿌요~~,2019-06-13T00:06:02.000+0000,STOREFARM,5,지니맘 어린이 보석십자수 캐릭터 큐빅십자수,지니맘 큐빅십자수  DIY: 9번 겨울사슴 (15cm 20cm)
675013221,SELLBLOG,AFTER_USE,너무 예쁩니다..아이가 좋아하네요..,2019-05-20T00:52:08.000+0000,STOREFARM,5,지니맘 어린이 보석십자수 캐릭터,
673597384,SELLBLOG,NORMAL,정말 예뻐요 아이가 정말 좋아하네요,2019-05-16T11:01:44.000+0000,STOREFARM,5,지니맘 어린이 보석십자수 캐릭터 큐빅십자수,지니맘 큐빅십자수  DIY: 1번 유니콘 (15cm 20cm)
673994345,SELLBLOG,NORMAL,하나하나 정성스럽게  만들어고 있어요,2019-05-17T08:20:59.000+0000,STOREFARM,4,지니맘 어린이 보석십자수 캐릭터 큐빅십자수,지니맘 큐빅십자수  DIY: 12번 슈퍼 (15cm 20cm)
675013673,SELLBLOG,AFTER_USE,너무 예쁘고 아이가 좋아해요..,2019-05-20T00:52:58.000+0000,STOREFARM,5,지니맘 어린이 보석십자수 캐릭터,
671581663,SELLBLOG,NORMAL,어렵지 않게 잘 했어요~~아이들이 넘 재밋어 해요~~,2019-05-12T13:20:01.000+0000,STOREFARM,5,지니맘 어린이 보석십자수 캐릭터 큐빅십자수,지니맘 큐빅십자수  DIY: 17번 가면 (15cm 20cm)
665306904,SELLBLOG,NORMAL,이뻐용^^아이가좋아하네용,2019-04-27T02:52:10.000+0000,STOREFARM,5,지니맘 어린이 보석십자수 캐릭터 큐빅십자수,지니맘 큐빅십자수  DIY: 21번 별유니콘 (15cm 20cm)
674933322,SELLBLOG,AFTER_USE,아이가 아주 좋아합니다,2019-05-19T16:17:30.000+0000,STOREFARM,5,지니맘 어린이 보석십자수 캐릭터 큐빅십자수,지니맘 큐빅십자수  DIY: 8번 꽃사슴 (15cm 20cm)
674933268,SELLBLOG,AFTER_USE,아이가 너무 좋아해요,2019-05-19T16:17:11.000+0000,STOREFARM,5,지니맘 어린이 보석십자수 캐릭터 큐빅십자수,지니맘 큐빅십자수  DIY: 13번 스폰지 (15cm 20cm)
672672641,SELLBLOG,NORMAL,집중해서 하는 아이들 모습을 보니 뿌듯합니다.,2019-05-14T21:22:26.000+0000,STOREFARM,4,지니맘 어린이 보석십자수 캐릭터 큐빅십자수,지니맘 큐빅십자수  DIY: 24번 미니1 (15cm 20cm)
671581383,SELLBLOG,NORMAL,7살 아들 10살 딸 넘 재밋어 하면서 완성 했어요~~좋아요~~,2019-05-12T13:19:20.000+0000,STOREFARM,5,지니맘 어린이 보석십자수 캐릭터 큐빅십자수,지니맘 큐빅십자수  DIY: 1번 유니콘 (15cm 20cm)
665307186,SELLBLOG,NORMAL,집중을잘해서너무좋아요,2019-04-27T02:53:04.000+0000,STOREFARM,5,지니맘 어린이 보석십자수 캐릭터 큐빅십자수,지니맘 큐빅십자수  DIY: 10번 안경토끼 (15cm 20cm)
673932594,SELLBLOG,NORMAL,아이들이 엄청 좋아하네요,2019-05-17T06:02:50.000+0000,STOREFARM,5,지니맘 어린이 보석십자수 캐릭터 큐빅십자수,지니맘 큐빅십자수  DIY: 5번 펭귄(15cm 15cm)
673932456,SELLBLOG,NORMAL,아이들이 엄청 좋아하네요,2019-05-17T06:02:29.000+0000,STOREFARM,4,지니맘 어린이 보석십자수 캐릭터 큐빅십자수,지니맘 큐빅십자수  DIY: 3번 분홍사슴 (15cm 20cm)
651645559,SELLBLOG,NORMAL,애들이 좋아해여~근데 불량으로 9개중 펜하나 빠져있었어여 ~,2019-03-27T07:48:41.000+0000,STOREFARM,4,지니맘 어린이 보석십자수 캐릭터 큐빅십자수,지니맘 큐빅십자수  DIY: 4번 작은유니콘(15cm 15cm)
668003326,SELLBLOG,NORMAL,"친구들이랑 재미있게 하면서 놀았어요.
도안이 품절인게 있어서 아쉬워요 ㅠㅠ",2019-05-03T10:56:50.000+0000,STOREFARM,5,지니맘 어린이 보석십자수 캐릭터 큐빅십자수,지니맘 큐빅십자수  DIY: 4번 작은유니콘(15cm 15cm)
674933379,SELLBLOG,AFTER_USE,아이가 좋아합니다!!!!,2019-05-19T16:17:52.000+0000,STOREFARM,5,지니맘 어린이 보석십자수 캐릭터 큐빅십자수,지니맘 큐빅십자수  DIY: 1번 사탕(15cm 15cm)
670877943,SELLBLOG,AFTER_USE,비즈가커서 아이들이 쉽게 할수 있어서 좋았어요,2019-05-10T13:34:34.000+0000,STOREFARM,5,지니맘 어린이 보석십자수 캐릭터 큐빅십자수,지니맘 큐빅십자수  DIY: 21번 별유니콘 (15cm 20cm)
670393047,SELLBLOG,NORMAL,이뻐요. 아이들 집중이 최고예요~,2019-05-09T12:25:10.000+0000,STOREFARM,4,지니맘 어린이 보석십자수 캐릭터 큐빅십자수,지니맘 큐빅십자수  DIY: 23번 사자 (15cm 20cm)
658100394,SELLBLOG,NORMAL,배송도 빠르고 예뻐요. 아이가 동아리활동한다고 샀는데 너무 예뻐서 집에 놓고 싶다고하네요.,2019-04-10T07:43:55.000+0000,STOREFARM,5,지니맘 어린이 보석십자수 캐릭터 큐빅십자수,지니맘 큐빅십자수  DIY: 1번 유니콘 (15cm 20cm)
672618145,SELLBLOG,NORMAL,저렴하고 빠른 배송 좋아요,2019-05-14T14:52:27.000+0000,STOREFARM,5,지니맘 어린이 보석십자수 캐릭터 큐빅십자수,지니맘 큐빅십자수  DIY: 8번 꽃사슴 (15cm 20cm)
669255352,SELLBLOG,NORMAL,아이가 너무 좋아해요~사달라고 하네용,2019-05-07T04:20:41.000+0000,STOREFARM,4,지니맘 어린이 보석십자수 캐릭터 큐빅십자수,지니맘 큐빅십자수  DIY: 21번 별유니콘 (15cm 20cm)
671882747,SELLBLOG,NORMAL,좋아요 쉽고 재밌어요,2019-05-13T06:14:28.000+0000,STOREFARM,4,지니맘 어린이 보석십자수 캐릭터 큐빅십자수,지니맘 큐빅십자수  DIY: 2번 보라유니콘 (15cm 20cm)
672618026,SELLBLOG,NORMAL,초딩 동아리 활동 좋아요,2019-05-14T14:52:12.000+0000,STOREFARM,5,지니맘 어린이 보석십자수 캐릭터 큐빅십자수,지니맘 큐빅십자수  DIY: 21번 별유니콘 (15cm 20cm)
672617873,SELLBLOG,NORMAL,초딩 아이가 좋아합니다,2019-05-14T14:51:50.000+0000,STOREFARM,5,지니맘 어린이 보석십자수 캐릭터 큐빅십자수,지니맘 큐빅십자수  DIY: 2번 보라유니콘 (15cm 20cm)
662609114,SELLBLOG,AFTER_USE,집에 온 딸 친구들이 너무 좋아해요,2019-04-20T20:03:43.000+0000,STOREFARM,5,지니맘 어린이 보석십자수 캐릭터,지니맘 큐빅십자수  DIY: 3번 분홍사슴 (15cm 20cm)
669474975,SELLBLOG,AFTER_USE,아주좋아요 배송도빠르고,2019-05-07T15:00:41.000+0000,STOREFARM,5,지니맘 어린이 보석십자수 캐릭터,지니맘 큐빅십자수  DIY: 4번 홍학 (15cm 20cm)
669474821,SELLBLOG,AFTER_USE,아주좋아요 배송도빠르고,2019-05-07T15:00:07.000+0000,STOREFARM,5,지니맘 어린이 보석십자수 캐릭터,지니맘 큐빅십자수  DIY: 7번 소녀1  (15cm 20cm)
669309887,SELLBLOG,NORMAL,이뻐요 잘구분되어있고 깔끔하네요,2019-05-07T06:34:12.000+0000,STOREFARM,5,지니맘 어린이 보석십자수 캐릭터 큐빅십자수,지니맘 큐빅십자수  DIY: 1번 유니콘 (15cm 20cm)
661623307,SELLBLOG,NORMAL,"아이가 좋아하는데 6살 아이라 좀 이른감이 있어요. 그래서 별 4개 했습니다... 작은거는 2-3시간 집중해서 하는데, 이건 크기가 있다보니 좀 지루해합니다. 그래도 완성해서 액자에 넣을려고 액자도 3개 주문했습니다. 완성하고 다시 후기 올릴께요 ^^",2019-04-18T08:29:44.000+0000,STOREFARM,4,지니맘 어린이 보석십자수 캐릭터 큐빅십자수,지니맘 큐빅십자수  DIY: 1번 유니콘 (15cm 20cm)
669309781,SELLBLOG,NORMAL,이뻐요 잘구분되어있고 깔끔해요,2019-05-07T06:33:56.000+0000,STOREFARM,5,지니맘 어린이 보석십자수 캐릭터 큐빅십자수,지니맘 큐빅십자수  DIY: 11번 클로버 (15cm 20cm)
669253413,SELLBLOG,NORMAL,"반짝이고 이뻐요~
아이가 너무좋아해요~",2019-05-07T04:16:20.000+0000,STOREFARM,5,지니맘 어린이 보석십자수 캐릭터 큐빅십자수,지니맘 큐빅십자수  DIY: 1번 유니콘 (15cm 20cm)
669309971,SELLBLOG,NORMAL,이뻐요.잘구분되어있고 깔끔해요,2019-05-07T06:34:26.000+0000,STOREFARM,5,지니맘 어린이 보석십자수 캐릭터 큐빅십자수,지니맘 큐빅십자수  DIY: 22번 부엉이 (15cm 20cm)
663563617,SELLBLOG,AFTER_USE,"다른 십자수들보다 색감이 다양하고, 퀄리티가 더 좋은것 같습니다. 한가지 색상만 하면 지겨운 점이 있는데, 크기며 종류가 다양해서 좋았습니다.",2019-04-23T04:39:31.000+0000,STOREFARM,5,지니맘 어린이 보석십자수 캐릭터 큐빅십자수,지니맘 큐빅십자수  DIY: 8번 꽃사슴 (15cm 20cm)
663563501,SELLBLOG,AFTER_USE,"다른 십자수들보다 색감이 다양하고, 퀄리티가 더 좋은것 같습니다. 한가지 색상만 하면 지겨운 점이 있는데, 크기며 종류가 다양해서 좋았습니다.",2019-04-23T04:39:16.000+0000,STOREFARM,5,지니맘 어린이 보석십자수 캐릭터 큐빅십자수,지니맘 큐빅십자수  DIY: 23번 사자 (15cm 20cm)
663563393,SELLBLOG,AFTER_USE,"다른 십자수들보다 색감이 다양하고, 퀄리티가 더 좋은것 같습니다. 한가지 색상만 하면 지겨운 점이 있는데, 크기며 종류가 다양해서 좋았습니다.",2019-04-23T04:39:02.000+0000,STOREFARM,5,지니맘 어린이 보석십자수 캐릭터 큐빅십자수,지니맘 큐빅십자수  DIY: 1번 유니콘 (15cm 20cm)
665125636,SELLBLOG,NORMAL,"액자와 함께 있는 구성인줄 알고 구매 했는데 액자가 없어 당황 했습니다
자세히 살펴 보니 액자는 없는 구성이었습니다
잘 살펴 보지 못 한 제 탓이려니 하고 말았습니다",2019-04-26T11:22:34.000+0000,STOREFARM,2,지니맘 어린이 보석십자수 캐릭터 큐빅십자수,지니맘 큐빅십자수  DIY: 22번 부엉이 (15cm 20cm)
671882299,SELLBLOG,NORMAL,예쁘고 하기 쉬워요 재밌어요,2019-05-13T06:13:32.000+0000,STOREFARM,4,지니맘 어린이 보석십자수 캐릭터 큐빅십자수,지니맘 큐빅십자수  DIY: 13번 스폰지 (15cm 20cm)
671748923,SELLBLOG,NORMAL,"빠른 배송, 친절한 설명",2019-05-13T01:47:52.000+0000,STOREFARM,5,지니맘 어린이 보석십자수 캐릭터 큐빅십자수,지니맘 큐빅십자수  DIY: 23번 사자 (15cm 20cm)
671748791,SELLBLOG,NORMAL,"빠른 배송, 친절한 설명",2019-05-13T01:47:38.000+0000,STOREFARM,5,지니맘 어린이 보석십자수 캐릭터 큐빅십자수,지니맘 큐빅십자수  DIY: 21번 별유니콘 (15cm 20cm)
663044819,SELLBLOG,NORMAL,작년부터 너무 잘 이용하고 있어요~ 품절되었던 다양한 상품들이 더 빨리 채워졌음 하는 바램이 있어요~~~그리고 액자에 집어넣으면 완전 작품이예요,2019-04-22T00:14:15.000+0000,STOREFARM,5,지니맘 어린이 보석십자수 캐릭터 큐빅십자수,지니맘 큐빅십자수  DIY: 25번 미니2  (15cm 20cm)
669052036,SELLBLOG,NORMAL,디자인도 예쁘고 색감도 선명히니서 아이들이 아주 좋아해요♡,2019-05-06T13:15:23.000+0000,STOREFARM,5,지니맘 어린이 보석십자수 캐릭터 큐빅십자수,지니맘 큐빅십자수  DIY: 21번 별유니콘 (15cm 20cm)
662609167,SELLBLOG,AFTER_USE,색깔이 다양해서 예뻐요,2019-04-20T20:04:56.000+0000,STOREFARM,5,지니맘 어린이 보석십자수 캐릭터,지니맘 큐빅십자수  DIY: 1번 유니콘 (15cm 20cm)
656970784,SELLBLOG,NORMAL,"재구매입니다.~^^
아이들이 또 하고 싶다고 해서 생일선물로 구매했어요~
여자아이들이 참 조아해요 ㅋㅋㅋ",2019-04-08T02:59:16.000+0000,STOREFARM,5,지니맘 어린이 보석십자수 캐릭터 큐빅십자수,지니맘 큐빅십자수  DIY: 1번 유니콘 (15cm 20cm)
665028410,SELLBLOG,NORMAL,집중력가지고 잘하네요 저도잼있네요 8살은 잘하고5살은혼자하긴쫌 그렇지만 잘하는편입니다,2019-04-26T07:04:46.000+0000,STOREFARM,5,지니맘 어린이 보석십자수 캐릭터 큐빅십자수,지니맘 큐빅십자수  DIY: 3번 달팽이(15cm 15cm)
669310131,SELLBLOG,NORMAL,이뻐요 잘구분되어잉ㅆ고 ㅋ발끔하넹ᆢㄷ,2019-05-07T06:34:53.000+0000,STOREFARM,5,지니맘 어린이 보석십자수 캐릭터 큐빅십자수,지니맘 큐빅십자수  DIY: 7번 소녀1  (15cm 20cm)
655683636,SELLBLOG,NORMAL,"아이가 너무 좋아하고 아빠랑 같이 하는데 즐거워하더라구요.ㅎㅎ
재구매의사 100프로예요.
다른것도 봐야징~!",2019-04-05T01:28:34.000+0000,STOREFARM,5,지니맘 어린이 보석십자수 캐릭터 큐빅십자수,지니맘 큐빅십자수  DIY: 8번 꽃사슴 (15cm 20cm)
670888183,SELLBLOG,NORMAL,애들이 많이 좋아하네요,2019-05-10T14:01:50.000+0000,STOREFARM,5,지니맘 어린이 보석십자수 캐릭터 큐빅십자수,지니맘 큐빅십자수  DIY: 16번 별 (15cm 20cm)
670888105,SELLBLOG,NORMAL,애들이 많이 좋아하네요,2019-05-10T14:01:38.000+0000,STOREFARM,5,지니맘 어린이 보석십자수 캐릭터 큐빅십자수,지니맘 큐빅십자수  DIY: 20번 거미 (15cm 20cm)
670888004,SELLBLOG,NORMAL,애들이 많이 좋아하네요,2019-05-10T14:01:24.000+0000,STOREFARM,5,지니맘 어린이 보석십자수 캐릭터 큐빅십자수,지니맘 큐빅십자수  DIY: 18번 망치 (15cm 20cm)
670977072,SELLBLOG,NORMAL,아이가 아주 좋아해요,2019-05-11T00:23:41.000+0000,STOREFARM,4,지니맘 어린이 보석십자수 캐릭터 큐빅십자수,지니맘 큐빅십자수  DIY: 8번 꽃사슴 (15cm 20cm)
670393355,SELLBLOG,NORMAL,집중도 잘되고 색도 넘 예뻐요~,2019-05-09T12:25:46.000+0000,STOREFARM,4,지니맘 어린이 보석십자수 캐릭터 큐빅십자수,지니맘 큐빅십자수  DIY: 12번 슈퍼 (15cm 20cm)
670887836,SELLBLOG,NORMAL,애들이 좋아라하네요,2019-05-10T14:01:00.000+0000,STOREFARM,5,지니맘 어린이 보석십자수 캐릭터 큐빅십자수,지니맘 큐빅십자수  DIY: 17번 가면 (15cm 20cm)
669310048,SELLBLOG,NORMAL,이뻐요 잘구분디ㅢ어있고 깔끔해요,2019-05-07T06:34:39.000+0000,STOREFARM,5,지니맘 어린이 보석십자수 캐릭터 큐빅십자수,지니맘 큐빅십자수  DIY: 13번 스폰지 (15cm 20cm)
662463711,SELLBLOG,NORMAL,아이들이 집중력있게 너무 재미지게 합니다. 저도 하고 싶더라고요. ^^  액자가 불량으로 왔는데 교환이 귀찮아서...  배송이 조금 느린거 그거 빼고 좋습니다.,2019-04-20T10:07:20.000+0000,STOREFARM,4,지니맘 어린이 보석십자수 캐릭터 큐빅십자수,지니맘 큐빅십자수  DIY: 22번 부엉이 (15cm 20cm)
671882568,SELLBLOG,NORMAL,쉽고 재밌어요  예뻐요,2019-05-13T06:14:04.000+0000,STOREFARM,4,지니맘 어린이 보석십자수 캐릭터 큐빅십자수,지니맘 큐빅십자수  DIY: 9번 겨울사슴 (15cm 20cm)
668357576,SELLBLOG,NORMAL,넘좋아요 배송도 빠르고,2019-05-04T10:00:09.000+0000,STOREFARM,5,지니맘 어린이 보석십자수 캐릭터 큐빅십자수,지니맘 큐빅십자수  DIY: 6번 소녀  (15cm 20cm)
658050114,SELLBLOG,NORMAL,"딸아이 친구들 선물하려고 샀어요
좋은 선물이되서 좋아요",2019-04-10T06:05:32.000+0000,STOREFARM,5,지니맘 어린이 보석십자수 캐릭터 큐빅십자수,지니맘 큐빅십자수  DIY: 20번 거미 (15cm 20cm)
665905913,SELLBLOG,NORMAL,맘에들어요~아이들이 직접 완성해서 벽에 걸어 전시해주려구요~,2019-04-28T13:34:53.000+0000,STOREFARM,5,지니맘 어린이 보석십자수 캐릭터 큐빅십자수,지니맘 큐빅십자수  DIY: 20번 거미 (15cm 20cm)
660739729,SELLBLOG,NORMAL,아이가 좋아하네요 추천합니다,2019-04-16T12:56:13.000+0000,STOREFARM,5,지니맘 어린이 보석십자수 캐릭터 큐빅십자수,
660739514,SELLBLOG,NORMAL,아이가 좋아하네요 추천합니다,2019-04-16T12:55:52.000+0000,STOREFARM,5,지니맘 어린이 보석십자수 캐릭터 큐빅십자수,
670977166,SELLBLOG,NORMAL,아이가 앚ㄷㆍ 좋아하더라구요,2019-05-11T00:24:00.000+0000,STOREFARM,4,지니맘 어린이 보석십자수 캐릭터 큐빅십자수,지니맘 큐빅십자수  DIY: 1번 유니콘 (15cm 20cm)
660739164,SELLBLOG,NORMAL,아이가 좋아하네요 추천합니다.,2019-04-16T12:55:17.000+0000,STOREFARM,5,지니맘 어린이 보석십자수 캐릭터 큐빅십자수,
669243825,SELLBLOG,NORMAL,"반짝반짝 이쁘네요
내용물도 실합니다",2019-05-07T03:55:11.000+0000,STOREFARM,5,지니맘 어린이 보석십자수 캐릭터 큐빅십자수,지니맘 큐빅십자수  DIY: 3번 분홍사슴 (15cm 20cm)
668127480,SELLBLOG,NORMAL,큐빅이 큼직해서 아이에게 더 좋은것 같네요,2019-05-03T21:38:09.000+0000,STOREFARM,5,지니맘 어린이 보석십자수 캐릭터 큐빅십자수,지니맘 큐빅십자수  DIY: 26번 돌고래(15cm 20cm)
660326875,SELLBLOG,AFTER_USE,가격도 저렴했고 배송도 좋았고 도안도 다양해요~,2019-04-15T14:56:49.000+0000,STOREFARM,5,지니맘 어린이 보석십자수 캐릭터,지니맘 큐빅십자수  DIY: 18번 망치 (15cm 20cm)
654815567,SELLBLOG,NORMAL,"아이가 차분히 앉아서 잘하네요
하면서 재미있는지 콧노래도 부르고요 생각보다 금방하겠어요",2019-04-03T04:58:21.000+0000,STOREFARM,5,지니맘 어린이 보석십자수 캐릭터 큐빅십자수,지니맘 큐빅십자수  DIY: 22번 부엉이 (15cm 20cm)
663043528,SELLBLOG,NORMAL,배송도 정확히 오고 갯수도 정확히 왔습니다~ 학교에서 사용할 예정인데 작년에 이어 2번째 구입! 가격대비 작품도 너무 이쁘게 나오고 학생들도 대 만족입니다^^,2019-04-22T00:11:47.000+0000,STOREFARM,5,지니맘 어린이 보석십자수 캐릭터 큐빅십자수,지니맘 큐빅십자수  DIY: 5번 펭귄(15cm 15cm)
669244053,SELLBLOG,NORMAL,상품 이쁘고 좋습니다,2019-05-07T03:55:44.000+0000,STOREFARM,5,지니맘 어린이 보석십자수 캐릭터 큐빅십자수,지니맘 큐빅십자수  DIY: 23번 사자 (15cm 20cm)
663045015,SELLBLOG,NORMAL,작년부터 너무 잘 이용하고 있어요~ 품절되었던 다양한 상품들이 더 빨리 채워졌음 하는 바램이 있어요~~~,2019-04-22T00:14:41.000+0000,STOREFARM,4,지니맘 어린이 보석십자수 캐릭터 큐빅십자수,지니맘 큐빅십자수  DIY: 1번 사탕(15cm 15cm)
663044217,SELLBLOG,NORMAL,작년부터 너무 잘 이용하고 있어요~ 품절되었던 다양한 상품들이 더 빨리 채워졌음 하는 바램이 있어요~~~,2019-04-22T00:13:03.000+0000,STOREFARM,5,지니맘 어린이 보석십자수 캐릭터 큐빅십자수,지니맘 큐빅십자수  DIY: 4번 작은유니콘(15cm 15cm)
669052766,SELLBLOG,NORMAL,아이들이 너무 좋아해요♡,2019-05-06T13:17:39.000+0000,STOREFARM,5,지니맘 어린이 보석십자수 캐릭터 큐빅십자수,지니맘 큐빅십자수  DIY: 2번 보라유니콘 (15cm 20cm)
664939914,SELLBLOG,NORMAL,아오들이 좋아하네요~집중해서 하니 보기 좋습니다.,2019-04-26T03:23:03.000+0000,STOREFARM,5,지니맘 어린이 보석십자수 캐릭터 큐빅십자수,지니맘 큐빅십자수  DIY: 21번 별유니콘 (15cm 20cm)
665435225,SELLBLOG,NORMAL,"아이가 너무 좋아해요..
그리고, 생각외로 이뿐것 같아요..",2019-04-27T09:02:13.000+0000,STOREFARM,5,지니맘 어린이 보석십자수 캐릭터 큐빅십자수,지니맘 큐빅십자수  DIY: 2번 보라유니콘 (15cm 20cm)
668443260,SELLBLOG,NORMAL,배송이 빠르고 정확합니다,2019-05-04T14:02:47.000+0000,STOREFARM,5,지니맘 어린이 보석십자수 캐릭터 큐빅십자수,지니맘 큐빅십자수  DIY: 6번 소녀  (15cm 20cm)
668443095,SELLBLOG,NORMAL,배송이 빠르고 정확합니다,2019-05-04T14:02:25.000+0000,STOREFARM,5,지니맘 어린이 보석십자수 캐릭터 큐빅십자수,지니맘 큐빅십자수  DIY: 8번 꽃사슴 (15cm 20cm)
668442945,SELLBLOG,NORMAL,배송이 빠르고 정확합니다,2019-05-04T14:02:03.000+0000,STOREFARM,5,지니맘 어린이 보석십자수 캐릭터 큐빅십자수,지니맘 큐빅십자수  DIY: 2번 토끼(15cm 15cm)
668442736,SELLBLOG,NORMAL,배송이 빠르고 정확합니다,2019-05-04T14:01:32.000+0000,STOREFARM,5,지니맘 어린이 보석십자수 캐릭터 큐빅십자수,지니맘 큐빅십자수  DIY: 2번 보라유니콘 (15cm 20cm)
668442596,SELLBLOG,NORMAL,배송이 빠르고 정확합니다,2019-05-04T14:01:12.000+0000,STOREFARM,5,지니맘 어린이 보석십자수 캐릭터 큐빅십자수,지니맘 큐빅십자수  DIY: 21번 별유니콘 (15cm 20cm)
667140049,SELLBLOG,AFTER_USE,마음에 들어요 하기좋아요,2019-05-01T08:52:33.000+0000,STOREFARM,5,지니맘 어린이 보석십자수 캐릭터 큐빅십자수,지니맘 큐빅십자수  DIY: 2번 토끼(15cm 15cm)
665855974,SELLBLOG,NORMAL,"아이들 집중도 잘 하고 
만드는 재미에
방꾸미는 재미까지
너무너무 재밌게 잘 했습니다.",2019-04-28T11:24:37.000+0000,STOREFARM,5,지니맘 어린이 보석십자수 캐릭터 큐빅십자수,지니맘 큐빅십자수  DIY: 4번 작은유니콘(15cm 15cm)
667022892,SELLBLOG,NORMAL,아이가 좋아합니다. 배송도 빠르고 포장도 꼼꼼해요,2019-05-01T04:14:37.000+0000,STOREFARM,5,지니맘 어린이 보석십자수 캐릭터 큐빅십자수,지니맘 큐빅십자수  DIY: 14번 슈퍼맨 (15cm 20cm)
668357685,SELLBLOG,NORMAL,배송빠르고 넘 좋아요,2019-05-04T10:00:24.000+0000,STOREFARM,5,지니맘 어린이 보석십자수 캐릭터 큐빅십자수,지니맘 큐빅십자수  DIY: 26번 돌고래(15cm 20cm)
668399905,SELLBLOG,NORMAL,빠른 배송 감사합니다,2019-05-04T12:03:57.000+0000,STOREFARM,5,지니맘 어린이 보석십자수 캐릭터 큐빅십자수,지니맘 큐빅십자수  DIY: 26번 돌고래(15cm 20cm)
668358086,SELLBLOG,NORMAL,배송빠르고 아주좋음,2019-05-04T10:01:40.000+0000,STOREFARM,5,지니맘 어린이 보석십자수 캐릭터 큐빅십자수,지니맘 큐빅십자수  DIY: 4번 작은유니콘(15cm 15cm)
668358004,SELLBLOG,NORMAL,배송빠르고 아주좋음,2019-05-04T10:01:24.000+0000,STOREFARM,5,지니맘 어린이 보석십자수 캐릭터 큐빅십자수,지니맘 큐빅십자수  DIY: 2번 토끼(15cm 15cm)
668357908,SELLBLOG,NORMAL,배송빠르고 아주좋음,2019-05-04T10:01:07.000+0000,STOREFARM,5,지니맘 어린이 보석십자수 캐릭터 큐빅십자수,지니맘 큐빅십자수  DIY: 3번 달팽이(15cm 15cm)
668357818,SELLBLOG,NORMAL,배송빠르고 아주 좋음,2019-05-04T10:00:52.000+0000,STOREFARM,5,지니맘 어린이 보석십자수 캐릭터 큐빅십자수,지니맘 큐빅십자수  DIY: 1번 사탕(15cm 15cm)
667870287,SELLBLOG,NORMAL,배송도 빠르고 제품 구성도 좋습니다,2019-05-03T05:08:12.000+0000,STOREFARM,4,지니맘 어린이 보석십자수 캐릭터 큐빅십자수,지니맘 큐빅십자수  DIY: 24번 미니1 (15cm 20cm)
668127537,SELLBLOG,NORMAL,빠른배송 감사합니다,2019-05-03T21:38:53.000+0000,STOREFARM,5,지니맘 어린이 보석십자수 캐릭터 큐빅십자수,지니맘 큐빅십자수  DIY: 16번 별 (15cm 20cm)
668003946,SELLBLOG,NORMAL,6세아이도 혼자서 잘하네요.,2019-05-03T10:58:31.000+0000,STOREFARM,5,지니맘 어린이 보석십자수 캐릭터 큐빅십자수,지니맘 큐빅십자수  DIY: 2번 보라유니콘 (15cm 20cm)
668003920,SELLBLOG,NORMAL,6세아이도 혼자서 잘하네요.,2019-05-03T10:58:25.000+0000,STOREFARM,5,지니맘 어린이 보석십자수 캐릭터 큐빅십자수,지니맘 큐빅십자수  DIY: 4번 홍학 (15cm 20cm)
668003877,SELLBLOG,NORMAL,6세아이도 혼자서 잘하네요.,2019-05-03T10:58:18.000+0000,STOREFARM,5,지니맘 어린이 보석십자수 캐릭터 큐빅십자수,지니맘 큐빅십자수  DIY: 5번 펭귄(15cm 15cm)
668003837,SELLBLOG,NORMAL,6세아이도 혼자서 잘하네요.,2019-05-03T10:58:12.000+0000,STOREFARM,5,지니맘 어린이 보석십자수 캐릭터 큐빅십자수,지니맘 큐빅십자수  DIY: 8번 꽃사슴 (15cm 20cm)
668003781,SELLBLOG,NORMAL,6세아이도 혼자서 잘하네요.,2019-05-03T10:58:03.000+0000,STOREFARM,5,지니맘 어린이 보석십자수 캐릭터 큐빅십자수,지니맘 큐빅십자수  DIY: 1번 사탕(15cm 15cm)
668003713,SELLBLOG,NORMAL,6세아이도 혼자서 잘하네요.,2019-05-03T10:57:51.000+0000,STOREFARM,5,지니맘 어린이 보석십자수 캐릭터 큐빅십자수,지니맘 큐빅십자수  DIY: 3번 달팽이(15cm 15cm)
667139862,SELLBLOG,AFTER_USE,몇개 구입했는데 벌써 다했네요,2019-05-01T08:52:08.000+0000,STOREFARM,5,지니맘 어린이 보석십자수 캐릭터 큐빅십자수,지니맘 큐빅십자수  DIY: 2번 보라유니콘 (15cm 20cm)
665435557,SELLBLOG,NORMAL,"아이가 너무좋아해요..
생가외로 이뿌네요..",2019-04-27T09:03:12.000+0000,STOREFARM,5,지니맘 어린이 보석십자수 캐릭터 큐빅십자수,지니맘 큐빅십자수  DIY: 21번 별유니콘 (15cm 20cm)
667651816,SELLBLOG,NORMAL,만든작품이 더 멋있어요,2019-05-02T11:47:27.000+0000,STOREFARM,4,지니맘 어린이 보석십자수 캐릭터 큐빅십자수,지니맘 큐빅십자수  DIY: 22번 부엉이 (15cm 20cm)
665905223,SELLBLOG,NORMAL,아이들 집중력향상에 도움되고 아주 예쁩니다.,2019-04-28T13:32:53.000+0000,STOREFARM,5,지니맘 어린이 보석십자수 캐릭터 큐빅십자수,지니맘 큐빅십자수  DIY: 4번 작은유니콘(15cm 15cm)
657225483,SELLBLOG,NORMAL,"9세는 좋아하고, 7세는 첨에는 흥이두더니 금방 그만두네요.. ㅋㅋ
그래서 제가 할랬더니 또와서 자기가 하겠데요.ㅋㅋ
9세가 집중력이 안좋아서 시작해봤는데.. 일단은 좋아해서 다행입니다. 잘하면 더 큰거 사줘야겠어요 ㅋㅋ",2019-04-08T13:02:50.000+0000,STOREFARM,5,지니맘 어린이 보석십자수 캐릭터 큐빅십자수,지니맘 큐빅십자수  DIY: 23번 사자 (15cm 20cm)
657225461,SELLBLOG,NORMAL,"9세는 좋아하고, 7세는 첨에는 흥이두더니 금방 그만두네요.. ㅋㅋ
그래서 제가 할랬더니 또와서 자기가 하겠데요.ㅋㅋ
9세가 집중력이 안좋아서 시작해봤는데.. 일단은 좋아해서 다행입니다. 잘하면 더 큰거 사줘야겠어요 ㅋㅋ",2019-04-08T13:02:46.000+0000,STOREFARM,5,지니맘 어린이 보석십자수 캐릭터 큐빅십자수,지니맘 큐빅십자수  DIY: 22번 부엉이 (15cm 20cm)
657225435,SELLBLOG,NORMAL,"9세는 좋아하고, 7세는 첨에는 흥이두더니 금방 그만두네요.. ㅋㅋ
그래서 제가 할랬더니 또와서 자기가 하겠데요.ㅋㅋ
9세가 집중력이 안좋아서 시작해봤는데.. 일단은 좋아해서 다행입니다. 잘하면 더 큰거 사줘야겠어요 ㅋㅋ",2019-04-08T13:02:41.000+0000,STOREFARM,5,지니맘 어린이 보석십자수 캐릭터 큐빅십자수,지니맘 큐빅십자수  DIY: 1번 유니콘 (15cm 20cm)
657225397,SELLBLOG,NORMAL,"9세는 좋아하고, 7세는 첨에는 흥이두더니 금방 그만두네요.. ㅋㅋ
그래서 제가 할랬더니 또와서 자기가 하겠데요.ㅋㅋ
9세가 집중력이 안좋아서 시작해봤는데.. 일단은 좋아해서 다행입니다. 잘하면 더 큰거 사줘야겠어요 ㅋㅋ",2019-04-08T13:02:36.000+0000,STOREFARM,5,지니맘 어린이 보석십자수 캐릭터 큐빅십자수,지니맘 큐빅십자수  DIY: 8번 꽃사슴 (15cm 20cm)
665435759,SELLBLOG,NORMAL,"아이가 너무 좋아해요..
생가외로 이뻐요...",2019-04-27T09:03:48.000+0000,STOREFARM,5,지니맘 어린이 보석십자수 캐릭터 큐빅십자수,지니맘 큐빅십자수  DIY: 22번 부엉이 (15cm 20cm)
665012001,SELLBLOG,NORMAL,애들이완전좋아해요~가격대비 좋네요~,2019-04-26T06:25:10.000+0000,STOREFARM,5,지니맘 어린이 보석십자수 캐릭터 큐빅십자수,지니맘 큐빅십자수  DIY: 2번 보라유니콘 (15cm 20cm)
667651627,SELLBLOG,NORMAL,심심풀이로 하고있어요 예뻐요,2019-05-02T11:46:55.000+0000,STOREFARM,3,지니맘 어린이 보석십자수 캐릭터 큐빅십자수,지니맘 큐빅십자수  DIY: 23번 사자 (15cm 20cm)
666214809,SELLBLOG,AFTER_USE,아이들이너무좋아해요감사합니다,2019-04-29T06:43:44.000+0000,STOREFARM,5,지니맘 어린이 보석십자수 캐릭터 큐빅십자수,지니맘 큐빅십자수  DIY: 22번 부엉이 (15cm 20cm)
667297418,SELLBLOG,NORMAL,예뻐서 아이가 좋아해요,2019-05-01T14:52:21.000+0000,STOREFARM,5,지니맘 어린이 보석십자수 캐릭터 큐빅십자수,지니맘 큐빅십자수  DIY: 4번 작은유니콘(15cm 15cm)
659488762,SELLBLOG,NORMAL,초4 딸 두번째 작품이네요 첫번째 작품은 할머니 생신선물 했어요 딸램이 혼자 해낼수 있는거에 자신감이 생기네요 또 구매할께요,2019-04-13T14:33:59.000+0000,STOREFARM,5,지니맘 어린이 보석십자수 캐릭터 큐빅십자수,지니맘 큐빅십자수  DIY: 1번 유니콘 (15cm 20cm)
666214584,SELLBLOG,AFTER_USE,꼼꼼히포장되어왔습니다~감사합니다,2019-04-29T06:43:14.000+0000,STOREFARM,5,지니맘 어린이 보석십자수 캐릭터 큐빅십자수,지니맘 큐빅십자수  DIY: 1번 유니콘 (15cm 20cm)
665436198,SELLBLOG,NORMAL,"아이가 좋아해요..
생가외로 이뻐요..",2019-04-27T09:04:59.000+0000,STOREFARM,5,지니맘 어린이 보석십자수 캐릭터 큐빅십자수,지니맘 큐빅십자수  DIY: 3번 분홍사슴 (15cm 20cm)
665436053,SELLBLOG,NORMAL,"아이가 좋아해요..
생각외로 이뻐요..",2019-04-27T09:04:35.000+0000,STOREFARM,5,지니맘 어린이 보석십자수 캐릭터 큐빅십자수,지니맘 큐빅십자수  DIY: 26번 돌고래(15cm 20cm)
667139457,SELLBLOG,AFTER_USE,작은 사이즈에   좋아요,2019-05-01T08:51:14.000+0000,STOREFARM,5,지니맘 어린이 보석십자수 캐릭터 큐빅십자수,지니맘 큐빅십자수  DIY: 5번 펭귄(15cm 15cm)
664939754,SELLBLOG,NORMAL,배송도 좋았고 아이들이 참 좋아해서 만족합니다.,2019-04-26T03:22:37.000+0000,STOREFARM,5,지니맘 어린이 보석십자수 캐릭터 큐빅십자수,지니맘 큐빅십자수  DIY: 7번 소녀1  (15cm 20cm)
668444598,SELLBLOG,NORMAL,배송이   빨라요^^,2019-05-04T14:06:20.000+0000,STOREFARM,4,지니맘 어린이 보석십자수 캐릭터 큐빅십자수,지니맘 큐빅십자수  DIY: 8번 꽃사슴 (15cm 20cm)
667139200,SELLBLOG,AFTER_USE,저렴한 가격에 마음에들어요,2019-05-01T08:50:39.000+0000,STOREFARM,5,지니맘 어린이 보석십자수 캐릭터 큐빅십자수,지니맘 큐빅십자수  DIY: 3번 달팽이(15cm 15cm)
653524870,SELLBLOG,NORMAL,큐빅 광택도 좋고 예쁘네요 사슴 구입하고 싶었는데 품절이라 유니콘 구입했는데 아이가 좋아해요,2019-03-31T12:19:36.000+0000,STOREFARM,5,지니맘 어린이 보석십자수 캐릭터 큐빅십자수,지니맘 큐빅십자수  DIY: 1번 유니콘 (15cm 20cm)
665126958,SELLBLOG,NORMAL,"액자가 없는 구성입니다 
확인 잘 하고 구매 하시길 ...",2019-04-26T11:26:11.000+0000,STOREFARM,2,지니맘 어린이 보석십자수 캐릭터 큐빅십자수,지니맘 큐빅십자수  DIY: 20번 거미 (15cm 20cm)
667139649,SELLBLOG,AFTER_USE,아이들이 좋아해요 좋아요,2019-05-01T08:51:40.000+0000,STOREFARM,5,지니맘 어린이 보석십자수 캐릭터 큐빅십자수,지니맘 큐빅십자수  DIY: 7번 소녀1  (15cm 20cm)
661745437,SELLBLOG,NORMAL,너무이뻐요 큐빅이불량이 조금있지만 워낙넉넉히 주셔서 다하고도 남네요,2019-04-18T13:11:24.000+0000,STOREFARM,5,지니맘 어린이 보석십자수 캐릭터 큐빅십자수,지니맘 큐빅십자수  DIY: 16번 별 (15cm 20cm)
668445024,SELLBLOG,NORMAL,"배송이 빨라요요,~~~~",2019-05-04T14:07:29.000+0000,STOREFARM,3,지니맘 어린이 보석십자수 캐릭터 큐빅십자수,지니맘 큐빅십자수  DIY: 4번 작은유니콘(15cm 15cm)
668445149,SELLBLOG,NORMAL,배송이 빨라요^^^,2019-05-04T14:07:50.000+0000,STOREFARM,3,지니맘 어린이 보석십자수 캐릭터 큐빅십자수,지니맘 큐빅십자수  DIY: 2번 토끼(15cm 15cm)
668444828,SELLBLOG,NORMAL,배송이  빨라요nnn,2019-05-04T14:06:58.000+0000,STOREFARM,3,지니맘 어린이 보석십자수 캐릭터 큐빅십자수,지니맘 큐빅십자수  DIY: 2번 보라유니콘 (15cm 20cm)
665905364,SELLBLOG,NORMAL,9살 남자아이도 아주 재밌어하네요^^,2019-04-28T13:33:15.000+0000,STOREFARM,5,지니맘 어린이 보석십자수 캐릭터 큐빅십자수,지니맘 큐빅십자수  DIY: 5번 펭귄(15cm 15cm)
666883357,SELLBLOG,NORMAL,"좋아요 
배송도 빠르고",2019-04-30T17:27:34.000+0000,STOREFARM,5,지니맘 어린이 보석십자수 캐릭터 큐빅십자수,지니맘 큐빅십자수  DIY: 21번 별유니콘 (15cm 20cm)
656289944,SELLBLOG,NORMAL,아이들이 집중해서 잘하고 재밌네요,2019-04-06T10:38:22.000+0000,STOREFARM,5,지니맘 어린이 보석십자수 캐릭터 큐빅십자수,지니맘 큐빅십자수  DIY: 25번 미니2  (15cm 20cm)
654816125,SELLBLOG,NORMAL,"아이가 좋아합니다..
완성하고 액자로 걸면 
너무 이쁠거 같아요",2019-04-03T04:59:25.000+0000,STOREFARM,5,지니맘 어린이 보석십자수 캐릭터 큐빅십자수,지니맘 큐빅십자수  DIY: 5번 펭귄(15cm 15cm)
665566937,SELLBLOG,NORMAL,"이뻐요
보석이 더 반짝이는듯한 착각? ㅋ",2019-04-27T15:29:25.000+0000,STOREFARM,4,지니맘 어린이 보석십자수 캐릭터 큐빅십자수,지니맘 큐빅십자수  DIY: 5번 펭귄(15cm 15cm)
665905650,SELLBLOG,NORMAL,아이들이 매우 좋아합니다,2019-04-28T13:34:08.000+0000,STOREFARM,5,지니맘 어린이 보석십자수 캐릭터 큐빅십자수,지니맘 큐빅십자수  DIY: 1번 사탕(15cm 15cm)
664770913,SELLBLOG,NORMAL,요즘 큐빅십자수에 빠져서 헤어나질 못하네요 ㅎㅎ,2019-04-25T13:20:16.000+0000,STOREFARM,5,지니맘 어린이 보석십자수 캐릭터 큐빅십자수,지니맘 큐빅십자수  DIY: 12번 슈퍼 (15cm 20cm)
656828967,SELLBLOG,NORMAL,쉽고 빠르게 완성햇어요,2019-04-07T20:43:06.000+0000,STOREFARM,3,지니맘 어린이 보석십자수 캐릭터 큐빅십자수,지니맘 큐빅십자수  DIY: 21번 별유니콘 (15cm 20cm)
664770602,SELLBLOG,NORMAL,요즘 큐빅십자수에 빠져서 헤어나질못해요 ㅎㅎ,2019-04-25T13:19:33.000+0000,STOREFARM,5,지니맘 어린이 보석십자수 캐릭터 큐빅십자수,지니맘 큐빅십자수  DIY: 10번 안경토끼 (15cm 20cm)
665906023,SELLBLOG,NORMAL,아이들의 만족도가 높네요~~,2019-04-28T13:35:13.000+0000,STOREFARM,5,지니맘 어린이 보석십자수 캐릭터 큐빅십자수,지니맘 큐빅십자수  DIY: 4번 홍학 (15cm 20cm)
660228278,SELLBLOG,NORMAL,배송 빠르네요. 여행갈 때 비행기 안에서 놀거리로 구매했어요. 잘 놀았으면 좋겠네요 ^^,2019-04-15T09:40:40.000+0000,STOREFARM,4,지니맘 어린이 보석십자수 캐릭터 큐빅십자수,지니맘 큐빅십자수  DIY: 1번 유니콘 (15cm 20cm)
665905499,SELLBLOG,NORMAL,집중력향상에 도움됩니다~~,2019-04-28T13:33:40.000+0000,STOREFARM,5,지니맘 어린이 보석십자수 캐릭터 큐빅십자수,지니맘 큐빅십자수  DIY: 2번 토끼(15cm 15cm)
664940056,SELLBLOG,NORMAL,선물한건데 아이들이 좋아하네요~,2019-04-26T03:23:28.000+0000,STOREFARM,5,지니맘 어린이 보석십자수 캐릭터 큐빅십자수,지니맘 큐빅십자수  DIY: 8번 꽃사슴 (15cm 20cm)
667652087,SELLBLOG,NORMAL,예뻐요  멋저요 ㅋㅋ 좋아요,2019-05-02T11:48:13.000+0000,STOREFARM,4,지니맘 어린이 보석십자수 캐릭터 큐빅십자수,지니맘 큐빅십자수  DIY: 8번 꽃사슴 (15cm 20cm)
656290408,SELLBLOG,NORMAL,아이들이 재밌게 잘하네요,2019-04-06T10:39:37.000+0000,STOREFARM,5,지니맘 어린이 보석십자수 캐릭터 큐빅십자수,지니맘 큐빅십자수  DIY: 18번 망치 (15cm 20cm)
650081992,SELLBLOG,NORMAL,"받자마자 풀러서 만드는데, 정신집중에도 좋고 시간도 훌쩍 가서 엄마도 편하네요.",2019-03-23T12:05:27.000+0000,STOREFARM,5,지니맘 어린이 보석십자수 캐릭터 큐빅십자수,지니맘 큐빅십자수  DIY: 16번 별 (15cm 20cm)
665905593,SELLBLOG,NORMAL,예쁘고 아주 잘되네요~,2019-04-28T13:33:58.000+0000,STOREFARM,5,지니맘 어린이 보석십자수 캐릭터 큐빅십자수,지니맘 큐빅십자수  DIY: 3번 달팽이(15cm 15cm)
650082456,SELLBLOG,NORMAL,액자 없이 구매했는데 크게 상관없네요. 오히려 책장 사이에 끼어서 보관도 가능하고... 좋아요.,2019-03-23T12:06:51.000+0000,STOREFARM,5,지니맘 어린이 보석십자수 캐릭터 큐빅십자수,지니맘 큐빅십자수  DIY: 17번 가면 (15cm 20cm)
656829003,SELLBLOG,NORMAL,선물로 구매했어요..,2019-04-07T20:43:49.000+0000,STOREFARM,3,지니맘 어린이 보석십자수 캐릭터 큐빅십자수,지니맘 큐빅십자수  DIY: 10번 안경토끼 (15cm 20cm)
663330171,SELLBLOG,NORMAL,선물용으로 샀는데 아이들이 너무 좋아합니다.,2019-04-22T11:48:00.000+0000,STOREFARM,5,지니맘 어린이 보석십자수 캐릭터 큐빅십자수,지니맘 큐빅십자수  DIY: 5번 펭귄(15cm 15cm)
656290249,SELLBLOG,NORMAL,아이들이 좋아하네요,2019-04-06T10:39:13.000+0000,STOREFARM,5,지니맘 어린이 보석십자수 캐릭터 큐빅십자수,지니맘 큐빅십자수  DIY: 16번 별 (15cm 20cm)
652079432,SELLBLOG,NORMAL,"빠른배송 잘 도착했어요~
시간가는지 모르고 재미있네요^^",2019-03-28T05:16:46.000+0000,STOREFARM,4,지니맘 어린이 보석십자수 캐릭터 큐빅십자수,지니맘 큐빅십자수  DIY: 15번 베트맨 (15cm 20cm)
663969598,SELLBLOG,NORMAL,가격대비 만족 아이들이 좋아합니다.,2019-04-24T01:33:11.000+0000,STOREFARM,5,지니맘 어린이 보석십자수 캐릭터 큐빅십자수,지니맘 큐빅십자수  DIY: 22번 부엉이 (15cm 20cm)
665567118,SELLBLOG,NORMAL,아들이 진짜 보석 같다며~~ㅋ,2019-04-27T15:30:07.000+0000,STOREFARM,4,지니맘 어린이 보석십자수 캐릭터 큐빅십자수,지니맘 큐빅십자수  DIY: 12번 슈퍼 (15cm 20cm)
650082659,SELLBLOG,NORMAL,디자인 다양하고 남아들용도 있어서 남매들 골고루 사 주기 좋았어요.,2019-03-23T12:07:29.000+0000,STOREFARM,5,지니맘 어린이 보석십자수 캐릭터 큐빅십자수,지니맘 큐빅십자수  DIY: 1번 유니콘 (15cm 20cm)
656829023,SELLBLOG,NORMAL,색감이 넘 이뻐요. .,2019-04-07T20:44:21.000+0000,STOREFARM,3,지니맘 어린이 보석십자수 캐릭터 큐빅십자수,지니맘 큐빅십자수  DIY: 22번 부엉이 (15cm 20cm)
663867600,SELLBLOG,AFTER_USE,아이들이 재밌어하고 반짝반짝 예쁘네요,2019-04-23T17:16:22.000+0000,STOREFARM,5,지니맘 어린이 보석십자수 캐릭터,지니맘 큐빅십자수  DIY: 1번 유니콘 (15cm 20cm)
663867561,SELLBLOG,AFTER_USE,아이들이 재밌어하고 반짝반짝 예쁘네요,2019-04-23T17:15:58.000+0000,STOREFARM,5,지니맘 어린이 보석십자수 캐릭터,지니맘 큐빅십자수  DIY: 3번 분홍사슴 (15cm 20cm)
663867448,SELLBLOG,AFTER_USE,아이들이 재밌어하고 반짝반짝 예쁘네요,2019-04-23T17:14:56.000+0000,STOREFARM,5,지니맘 어린이 보석십자수 캐릭터,지니맘 큐빅십자수  DIY: 8번 꽃사슴 (15cm 20cm)
663867395,SELLBLOG,AFTER_USE,아이들이 재밌어하고 반짝반짝 예쁘네요,2019-04-23T17:14:34.000+0000,STOREFARM,5,지니맘 어린이 보석십자수 캐릭터,지니맘 큐빅십자수  DIY: 13번 스폰지 (15cm 20cm)
663867358,SELLBLOG,AFTER_USE,아이들이 재밌어하고 반짝반짝 예쁘네요,2019-04-23T17:14:17.000+0000,STOREFARM,5,지니맘 어린이 보석십자수 캐릭터,지니맘 큐빅십자수  DIY: 20번 거미 (15cm 20cm)
660200035,SELLBLOG,NORMAL,생각보다 재밌었어요.애기랑 같이 하니깐 아이도 좋아하더군요.,2019-04-15T08:16:48.000+0000,STOREFARM,4,지니맘 어린이 보석십자수 캐릭터 큐빅십자수,지니맘 큐빅십자수  DIY: 21번 별유니콘 (15cm 20cm)
652973086,SELLBLOG,NORMAL,"시간보내기 좋아요.
아이들이좋아해요",2019-03-30T04:58:15.000+0000,STOREFARM,5,지니맘 어린이 보석십자수 캐릭터 큐빅십자수,지니맘 큐빅십자수  DIY: 12번 슈퍼 (15cm 20cm)
656829047,SELLBLOG,NORMAL,두세시간이면 완성~~~^^,2019-04-07T20:44:51.000+0000,STOREFARM,3,지니맘 어린이 보석십자수 캐릭터 큐빅십자수,지니맘 큐빅십자수  DIY: 23번 사자 (15cm 20cm)
673994116,SELLBLOG,NORMAL,예뻐요  재밌어요  멋져요,2019-05-17T08:20:25.000+0000,STOREFARM,4,지니맘 어린이 보석십자수 캐릭터 큐빅십자수,지니맘 큐빅십자수  DIY: 25번 미니2  (15cm 20cm)
654816427,SELLBLOG,NORMAL,"좋습니다..
아이도 맘에 들어하고요",2019-04-03T05:00:01.000+0000,STOREFARM,5,지니맘 어린이 보석십자수 캐릭터 큐빅십자수,지니맘 큐빅십자수  DIY: 3번 분홍사슴 (15cm 20cm)
663969712,SELLBLOG,NORMAL,아이들이 너무 좋아합니다,2019-04-24T01:33:25.000+0000,STOREFARM,5,지니맘 어린이 보석십자수 캐릭터 큐빅십자수,지니맘 큐빅십자수  DIY: 21번 별유니콘 (15cm 20cm)
664259429,SELLBLOG,NORMAL,넘. 좋고 아이도 참. 좋아해요,2019-04-24T11:34:38.000+0000,STOREFARM,5,지니맘 어린이 보석십자수 캐릭터 큐빅십자수,지니맘 큐빅십자수  DIY: 16번 별 (15cm 20cm)
658982683,SELLBLOG,NORMAL,"처음 해보는건데 어렵지도 않고 재미있었어요ㅎㅎ
그리고 구성품이 깔끔해요ㅎㅎ",2019-04-12T08:20:56.000+0000,STOREFARM,5,지니맘 어린이 보석십자수 캐릭터 큐빅십자수,지니맘 큐빅십자수  DIY: 20번 거미 (15cm 20cm)
663246246,SELLBLOG,NORMAL,아이가 원하고 좋아하니 좋네요,2019-04-22T07:24:59.000+0000,STOREFARM,4,지니맘 어린이 보석십자수 캐릭터 큐빅십자수,지니맘 큐빅십자수  DIY: 1번 유니콘 (15cm 20cm)
653525226,SELLBLOG,NORMAL,아이가 하기에 어렵지 않고 좋네요 만족해요,2019-03-31T12:20:22.000+0000,STOREFARM,5,지니맘 어린이 보석십자수 캐릭터 큐빅십자수,지니맘 큐빅십자수  DIY: 7번 소녀1  (15cm 20cm)
663969849,SELLBLOG,NORMAL,아이들이 너무 좃마함,2019-04-24T01:33:39.000+0000,STOREFARM,5,지니맘 어린이 보석십자수 캐릭터 큐빅십자수,지니맘 큐빅십자수  DIY: 7번 소녀1  (15cm 20cm)
663146522,SELLBLOG,NORMAL,배송도 빠르고 아이가 좋아해요.,2019-04-22T03:33:11.000+0000,STOREFARM,4,지니맘 어린이 보석십자수 캐릭터 큐빅십자수,지니맘 큐빅십자수  DIY: 2번 보라유니콘 (15cm 20cm)
650178079,SELLBLOG,NORMAL,아이가 무척 좋아하네요 시간이 걸려 아직 미완성이네요,2019-03-23T22:10:44.000+0000,STOREFARM,5,지니맘 어린이 보석십자수 캐릭터 큐빅십자수,지니맘 큐빅십자수  DIY: 7번 소녀1  (15cm 20cm)
662606363,SELLBLOG,AFTER_USE,그림이 귀여워서 아이가 좋아해요,2019-04-20T18:59:33.000+0000,STOREFARM,5,지니맘 어린이 보석십자수 캐릭터,지니맘 큐빅십자수  DIY: 26번 돌고래(15cm 20cm)
661745785,SELLBLOG,NORMAL,엄청이 이뻐요 아이들이 좋아해요,2019-04-18T13:12:11.000+0000,STOREFARM,5,지니맘 어린이 보석십자수 캐릭터 큐빅십자수,지니맘 큐빅십자수  DIY: 21번 별유니콘 (15cm 20cm)
662628524,SELLBLOG,NORMAL,별은남자아이들이 좋아해요,2019-04-20T23:27:49.000+0000,STOREFARM,4,지니맘 어린이 보석십자수 캐릭터 큐빅십자수,지니맘 큐빅십자수  DIY: 16번 별 (15cm 20cm)
659012818,SELLBLOG,NORMAL,"아이가 집중해서 하네요~
액자에 넣어 주니 작품같고 좋아요",2019-04-12T09:41:17.000+0000,STOREFARM,5,지니맘 어린이 보석십자수 캐릭터 큐빅십자수,지니맘 큐빅십자수  DIY: 22번 부엉이 (15cm 20cm)
662016992,SELLBLOG,NORMAL,아직 써보진않았는데 아이가조아하네요ㅎ,2019-04-19T07:07:47.000+0000,STOREFARM,5,지니맘 어린이 보석십자수 캐릭터 큐빅십자수,지니맘 큐빅십자수  DIY: 5번 펭귄(15cm 15cm)
663918722,SELLBLOG,NORMAL,아이가 좋아하네요~,2019-04-23T23:50:58.000+0000,STOREFARM,5,지니맘 어린이 보석십자수 캐릭터 큐빅십자수,지니맘 큐빅십자수  DIY: 8번 꽃사슴 (15cm 20cm)
662894002,SELLBLOG,NORMAL,선물용으로 재구매했습니다.,2019-04-21T12:02:49.000+0000,STOREFARM,4,지니맘 어린이 보석십자수 캐릭터 큐빅십자수,지니맘 큐빅십자수  DIY: 21번 별유니콘 (15cm 20cm)
652972700,SELLBLOG,NORMAL,"아이들 집중력에좋아요
주말에 시간보내기도 좋아요",2019-03-30T04:57:23.000+0000,STOREFARM,5,지니맘 어린이 보석십자수 캐릭터 큐빅십자수,지니맘 큐빅십자수  DIY: 16번 별 (15cm 20cm)
652534074,SELLBLOG,NORMAL,큐빅도 넉넉하니 잊어버려도 문제없어요.,2019-03-29T04:49:27.000+0000,STOREFARM,5,지니맘 어린이 보석십자수 캐릭터 큐빅십자수,지니맘 큐빅십자수  DIY: 3번 분홍사슴 (15cm 20cm)
662519657,SELLBLOG,NORMAL,아이들이 너무 즐겁게 합니다,2019-04-20T12:37:59.000+0000,STOREFARM,5,지니맘 어린이 보석십자수 캐릭터 큐빅십자수,지니맘 큐빅십자수  DIY: 8번 꽃사슴 (15cm 20cm)
660543679,SELLBLOG,NORMAL,크기도크고 각 보석이 크기도 모양도 다양해서 완성한작품이 기대됩니다,2019-04-16T06:32:05.000+0000,STOREFARM,5,지니맘 어린이 보석십자수 캐릭터 큐빅십자수,지니맘 큐빅십자수  DIY: 17번 가면 (15cm 20cm)
661706435,SELLBLOG,NORMAL,배송도 빠르고 아이들이 하기 좋아요,2019-04-18T11:42:55.000+0000,STOREFARM,4,지니맘 어린이 보석십자수 캐릭터 큐빅십자수,지니맘 큐빅십자수  DIY: 4번 홍학 (15cm 20cm)
661773726,SELLBLOG,NORMAL,아이가 집중하면서 대미있게 합니다,2019-04-18T14:17:23.000+0000,STOREFARM,5,지니맘 어린이 보석십자수 캐릭터 큐빅십자수,지니맘 큐빅십자수  DIY: 26번 돌고래(15cm 20cm)
671991919,SELLBLOG,NORMAL,좋아용 좋아용 좋아용 좋아용 좋아용 좋아용 최고에요,2019-05-13T10:50:53.000+0000,STOREFARM,5,지니맘 어린이 보석십자수 캐릭터 큐빅십자수,지니맘 큐빅십자수  DIY: 1번 사탕(15cm 15cm)
662894104,SELLBLOG,NORMAL,아이가 너무 좋아합니다.,2019-04-21T12:03:07.000+0000,STOREFARM,4,지니맘 어린이 보석십자수 캐릭터 큐빅십자수,지니맘 큐빅십자수  DIY: 17번 가면 (15cm 20cm)
650082183,SELLBLOG,NORMAL,생각보다 사용법이 간단해서 아이가 직관적으로 알아서 하더라고요,2019-03-23T12:06:03.000+0000,STOREFARM,5,지니맘 어린이 보석십자수 캐릭터 큐빅십자수,지니맘 큐빅십자수  DIY: 6번 소녀  (15cm 20cm)
660194021,SELLBLOG,NORMAL,다른 모습의 스폰지밥도 있음 또 구매의사 있습니다,2019-04-15T08:00:17.000+0000,STOREFARM,4,지니맘 어린이 보석십자수 캐릭터 큐빅십자수,지니맘 큐빅십자수  DIY: 13번 스폰지 (15cm 20cm)
662017193,SELLBLOG,NORMAL,아이가 빨리하고싶다고 하네요ㅎ,2019-04-19T07:08:18.000+0000,STOREFARM,5,지니맘 어린이 보석십자수 캐릭터 큐빅십자수,지니맘 큐빅십자수  DIY: 13번 스폰지 (15cm 20cm)
652079710,SELLBLOG,NORMAL,재미잇어요! 배소옫 발라요,2019-03-28T05:17:19.000+0000,STOREFARM,4,지니맘 어린이 보석십자수 캐릭터 큐빅십자수,지니맘 큐빅십자수  DIY: 13번 스폰지 (15cm 20cm)
651646438,SELLBLOG,NORMAL,좋아요 ~ 보석 넉넉해영 ~,2019-03-27T07:50:27.000+0000,STOREFARM,4,지니맘 어린이 보석십자수 캐릭터 큐빅십자수,지니맘 큐빅십자수  DIY: 18번 망치 (15cm 20cm)
671992024,SELLBLOG,NORMAL,좋아용 좋아용 좋아용 좋아용 좋아용 좋아용,2019-05-13T10:51:08.000+0000,STOREFARM,5,지니맘 어린이 보석십자수 캐릭터 큐빅십자수,지니맘 큐빅십자수  DIY: 4번 작은유니콘(15cm 15cm)
671992076,SELLBLOG,NORMAL,좋아용 좋아용 좋아용 좋아용 좋아용,2019-05-13T10:51:16.000+0000,STOREFARM,5,지니맘 어린이 보석십자수 캐릭터 큐빅십자수,지니맘 큐빅십자수  DIY: 1번 유니콘 (15cm 20cm)
659324877,SELLBLOG,NORMAL,"배송빠르고
아이들이재밌어해요
그림이뻐서재구매생각있어요",2019-04-13T06:57:47.000+0000,STOREFARM,4,지니맘 어린이 보석십자수 캐릭터 큐빅십자수,지니맘 큐빅십자수  DIY: 9번 겨울사슴 (15cm 20cm)
656116943,SELLBLOG,NORMAL,도안도이쁘고 반짝반짝 보석도 넘이뻐요 도안이 코팅되어서 구겨질걱정없고 아이들이 하기 쉬워요~,2019-04-06T02:55:57.000+0000,STOREFARM,5,지니맘 어린이 보석십자수 캐릭터 큐빅십자수,지니맘 큐빅십자수  DIY: 3번 분홍사슴 (15cm 20cm)
661618673,SELLBLOG,AFTER_USE,애들집중력키우기좋아요,2019-04-18T08:20:02.000+0000,STOREFARM,5,지니맘 어린이 보석십자수 캐릭터,지니맘 큐빅십자수  DIY: 1번 유니콘 (15cm 20cm)
660193748,SELLBLOG,NORMAL,너무 빨리 끝나서 아쉬운거 빼곤 넘 좋습니다,2019-04-15T07:59:34.000+0000,STOREFARM,4,지니맘 어린이 보석십자수 캐릭터 큐빅십자수,지니맘 큐빅십자수  DIY: 1번 유니콘 (15cm 20cm)
652079908,SELLBLOG,NORMAL,잘 도착해서 재미잇게 할께요,2019-03-28T05:17:43.000+0000,STOREFARM,4,지니맘 어린이 보석십자수 캐릭터 큐빅십자수,지니맘 큐빅십자수  DIY: 25번 미니2  (15cm 20cm)
661618457,SELLBLOG,AFTER_USE,만들고나면 너무 뿌듯해오,2019-04-18T08:19:34.000+0000,STOREFARM,5,지니맘 어린이 보석십자수 캐릭터,지니맘 큐빅십자수  DIY: 20번 거미 (15cm 20cm)
661746283,SELLBLOG,NORMAL,종류별로 다 사고싶네요,2019-04-18T13:13:25.000+0000,STOREFARM,5,지니맘 어린이 보석십자수 캐릭터 큐빅십자수,지니맘 큐빅십자수  DIY: 26번 돌고래(15cm 20cm)
662017071,SELLBLOG,NORMAL,아이가 너무조아해요,2019-04-19T07:08:00.000+0000,STOREFARM,5,지니맘 어린이 보석십자수 캐릭터 큐빅십자수,지니맘 큐빅십자수  DIY: 22번 부엉이 (15cm 20cm)
660543843,SELLBLOG,NORMAL,크기도크고 보석모양도다양해서 좋아요,2019-04-16T06:32:27.000+0000,STOREFARM,5,지니맘 어린이 보석십자수 캐릭터 큐빅십자수,지니맘 큐빅십자수  DIY: 24번 미니1 (15cm 20cm)
661746067,SELLBLOG,NORMAL,고급스럽고 반짝거리고 좋앙ᆢㄷ,2019-04-18T13:12:53.000+0000,STOREFARM,5,지니맘 어린이 보석십자수 캐릭터 큐빅십자수,지니맘 큐빅십자수  DIY: 18번 망치 (15cm 20cm)
661773530,SELLBLOG,NORMAL,모양도 예쁘고 큐빅도 반짝반짝 너무 예쁩니다.~^^,2019-04-18T14:16:54.000+0000,STOREFARM,5,지니맘 어린이 보석십자수 캐릭터 큐빅십자수,지니맘 큐빅십자수  DIY: 21번 별유니콘 (15cm 20cm)
662017405,SELLBLOG,NORMAL,8살이예요 조아하네요,2019-04-19T07:08:45.000+0000,STOREFARM,5,지니맘 어린이 보석십자수 캐릭터 큐빅십자수,지니맘 큐빅십자수  DIY: 1번 유니콘 (15cm 20cm)
652474144,SELLBLOG,AFTER_USE,액자로 해놓으니 이뿌네요~~,2019-03-29T02:36:10.000+0000,STOREFARM,5,지니맘 어린이 보석십자수 캐릭터,지니맘 큐빅십자수  DIY: 3번 분홍사슴 (15cm 20cm)
673982274,SELLBLOG,NORMAL,cfklgvbhjnmk,2019-05-17T07:52:35.000+0000,STOREFARM,3,지니맘 어린이 보석십자수 캐릭터 큐빅십자수,지니맘 큐빅십자수  DIY: 2번 토끼(15cm 15cm)
673982101,SELLBLOG,NORMAL,"fgvbhjn,lgvjhkl",2019-05-17T07:52:13.000+0000,STOREFARM,4,지니맘 어린이 보석십자수 캐릭터 큐빅십자수,지니맘 큐빅십자수  DIY: 26번 돌고래(15cm 20cm)
673982014,SELLBLOG,NORMAL,"fghj,lfgjhmkl,jkml",2019-05-17T07:52:03.000+0000,STOREFARM,3,지니맘 어린이 보석십자수 캐릭터 큐빅십자수,지니맘 큐빅십자수  DIY: 8번 꽃사슴 (15cm 20cm)
657733314,SELLBLOG,NORMAL,아이가 엄청좋아했어요 또 구매합니다,2019-04-09T13:12:57.000+0000,STOREFARM,5,지니맘 어린이 보석십자수 캐릭터 큐빅십자수,지니맘 큐빅십자수  DIY: 1번 유니콘 (15cm 20cm)
651646703,SELLBLOG,NORMAL,좋아영 ~ 보석 넉넉해영 ~,2019-03-27T07:51:00.000+0000,STOREFARM,4,지니맘 어린이 보석십자수 캐릭터 큐빅십자수,지니맘 큐빅십자수  DIY: 20번 거미 (15cm 20cm)
660544040,SELLBLOG,NORMAL,배송도 꼼꼼히 빠른배송해주셨어요,2019-04-16T06:32:50.000+0000,STOREFARM,5,지니맘 어린이 보석십자수 캐릭터 큐빅십자수,지니맘 큐빅십자수  DIY: 13번 스폰지 (15cm 20cm)
656116611,SELLBLOG,NORMAL,부엉이 귀여워요~~^^ 아이가 넘 좋아하네요~ 2시간넘게 시간가는줄 모르고 하더라구요,2019-04-06T02:55:06.000+0000,STOREFARM,5,지니맘 어린이 보석십자수 캐릭터 큐빅십자수,지니맘 큐빅십자수  DIY: 22번 부엉이 (15cm 20cm)
659502072,SELLBLOG,NORMAL,좋아요배송도빠르고아이도좋아하요,2019-04-13T15:19:06.000+0000,STOREFARM,5,지니맘 어린이 보석십자수 캐릭터 큐빅십자수,지니맘 큐빅십자수  DIY: 18번 망치 (15cm 20cm)
640595818,SELLBLOG,NORMAL,완성까지 오래 걸리긴 해도 아이들 활동으로 참 좋습니다^^,2019-03-01T07:50:22.000+0000,STOREFARM,4,지니맘 어린이 보석십자수 캐릭터 큐빅십자수,지니맘 큐빅십자수  DIY: 24번 미니1 (15cm 20cm)
651647501,SELLBLOG,NORMAL,좋아여 보석 넉넉해영,2019-03-27T07:52:38.000+0000,STOREFARM,4,지니맘 어린이 보석십자수 캐릭터 큐빅십자수,지니맘 큐빅십자수  DIY: 5번 펭귄(15cm 15cm)
651646904,SELLBLOG,NORMAL,좋아여 보석 넉넉해영,2019-03-27T07:51:26.000+0000,STOREFARM,4,지니맘 어린이 보석십자수 캐릭터 큐빅십자수,지니맘 큐빅십자수  DIY: 2번 보라유니콘 (15cm 20cm)
661775865,SELLBLOG,NORMAL,배송이 매우 빨라요 ^^,2019-04-18T14:22:38.000+0000,STOREFARM,5,지니맘 어린이 보석십자수 캐릭터 큐빅십자수,지니맘 큐빅십자수  DIY: 1번 유니콘 (15cm 20cm)
657734632,SELLBLOG,AFTER_USE,아이가 좋아해요 또살겁니다,2019-04-09T13:15:09.000+0000,STOREFARM,5,지니맘 어린이 보석십자수 캐릭터,지니맘 큐빅십자수  DIY: 11번 클로버 (15cm 20cm)
658829884,SELLBLOG,AFTER_USE,좋아요 또 구매의사 있어요,2019-04-12T01:42:37.000+0000,STOREFARM,4,지니맘 어린이 보석십자수 캐릭터,지니맘 큐빅십자수  DIY: 18번 망치 (15cm 20cm)
656116293,SELLBLOG,NORMAL,처음 고른 유니콘!! 9세아이 엄청집중하고 하네요 블링블링 넘 이뻐요~,2019-04-06T02:54:12.000+0000,STOREFARM,5,지니맘 어린이 보석십자수 캐릭터 큐빅십자수,지니맘 큐빅십자수  DIY: 1번 유니콘 (15cm 20cm)
651646026,SELLBLOG,NORMAL,좋아여 보석 넉넉해영 ~,2019-03-27T07:49:38.000+0000,STOREFARM,4,지니맘 어린이 보석십자수 캐릭터 큐빅십자수,지니맘 큐빅십자수  DIY: 1번 유니콘 (15cm 20cm)
657734826,SELLBLOG,AFTER_USE,좋아요 종류가많아서 또사야겠네요,2019-04-09T13:15:29.000+0000,STOREFARM,5,지니맘 어린이 보석십자수 캐릭터,지니맘 큐빅십자수  DIY: 10번 안경토끼 (15cm 20cm)
658768364,SELLBLOG,AFTER_USE,아이랑 같이할수있고 아이방에 꾸미니 이뻐요,2019-04-11T21:06:36.000+0000,STOREFARM,5,지니맘 어린이 보석십자수 캐릭터,지니맘 큐빅십자수  DIY: 21번 별유니콘 (15cm 20cm)
651646221,SELLBLOG,NORMAL,좋아여 보석 넉넉해영 ~~~,2019-03-27T07:49:59.000+0000,STOREFARM,4,지니맘 어린이 보석십자수 캐릭터 큐빅십자수,지니맘 큐빅십자수  DIY: 21번 별유니콘 (15cm 20cm)
650177967,SELLBLOG,NORMAL,아이가 무척 좋아하네요,2019-03-23T22:09:02.000+0000,STOREFARM,5,지니맘 어린이 보석십자수 캐릭터 큐빅십자수,지니맘 큐빅십자수  DIY: 1번 유니콘 (15cm 20cm)
658557496,SELLBLOG,NORMAL,보석이 화려해서 완성하니 이뻐요,2019-04-11T07:54:04.000+0000,STOREFARM,5,지니맘 어린이 보석십자수 캐릭터 큐빅십자수,지니맘 큐빅십자수  DIY: 21번 별유니콘 (15cm 20cm)
658557432,SELLBLOG,NORMAL,보석이 화려해서 완성하니 이뻐요,2019-04-11T07:53:56.000+0000,STOREFARM,5,지니맘 어린이 보석십자수 캐릭터 큐빅십자수,지니맘 큐빅십자수  DIY: 13번 스폰지 (15cm 20cm)
658557326,SELLBLOG,NORMAL,보석이 화려해서 완성하니 이뻐요,2019-04-11T07:53:43.000+0000,STOREFARM,5,지니맘 어린이 보석십자수 캐릭터 큐빅십자수,지니맘 큐빅십자수  DIY: 12번 슈퍼 (15cm 20cm)
656078914,SELLBLOG,NORMAL,"생각보다엄청크고양이많아요
블링블링하구요",2019-04-06T01:14:29.000+0000,STOREFARM,5,지니맘 어린이 보석십자수 캐릭터 큐빅십자수,지니맘 큐빅십자수  DIY: 22번 부엉이 (15cm 20cm)
653854865,SELLBLOG,NORMAL,딸이 너무 마음에 들어해요..아직 해 보지는 않았지만 만들면 너무 이쁠것같아요.,2019-04-01T06:09:43.000+0000,STOREFARM,5,지니맘 어린이 보석십자수 캐릭터 큐빅십자수,지니맘 큐빅십자수  DIY: 22번 부엉이 (15cm 20cm)
659162447,SELLBLOG,NORMAL,아이가 참 좋아하네요,2019-04-12T22:20:54.000+0000,STOREFARM,4,지니맘 어린이 보석십자수 캐릭터 큐빅십자수,지니맘 큐빅십자수  DIY: 21번 별유니콘 (15cm 20cm)
656867116,SELLBLOG,NORMAL,사이즈가이렇게큰지몰랐어여감사해요,2019-04-07T23:55:18.000+0000,STOREFARM,5,지니맘 어린이 보석십자수 캐릭터 큐빅십자수,지니맘 큐빅십자수  DIY: 2번 보라유니콘 (15cm 20cm)
658050846,SELLBLOG,NORMAL,선물했는데 다들 좋아하네요,2019-04-10T06:07:00.000+0000,STOREFARM,5,지니맘 어린이 보석십자수 캐릭터 큐빅십자수,지니맘 큐빅십자수  DIY: 4번 홍학 (15cm 20cm)
658830012,SELLBLOG,AFTER_USE,좋아요 또 구매하고 싶어요,2019-04-12T01:42:59.000+0000,STOREFARM,4,지니맘 어린이 보석십자수 캐릭터,지니맘 큐빅십자수  DIY: 16번 별 (15cm 20cm)
657835529,SELLBLOG,NORMAL,학교준비물로 준비~맘에 들어합니다,2019-04-09T21:45:23.000+0000,STOREFARM,4,지니맘 어린이 보석십자수 캐릭터 큐빅십자수,지니맘 큐빅십자수  DIY: 22번 부엉이 (15cm 20cm)
659013087,SELLBLOG,NORMAL,아이가 좋아합니다~,2019-04-12T09:42:06.000+0000,STOREFARM,5,지니맘 어린이 보석십자수 캐릭터 큐빅십자수,지니맘 큐빅십자수  DIY: 21번 별유니콘 (15cm 20cm)
659013028,SELLBLOG,NORMAL,아이가 좋아합니다~,2019-04-12T09:41:54.000+0000,STOREFARM,5,지니맘 어린이 보석십자수 캐릭터 큐빅십자수,지니맘 큐빅십자수  DIY: 6번 소녀  (15cm 20cm)
659012933,SELLBLOG,NORMAL,아이가 좋아합니다~,2019-04-12T09:41:35.000+0000,STOREFARM,5,지니맘 어린이 보석십자수 캐릭터 큐빅십자수,지니맘 큐빅십자수  DIY: 26번 돌고래(15cm 20cm)
656593925,SELLBLOG,NORMAL,비즈가 큼직한게 있어서 만족해요,2019-04-07T06:02:09.000+0000,STOREFARM,5,지니맘 어린이 보석십자수 캐릭터 큐빅십자수,지니맘 큐빅십자수  DIY: 26번 돌고래(15cm 20cm)
654876106,SELLBLOG,NORMAL,"좋아요.배송도.굿
또 구매할께요",2019-04-03T06:52:38.000+0000,STOREFARM,5,지니맘 어린이 보석십자수 캐릭터 큐빅십자수,지니맘 큐빅십자수  DIY: 4번 홍학 (15cm 20cm)
653304195,SELLBLOG,NORMAL,상품 잘받았구요...딸이 친구선물줄거라고 좋아하네요~^^이뻐요,2019-03-31T01:59:58.000+0000,STOREFARM,5,지니맘 어린이 보석십자수 캐릭터 큐빅십자수,지니맘 큐빅십자수  DIY: 1번 유니콘 (15cm 20cm)
656867639,SELLBLOG,NORMAL,아주종말예쁘고만족해요,2019-04-07T23:56:30.000+0000,STOREFARM,5,지니맘 어린이 보석십자수 캐릭터 큐빅십자수,지니맘 큐빅십자수  DIY: 21번 별유니콘 (15cm 20cm)
656867523,SELLBLOG,NORMAL,아주종말예쁘고만족해요,2019-04-07T23:56:14.000+0000,STOREFARM,5,지니맘 어린이 보석십자수 캐릭터 큐빅십자수,지니맘 큐빅십자수  DIY: 26번 돌고래(15cm 20cm)
656878995,SELLBLOG,NORMAL,크기도 크고 너무 이뻐요,2019-04-08T00:19:12.000+0000,STOREFARM,5,지니맘 어린이 보석십자수 캐릭터 큐빅십자수,지니맘 큐빅십자수  DIY: 19번 방패 (15cm 20cm)
656878925,SELLBLOG,NORMAL,크기도 크고 너무 이뻐요,2019-04-08T00:19:03.000+0000,STOREFARM,5,지니맘 어린이 보석십자수 캐릭터 큐빅십자수,지니맘 큐빅십자수  DIY: 3번 분홍사슴 (15cm 20cm)
654453664,SELLBLOG,NORMAL,아이들이 좋아해요~저렴히 잘 샀어요,2019-04-02T11:04:59.000+0000,STOREFARM,4,지니맘 어린이 보석십자수 캐릭터 큐빅십자수,지니맘 큐빅십자수  DIY: 3번 분홍사슴 (15cm 20cm)
658050688,SELLBLOG,NORMAL,선물했는데 만족해해요,2019-04-10T06:06:41.000+0000,STOREFARM,5,지니맘 어린이 보석십자수 캐릭터 큐빅십자수,지니맘 큐빅십자수  DIY: 2번 보라유니콘 (15cm 20cm)
656879678,SELLBLOG,NORMAL,크기도 쿠고 너무 이뻐요~,2019-04-08T00:20:28.000+0000,STOREFARM,5,지니맘 어린이 보석십자수 캐릭터 큐빅십자수,지니맘 큐빅십자수  DIY: 17번 가면 (15cm 20cm)
656879575,SELLBLOG,NORMAL,크기도 크고 너무 이뻐요~,2019-04-08T00:20:16.000+0000,STOREFARM,5,지니맘 어린이 보석십자수 캐릭터 큐빅십자수,지니맘 큐빅십자수  DIY: 16번 별 (15cm 20cm)
656879516,SELLBLOG,NORMAL,크기도 크고 너무 이뻐요~,2019-04-08T00:20:09.000+0000,STOREFARM,5,지니맘 어린이 보석십자수 캐릭터 큐빅십자수,지니맘 큐빅십자수  DIY: 13번 스폰지 (15cm 20cm)
656879424,SELLBLOG,NORMAL,크기도 크고 너무 이뻐요~,2019-04-08T00:20:00.000+0000,STOREFARM,5,지니맘 어린이 보석십자수 캐릭터 큐빅십자수,지니맘 큐빅십자수  DIY: 5번  반짝이 사슴 (15cm 20cm)
656879196,SELLBLOG,NORMAL,크기도 크고 너무 이뻐요~,2019-04-08T00:19:35.000+0000,STOREFARM,5,지니맘 어린이 보석십자수 캐릭터 큐빅십자수,지니맘 큐빅십자수  DIY: 9번 겨울사슴 (15cm 20cm)
654875757,SELLBLOG,NORMAL,"아이들이 너무 좋아하네요
배송도 빠르고~좋네요",2019-04-03T06:52:02.000+0000,STOREFARM,5,지니맘 어린이 보석십자수 캐릭터 큐빅십자수,지니맘 큐빅십자수  DIY: 3번 분홍사슴 (15cm 20cm)
656593700,SELLBLOG,NORMAL,아이가 너무 좋아하네요,2019-04-07T06:01:33.000+0000,STOREFARM,5,지니맘 어린이 보석십자수 캐릭터 큐빅십자수,지니맘 큐빅십자수  DIY: 1번 유니콘 (15cm 20cm)
654275220,SELLBLOG,NORMAL,귀엽네요.아이가집중해서잘해요,2019-04-02T05:26:49.000+0000,STOREFARM,5,지니맘 어린이 보석십자수 캐릭터 큐빅십자수,지니맘 큐빅십자수  DIY: 1번 유니콘 (15cm 20cm)
658767987,SELLBLOG,NORMAL,이쁘고 좋네요~~~,2019-04-11T20:58:45.000+0000,STOREFARM,4,지니맘 어린이 보석십자수 캐릭터 큐빅십자수,지니맘 큐빅십자수  DIY: 21번 별유니콘 (15cm 20cm)
653850539,SELLBLOG,NORMAL,"아이가 너무 좋아해요
이쁘고 튼튼해요",2019-04-01T06:01:28.000+0000,STOREFARM,5,지니맘 어린이 보석십자수 캐릭터 큐빅십자수,지니맘 큐빅십자수  DIY: 20번 거미 (15cm 20cm)
656879334,SELLBLOG,NORMAL,크기도 크고 너무 이뻐요~~,2019-04-08T00:19:50.000+0000,STOREFARM,5,지니맘 어린이 보석십자수 캐릭터 큐빅십자수,지니맘 큐빅십자수  DIY: 12번 슈퍼 (15cm 20cm)
656879116,SELLBLOG,NORMAL,크기도 크고 너무 이뻐요~~,2019-04-08T00:19:26.000+0000,STOREFARM,5,지니맘 어린이 보석십자수 캐릭터 큐빅십자수,지니맘 큐빅십자수  DIY: 20번 거미 (15cm 20cm)
656878826,SELLBLOG,NORMAL,크기도 크고 너무 이뻐요~~,2019-04-08T00:18:53.000+0000,STOREFARM,5,지니맘 어린이 보석십자수 캐릭터 큐빅십자수,지니맘 큐빅십자수  DIY: 25번 미니2  (15cm 20cm)
655715169,SELLBLOG,NORMAL,"품질이 좋아요
아이랑 조금씩 하고 있어요^^",2019-04-05T02:49:09.000+0000,STOREFARM,5,지니맘 어린이 보석십자수 캐릭터 큐빅십자수,지니맘 큐빅십자수  DIY: 11번 클로버 (15cm 20cm)
656867735,SELLBLOG,NORMAL,아주예쁘고만족해요^^,2019-04-07T23:56:45.000+0000,STOREFARM,5,지니맘 어린이 보석십자수 캐릭터 큐빅십자수,지니맘 큐빅십자수  DIY: 1번 유니콘 (15cm 20cm)
656079051,SELLBLOG,NORMAL,아이가주문해달래내요,2019-04-06T01:14:51.000+0000,STOREFARM,5,지니맘 어린이 보석십자수 캐릭터 큐빅십자수,지니맘 큐빅십자수  DIY: 21번 별유니콘 (15cm 20cm)
637736906,SELLBLOG,NORMAL,"재미도 있고 완성하니 고급스럽고 이뿌네요
시간 떼우기 좋아요  보석이 많이 남아서 뭘 해야하나싶네요",2019-02-22T03:01:15.000+0000,STOREFARM,5,지니맘 어린이 보석십자수 캐릭터,지니맘 큐빅십자수  DIY: 1번 유니콘 (15cm 20cm)
654453869,SELLBLOG,NORMAL,이뻐요~아이들이 좋아해요,2019-04-02T11:05:26.000+0000,STOREFARM,4,지니맘 어린이 보석십자수 캐릭터 큐빅십자수,지니맘 큐빅십자수  DIY: 15번 베트맨 (15cm 20cm)
654997089,SELLBLOG,NORMAL,빨리오고 보석도 빠짐없이왔어요,2019-04-03T10:47:59.000+0000,STOREFARM,5,지니맘 어린이 보석십자수 캐릭터 큐빅십자수,지니맘 큐빅십자수  DIY: 1번 유니콘 (15cm 20cm)
656079176,SELLBLOG,NORMAL,아이가직접골랐네요  이뻐요,2019-04-06T01:15:17.000+0000,STOREFARM,5,지니맘 어린이 보석십자수 캐릭터 큐빅십자수,지니맘 큐빅십자수  DIY: 1번 유니콘 (15cm 20cm)
658050364,SELLBLOG,NORMAL,딸이 좋아해요....,2019-04-10T06:06:01.000+0000,STOREFARM,5,지니맘 어린이 보석십자수 캐릭터 큐빅십자수,지니맘 큐빅십자수  DIY: 7번 소녀1  (15cm 20cm)
652368050,SELLBLOG,NORMAL,아이들이 좋아해요 추천합니디ㅏ 선물용으로도좋았어요,2019-03-28T18:51:45.000+0000,STOREFARM,5,지니맘 어린이 보석십자수 캐릭터 큐빅십자수,지니맘 큐빅십자수  DIY: 18번 망치 (15cm 20cm)
654477850,SELLBLOG,NORMAL,아직 사용전이지만 기대하고 있어요,2019-04-02T11:47:19.000+0000,STOREFARM,5,지니맘 어린이 보석십자수 캐릭터 큐빅십자수,지니맘 큐빅십자수  DIY: 3번 분홍사슴 (15cm 20cm)
652071341,SELLBLOG,NORMAL,"아이가 재미있어해요.
친구 선물하기에도 좋아요~",2019-03-28T05:00:28.000+0000,STOREFARM,5,지니맘 어린이 보석십자수 캐릭터,지니맘 큐빅십자수  DIY: 23번 사자 (15cm 20cm)
654453797,SELLBLOG,NORMAL,이쁘네요~잘 산거 같아요,2019-04-02T11:05:16.000+0000,STOREFARM,4,지니맘 어린이 보석십자수 캐릭터 큐빅십자수,지니맘 큐빅십자수  DIY: 18번 망치 (15cm 20cm)
658050478,SELLBLOG,NORMAL,딸이 좋아하네요.ㅈ,2019-04-10T06:06:15.000+0000,STOREFARM,5,지니맘 어린이 보석십자수 캐릭터 큐빅십자수,지니맘 큐빅십자수  DIY: 6번 소녀  (15cm 20cm)
654275614,SELLBLOG,NORMAL,귀여워요. 아이가좋아해요,2019-04-02T05:27:38.000+0000,STOREFARM,5,지니맘 어린이 보석십자수 캐릭터 큐빅십자수,지니맘 큐빅십자수  DIY: 13번 스폰지 (15cm 20cm)
654275531,SELLBLOG,NORMAL,귀여워요. 아이가좋아해요,2019-04-02T05:27:28.000+0000,STOREFARM,5,지니맘 어린이 보석십자수 캐릭터 큐빅십자수,지니맘 큐빅십자수  DIY: 24번 미니1 (15cm 20cm)
654275411,SELLBLOG,NORMAL,귀여워요.아이가좋아해요,2019-04-02T05:27:12.000+0000,STOREFARM,5,지니맘 어린이 보석십자수 캐릭터 큐빅십자수,지니맘 큐빅십자수  DIY: 12번 슈퍼 (15cm 20cm)
650207356,SELLBLOG,NORMAL,아이가 재미있어하네요. 선물용을 위한 설명서가 동봉되어 있으면 좋겠네요,2019-03-24T01:00:31.000+0000,STOREFARM,5,지니맘 어린이 보석십자수 캐릭터 큐빅십자수,지니맘 큐빅십자수  DIY: 1번 유니콘 (15cm 20cm)
656867411,SELLBLOG,NORMAL,아주예쁘고만족해요ㅡ,2019-04-07T23:55:59.000+0000,STOREFARM,5,지니맘 어린이 보석십자수 캐릭터 큐빅십자수,지니맘 큐빅십자수  DIY: 21번 별유니콘 (15cm 20cm)
656867298,SELLBLOG,NORMAL,만족합니다감사해요ㅇ,2019-04-07T23:55:42.000+0000,STOREFARM,5,지니맘 어린이 보석십자수 캐릭터 큐빅십자수,지니맘 큐빅십자수  DIY: 13번 스폰지 (15cm 20cm)
654477668,SELLBLOG,NORMAL,아직 사용전입니다  포장이 좋네요,2019-04-02T11:47:02.000+0000,STOREFARM,5,지니맘 어린이 보석십자수 캐릭터 큐빅십자수,지니맘 큐빅십자수  DIY: 21번 별유니콘 (15cm 20cm)
654031713,SELLBLOG,NORMAL,배송이랑 포장도 꼼꼼하고 괜차네요,2019-04-01T13:22:13.000+0000,STOREFARM,4,지니맘 어린이 보석십자수 캐릭터,지니맘 큐빅십자수  DIY: 20번 거미 (15cm 20cm)
655182723,SELLBLOG,NORMAL,집중해서 하기 좋아요,2019-04-03T23:21:12.000+0000,STOREFARM,5,지니맘 어린이 보석십자수 캐릭터 큐빅십자수,지니맘 큐빅십자수  DIY: 1번 유니콘 (15cm 20cm)
654031374,SELLBLOG,NORMAL,배송 빠르고 품질도 맘에 들어요,2019-04-01T13:21:17.000+0000,STOREFARM,5,지니맘 어린이 보석십자수 캐릭터,지니맘 큐빅십자수  DIY: 21번 별유니콘 (15cm 20cm)
650207544,SELLBLOG,NORMAL,아이가좋아하네요.  선물용으로 설명서가 있으면 좋겠습니다,2019-03-24T01:01:14.000+0000,STOREFARM,5,지니맘 어린이 보석십자수 캐릭터 큐빅십자수,지니맘 큐빅십자수  DIY: 5번 펭귄(15cm 15cm)
651463714,SELLBLOG,NORMAL,"우리아이가좋아하네요
어린이가하기좋은~",2019-03-27T01:30:35.000+0000,STOREFARM,5,지니맘 어린이 보석십자수 캐릭터 큐빅십자수,지니맘 큐빅십자수  DIY: 1번 유니콘 (15cm 20cm)
654477948,SELLBLOG,NORMAL,유니콘 기대하고 있어요,2019-04-02T11:47:30.000+0000,STOREFARM,5,지니맘 어린이 보석십자수 캐릭터 큐빅십자수,지니맘 큐빅십자수  DIY: 1번 유니콘 (15cm 20cm)
638307307,SELLBLOG,NORMAL,"하기쉬워요~~
새로운 취미가 생겼네요
칼라감도 넘 맘에 드네요",2019-02-23T12:51:59.000+0000,STOREFARM,5,지니맘 어린이 보석십자수 캐릭터,지니맘 큐빅십자수  DIY: 1번 유니콘 (15cm 20cm)
654453533,SELLBLOG,NORMAL,아이들이 좋아하네요~,2019-04-02T11:04:45.000+0000,STOREFARM,4,지니맘 어린이 보석십자수 캐릭터 큐빅십자수,지니맘 큐빅십자수  DIY: 1번 유니콘 (15cm 20cm)
655182845,SELLBLOG,NORMAL,아이가 하기 좋아요~~~,2019-04-03T23:21:38.000+0000,STOREFARM,5,지니맘 어린이 보석십자수 캐릭터 큐빅십자수,지니맘 큐빅십자수  DIY: 13번 스폰지 (15cm 20cm)
651253506,SELLBLOG,NORMAL,은근중독되네요  아이가 좋아해요,2019-03-26T12:04:19.000+0000,STOREFARM,5,지니맘 어린이 보석십자수 캐릭터 큐빅십자수,지니맘 큐빅십자수  DIY: 21번 별유니콘 (15cm 20cm)
643354135,SELLBLOG,AFTER_USE,아이들 하기 쉽고 완성하니 너무 예뻐요,2019-03-08T04:44:00.000+0000,STOREFARM,5,지니맘 어린이 보석십자수 캐릭터,지니맘 큐빅십자수  DIY: 1번 유니콘 (15cm 20cm)
651637946,SELLBLOG,NORMAL,학교에서 동아리시간에 하는데 색감이 예뻐요,2019-03-27T07:33:24.000+0000,STOREFARM,5,지니맘 어린이 보석십자수 캐릭터 큐빅십자수,지니맘 큐빅십자수  DIY: 3번 분홍사슴 (15cm 20cm)
653504669,SELLBLOG,NORMAL,아이가 엄청집중해서 하네요~^^,2019-03-31T11:32:13.000+0000,STOREFARM,5,지니맘 어린이 보석십자수 캐릭터 큐빅십자수,지니맘 큐빅십자수  DIY: 2번 보라유니콘 (15cm 20cm)
649931683,SELLBLOG,AFTER_USE,"아이집중력이 상승했네요.
완성하니 너무 예뻐요",2019-03-23T04:32:33.000+0000,STOREFARM,5,지니맘 어린이 보석십자수 캐릭터,지니맘 큐빅십자수  DIY: 3번 분홍사슴 (15cm 20cm)
651268687,SELLBLOG,NORMAL,"배송빠르고 제품도 만족합니다
재구매의사 있습니다.",2019-03-26T12:32:45.000+0000,STOREFARM,5,지니맘 어린이 보석십자수 캐릭터 큐빅십자수,지니맘 큐빅십자수  DIY: 4번 홍학 (15cm 20cm)
653816222,SELLBLOG,NORMAL,빠른배송 감사합니다.,2019-04-01T04:54:09.000+0000,STOREFARM,3,지니맘 어린이 보석십자수 캐릭터 큐빅십자수,지니맘 큐빅십자수  DIY: 20번 거미 (15cm 20cm)
653816101,SELLBLOG,NORMAL,빠른배송 감사합니다.,2019-04-01T04:53:53.000+0000,STOREFARM,3,지니맘 어린이 보석십자수 캐릭터 큐빅십자수,지니맘 큐빅십자수  DIY: 1번 유니콘 (15cm 20cm)
653482636,SELLBLOG,NORMAL,아이가 너무좋아하네요.,2019-03-31T10:34:21.000+0000,STOREFARM,5,지니맘 어린이 보석십자수 캐릭터 큐빅십자수,지니맘 큐빅십자수  DIY: 12번 슈퍼 (15cm 20cm)
640231690,SELLBLOG,NORMAL,"언제나 즐기고 있어요~
보석도 넉넉하고 애기들도 하기에 너무 좋아요~",2019-02-28T07:10:53.000+0000,STOREFARM,5,지니맘 어린이 보석십자수 캐릭터,지니맘 큐빅십자수  DIY: 8번 꽃사슴 (15cm 20cm)
653504808,SELLBLOG,NORMAL,아이가 너무좋아합니다~,2019-03-31T11:32:33.000+0000,STOREFARM,5,지니맘 어린이 보석십자수 캐릭터 큐빅십자수,지니맘 큐빅십자수  DIY: 1번 유니콘 (15cm 20cm)
640361238,SELLBLOG,NORMAL,배송도 빠르고 만들고나면 정말로 예쁘답니다~~^^,2019-02-28T12:39:29.000+0000,STOREFARM,4,지니맘 어린이 보석십자수 캐릭터,지니맘 큐빅십자수  DIY: 13번 스폰지 (15cm 20cm)
650068107,SELLBLOG,NORMAL,아이들이 좋아해요. 배송도 빠릅니다,2019-03-23T11:23:54.000+0000,STOREFARM,5,지니맘 어린이 보석십자수 캐릭터,지니맘 큐빅십자수  DIY: 21번 별유니콘 (15cm 20cm)
638970282,SELLBLOG,AFTER_USE,"배송도 빠르고 액자 하나가 불량이였는데 빠르게 교환처리해주셨습니다.
그리고 그림이 너무 귀엽고 이뻐 아이들이 좋아합니다.^^",2019-02-25T06:36:07.000+0000,STOREFARM,5,지니맘 어린이 보석십자수 캐릭터,지니맘 큐빅십자수  DIY: 20번 거미 (15cm 20cm)
651464054,SELLBLOG,NORMAL,아이가하기좋은~재미있어하고신났네요,2019-03-27T01:31:16.000+0000,STOREFARM,5,지니맘 어린이 보석십자수 캐릭터 큐빅십자수,지니맘 큐빅십자수  DIY: 8번 꽃사슴 (15cm 20cm)
662628457,SELLBLOG,NORMAL,배송빨라요 예쁘네요 감사해요,2019-04-20T23:27:28.000+0000,STOREFARM,5,지니맘 어린이 보석십자수 캐릭터 큐빅십자수,지니맘 큐빅십자수  DIY: 3번 분홍사슴 (15cm 20cm)
647347777,SELLBLOG,NORMAL,배송도빠르고조아요 사자귀여어요,2019-03-17T08:46:58.000+0000,STOREFARM,5,지니맘 어린이 보석십자수 캐릭터 큐빅십자수,지니맘 큐빅십자수  DIY: 23번 사자 (15cm 20cm)
651645737,SELLBLOG,NORMAL,좋아요 ~ 보석도 넉넉해영 ~~~~~~,2019-03-27T07:49:01.000+0000,STOREFARM,4,지니맘 어린이 보석십자수 캐릭터 큐빅십자수,지니맘 큐빅십자수  DIY: 8번 꽃사슴 (15cm 20cm)
652071785,SELLBLOG,NORMAL,아이혼자서도 할수있어 좋아요~,2019-03-28T05:01:19.000+0000,STOREFARM,5,지니맘 어린이 보석십자수 캐릭터,지니맘 큐빅십자수  DIY: 11번 클로버 (15cm 20cm)
651645865,SELLBLOG,NORMAL,좋아요~ 보석넉넉해영 ~~~~|~,2019-03-27T07:49:17.000+0000,STOREFARM,4,지니맘 어린이 보석십자수 캐릭터 큐빅십자수,지니맘 큐빅십자수  DIY: 12번 슈퍼 (15cm 20cm)
654635582,SELLBLOG,NORMAL,예쁘고 좋네요~^^,2019-04-02T21:38:36.000+0000,STOREFARM,5,지니맘 어린이 보석십자수 캐릭터 큐빅십자수,지니맘 큐빅십자수  DIY: 2번 토끼(15cm 15cm)
654635550,SELLBLOG,NORMAL,예쁘고 좋네요~^^,2019-04-02T21:38:21.000+0000,STOREFARM,5,지니맘 어린이 보석십자수 캐릭터 큐빅십자수,지니맘 큐빅십자수  DIY: 4번 작은유니콘(15cm 15cm)
651637616,SELLBLOG,NORMAL,초등3학년이 하고 있어요 집중하기 좋아요,2019-03-27T07:32:47.000+0000,STOREFARM,5,지니맘 어린이 보석십자수 캐릭터 큐빅십자수,지니맘 큐빅십자수  DIY: 21번 별유니콘 (15cm 20cm)
652242487,SELLBLOG,AFTER_USE,배송빠르고 만족합니다,2019-03-28T11:18:02.000+0000,STOREFARM,5,지니맘 어린이 보석십자수 캐릭터,지니맘 큐빅십자수  DIY: 1번 유니콘 (15cm 20cm)
652242090,SELLBLOG,AFTER_USE,배송빠르고 만족합니다,2019-03-28T11:17:10.000+0000,STOREFARM,4,지니맘 어린이 보석십자수 캐릭터,지니맘 큐빅십자수  DIY: 13번 스폰지 (15cm 20cm)
653067715,SELLBLOG,NORMAL,생각했던 대로예요~~,2019-03-30T08:48:00.000+0000,STOREFARM,4,지니맘 어린이 보석십자수 캐릭터 큐빅십자수,지니맘 큐빅십자수  DIY: 4번 홍학 (15cm 20cm)
644883294,SELLBLOG,NORMAL,가격이너무착해서 2개주문했는데 요거은근히 중독되네요 완성하면 빛이나서 인테리어효과도 톡톡히하구요~~^^,2019-03-12T05:57:26.000+0000,STOREFARM,5,지니맘 어린이 보석십자수 캐릭터 큐빅십자수,지니맘 큐빅십자수  DIY: 3번 분홍사슴 (15cm 20cm)
637737491,SELLBLOG,NORMAL,"너무 이뻐요
매장 디피용으로 올려놨어요
사이즈가 좀 더 다양하게 있었으면 좋겠어요",2019-02-22T03:03:07.000+0000,STOREFARM,5,지니맘 어린이 보석십자수 캐릭터,지니맘 큐빅십자수  DIY: 9번 겨울사슴 (15cm 20cm)
644882752,SELLBLOG,NORMAL,가격이너무좋아서 두개구매했는데 더주문하고싶네요 일단 요거완성하고나면 또재주문할께요,2019-03-12T05:56:16.000+0000,STOREFARM,5,지니맘 어린이 보석십자수 캐릭터 큐빅십자수,지니맘 큐빅십자수  DIY: 4번 홍학 (15cm 20cm)
649833706,SELLBLOG,NORMAL,아이들 줄려고 비교적 간단한 도안으로 했어요,2019-03-22T22:36:43.000+0000,STOREFARM,5,지니맘 어린이 보석십자수 캐릭터 큐빅십자수,지니맘 큐빅십자수  DIY: 4번 작은유니콘(15cm 15cm)
651464381,SELLBLOG,NORMAL,아이가너무재미있어하네요^^,2019-03-27T01:32:00.000+0000,STOREFARM,5,지니맘 어린이 보석십자수 캐릭터 큐빅십자수,지니맘 큐빅십자수  DIY: 21번 별유니콘 (15cm 20cm)
648422128,SELLBLOG,NORMAL,예쁘고 쉬워요 잡생각없이 집중할 수 있어요,2019-03-19T15:14:03.000+0000,STOREFARM,4,지니맘 어린이 보석십자수 캐릭터 큐빅십자수,지니맘 큐빅십자수  DIY: 9번 겨울사슴 (15cm 20cm)
636874766,SELLBLOG,NORMAL,상품은 괜찮은거같은 포장박스가 다 뜯겨진것처럼 도착햇네요.,2019-02-20T01:56:45.000+0000,STOREFARM,3,지니맘 어린이 보석십자수 캐릭터,지니맘 큐빅십자수  DIY: 2번 보라유니콘 (15cm 20cm)
646986026,SELLBLOG,NORMAL,"울아들 집중력 짱좋아지겠어요ㅎㅎ
한동안은 겜임좀 안하려나 ㅋ",2019-03-16T11:01:36.000+0000,STOREFARM,5,지니맘 어린이 보석십자수 캐릭터 큐빅십자수,지니맘 큐빅십자수  DIY: 24번 미니1 (15cm 20cm)
653003691,SELLBLOG,NORMAL,좋아요좋아요좋아요.,2019-03-30T06:08:01.000+0000,STOREFARM,5,지니맘 어린이 보석십자수 캐릭터 큐빅십자수,지니맘 큐빅십자수  DIY: 17번 가면 (15cm 20cm)
661774050,SELLBLOG,NORMAL,예뻐요 예뻐요 예뻐요예뻐요,2019-04-18T14:18:11.000+0000,STOREFARM,5,지니맘 어린이 보석십자수 캐릭터 큐빅십자수,지니맘 큐빅십자수  DIY: 3번 분홍사슴 (15cm 20cm)
649930283,SELLBLOG,NORMAL,아이들이 너무 좋아하는 것 같아요,2019-03-23T04:28:30.000+0000,STOREFARM,5,지니맘 어린이 보석십자수 캐릭터 큐빅십자수,지니맘 큐빅십자수  DIY: 13번 스폰지 (15cm 20cm)
649851334,SELLBLOG,NORMAL,좋아요 애가 좋아해요,2019-03-23T00:24:07.000+0000,STOREFARM,5,지니맘 어린이 보석십자수 캐릭터 큐빅십자수,지니맘 큐빅십자수  DIY: 2번 보라유니콘 (15cm 20cm)
652534296,SELLBLOG,NORMAL,아주 반짝반짝 이뻐요.,2019-03-29T04:49:55.000+0000,STOREFARM,5,지니맘 어린이 보석십자수 캐릭터 큐빅십자수,지니맘 큐빅십자수  DIY: 8번 꽃사슴 (15cm 20cm)
661773876,SELLBLOG,NORMAL,좋아요 좋아요좋아요..,2019-04-18T14:17:47.000+0000,STOREFARM,5,지니맘 어린이 보석십자수 캐릭터 큐빅십자수,지니맘 큐빅십자수  DIY: 11번 클로버 (15cm 20cm)
636154890,SELLBLOG,NORMAL,"포장도 안전하게 잘해주셨어요.
택배도 빠르고..
딸과함께 완성했어요.
완성후 액자까지 했어요.. 액자해놓으니 이뻐요",2019-02-18T10:24:11.000+0000,STOREFARM,5,지니맘 어린이 보석십자수 캐릭터,지니맘 큐빅십자수  DIY: 6번 소녀  (15cm 20cm)
645467768,SELLBLOG,NORMAL,만들기도 쉽고 예쁘네요. 아이들 집중력 향상에 도움이 됩니다.,2019-03-13T07:49:03.000+0000,STOREFARM,5,지니맘 어린이 보석십자수 캐릭터,지니맘 큐빅십자수  DIY: 1번 유니콘 (15cm 20cm)
638307852,SELLBLOG,NORMAL,"맘에 들어요
액자도 구입했는데
잘~~ 산 것 같아용",2019-02-23T12:53:37.000+0000,STOREFARM,5,지니맘 어린이 보석십자수 캐릭터,지니맘 큐빅십자수  DIY: 7번 소녀1  (15cm 20cm)
649029652,SELLBLOG,NORMAL,배송도 빠르고 친구 생일선물로 샀어요 좋아요,2019-03-21T01:45:42.000+0000,STOREFARM,5,지니맘 어린이 보석십자수 캐릭터 큐빅십자수,지니맘 큐빅십자수  DIY: 21번 별유니콘 (15cm 20cm)
649851543,SELLBLOG,NORMAL,여자아이가 재미있어합니다,2019-03-23T00:25:03.000+0000,STOREFARM,5,지니맘 어린이 보석십자수 캐릭터 큐빅십자수,지니맘 큐빅십자수  DIY: 21번 별유니콘 (15cm 20cm)
646247941,SELLBLOG,NORMAL,애가 참좋아하네요 ^^집중력  갖게하는데  좋은거같아요,2019-03-14T23:04:28.000+0000,STOREFARM,5,지니맘 어린이 보석십자수 캐릭터 큐빅십자수,지니맘 큐빅십자수  DIY: 2번 보라유니콘 (15cm 20cm)
650178117,SELLBLOG,NORMAL,아이가 무척 좋아하네요,2019-03-23T22:11:09.000+0000,STOREFARM,5,지니맘 어린이 보석십자수 캐릭터 큐빅십자수,지니맘 큐빅십자수  DIY: 2번 보라유니콘 (15cm 20cm)
649029926,SELLBLOG,NORMAL,친구 선물인데 좋아했음 좋겠어요,2019-03-21T01:46:23.000+0000,STOREFARM,5,지니맘 어린이 보석십자수 캐릭터 큐빅십자수,지니맘 큐빅십자수  DIY: 13번 스폰지 (15cm 20cm)
640028062,SELLBLOG,NORMAL,"재구메입니다
요즘 이거하는 재미로 푹 빠졌어요
근데 보석이 너무 많이 남아서 어쩌나싶네요
도안만 별도 구매할수 있으면 좋겠어요
그리고 좀더 큰 사이즈도 있었으면 합니다",2019-02-27T22:10:52.000+0000,STOREFARM,5,지니맘 어린이 보석십자수 캐릭터,지니맘 큐빅십자수  DIY: 21번 별유니콘 (15cm 20cm)
649929830,SELLBLOG,NORMAL,아이가 너무너무 좋아하더라구요,2019-03-23T04:27:17.000+0000,STOREFARM,5,지니맘 어린이 보석십자수 캐릭터 큐빅십자수,지니맘 큐빅십자수  DIY: 20번 거미 (15cm 20cm)
649929748,SELLBLOG,NORMAL,아이가 너무너무 좋아하더라구요,2019-03-23T04:27:04.000+0000,STOREFARM,5,지니맘 어린이 보석십자수 캐릭터 큐빅십자수,지니맘 큐빅십자수  DIY: 9번 겨울사슴 (15cm 20cm)
651642009,SELLBLOG,NORMAL,아이가좋아해요~~~~~,2019-03-27T07:41:35.000+0000,STOREFARM,3,지니맘 어린이 보석십자수 캐릭터 큐빅십자수,지니맘 큐빅십자수  DIY: 7번 소녀1  (15cm 20cm)
651641793,SELLBLOG,NORMAL,아이가좋아해요 ~~~~~,2019-03-27T07:41:09.000+0000,STOREFARM,4,지니맘 어린이 보석십자수 캐릭터 큐빅십자수,지니맘 큐빅십자수  DIY: 22번 부엉이 (15cm 20cm)
646978982,SELLBLOG,AFTER_USE,친구 생일선물로 주면 좋을거 같다하녀 다시 주문도 햤어요,2019-03-16T10:44:19.000+0000,STOREFARM,5,지니맘 어린이 보석십자수 캐릭터,지니맘 큐빅십자수  DIY: 2번 보라유니콘 (15cm 20cm)
638308295,SELLBLOG,NORMAL,"새로운 취미입니다
이거해보니 큰것도 할수 있을거 같아요
이쁘네요",2019-02-23T12:54:54.000+0000,STOREFARM,5,지니맘 어린이 보석십자수 캐릭터,지니맘 큐빅십자수  DIY: 9번 겨울사슴 (15cm 20cm)
651642117,SELLBLOG,NORMAL,아이가좋아해요~~~~~~,2019-03-27T07:41:45.000+0000,STOREFARM,4,지니맘 어린이 보석십자수 캐릭터 큐빅십자수,지니맘 큐빅십자수  DIY: 23번 사자 (15cm 20cm)
651641864,SELLBLOG,NORMAL,아이가좋아해요~~~~~~~,2019-03-27T07:41:20.000+0000,STOREFARM,3,지니맘 어린이 보석십자수 캐릭터 큐빅십자수,지니맘 큐빅십자수  DIY: 1번 유니콘 (15cm 20cm)
646978582,SELLBLOG,AFTER_USE,아이들이 집중해서 완성하고 벽에 걸어두니 예쁩니다,2019-03-16T10:43:19.000+0000,STOREFARM,5,지니맘 어린이 보석십자수 캐릭터,지니맘 큐빅십자수  DIY: 5번  반짝이 사슴 (15cm 20cm)
649851480,SELLBLOG,NORMAL,8살 여자아이 좋아해요,2019-03-23T00:24:48.000+0000,STOREFARM,5,지니맘 어린이 보석십자수 캐릭터 큐빅십자수,지니맘 큐빅십자수  DIY: 7번 소녀1  (15cm 20cm)
640596603,SELLBLOG,NORMAL,퀄리티가 매우 높습니다,2019-03-01T07:53:25.000+0000,STOREFARM,5,지니맘 어린이 보석십자수 캐릭터 큐빅십자수,지니맘 큐빅십자수  DIY: 18번 망치 (15cm 20cm)
649851401,SELLBLOG,NORMAL,8살 여아가 좋아해요,2019-03-23T00:24:27.000+0000,STOREFARM,5,지니맘 어린이 보석십자수 캐릭터 큐빅십자수,지니맘 큐빅십자수  DIY: 1번 유니콘 (15cm 20cm)
646883334,SELLBLOG,NORMAL,많이 어렵지도 않고 아이가 너무 재미있다고 하네요.,2019-03-16T06:49:26.000+0000,STOREFARM,5,지니맘 어린이 보석십자수 캐릭터 큐빅십자수,지니맘 큐빅십자수  DIY: 22번 부엉이 (15cm 20cm)
649833760,SELLBLOG,NORMAL,"몇개째 하고 있어요
재미있어요",2019-03-22T22:37:15.000+0000,STOREFARM,5,지니맘 어린이 보석십자수 캐릭터 큐빅십자수,지니맘 큐빅십자수  DIY: 5번 펭귄(15cm 15cm)
649029738,SELLBLOG,NORMAL,자주 이용합니다 좋아요,2019-03-21T01:45:55.000+0000,STOREFARM,5,지니맘 어린이 보석십자수 캐릭터 큐빅십자수,지니맘 큐빅십자수  DIY: 7번 소녀1  (15cm 20cm)
646979137,SELLBLOG,AFTER_USE,세번째 하니 좀 지루해했지만 집중하기 좋아요,2019-03-16T10:44:46.000+0000,STOREFARM,5,지니맘 어린이 보석십자수 캐릭터,지니맘 큐빅십자수  DIY: 22번 부엉이 (15cm 20cm)
639988445,SELLBLOG,NORMAL,"정말 예쁘고, 재미있어요",2019-02-27T15:23:16.000+0000,STOREFARM,5,지니맘 어린이 보석십자수 캐릭터,지니맘 큐빅십자수  DIY: 1번 유니콘 (15cm 20cm)
638367324,SELLBLOG,NORMAL,아이들이 너무 좋아해서 선물하려고 샀어요,2019-02-23T16:07:49.000+0000,STOREFARM,5,지니맘 어린이 보석십자수 캐릭터,지니맘 큐빅십자수  DIY: 9번 겨울사슴 (15cm 20cm)
645211135,SELLBLOG,AFTER_USE,"재밌어요 예쁘고 큐빅도 잘 붙어요
또 하고싶어요 ㅎㅎ",2019-03-12T21:51:06.000+0000,STOREFARM,5,지니맘 어린이 보석십자수 캐릭터,지니맘 큐빅십자수  DIY: 6번 소녀  (15cm 20cm)
645211121,SELLBLOG,AFTER_USE,"재밌어요 예쁘고 큐빅도 잘 붙어요
또 하고싶어요 ㅎㅎ",2019-03-12T21:50:58.000+0000,STOREFARM,5,지니맘 어린이 보석십자수 캐릭터,지니맘 큐빅십자수  DIY: 2번 보라유니콘 (15cm 20cm)
645211100,SELLBLOG,AFTER_USE,"재밌어요 예쁘고 큐빅도 잘 붙어요
또 하고싶어요 ㅎㅎ",2019-03-12T21:50:47.000+0000,STOREFARM,5,지니맘 어린이 보석십자수 캐릭터,지니맘 큐빅십자수  DIY: 20번 거미 (15cm 20cm)
644919417,SELLBLOG,NORMAL,아이들이 너무좋아해요10세 8세 남여 아이들인데 좋아요,2019-03-12T07:14:16.000+0000,STOREFARM,4,지니맘 어린이 보석십자수 캐릭터 큐빅십자수,지니맘 큐빅십자수  DIY: 1번 유니콘 (15cm 20cm)
636522862,SELLBLOG,NORMAL,해봐야 알겠지만 포장 너무 꼼꼼하게 해서 보내주시고 이쁘게 만들어볼게여 ㅎㅎ,2019-02-19T07:36:29.000+0000,STOREFARM,5,지니맘 어린이 보석십자수 캐릭터,지니맘 큐빅십자수  DIY: 21번 별유니콘 (15cm 20cm)
648996488,SELLBLOG,NORMAL,아이들이 너무 너무 좋아해요~,2019-03-21T00:19:05.000+0000,STOREFARM,5,지니맘 어린이 보석십자수 캐릭터 큐빅십자수,지니맘 큐빅십자수  DIY: 22번 부엉이 (15cm 20cm)
639988283,SELLBLOG,NORMAL,"정말 예쁘고, 재미있어요",2019-02-27T15:22:41.000+0000,STOREFARM,5,지니맘 어린이 보석십자수 캐릭터,지니맘 큐빅십자수  DIY: 2번 보라유니콘 (15cm 20cm)
639988183,SELLBLOG,NORMAL,"정말 예쁘고, 재미있어요",2019-02-27T15:22:16.000+0000,STOREFARM,5,지니맘 어린이 보석십자수 캐릭터,지니맘 큐빅십자수  DIY: 21번 별유니콘 (15cm 20cm)
639987604,SELLBLOG,NORMAL,"정말 예쁘고, 재미있어요",2019-02-27T15:20:22.000+0000,STOREFARM,5,지니맘 어린이 보석십자수 캐릭터,지니맘 큐빅십자수  DIY: 22번 부엉이 (15cm 20cm)
639987482,SELLBLOG,NORMAL,"정말 예쁘고, 재미있어요",2019-02-27T15:19:57.000+0000,STOREFARM,5,지니맘 어린이 보석십자수 캐릭터,지니맘 큐빅십자수  DIY: 8번 꽃사슴 (15cm 20cm)
649029803,SELLBLOG,NORMAL,아이가 맘에 들어해요 좋앙ㅅ,2019-03-21T01:46:05.000+0000,STOREFARM,5,지니맘 어린이 보석십자수 캐릭터 큐빅십자수,지니맘 큐빅십자수  DIY: 12번 슈퍼 (15cm 20cm)
641831340,SELLBLOG,NORMAL,아이가 너무 좋아해요 제품도 퀄리티 있고 이뿌게 만들어서 액자에 걸어놔야겠어요,2019-03-05T00:54:53.000+0000,STOREFARM,4,지니맘 어린이 보석십자수 캐릭터,지니맘 큐빅십자수  DIY: 1번 유니콘 (15cm 20cm)
640596434,SELLBLOG,NORMAL,귀엽고 좋습니다^^,2019-03-01T07:52:44.000+0000,STOREFARM,4,지니맘 어린이 보석십자수 캐릭터 큐빅십자수,지니맘 큐빅십자수  DIY: 26번 돌고래(15cm 20cm)
646978787,SELLBLOG,AFTER_USE,하고나사 뿌듯하다며 좋아합니다,2019-03-16T10:43:48.000+0000,STOREFARM,5,지니맘 어린이 보석십자수 캐릭터,지니맘 큐빅십자수  DIY: 3번 분홍사슴 (15cm 20cm)
644798742,SELLBLOG,NORMAL,아이랑 같이 재미있게 했어요. 이쁘네요.,2019-03-12T02:41:07.000+0000,STOREFARM,5,지니맘 어린이 보석십자수 캐릭터 큐빅십자수,지니맘 큐빅십자수  DIY: 3번 달팽이(15cm 15cm)
644798656,SELLBLOG,NORMAL,아이랑 같이 재미있게 했어요. 이쁘네요.,2019-03-12T02:40:57.000+0000,STOREFARM,5,지니맘 어린이 보석십자수 캐릭터 큐빅십자수,지니맘 큐빅십자수  DIY: 5번 펭귄(15cm 15cm)
644798583,SELLBLOG,NORMAL,아이랑 같이 재미있게 했어요. 이쁘네요.,2019-03-12T02:40:47.000+0000,STOREFARM,5,지니맘 어린이 보석십자수 캐릭터 큐빅십자수,지니맘 큐빅십자수  DIY: 25번 미니2  (15cm 20cm)
644798470,SELLBLOG,NORMAL,아이랑 같이 재미있게 했어요. 이쁘네요.,2019-03-12T02:40:34.000+0000,STOREFARM,5,지니맘 어린이 보석십자수 캐릭터 큐빅십자수,지니맘 큐빅십자수  DIY: 1번 유니콘 (15cm 20cm)
639256766,SELLBLOG,NORMAL,예쁘고 맘에 들어요,2019-02-26T04:24:32.000+0000,STOREFARM,5,지니맘 어린이 보석십자수 캐릭터,지니맘 큐빅십자수  DIY: 1번 유니콘 (15cm 20cm)
637254038,SELLBLOG,NORMAL,아이들이 너무 좋아합니다 하루만에 다했어요,2019-02-20T17:34:13.000+0000,STOREFARM,5,지니맘 어린이 보석십자수 캐릭터,지니맘 큐빅십자수  DIY: 12번 슈퍼 (15cm 20cm)
646619669,SELLBLOG,NORMAL,"딸친구생일선물로 구입,
배송빨라요",2019-03-15T13:11:32.000+0000,STOREFARM,5,지니맘 어린이 보석십자수 캐릭터 큐빅십자수,지니맘 큐빅십자수  DIY: 20번 거미 (15cm 20cm)
646497694,SELLBLOG,NORMAL,배송빠릅니다 너무귀여워요 뀨뀨,2019-03-15T08:07:54.000+0000,STOREFARM,5,지니맘 어린이 보석십자수 캐릭터 큐빅십자수,지니맘 큐빅십자수  DIY: 22번 부엉이 (15cm 20cm)
636581557,SELLBLOG,NORMAL,큐빅보석비즈 이뽀요~~^^ 액자도 구입~,2019-02-19T09:32:36.000+0000,STOREFARM,5,지니맘 어린이 보석십자수 캐릭터,지니맘 큐빅십자수  DIY: 11번 클로버 (15cm 20cm)
646248175,SELLBLOG,NORMAL,좋아용^^애가넘좋아해용,2019-03-14T23:05:31.000+0000,STOREFARM,5,지니맘 어린이 보석십자수 캐릭터 큐빅십자수,지니맘 큐빅십자수  DIY: 11번 클로버 (15cm 20cm)
646248145,SELLBLOG,NORMAL,좋아용^^애가넘좋아해용,2019-03-14T23:05:21.000+0000,STOREFARM,5,지니맘 어린이 보석십자수 캐릭터 큐빅십자수,지니맘 큐빅십자수  DIY: 8번 꽃사슴 (15cm 20cm)
633682686,SELLBLOG,AFTER_USE,"아이들이 완성하고 뿌듯해해요~
액자에 넣어서 장식하니 정말 이쁘네요^^",2019-02-13T02:49:54.000+0000,STOREFARM,4,지니맘 어린이 보석십자수 캐릭터,지니맘 큐빅십자수  DIY: 3번 분홍사슴 (15cm 20cm)
638367752,SELLBLOG,NORMAL,아이들이 좋아해 선물용ㅈ으로 구입해요,2019-02-23T16:09:49.000+0000,STOREFARM,5,지니맘 어린이 보석십자수 캐릭터,지니맘 큐빅십자수  DIY: 7번 소녀1  (15cm 20cm)
644991339,SELLBLOG,NORMAL,애들이 너무 좋아하고 집중력에 좋을것같아요~,2019-03-12T09:43:17.000+0000,STOREFARM,5,지니맘 어린이 보석십자수 캐릭터 큐빅십자수,지니맘 큐빅십자수  DIY: 23번 사자 (15cm 20cm)
638367627,SELLBLOG,NORMAL,아이들이 정말 좋아하네요,2019-02-23T16:09:16.000+0000,STOREFARM,5,지니맘 어린이 보석십자수 캐릭터,지니맘 큐빅십자수  DIY: 1번 유니콘 (15cm 20cm)
647021282,SELLBLOG,NORMAL,라리로레롦르리라리라,2019-03-16T12:26:01.000+0000,STOREFARM,4,지니맘 어린이 보석십자수 캐릭터 큐빅십자수,지니맘 큐빅십자수  DIY: 20번 거미 (15cm 20cm)
638214619,SELLBLOG,NORMAL,아이들 방학용으로 좋습니다.,2019-02-23T08:19:33.000+0000,STOREFARM,5,지니맘 어린이 보석십자수 캐릭터,지니맘 큐빅십자수  DIY: 3번 분홍사슴 (15cm 20cm)
638214258,SELLBLOG,NORMAL,아이들 방학용으로 좋습니다.,2019-02-23T08:18:36.000+0000,STOREFARM,5,지니맘 어린이 보석십자수 캐릭터,지니맘 큐빅십자수  DIY: 4번 홍학 (15cm 20cm)
638367516,SELLBLOG,NORMAL,집중력향상에 정말 좋아요~,2019-02-23T16:08:47.000+0000,STOREFARM,5,지니맘 어린이 보석십자수 캐릭터,지니맘 큐빅십자수  DIY: 3번 분홍사슴 (15cm 20cm)
644991758,SELLBLOG,NORMAL,애들이 좋아하고 집중력에 좋은것같아요~,2019-03-12T09:44:07.000+0000,STOREFARM,5,지니맘 어린이 보석십자수 캐릭터 큐빅십자수,지니맘 큐빅십자수  DIY: 21번 별유니콘 (15cm 20cm)
644991710,SELLBLOG,NORMAL,애들이 좋아하고 집중력에 좋은것같아요~,2019-03-12T09:44:01.000+0000,STOREFARM,5,지니맘 어린이 보석십자수 캐릭터 큐빅십자수,지니맘 큐빅십자수  DIY: 8번 꽃사슴 (15cm 20cm)
644991663,SELLBLOG,NORMAL,애들이 좋아하고 집중력에 좋은것같아요~,2019-03-12T09:43:55.000+0000,STOREFARM,5,지니맘 어린이 보석십자수 캐릭터 큐빅십자수,지니맘 큐빅십자수  DIY: 22번 부엉이 (15cm 20cm)
650348193,SELLBLOG,AFTER_USE,좋습니다ㄱㅈ극ㆍ그그그기,2019-03-24T09:02:07.000+0000,STOREFARM,5,지니맘 어린이 보석십자수 캐릭터,지니맘 큐빅십자수  DIY: 1번 유니콘 (15cm 20cm)
645467959,SELLBLOG,NORMAL,아이들 놀잇감으로 아주 만족합니다,2019-03-13T07:49:24.000+0000,STOREFARM,5,지니맘 어린이 보석십자수 캐릭터,지니맘 큐빅십자수  DIY: 22번 부엉이 (15cm 20cm)
626984684,SELLBLOG,NORMAL,"아들이 골랐는데... 좀거 신중하게 고를껄... 후회했어요. 보석 색상이 한가지 색이여서 지루하고, 사슴은 보석으로 꾸미는게ㅜ아니고 반짝이 가루를 뿌리는 거였네요. 자세한 설명이 있었더라면 좋았을텐데요. 반짝이 가루도 욕심껏 뿌려서는 사슴이ㅜ보이질 않는 사태가... 에고^^ 
상품에 상세설명 부탁드립니다..",2019-01-23T01:50:40.000+0000,STOREFARM,3,지니맘 어린이 보석십자수 캐릭터,지니맘 큐빅십자수  DIY: 5번  반짝이 사슴 (15cm 20cm)
644979773,SELLBLOG,AFTER_USE,시간 지나도 잘 붙어있고 안떨어지네요,2019-03-12T09:18:54.000+0000,STOREFARM,5,지니맘 어린이 보석십자수 캐릭터,지니맘 큐빅십자수  DIY: 26번 돌고래(15cm 20cm)
633351136,SELLBLOG,NORMAL,"모르고 액자 추가 안해서 추가 주문해요.
어쩐지 이상하게 싸다 했네요..ㅋ",2019-02-12T10:09:45.000+0000,STOREFARM,5,지니맘 어린이 보석십자수 캐릭터,지니맘 큐빅십자수  DIY: 20번 거미 (15cm 20cm)
637477141,SELLBLOG,NORMAL,"아이들이 너무나 좋아합니다~
다 하면 또 사달라 하네요^^
완성된 작품 액자에 끼워주니 스스로도 뿌듯해하고 성취감과 자신감 ..집중력에도 좋네요!!
번창하세요 ~",2019-02-21T08:21:13.000+0000,STOREFARM,4,지니맘 어린이 보석십자수 캐릭터,지니맘 큐빅십자수  DIY: 15번 베트맨 (15cm 20cm)
633869202,SELLBLOG,NORMAL,배송도빠르고 꼼꼼하게 왔어용,2019-02-13T08:20:08.000+0000,STOREFARM,5,지니맘 어린이 보석십자수 캐릭터,지니맘 큐빅십자수  DIY: 18번 망치 (15cm 20cm)
637254136,SELLBLOG,NORMAL,아이들이 무척좋아합니다,2019-02-20T17:35:23.000+0000,STOREFARM,5,지니맘 어린이 보석십자수 캐릭터,지니맘 큐빅십자수  DIY: 17번 가면 (15cm 20cm)
629290775,SELLBLOG,NORMAL,"5세아이는 혼자하기 힘들어해서 옆에서 도와줘야합니다.조금만 도와주면 잘하더라고요.9세,10세아는 혼자서 뚝딱만듭니다.반복되는게 많아 좀 지루한 작업이긴하지만 하고나면 뿌듯해해요",2019-01-29T10:57:18.000+0000,STOREFARM,5,지니맘 어린이 보석십자수 캐릭터,지니맘 큐빅십자수  DIY: 21번 별유니콘 (15cm 20cm)
637497268,SELLBLOG,AFTER_USE,아이가 매우 좋아했습니다.,2019-02-21T09:11:54.000+0000,STOREFARM,5,지니맘 어린이 보석십자수 캐릭터,
628613759,SELLBLOG,NORMAL,애들이랑 3개 만들고 너무 좋아서 더구입했어요~싸고 이쁘고 여기만한데 없는듯요^ㅇ^꼬 구입해서 이번에 셋이서 만들면 거의 다 만들어 본듯요...종류 더 업뎃 해주세용~~~ 더사게~~~😄지니맘 상품이 불량 없고 좋네용~완전 대만족입니다^^,2019-01-27T22:43:18.000+0000,STOREFARM,5,지니맘 어린이 보석십자수 캐릭터,지니맘 큐빅십자수  DIY: 20번 거미 (15cm 20cm)
637254208,SELLBLOG,NORMAL,아이들이 무척 좋얘해요,2019-02-20T17:36:18.000+0000,STOREFARM,5,지니맘 어린이 보석십자수 캐릭터,지니맘 큐빅십자수  DIY: 1번 유니콘 (15cm 20cm)
641595598,SELLBLOG,NORMAL,시간 완전 잘가구요~~보석컷팅도 잘되어있고 색감도 이뻐요~,2019-03-04T06:15:20.000+0000,STOREFARM,5,지니맘 어린이 보석십자수 캐릭터,지니맘 큐빅십자수  DIY: 5번  반짝이 사슴 (15cm 20cm)
639257118,SELLBLOG,NORMAL,"예뻐요 예뻐요^^
예뻐요 예뻐요",2019-02-26T04:25:34.000+0000,STOREFARM,5,지니맘 어린이 보석십자수 캐릭터,지니맘 큐빅십자수  DIY: 3번 분홍사슴 (15cm 20cm)
635345834,SELLBLOG,NORMAL,너무 예뻐요~ 아이들이 좋아해요~~,2019-02-16T13:14:40.000+0000,STOREFARM,5,지니맘 어린이 보석십자수 캐릭터,지니맘 큐빅십자수  DIY: 9번 겨울사슴 (15cm 20cm)
635419434,SELLBLOG,NORMAL,딸아이가 혼자 다했는데 뿌듯해하네요,2019-02-16T18:42:24.000+0000,STOREFARM,5,지니맘 어린이 보석십자수 캐릭터,지니맘 큐빅십자수  DIY: 9번 겨울사슴 (15cm 20cm)
642717533,SELLBLOG,NORMAL,반짝반짝 큐빅이 예뿌고 집중해서 아이가 할수있어요,2019-03-06T15:10:45.000+0000,STOREFARM,5,지니맘 어린이 보석십자수 캐릭터 큐빅십자수,지니맘 큐빅십자수  DIY: 20번 거미 (15cm 20cm)
635346267,SELLBLOG,NORMAL,아이들이 집중해서 열심히 하네요,2019-02-16T13:15:45.000+0000,STOREFARM,5,지니맘 어린이 보석십자수 캐릭터,지니맘 큐빅십자수  DIY: 22번 부엉이 (15cm 20cm)
643493912,SELLBLOG,NORMAL,가격도 저렴하고 이뻐서 재구매 합니다,2019-03-08T10:02:17.000+0000,STOREFARM,5,지니맘 어린이 보석십자수 캐릭터 큐빅십자수,지니맘 큐빅십자수  DIY: 12번 슈퍼 (15cm 20cm)
647021341,SELLBLOG,NORMAL,로라로라롤ㅇ로리로리로,2019-03-16T12:26:09.000+0000,STOREFARM,4,지니맘 어린이 보석십자수 캐릭터 큐빅십자수,지니맘 큐빅십자수  DIY: 13번 스폰지 (15cm 20cm)
643223987,SELLBLOG,NORMAL,배송도 빠르고 아이가 넘넘 좋아해요,2019-03-07T22:22:49.000+0000,STOREFARM,4,지니맘 어린이 보석십자수 캐릭터,지니맘 큐빅십자수  DIY: 1번 유니콘 (15cm 20cm)
641831521,SELLBLOG,NORMAL,생각 보다 사이즈가 커서 만드는데 좀 오래 걸릴듯해요,2019-03-05T00:55:28.000+0000,STOREFARM,4,지니맘 어린이 보석십자수 캐릭터,지니맘 큐빅십자수  DIY: 13번 스폰지 (15cm 20cm)
640028352,SELLBLOG,NORMAL,"좋아요  다해놓고 보면 너무 이뿌고 뿌듯하네요 남은재료로 뭘 하죠?
좀더 끈 사이즈가 있엇음 좋겠어요",2019-02-27T22:13:07.000+0000,STOREFARM,5,지니맘 어린이 보석십자수 캐릭터,지니맘 큐빅십자수  DIY: 8번 꽃사슴 (15cm 20cm)
640028324,SELLBLOG,NORMAL,"좋아요  다해놓고 보면 너무 이뿌고 뿌듯하네요 남은재료로 뭘 하죠?
좀더 끈 사이즈가 있엇음 좋겠어요",2019-02-27T22:12:55.000+0000,STOREFARM,5,지니맘 어린이 보석십자수 캐릭터,지니맘 큐빅십자수  DIY: 22번 부엉이 (15cm 20cm)
644262293,SELLBLOG,NORMAL,액자에 넣으니 블링블링 이뻐요,2019-03-10T14:32:34.000+0000,STOREFARM,5,지니맘 어린이 보석십자수 캐릭터 큐빅십자수,지니맘 큐빅십자수  DIY: 2번 보라유니콘 (15cm 20cm)
644262223,SELLBLOG,NORMAL,액자에 넣으니 블링블링 이뻐요,2019-03-10T14:32:23.000+0000,STOREFARM,5,지니맘 어린이 보석십자수 캐릭터 큐빅십자수,지니맘 큐빅십자수  DIY: 1번 유니콘 (15cm 20cm)
641831747,SELLBLOG,NORMAL,저는 이게 맘에 드는데 ㅋㅋ 아이는 딴거,2019-03-05T00:56:14.000+0000,STOREFARM,4,지니맘 어린이 보석십자수 캐릭터,지니맘 큐빅십자수  DIY: 3번 분홍사슴 (15cm 20cm)
635346047,SELLBLOG,NORMAL,다른거 해보고 예뻐서 재구매요~,2019-02-16T13:15:13.000+0000,STOREFARM,5,지니맘 어린이 보석십자수 캐릭터,지니맘 큐빅십자수  DIY: 1번 유니콘 (15cm 20cm)
633872013,SELLBLOG,NORMAL,정말 좋아용 ㅋㅋ 잘만들께요,2019-02-13T08:25:10.000+0000,STOREFARM,5,지니맘 어린이 보석십자수 캐릭터,지니맘 큐빅십자수  DIY: 9번 겨울사슴 (15cm 20cm)
626898735,SELLBLOG,NORMAL,"올해7세, 9세아이들도 쉽게 할수 있어서 좋네요
구성도 좋고 일단 큐빅이 블링블링해서 완성하고나면 이뿨요
중독성갑입니당ㅋㅋ",2019-01-22T17:49:44.000+0000,STOREFARM,5,지니맘 어린이 보석십자수 캐릭터,지니맘 큐빅십자수  DIY: 8번 꽃사슴 (15cm 20cm)
636163898,SELLBLOG,NORMAL,빠른 배송 감사합니다.,2019-02-18T10:50:42.000+0000,STOREFARM,5,지니맘 어린이 보석십자수 캐릭터,지니맘 큐빅십자수  DIY: 21번 별유니콘 (15cm 20cm)
643493735,SELLBLOG,NORMAL,이뻐서 재구매한재품이에요,2019-03-08T10:01:50.000+0000,STOREFARM,5,지니맘 어린이 보석십자수 캐릭터 큐빅십자수,지니맘 큐빅십자수  DIY: 18번 망치 (15cm 20cm)
635419363,SELLBLOG,NORMAL,아이들이 넘 좋아하네요,2019-02-16T18:41:14.000+0000,STOREFARM,5,지니맘 어린이 보석십자수 캐릭터,지니맘 큐빅십자수  DIY: 22번 부엉이 (15cm 20cm)
644198512,SELLBLOG,NORMAL,아이가너무좋아해요~,2019-03-10T11:28:40.000+0000,STOREFARM,5,지니맘 어린이 보석십자수 캐릭터 큐빅십자수,지니맘 큐빅십자수  DIY: 13번 스폰지 (15cm 20cm)
642717861,SELLBLOG,NORMAL,아이가 너무좋아하고 집중해서해요,2019-03-06T15:11:44.000+0000,STOREFARM,5,지니맘 어린이 보석십자수 캐릭터 큐빅십자수,지니맘 큐빅십자수  DIY: 3번 분홍사슴 (15cm 20cm)
642717806,SELLBLOG,NORMAL,아이가 너무좋아하고 집중해서해요,2019-03-06T15:11:34.000+0000,STOREFARM,5,지니맘 어린이 보석십자수 캐릭터 큐빅십자수,지니맘 큐빅십자수  DIY: 12번 슈퍼 (15cm 20cm)
638673751,SELLBLOG,NORMAL,아이들이 너무 예쁘다고 엄청 좋아하네요~ 다음에  또 다른 그림으로 주문할께요~^^,2019-02-24T12:23:02.000+0000,STOREFARM,5,지니맘 어린이 보석십자수 캐릭터,지니맘 큐빅십자수  DIY: 3번 달팽이(15cm 15cm)
643355028,SELLBLOG,AFTER_USE,완성하고나니 너무 예뻐요,2019-03-08T04:45:55.000+0000,STOREFARM,5,지니맘 어린이 보석십자수 캐릭터,지니맘 큐빅십자수  DIY: 2번 보라유니콘 (15cm 20cm)
643354452,SELLBLOG,AFTER_USE,완성하고 나니 너무 예뻐요,2019-03-08T04:44:42.000+0000,STOREFARM,5,지니맘 어린이 보석십자수 캐릭터,지니맘 큐빅십자수  DIY: 8번 꽃사슴 (15cm 20cm)
640959449,SELLBLOG,NORMAL,기다리던 아이들이 빠른배송에 좋아해주니 더 고마웠어요,2019-03-02T11:13:57.000+0000,STOREFARM,4,지니맘 어린이 보석십자수 캐릭터,지니맘 큐빅십자수  DIY: 21번 별유니콘 (15cm 20cm)
635345495,SELLBLOG,NORMAL,아이들이 엄청 좋아하네요^^,2019-02-16T13:13:50.000+0000,STOREFARM,5,지니맘 어린이 보석십자수 캐릭터,지니맘 큐빅십자수  DIY: 3번 분홍사슴 (15cm 20cm)
635430742,SELLBLOG,NORMAL,재구매 의사 있어요,2019-02-16T22:34:34.000+0000,STOREFARM,5,지니맘 어린이 보석십자수 캐릭터,지니맘 큐빅십자수  DIY: 9번 겨울사슴 (15cm 20cm)
643354739,SELLBLOG,AFTER_USE,완성하고 나니 너무 예뻐요^^,2019-03-08T04:45:17.000+0000,STOREFARM,5,지니맘 어린이 보석십자수 캐릭터,지니맘 큐빅십자수  DIY: 3번 분홍사슴 (15cm 20cm)
643494100,SELLBLOG,NORMAL,재구매 한재품입니다,2019-03-08T10:02:45.000+0000,STOREFARM,5,지니맘 어린이 보석십자수 캐릭터 큐빅십자수,지니맘 큐빅십자수  DIY: 19번 방패 (15cm 20cm)
643493804,SELLBLOG,NORMAL,이뻐서 재구매 합니다,2019-03-08T10:02:00.000+0000,STOREFARM,5,지니맘 어린이 보석십자수 캐릭터 큐빅십자수,지니맘 큐빅십자수  DIY: 13번 스폰지 (15cm 20cm)
630033605,SELLBLOG,NORMAL,요렇게 종류별로 깔끔하게 포장되어 와서 아이들이 찾아쓰기도 좋아요~근데 보석이 은근 불량이 많네요 ㅠ ㅠ,2019-01-31T06:01:42.000+0000,STOREFARM,5,지니맘 어린이 보석십자수 캐릭터,지니맘 큐빅십자수  DIY: 18번 망치 (15cm 20cm)
643494033,SELLBLOG,NORMAL,번창하셔요. 이쁨니다,2019-03-08T10:02:34.000+0000,STOREFARM,5,지니맘 어린이 보석십자수 캐릭터 큐빅십자수,지니맘 큐빅십자수  DIY: 20번 거미 (15cm 20cm)
626982775,SELLBLOG,NORMAL,"하루만에 다 하느라 오래 앉아있어서 허리가 아팠지만 재밌었어요~~ 초등 애들도  끝까지 해내네요^^
액자까지 해놓으니 멋지네요. 좀더 다양한 그림이 더 있었으면 더 사고 싶었을것 같아요",2019-01-23T01:46:40.000+0000,STOREFARM,5,지니맘 어린이 보석십자수 캐릭터,지니맘 큐빅십자수  DIY: 9번 겨울사슴 (15cm 20cm)
632743609,SELLBLOG,NORMAL,온가족이 다같이 할수있어 너무 좋아여,2019-02-10T23:27:37.000+0000,STOREFARM,5,지니맘 어린이 보석십자수 캐릭터,지니맘 큐빅십자수  DIY: 21번 별유니콘 (15cm 20cm)
635430647,SELLBLOG,NORMAL,너무 재미있어요 ㅎ,2019-02-16T22:33:44.000+0000,STOREFARM,5,지니맘 어린이 보석십자수 캐릭터,지니맘 큐빅십자수  DIY: 3번 분홍사슴 (15cm 20cm)
641595987,SELLBLOG,NORMAL,보석 컷팅도 잘되어있고 색감도 넘 이쁘네요~,2019-03-04T06:16:32.000+0000,STOREFARM,5,지니맘 어린이 보석십자수 캐릭터,지니맘 큐빅십자수  DIY: 20번 거미 (15cm 20cm)
641595957,SELLBLOG,NORMAL,보석 컷팅도 잘되어있고 색감도 넘 이쁘네요~,2019-03-04T06:16:26.000+0000,STOREFARM,5,지니맘 어린이 보석십자수 캐릭터,지니맘 큐빅십자수  DIY: 22번 부엉이 (15cm 20cm)
641595795,SELLBLOG,NORMAL,보석 컷팅도 잘되어있고 색감도 넘 이쁘네요~,2019-03-04T06:15:59.000+0000,STOREFARM,5,지니맘 어린이 보석십자수 캐릭터,지니맘 큐빅십자수  DIY: 9번 겨울사슴 (15cm 20cm)
635430679,SELLBLOG,NORMAL,아주 좋아하네요 ㅋ,2019-02-16T22:34:00.000+0000,STOREFARM,5,지니맘 어린이 보석십자수 캐릭터,지니맘 큐빅십자수  DIY: 12번 슈퍼 (15cm 20cm)
641831674,SELLBLOG,NORMAL,아이와함께  하나 하나 만들어가는 재미 만점!!,2019-03-05T00:55:58.000+0000,STOREFARM,4,지니맘 어린이 보석십자수 캐릭터,지니맘 큐빅십자수  DIY: 6번 소녀  (15cm 20cm)
634523176,SELLBLOG,NORMAL,아이들이 참 좋아해요,2019-02-14T12:36:05.000+0000,STOREFARM,5,지니맘 어린이 보석십자수 캐릭터,지니맘 큐빅십자수  DIY: 3번 분홍사슴 (15cm 20cm)
633566459,SELLBLOG,NORMAL,"9살 여자아이가 하기 쉽고 재밌어하네요..
아쉬운건 십자수와 액자 크기가 서로 안맞아 끼울때 옆에 살짝 잘라내주어야해서 좀 불편했네요..
나름 만족합니다",2019-02-12T22:28:40.000+0000,STOREFARM,4,지니맘 어린이 보석십자수 캐릭터,지니맘 큐빅십자수  DIY: 1번 유니콘 (15cm 20cm)
640688428,SELLBLOG,AFTER_USE,좋아요 애들이 재밌어하네요,2019-03-01T14:06:01.000+0000,STOREFARM,5,지니맘 어린이 보석십자수 캐릭터,지니맘 큐빅십자수  DIY: 3번 분홍사슴 (15cm 20cm)
632007008,SELLBLOG,NORMAL,아이가 너무나 만족합니다 다 만드니 너무 예쁘네요,2019-02-08T11:37:51.000+0000,STOREFARM,5,지니맘 어린이 보석십자수 캐릭터,지니맘 큐빅십자수  DIY: 3번 달팽이(15cm 15cm)
626985507,SELLBLOG,NORMAL,세가지 구매한것중에 분홍 사슴이 제일 맘에 들었어요. 색상이 아주 이쁩니다. 딸 아이가ㅜ완성했는데 어찌나 꼼꼼히 잘하던지~~ 이쁜그림이 더 많았으면 좋겠습니다.,2019-01-23T01:52:28.000+0000,STOREFARM,5,지니맘 어린이 보석십자수 캐릭터,지니맘 큐빅십자수  DIY: 3번 분홍사슴 (15cm 20cm)
637405907,SELLBLOG,NORMAL,"비즈가 작은 사이즈가 아니라서 아이들이 하기 편할 것 같아요..
유치원 아이들이 하기에도 적당할것 같습니다~~",2019-02-21T05:33:34.000+0000,STOREFARM,5,지니맘 어린이 보석십자수 캐릭터,지니맘 큐빅십자수  DIY: 21번 별유니콘 (15cm 20cm)
641532679,SELLBLOG,AFTER_USE,애가 좋라해서 또 구먀할려구요,2019-03-04T03:38:41.000+0000,STOREFARM,3,지니맘 어린이 보석십자수 캐릭터,지니맘 큐빅십자수  DIY: 2번 보라유니콘 (15cm 20cm)
634523009,SELLBLOG,NORMAL,아이들이 너무 좋아해요~^^,2019-02-14T12:35:47.000+0000,STOREFARM,5,지니맘 어린이 보석십자수 캐릭터,지니맘 큐빅십자수  DIY: 21번 별유니콘 (15cm 20cm)
632007212,SELLBLOG,NORMAL,좋네요 재미있어하고 예쁘네요,2019-02-08T11:38:25.000+0000,STOREFARM,5,지니맘 어린이 보석십자수 캐릭터,지니맘 큐빅십자수  DIY: 1번 유니콘 (15cm 20cm)
641532772,SELLBLOG,AFTER_USE,야가 좋아해서 또 구먀할꺼햐요,2019-03-04T03:38:56.000+0000,STOREFARM,3,지니맘 어린이 보석십자수 캐릭터,지니맘 큐빅십자수  DIY: 1번 유니콘 (15cm 20cm)
642593149,SELLBLOG,NORMAL,아이가  넘 좋아해요,2019-03-06T11:06:50.000+0000,STOREFARM,5,지니맘 어린이 보석십자수 캐릭터 큐빅십자수,지니맘 큐빅십자수  DIY: 1번 유니콘 (15cm 20cm)
635430715,SELLBLOG,NORMAL,푹 빠져있어요 ㅋㅋ,2019-02-16T22:34:18.000+0000,STOREFARM,5,지니맘 어린이 보석십자수 캐릭터,지니맘 큐빅십자수  DIY: 21번 별유니콘 (15cm 20cm)
640959288,SELLBLOG,NORMAL,물건도 좋고 배송 빠른게 제일 좋아요,2019-03-02T11:13:29.000+0000,STOREFARM,4,지니맘 어린이 보석십자수 캐릭터,지니맘 큐빅십자수  DIY: 1번 유니콘 (15cm 20cm)
634523499,SELLBLOG,NORMAL,아이들이 좋아해요 ㅎ,2019-02-14T12:36:42.000+0000,STOREFARM,5,지니맘 어린이 보석십자수 캐릭터,지니맘 큐빅십자수  DIY: 20번 거미 (15cm 20cm)
634523344,SELLBLOG,NORMAL,아이들이 좋아해요~,2019-02-14T12:36:26.000+0000,STOREFARM,5,지니맘 어린이 보석십자수 캐릭터,지니맘 큐빅십자수  DIY: 12번 슈퍼 (15cm 20cm)
633657514,SELLBLOG,NORMAL,"배송도 빠르고 정말 예뻐요
어린 아이들도 잘 할 수 있을만큼 제품구성 너무 좋고 아이가 정말 재미있어해서
일주일에 2번 시켰어요^^ 친구들 선물하려고 또 사구요^^",2019-02-13T02:04:07.000+0000,STOREFARM,5,지니맘 어린이 보석십자수 캐릭터,지니맘 큐빅십자수  DIY: 1번 유니콘 (15cm 20cm)
630060565,SELLBLOG,NORMAL,아이들도 좋아하고 저두 잼나네요 ㅎ 시간도 잘가구요~^/완성하니 뿌듯해여 ㅎㅎ 미니언도 귀엽고~~ㅎ,2019-01-31T07:08:37.000+0000,STOREFARM,5,지니맘 어린이 보석십자수 캐릭터,지니맘 큐빅십자수  DIY: 2번 보라유니콘 (15cm 20cm)
629976828,SELLBLOG,NORMAL,반짝반짝 너무 예쁘네요~ 비즈가 작지않아서 아이들이 하기에도 딱 좋은것같아요~^^,2019-01-31T03:46:14.000+0000,STOREFARM,5,지니맘 어린이 보석십자수 캐릭터,지니맘 큐빅십자수  DIY: 25번 미니2  (15cm 20cm)
632937336,SELLBLOG,NORMAL,"액자도 제품도 정말 맘에 듭니다. 가격이 비싸지 않아 큰 기대 안했는데, 기대했던거 보다 훌륭해서 깜짝 놀랐네요~ 아이들도 정말 좋아했답니다. 완전 추천합니다!!! 많이 파세요~^^",2019-02-11T09:06:20.000+0000,STOREFARM,5,지니맘 어린이 보석십자수 캐릭터,지니맘 큐빅십자수  DIY: 1번 유니콘 (15cm 20cm)
633658035,SELLBLOG,NORMAL,"두번째 구입입니다.
액자에 걸어서 아이들 침대에 걸어주니 너무 예뻐요.
아이들이 자기가 했다는 성취감도 크고 방학동안 아주 즐거운 미술놀이가 되었어요",2019-02-13T02:04:59.000+0000,STOREFARM,5,지니맘 어린이 보석십자수 캐릭터,지니맘 큐빅십자수  DIY: 21번 별유니콘 (15cm 20cm)
638234296,SELLBLOG,NORMAL,아이가 좋아해요 보석 크기가 다양해서 더 예쁜것같아요,2019-02-23T09:16:54.000+0000,STOREFARM,5,지니맘 어린이 보석십자수 캐릭터,지니맘 큐빅십자수  DIY: 3번 분홍사슴 (15cm 20cm)
638234264,SELLBLOG,NORMAL,아이가 좋아해요 보석 크기가 다양해서 더 예쁜것같아요,2019-02-23T09:16:48.000+0000,STOREFARM,5,지니맘 어린이 보석십자수 캐릭터,지니맘 큐빅십자수  DIY: 1번 유니콘 (15cm 20cm)
638234212,SELLBLOG,NORMAL,아이가 좋아해요 보석 크기가 다양해서 더 예쁜것같아요,2019-02-23T09:16:41.000+0000,STOREFARM,5,지니맘 어린이 보석십자수 캐릭터,지니맘 큐빅십자수  DIY: 22번 부엉이 (15cm 20cm)
638234185,SELLBLOG,NORMAL,아이가 좋아해요 보석 크기가 다양해서 더 예쁜것같아요,2019-02-23T09:16:35.000+0000,STOREFARM,5,지니맘 어린이 보석십자수 캐릭터,지니맘 큐빅십자수  DIY: 8번 꽃사슴 (15cm 20cm)
638234129,SELLBLOG,NORMAL,아이가 좋아해요 보석 크기가 다양해서 더 예쁜것같아요,2019-02-23T09:16:26.000+0000,STOREFARM,5,지니맘 어린이 보석십자수 캐릭터,지니맘 큐빅십자수  DIY: 5번 펭귄(15cm 15cm)
638233825,SELLBLOG,NORMAL,아이가 좋아해요 보석 크기가 다양하니 더 이쁜것같아요,2019-02-23T09:15:35.000+0000,STOREFARM,5,지니맘 어린이 보석십자수 캐릭터,지니맘 큐빅십자수  DIY: 24번 미니1 (15cm 20cm)
636846784,SELLBLOG,NORMAL,"매번 이곳에서 주문합니다.
디자인이 다양하고 이뻐요~
배송도 빨라 감사합니다.",2019-02-20T00:58:34.000+0000,STOREFARM,5,지니맘 어린이 보석십자수 캐릭터,지니맘 큐빅십자수  DIY: 3번 분홍사슴 (15cm 20cm)
641123294,SELLBLOG,NORMAL,잘받았습니다. 7살아이가 좋아해요,2019-03-03T02:07:38.000+0000,STOREFARM,5,지니맘 어린이 보석십자수 캐릭터,지니맘 큐빅십자수  DIY: 8번 꽃사슴 (15cm 20cm)
641123192,SELLBLOG,NORMAL,잘받았습니다. 교환도 빨랐어요,2019-03-03T02:07:23.000+0000,STOREFARM,5,지니맘 어린이 보석십자수 캐릭터,지니맘 큐빅십자수  DIY: 21번 별유니콘 (15cm 20cm)
628441607,SELLBLOG,NORMAL,여자아이가 사달라고 해서 주문해봤어요.이쁘고 좋아요 액자도 싸게 팔면 더 좋을텐데,2019-01-27T08:01:10.000+0000,STOREFARM,5,지니맘 어린이 보석십자수 캐릭터,지니맘 큐빅십자수  DIY: 25번 미니2  (15cm 20cm)
629386182,SELLBLOG,NORMAL,오자마자 2개완성햇어요 너무 이뻐요 배송도 하루만에와서 좋구요 번창하세용,2019-01-29T14:39:58.000+0000,STOREFARM,5,지니맘 어린이 보석십자수 캐릭터,지니맘 큐빅십자수  DIY: 14번 슈퍼맨 (15cm 20cm)
630061003,SELLBLOG,NORMAL,"아이들과 잼나게 했어요
시간도 너무 잘가요
반짝반짝 이뻐요
ㅎㅎㅎ 귀여워요~~.
담에 또 하고싶대요ㅡ",2019-01-31T07:09:43.000+0000,STOREFARM,5,지니맘 어린이 보석십자수 캐릭터,지니맘 큐빅십자수  DIY: 25번 미니2  (15cm 20cm)
641696716,SELLBLOG,NORMAL,배송도 빠르고 좋습니다^^,2019-03-04T11:32:05.000+0000,STOREFARM,5,지니맘 어린이 보석십자수 캐릭터,지니맘 큐빅십자수  DIY: 8번 꽃사슴 (15cm 20cm)
636856248,SELLBLOG,NORMAL,"매번 이곳에 주문합니다.
디자인 다양하고 고급스럽고 이뻐요",2019-02-20T01:18:28.000+0000,STOREFARM,5,지니맘 어린이 보석십자수 캐릭터,지니맘 큐빅십자수  DIY: 1번 유니콘 (15cm 20cm)
647021224,SELLBLOG,NORMAL,ㄹㅁ랆ㄹㅁ로리르리리,2019-03-16T12:25:52.000+0000,STOREFARM,4,지니맘 어린이 보석십자수 캐릭터 큐빅십자수,지니맘 큐빅십자수  DIY: 12번 슈퍼 (15cm 20cm)
634809943,SELLBLOG,NORMAL,"회사직원분 따님이 쓰신다기에 ㅋ
초급자용과 같이 구매했는데 ㅋㅋ 좋아한다네요 ㅋ
다행이 어렵지 않고 좋아요~",2019-02-15T06:44:41.000+0000,STOREFARM,5,지니맘 어린이 보석십자수 캐릭터,
638888322,SELLBLOG,NORMAL,너무좋네요 앞으로도 주문할께요,2019-02-25T03:23:12.000+0000,STOREFARM,5,지니맘 어린이 보석십자수 캐릭터,지니맘 큐빅십자수  DIY: 1번 유니콘 (15cm 20cm)
638971016,SELLBLOG,AFTER_USE,반짝반짝거려 좀더 고급스러운것 같아 마음에 듭니다.,2019-02-25T06:37:54.000+0000,STOREFARM,5,지니맘 어린이 보석십자수 캐릭터,지니맘 큐빅십자수  DIY: 3번 분홍사슴 (15cm 20cm)
631428354,SELLBLOG,NORMAL,"설연휴에 완전 즐겁게 했어요
배송도 아주 빨랐네요^^",2019-02-05T11:57:07.000+0000,STOREFARM,5,지니맘 어린이 보석십자수 캐릭터,지니맘 큐빅십자수  DIY: 1번 유니콘 (15cm 20cm)
647021391,SELLBLOG,NORMAL,레롤ㄹㅁ로르로릭ㅇ로,2019-03-16T12:26:16.000+0000,STOREFARM,4,지니맘 어린이 보석십자수 캐릭터 큐빅십자수,지니맘 큐빅십자수  DIY: 25번 미니2  (15cm 20cm)
634809666,SELLBLOG,NORMAL,초급자용이라 ㅋ 회사분이랑 샀는데 ㅋ ㅋ사실 너무 유치할까 걱정했는데 ㅋ 제작해놓고보니 -ㅁ- 전혀 안유치 이뻐요 ㅎ,2019-02-15T06:44:06.000+0000,STOREFARM,5,지니맘 어린이 보석십자수 캐릭터,
636813433,SELLBLOG,NORMAL,배송도 하루만에 오고 사이즈도 딱 좋아요~7살 딸이 너무 좋아하네요^^,2019-02-19T23:35:44.000+0000,STOREFARM,5,지니맘 어린이 보석십자수 캐릭터,지니맘 큐빅십자수  DIY: 26번 돌고래(15cm 20cm)
638797933,SELLBLOG,NORMAL,방학때 아들 심심할까봐 사줬는데 제가 하고 있네요.,2019-02-25T00:12:35.000+0000,STOREFARM,4,지니맘 어린이 보석십자수 캐릭터,
640959141,SELLBLOG,NORMAL,배송이 빨라서 좋아요,2019-03-02T11:13:04.000+0000,STOREFARM,4,지니맘 어린이 보석십자수 캐릭터,지니맘 큐빅십자수  DIY: 8번 꽃사슴 (15cm 20cm)
634571404,SELLBLOG,NORMAL,"방학동안 아이해주려고샀는데
너무좋아해요 시간가는줄도 모르고 초집중하네요 너무 잘산것같아요",2019-02-14T14:23:47.000+0000,STOREFARM,5,지니맘 어린이 보석십자수 캐릭터,지니맘 큐빅십자수  DIY: 26번 돌고래(15cm 20cm)
630032292,SELLBLOG,NORMAL,"아이들이 즐거워 하네요
도안도 다양하고 예뻐요~",2019-01-31T05:58:33.000+0000,STOREFARM,5,지니맘 어린이 보석십자수 캐릭터,지니맘 큐빅십자수  DIY: 1번 유니콘 (15cm 20cm)
641123577,SELLBLOG,NORMAL,이뻐요 잘받았습니다.,2019-03-03T02:08:19.000+0000,STOREFARM,5,지니맘 어린이 보석십자수 캐릭터,지니맘 큐빅십자수  DIY: 22번 부엉이 (15cm 20cm)
640272249,SELLBLOG,NORMAL,이쁘고 아이가 너무 좋아해요,2019-02-28T08:44:32.000+0000,STOREFARM,5,지니맘 어린이 보석십자수 캐릭터,지니맘 큐빅십자수  DIY: 1번 유니콘 (15cm 20cm)
640959015,SELLBLOG,NORMAL,배송이 몹시 빨라요,2019-03-02T11:12:41.000+0000,STOREFARM,4,지니맘 어린이 보석십자수 캐릭터,지니맘 큐빅십자수  DIY: 2번 보라유니콘 (15cm 20cm)
640211813,SELLBLOG,NORMAL,아이들이 좋아하고 예쁘네요,2019-02-28T06:26:09.000+0000,STOREFARM,5,지니맘 어린이 보석십자수 캐릭터,지니맘 큐빅십자수  DIY: 8번 꽃사슴 (15cm 20cm)
639940706,SELLBLOG,NORMAL,아이와 함께할 수 있어서 좋아요,2019-02-27T13:22:53.000+0000,STOREFARM,5,지니맘 어린이 보석십자수 캐릭터,지니맘 큐빅십자수  DIY: 1번 유니콘 (15cm 20cm)
634564527,SELLBLOG,NORMAL,아이들이좋아해요.비즈도넉넉하고하루만에완성했지만아들이굉장히뿌듯해하네요.7살딸아이도거뜬히하네요.,2019-02-14T14:08:20.000+0000,STOREFARM,5,지니맘 어린이 보석십자수 캐릭터,지니맘 큐빅십자수  DIY: 1번 유니콘 (15cm 20cm)
640212149,SELLBLOG,NORMAL,아이들이 예쁘다고 좋아해앋,2019-02-28T06:26:52.000+0000,STOREFARM,5,지니맘 어린이 보석십자수 캐릭터,지니맘 큐빅십자수  DIY: 20번 거미 (15cm 20cm)
640211391,SELLBLOG,NORMAL,아이들이 예쁘다고 즣아해요,2019-02-28T06:25:09.000+0000,STOREFARM,5,지니맘 어린이 보석십자수 캐릭터,지니맘 큐빅십자수  DIY: 3번 분홍사슴 (15cm 20cm)
638084648,SELLBLOG,NORMAL,너무 예쁘네요 초등생 딸이 좋아해요,2019-02-23T02:24:19.000+0000,STOREFARM,5,지니맘 어린이 보석십자수 캐릭터,지니맘 큐빅십자수  DIY: 21번 별유니콘 (15cm 20cm)
638970613,SELLBLOG,AFTER_USE,세개를 구입하였는데 모두 마음에 들었습니다.,2019-02-25T06:36:55.000+0000,STOREFARM,5,지니맘 어린이 보석십자수 캐릭터,지니맘 큐빅십자수  DIY: 5번  반짝이 사슴 (15cm 20cm)
630206869,SELLBLOG,NORMAL,눈이 쪼금 아프긴한데요~ 아이들이 좋아라합니다,2019-01-31T13:44:15.000+0000,STOREFARM,5,지니맘 어린이 보석십자수 캐릭터,지니맘 큐빅십자수  DIY: 20번 거미 (15cm 20cm)
638343638,SELLBLOG,NORMAL,배송도 빠르고 완성해서 액자에 넣으니까 너무 이뻐요,2019-02-23T14:39:16.000+0000,STOREFARM,5,지니맘 어린이 보석십자수 캐릭터,지니맘 큐빅십자수  DIY: 1번 유니콘 (15cm 20cm)
630059732,SELLBLOG,NORMAL,"9살 6살 아이들 너무 재미있어했어요..
액자에 넣으니 더 예쁘네요^^",2019-01-31T07:06:31.000+0000,STOREFARM,5,지니맘 어린이 보석십자수 캐릭터,지니맘 큐빅십자수  DIY: 12번 슈퍼 (15cm 20cm)
630061455,SELLBLOG,NORMAL,"이뻐요담에 또 하고싶대요...
시간이 잘가요~~^^
저두 잼났어요",2019-01-31T07:10:55.000+0000,STOREFARM,5,지니맘 어린이 보석십자수 캐릭터,지니맘 큐빅십자수  DIY: 1번 유니콘 (15cm 20cm)
639011160,SELLBLOG,AFTER_USE,아이들이 재밌게 해서 또 주문할 의향이 있어요,2019-02-25T08:28:37.000+0000,STOREFARM,5,지니맘 어린이 보석십자수 캐릭터,지니맘 큐빅십자수  DIY: 17번 가면 (15cm 20cm)
638344093,SELLBLOG,NORMAL,생각보다 금방 완성하게되고 완성품 액자에 넣으니 이쁩니다.,2019-02-23T14:40:48.000+0000,STOREFARM,5,지니맘 어린이 보석십자수 캐릭터,지니맘 큐빅십자수  DIY: 8번 꽃사슴 (15cm 20cm)
640211601,SELLBLOG,NORMAL,보석도 잘붙고 예쁘네요,2019-02-28T06:25:37.000+0000,STOREFARM,5,지니맘 어린이 보석십자수 캐릭터,지니맘 큐빅십자수  DIY: 1번 유니콘 (15cm 20cm)
639752322,SELLBLOG,NORMAL,아이와 즐거운 시간보냈네요,2019-02-27T06:24:41.000+0000,STOREFARM,4,지니맘 어린이 보석십자수 캐릭터,지니맘 큐빅십자수  DIY: 4번 작은유니콘(15cm 15cm)
639752011,SELLBLOG,NORMAL,아이와  즐거운 시간보냈네요,2019-02-27T06:23:58.000+0000,STOREFARM,4,지니맘 어린이 보석십자수 캐릭터,지니맘 큐빅십자수  DIY: 22번 부엉이 (15cm 20cm)
637466958,SELLBLOG,NORMAL,아이들과 만드려고 도안 골랐는데 즐겁게 만들수 있을거같아요,2019-02-21T07:57:33.000+0000,STOREFARM,5,지니맘 어린이 보석십자수 캐릭터,지니맘 큐빅십자수  DIY: 24번 미니1 (15cm 20cm)
639940300,SELLBLOG,NORMAL,집중할 수 있고 재밌고 예뻐요.,2019-02-27T13:21:57.000+0000,STOREFARM,5,지니맘 어린이 보석십자수 캐릭터,지니맘 큐빅십자수  DIY: 26번 돌고래(15cm 20cm)
639940601,SELLBLOG,NORMAL,디자인이 다양해서 좋아요,2019-02-27T13:22:38.000+0000,STOREFARM,5,지니맘 어린이 보석십자수 캐릭터,지니맘 큐빅십자수  DIY: 3번 분홍사슴 (15cm 20cm)
630061259,SELLBLOG,NORMAL,"좋아요 ㅎㅎ아이들도 좋아해요
반짝반짝 이뻐요
또 하고싶대요",2019-01-31T07:10:21.000+0000,STOREFARM,5,지니맘 어린이 보석십자수 캐릭터,지니맘 큐빅십자수  DIY: 24번 미니1 (15cm 20cm)
637496747,SELLBLOG,AFTER_USE,아이가 매우 좋아했습니다.,2019-02-21T09:10:25.000+0000,STOREFARM,5,지니맘 어린이 보석십자수 캐릭터,
637496496,SELLBLOG,AFTER_USE,아이가 매우 좋아했습니다.,2019-02-21T09:09:44.000+0000,STOREFARM,5,지니맘 어린이 보석십자수 캐릭터,
641123390,SELLBLOG,NORMAL,퀄리티가 좋아요~~,2019-03-03T02:07:53.000+0000,STOREFARM,5,지니맘 어린이 보석십자수 캐릭터,지니맘 큐빅십자수  DIY: 1번 유니콘 (15cm 20cm)
639752184,SELLBLOG,NORMAL,아이와 즐거운 시간보냈네요~,2019-02-27T06:24:22.000+0000,STOREFARM,4,지니맘 어린이 보석십자수 캐릭터,지니맘 큐빅십자수  DIY: 1번 유니콘 (15cm 20cm)
640211695,SELLBLOG,NORMAL,아이들이 좋아해여  예쁘네여,2019-02-28T06:25:53.000+0000,STOREFARM,5,지니맘 어린이 보석십자수 캐릭터,지니맘 큐빅십자수  DIY: 13번 스폰지 (15cm 20cm)
638343884,SELLBLOG,NORMAL,배송도 빠르고 보석 색상도 이뻐서 완성  후  만족도가 큽니다.,2019-02-23T14:40:05.000+0000,STOREFARM,5,지니맘 어린이 보석십자수 캐릭터,지니맘 큐빅십자수  DIY: 3번 분홍사슴 (15cm 20cm)
628442303,SELLBLOG,NORMAL,이뻐요 가격도 좋고 맘에 듭니다 재구매 의사 있어영,2019-01-27T08:03:30.000+0000,STOREFARM,5,지니맘 어린이 보석십자수 캐릭터,지니맘 큐빅십자수  DIY: 1번 유니콘 (15cm 20cm)
639751603,SELLBLOG,NORMAL,아이와 즐거운 시간 보냈네요~~~,2019-02-27T06:23:04.000+0000,STOREFARM,4,지니맘 어린이 보석십자수 캐릭터,지니맘 큐빅십자수  DIY: 3번 분홍사슴 (15cm 20cm)
628442135,SELLBLOG,NORMAL,남자아이도 좋아해요 아쉽게 품절된 거도 있지만 잘 쓸게요,2019-01-27T08:02:57.000+0000,STOREFARM,5,지니맘 어린이 보석십자수 캐릭터,지니맘 큐빅십자수  DIY: 26번 돌고래(15cm 20cm)
637216901,SELLBLOG,NORMAL,배송이 좀 느리지만 물건 자체는 꼼꼼하게 잘 보내주셨네요.,2019-02-20T14:39:37.000+0000,STOREFARM,5,지니맘 어린이 보석십자수 캐릭터,지니맘 큐빅십자수  DIY: 5번 펭귄(15cm 15cm)
636814382,SELLBLOG,NORMAL,너무 예뻐요. 7살 딸이 집중하면서 꽤 잘 하네요~^^,2019-02-19T23:38:28.000+0000,STOREFARM,5,지니맘 어린이 보석십자수 캐릭터,지니맘 큐빅십자수  DIY: 8번 꽃사슴 (15cm 20cm)
636814319,SELLBLOG,NORMAL,너무 예뻐요. 7살 딸이 집중하면서 꽤 잘 하네요~^^,2019-02-19T23:38:18.000+0000,STOREFARM,5,지니맘 어린이 보석십자수 캐릭터,지니맘 큐빅십자수  DIY: 2번 보라유니콘 (15cm 20cm)
636814219,SELLBLOG,NORMAL,너무 예뻐요. 7살 딸이 집중하면서 꽤 잘 하네요~^^,2019-02-19T23:38:04.000+0000,STOREFARM,5,지니맘 어린이 보석십자수 캐릭터,지니맘 큐빅십자수  DIY: 1번 유니콘 (15cm 20cm)
630032784,SELLBLOG,NORMAL,포장도 깨끗하고 남자하기에도 좋아하는 케릭터라 좋네요~,2019-01-31T05:59:47.000+0000,STOREFARM,5,지니맘 어린이 보석십자수 캐릭터,지니맘 큐빅십자수  DIY: 8번 꽃사슴 (15cm 20cm)
627024762,SELLBLOG,NORMAL,아이가 방학때 즐겁게 잘 보낼 수 있을거 같네요^^ 친구들 생일선물도 같이 구매 했어요~,2019-01-23T03:22:12.000+0000,STOREFARM,5,지니맘 어린이 보석십자수 캐릭터,지니맘 큐빅십자수  DIY: 1번 유니콘 (15cm 20cm)
630206309,SELLBLOG,NORMAL,"아이들과 함께하려 구매 했습니다 
완성하니 뿌듯합니다~",2019-01-31T13:42:42.000+0000,STOREFARM,5,지니맘 어린이 보석십자수 캐릭터,지니맘 큐빅십자수  DIY: 22번 부엉이 (15cm 20cm)
636368899,SELLBLOG,AFTER_USE,아이가 해본다고해서 단순한디자인으로 골랐는데 재밌어합니다~,2019-02-19T02:19:57.000+0000,STOREFARM,4,지니맘 어린이 보석십자수 캐릭터,지니맘 큐빅십자수  DIY: 19번 방패 (15cm 20cm)
628441828,SELLBLOG,NORMAL,보석도 이쁘고 하기 편해요 초1 7살 방학인데 열심히 해요,2019-01-27T08:01:53.000+0000,STOREFARM,5,지니맘 어린이 보석십자수 캐릭터,지니맘 큐빅십자수  DIY: 21번 별유니콘 (15cm 20cm)
641123454,SELLBLOG,NORMAL,잘받았습니다~~~^^,2019-03-03T02:08:04.000+0000,STOREFARM,5,지니맘 어린이 보석십자수 캐릭터,지니맘 큐빅십자수  DIY: 23번 사자 (15cm 20cm)
636439624,SELLBLOG,NORMAL,아직 초보라 어린이용 주문했는데 쉽게 할 수 있어서 좋네요.,2019-02-19T04:53:20.000+0000,STOREFARM,5,지니맘 어린이 보석십자수 캐릭터,지니맘 큐빅십자수  DIY: 22번 부엉이 (15cm 20cm)
634165575,SELLBLOG,NORMAL,애들이 자수하면서 힐링된다고 하네요. 집중력에도 좋은 것 같아요.,2019-02-14T00:23:30.000+0000,STOREFARM,5,지니맘 어린이 보석십자수 캐릭터,지니맘 큐빅십자수  DIY: 9번 겨울사슴 (15cm 20cm)
638835824,SELLBLOG,NORMAL,"만족합니다

포장도 꼼꼼해요",2019-02-25T01:31:34.000+0000,STOREFARM,5,지니맘 어린이 보석십자수 캐릭터,지니맘 큐빅십자수  DIY: 1번 유니콘 (15cm 20cm)
625820877,SELLBLOG,NORMAL,친구 생잉 선물 햇다가 저희아이가 이쁘다고해서 다시 구입햇어요 반짝거리니까 아이들이 너무 이뻐해요,2019-01-20T07:43:46.000+0000,STOREFARM,5,지니맘 어린이 보석십자수 캐릭터,지니맘 큐빅십자수  DIY: 2번 보라유니콘 (15cm 20cm)
623805722,SELLBLOG,NORMAL,"작은 보석 십자군만 해보다 조금 큰걸 시키니 보석이 화려해서인지 너무 좋아하네요.
사진보다 실물이 훨씬 이쁘네요.
아이들이 또 시키더라도 하네요.
품절 상품이 많아서 아쉬워요.",2019-01-15T06:40:33.000+0000,STOREFARM,5,지니맘 어린이 보석십자수 캐릭터,지니맘 큐빅십자수  DIY: 8번 여우 (15cm 20cm)
637466814,SELLBLOG,NORMAL,방학이라 아이들과 만드려고 주문했어요,2019-02-21T07:57:12.000+0000,STOREFARM,5,지니맘 어린이 보석십자수 캐릭터,지니맘 큐빅십자수  DIY: 25번 미니2  (15cm 20cm)
633911548,SELLBLOG,NORMAL,"아이들이 정말 좋아해요~
빨리해서 자기방문앞에 달꺼라고하네요^^",2019-02-13T09:37:15.000+0000,STOREFARM,5,지니맘 어린이 보석십자수 캐릭터,지니맘 큐빅십자수  DIY: 17번 가면 (15cm 20cm)
638213560,SELLBLOG,NORMAL,아이들과 방학용으로 좋습니다.,2019-02-23T08:16:29.000+0000,STOREFARM,5,지니맘 어린이 보석십자수 캐릭터,지니맘 큐빅십자수  DIY: 5번 펭귄(15cm 15cm)
646619781,SELLBLOG,NORMAL,조아조아조아조아 조아조아 조아조아 조아조아 조아조아조아조아 조아조아 조아조아 조아조아 조아조아조아조아 조아조아 조아조아 조아조아 조아조아조아조아 조아조아 조아조아 조아조아 조아조아,2019-03-15T13:11:49.000+0000,STOREFARM,5,지니맘 어린이 보석십자수 캐릭터 큐빅십자수,지니맘 큐빅십자수  DIY: 8번 꽃사슴 (15cm 20cm)
637217380,SELLBLOG,NORMAL,배송은 느리지만 아이들이 재미있어합니다.,2019-02-20T14:40:52.000+0000,STOREFARM,5,지니맘 어린이 보석십자수 캐릭터,지니맘 큐빅십자수  DIY: 9번 겨울사슴 (15cm 20cm)
641186204,SELLBLOG,NORMAL,너무좋네요~~~~~~~,2019-03-03T05:01:34.000+0000,STOREFARM,5,지니맘 어린이 보석십자수 캐릭터,지니맘 큐빅십자수  DIY: 7번 소녀1  (15cm 20cm)
638835641,SELLBLOG,NORMAL,"예쁘고 좋습니다~
추천해요~",2019-02-25T01:31:15.000+0000,STOREFARM,5,지니맘 어린이 보석십자수 캐릭터,지니맘 큐빅십자수  DIY: 8번 꽃사슴 (15cm 20cm)
638798182,SELLBLOG,NORMAL,제가 만족하고 있어요.,2019-02-25T00:13:04.000+0000,STOREFARM,4,지니맘 어린이 보석십자수 캐릭터,
638213807,SELLBLOG,NORMAL,아이들 방학용으로 좋습니다.,2019-02-23T08:17:14.000+0000,STOREFARM,5,지니맘 어린이 보석십자수 캐릭터,지니맘 큐빅십자수  DIY: 2번 토끼(15cm 15cm)
638213680,SELLBLOG,NORMAL,아이들 방학용으로 좋습니다.,2019-02-23T08:16:50.000+0000,STOREFARM,5,지니맘 어린이 보석십자수 캐릭터,지니맘 큐빅십자수  DIY: 4번 작은유니콘(15cm 15cm)
636835759,SELLBLOG,NORMAL,도안이 정말 예쁘고 색깔이 다양해서 지루하지 않아요.,2019-02-20T00:34:07.000+0000,STOREFARM,5,지니맘 어린이 보석십자수 캐릭터,지니맘 큐빅십자수  DIY: 8번 꽃사슴 (15cm 20cm)
625820531,SELLBLOG,NORMAL,저번에 미니언즈구잊햇고 또 다른제품 구입햇어요 아이가 재미잇어하고 반짝하고 이뻐요,2019-01-20T07:42:42.000+0000,STOREFARM,5,지니맘 어린이 보석십자수 캐릭터,지니맘 큐빅십자수  DIY: 12번 슈퍼 (15cm 20cm)
638798509,SELLBLOG,NORMAL,아들이 참 좋아 합니다.,2019-02-25T00:13:43.000+0000,STOREFARM,3,지니맘 어린이 보석십자수 캐릭터,
637217106,SELLBLOG,NORMAL,배송은 느리지만 상품 포장 잘되서 왔어요.,2019-02-20T14:40:10.000+0000,STOREFARM,5,지니맘 어린이 보석십자수 캐릭터,지니맘 큐빅십자수  DIY: 10번 안경토끼 (15cm 20cm)
636723794,SELLBLOG,NORMAL,배송 빨라요 아이들 좋아해요,2019-02-19T14:14:19.000+0000,STOREFARM,5,지니맘 어린이 보석십자수 캐릭터,지니맘 큐빅십자수  DIY: 24번 미니1 (15cm 20cm)
650544385,SELLBLOG,NORMAL,But how do you think,2019-03-25T00:55:52.000+0000,STOREFARM,3,지니맘 어린이 보석십자수 캐릭터 큐빅십자수,지니맘 큐빅십자수  DIY: 17번 가면 (15cm 20cm)
650544262,SELLBLOG,NORMAL,I think so,2019-03-25T00:55:38.000+0000,STOREFARM,3,지니맘 어린이 보석십자수 캐릭터 큐빅십자수,지니맘 큐빅십자수  DIY: 20번 거미 (15cm 20cm)
650544203,SELLBLOG,NORMAL,Expensive~,2019-03-25T00:55:30.000+0000,STOREFARM,3,지니맘 어린이 보석십자수 캐릭터 큐빅십자수,지니맘 큐빅십자수  DIY: 21번 별유니콘 (15cm 20cm)
650544148,SELLBLOG,NORMAL,Anlittle bit,2019-03-25T00:55:24.000+0000,STOREFARM,3,지니맘 어린이 보석십자수 캐릭터 큐빅십자수,지니맘 큐빅십자수  DIY: 3번 분홍사슴 (15cm 20cm)
640173904,SELLBLOG,NORMAL,생각보다 멋져요.....,2019-02-28T04:57:13.000+0000,STOREFARM,4,지니맘 어린이 보석십자수 캐릭터,지니맘 큐빅십자수  DIY: 4번 홍학 (15cm 20cm)
633203652,SELLBLOG,NORMAL,"아이들이 좋아해서 재구매했어요
남자아이도 좋아하고 여자아이도 좋아요
감사합니당",2019-02-12T04:51:29.000+0000,STOREFARM,5,지니맘 어린이 보석십자수 캐릭터,지니맘 큐빅십자수  DIY: 23번 사자 (15cm 20cm)
632172683,SELLBLOG,NORMAL,"아이들이 너무 재미있어해서 두번째 주문해서 받아보았네요.
배송도 빨랐구요~  상품역시👍",2019-02-09T02:39:16.000+0000,STOREFARM,5,지니맘 어린이 보석십자수 캐릭터,지니맘 큐빅십자수  DIY: 20번 거미 (15cm 20cm)
638798369,SELLBLOG,NORMAL,아들이 참 좋아해요.,2019-02-25T00:13:25.000+0000,STOREFARM,4,지니맘 어린이 보석십자수 캐릭터,
637217251,SELLBLOG,NORMAL,"아이들이 좋아합니다.
배송은 좀 느립니다.",2019-02-20T14:40:30.000+0000,STOREFARM,5,지니맘 어린이 보석십자수 캐릭터,지니맘 큐빅십자수  DIY: 22번 부엉이 (15cm 20cm)
630061725,SELLBLOG,NORMAL,"이뻐요ㅡ애들이 좋아해요.
시간이 잘가요",2019-01-31T07:11:33.000+0000,STOREFARM,5,지니맘 어린이 보석십자수 캐릭터,지니맘 큐빅십자수  DIY: 26번 돌고래(15cm 20cm)
646620011,SELLBLOG,NORMAL,좋아요좋아요좋아요좋아요좋아요좋아요좋아요좋아요좋아요좋아요좋아요좋아요좋아요좋아요좋아요좋아요좋아요좋아요좋아요좋아요좋아요좋아요,2019-03-15T13:12:24.000+0000,STOREFARM,5,지니맘 어린이 보석십자수 캐릭터 큐빅십자수,지니맘 큐빅십자수  DIY: 1번 유니콘 (15cm 20cm)
639257487,SELLBLOG,NORMAL,"예뻐요 예뻐요
예뻐요 예뻐요",2019-02-26T04:26:37.000+0000,STOREFARM,5,지니맘 어린이 보석십자수 캐릭터,지니맘 큐빅십자수  DIY: 12번 슈퍼 (15cm 20cm)
639257305,SELLBLOG,NORMAL,"예뻐요 예뻐요
예뻐요 예뻐요",2019-02-26T04:26:07.000+0000,STOREFARM,5,지니맘 어린이 보석십자수 캐릭터,지니맘 큐빅십자수  DIY: 4번 홍학 (15cm 20cm)
630207246,SELLBLOG,NORMAL,액자에 해놓으면 뿌듯할듯합니다~,2019-01-31T13:45:11.000+0000,STOREFARM,5,지니맘 어린이 보석십자수 캐릭터,지니맘 큐빅십자수  DIY: 25번 미니2  (15cm 20cm)
634564815,SELLBLOG,NORMAL,색이이뻐요.비즈크기가달라서더재밌어해요.,2019-02-14T14:08:58.000+0000,STOREFARM,5,지니맘 어린이 보석십자수 캐릭터,지니맘 큐빅십자수  DIY: 12번 슈퍼 (15cm 20cm)
634963983,SELLBLOG,AFTER_USE,쉽고 재밌어요 잘 하고있습니다,2019-02-15T13:18:29.000+0000,STOREFARM,4,지니맘 어린이 보석십자수 캐릭터,지니맘 큐빅십자수  DIY: 3번 분홍사슴 (15cm 20cm)
636612396,SELLBLOG,NORMAL,아이가 너무 좋아해요 만족합니다,2019-02-19T10:36:24.000+0000,STOREFARM,5,지니맘 어린이 보석십자수 캐릭터,지니맘 큐빅십자수  DIY: 2번 보라유니콘 (15cm 20cm)
634499902,SELLBLOG,NORMAL,지난번에 두 개 구입했는데 큰애도 하고 싶다고 해서 구매해요~,2019-02-14T11:46:39.000+0000,STOREFARM,5,지니맘 어린이 보석십자수 캐릭터,지니맘 큐빅십자수  DIY: 9번 겨울사슴 (15cm 20cm)
630206492,SELLBLOG,NORMAL,깔끔하게 완성하니 멋져요~,2019-01-31T13:43:10.000+0000,STOREFARM,5,지니맘 어린이 보석십자수 캐릭터,지니맘 큐빅십자수  DIY: 5번  반짝이 사슴 (15cm 20cm)
636510067,SELLBLOG,NORMAL,아이가좋아했어요감사합니다,2019-02-19T07:11:35.000+0000,STOREFARM,5,지니맘 어린이 보석십자수 캐릭터,지니맘 큐빅십자수  DIY: 25번 미니2  (15cm 20cm)
636509752,SELLBLOG,NORMAL,아이가좋아했어요감사합니다,2019-02-19T07:10:59.000+0000,STOREFARM,5,지니맘 어린이 보석십자수 캐릭터,지니맘 큐빅십자수  DIY: 18번 망치 (15cm 20cm)
628441310,SELLBLOG,NORMAL,배송도 빠르고 쉽고 아이들 집중력에 좋아욧굿굿,2019-01-27T08:00:13.000+0000,STOREFARM,5,지니맘 어린이 보석십자수 캐릭터,지니맘 큐빅십자수  DIY: 12번 슈퍼 (15cm 20cm)
632937504,SELLBLOG,NORMAL,완전 만족합니다. 아이들도 정말 좋아합니다. 추천추천이요~!!,2019-02-11T09:06:52.000+0000,STOREFARM,5,지니맘 어린이 보석십자수 캐릭터,지니맘 큐빅십자수  DIY: 13번 스폰지 (15cm 20cm)
636835919,SELLBLOG,NORMAL,색상이 선명하고 예뻐요.,2019-02-20T00:34:25.000+0000,STOREFARM,5,지니맘 어린이 보석십자수 캐릭터,지니맘 큐빅십자수  DIY: 25번 미니2  (15cm 20cm)
631476824,SELLBLOG,AFTER_USE,시간이 걸리는 제품이라 아이들이 집중력에 도움이 되는듯 해요 꾸준히 하고있습니다~,2019-02-06T01:51:23.000+0000,STOREFARM,5,지니맘 어린이 보석십자수 캐릭터,지니맘 큐빅십자수  DIY: 26번 돌고래(15cm 20cm)
633272784,SELLBLOG,AFTER_USE,조카가좋아해요 엉덩이힘길러줌,2019-02-12T07:27:44.000+0000,STOREFARM,5,지니맘 어린이 보석십자수 캐릭터,지니맘 큐빅십자수  DIY: 7번 소녀1  (15cm 20cm)
636823498,SELLBLOG,NORMAL,제품 좋고 배송 빨라요,2019-02-20T00:05:21.000+0000,STOREFARM,5,지니맘 어린이 보석십자수 캐릭터,지니맘 큐빅십자수  DIY: 12번 슈퍼 (15cm 20cm)
627815554,SELLBLOG,NORMAL,이쁘네요~^^ 또 다른것도 만들고싶네요ㅋ,2019-01-25T04:59:57.000+0000,STOREFARM,5,지니맘 어린이 보석십자수 캐릭터,지니맘 큐빅십자수  DIY: 1번 유니콘 (15cm 20cm)
636686378,SELLBLOG,NORMAL,"아이가
집중해서 잘해요",2019-02-19T12:57:33.000+0000,STOREFARM,5,지니맘 어린이 보석십자수 캐릭터,지니맘 큐빅십자수  DIY: 21번 별유니콘 (15cm 20cm)
636612793,SELLBLOG,NORMAL,아이가 재밌어합니다,2019-02-19T10:37:11.000+0000,STOREFARM,5,지니맘 어린이 보석십자수 캐릭터,지니맘 큐빅십자수  DIY: 1번 유니콘 (15cm 20cm)
634570701,SELLBLOG,NORMAL,"반짝 반짝 너무 이뻐요
아이들이 좋아하고 저도 재밌네요 
강츄",2019-02-14T14:22:10.000+0000,STOREFARM,5,지니맘 어린이 보석십자수 캐릭터,지니맘 큐빅십자수  DIY: 11번 클로버 (15cm 20cm)
634255893,SELLBLOG,NORMAL,아이가좋아해요 또 주문할께요~,2019-02-14T03:31:21.000+0000,STOREFARM,5,지니맘 어린이 보석십자수 캐릭터,지니맘 큐빅십자수  DIY: 2번 토끼(15cm 15cm)
636723915,SELLBLOG,NORMAL,"빨리완성하고싶어요,",2019-02-19T14:14:35.000+0000,STOREFARM,5,지니맘 어린이 보석십자수 캐릭터,지니맘 큐빅십자수  DIY: 20번 거미 (15cm 20cm)
634256227,SELLBLOG,NORMAL,아이가좋아해요 또주문할께요^^,2019-02-14T03:32:01.000+0000,STOREFARM,5,지니맘 어린이 보석십자수 캐릭터,지니맘 큐빅십자수  DIY: 1번 유니콘 (15cm 20cm)
634256171,SELLBLOG,NORMAL,아이가좋아해요 또주문할께요^^,2019-02-14T03:31:54.000+0000,STOREFARM,5,지니맘 어린이 보석십자수 캐릭터,지니맘 큐빅십자수  DIY: 4번 홍학 (15cm 20cm)
634256123,SELLBLOG,NORMAL,아이가좋아해요 또주문할께요^^,2019-02-14T03:31:48.000+0000,STOREFARM,5,지니맘 어린이 보석십자수 캐릭터,지니맘 큐빅십자수  DIY: 7번 소녀1  (15cm 20cm)
627025208,SELLBLOG,NORMAL,한.. 3일~4일 이면 다 할거 같아요^^반짝반짝 이쁘네요,2019-01-23T03:23:20.000+0000,STOREFARM,5,지니맘 어린이 보석십자수 캐릭터,지니맘 큐빅십자수  DIY: 8번 꽃사슴 (15cm 20cm)
619999514,SELLBLOG,NORMAL,방학이라 지루한 시간에 해보려고 구입했어요~ 아이가 반짝반짝하고 예쁘다며 좋아하네요!^^ 손으로 붙이다가 다시 도구로 해보고있어요 얼릉 완성해서 액자에 넣으면 예쁠 것 같아요~,2019-01-06T02:47:28.000+0000,STOREFARM,4,지니맘 어린이 보석십자수 캐릭터,지니맘 큐빅십자수  DIY: 1번 유니콘 (15cm 20cm)
637138877,SELLBLOG,NORMAL,잘받았어요 감사해요,2019-02-20T11:36:43.000+0000,STOREFARM,4,지니맘 어린이 보석십자수 캐릭터,지니맘 큐빅십자수  DIY: 8번 꽃사슴 (15cm 20cm)
633911846,SELLBLOG,NORMAL,배송도 빠르고 아이들이 빨리하고싶어 하네요!!,2019-02-13T09:37:51.000+0000,STOREFARM,5,지니맘 어린이 보석십자수 캐릭터,지니맘 큐빅십자수  DIY: 3번 분홍사슴 (15cm 20cm)
631545631,SELLBLOG,NORMAL,배송도빠르고괜찮아요 근데한개빼먹고와서별하나뺐어요,2019-02-06T12:18:09.000+0000,STOREFARM,4,지니맘 어린이 보석십자수 캐릭터,지니맘 큐빅십자수  DIY: 1번 유니콘 (15cm 20cm)
631545604,SELLBLOG,NORMAL,배송도빠르고괜찮아요 근데한개빼먹고와서별하나뺐어요,2019-02-06T12:18:01.000+0000,STOREFARM,4,지니맘 어린이 보석십자수 캐릭터,지니맘 큐빅십자수  DIY: 7번 소녀1  (15cm 20cm)
631545579,SELLBLOG,NORMAL,배송도빠르고괜찮아요 근데한개빼먹고와서별하나뺐어요,2019-02-06T12:17:52.000+0000,STOREFARM,4,지니맘 어린이 보석십자수 캐릭터,지니맘 큐빅십자수  DIY: 8번 꽃사슴 (15cm 20cm)
621293712,SELLBLOG,NORMAL,"포장상태좋네요 아이들이 목빠지게 기다려서
그런지 주말끼고 5일만에배송와서
답답했지만 손에잡고 놓을생각을안하네요",2019-01-09T06:05:28.000+0000,STOREFARM,3,지니맘 어린이 보석십자수 캐릭터,지니맘 큐빅십자수  DIY: 22번 부엉이 (15cm 20cm)
632131317,SELLBLOG,NORMAL,"아이가  너무  좋아해요
겨울방학 최고
집중력 향상 최고요",2019-02-08T23:36:47.000+0000,STOREFARM,5,지니맘 어린이 보석십자수 캐릭터,지니맘 큐빅십자수  DIY: 6번 소녀  (15cm 20cm)
632131290,SELLBLOG,NORMAL,"아이가  너무  좋아해요
겨울방학 최고
집중력 향상 최고요",2019-02-08T23:36:33.000+0000,STOREFARM,5,지니맘 어린이 보석십자수 캐릭터,지니맘 큐빅십자수  DIY: 7번 소녀1  (15cm 20cm)
632131259,SELLBLOG,NORMAL,"아이가  너무  좋아해요
겨울방학 최고
집중력 향상 최고요",2019-02-08T23:36:18.000+0000,STOREFARM,5,지니맘 어린이 보석십자수 캐릭터,지니맘 큐빅십자수  DIY: 2번 보라유니콘 (15cm 20cm)
634165737,SELLBLOG,NORMAL,애들이 힐링되는 느낌이락느 하네요.,2019-02-14T00:23:54.000+0000,STOREFARM,5,지니맘 어린이 보석십자수 캐릭터,지니맘 큐빅십자수  DIY: 21번 별유니콘 (15cm 20cm)
634344364,SELLBLOG,NORMAL,아이가 많이 좋아해요 감사합니다,2019-02-14T06:21:38.000+0000,STOREFARM,4,지니맘 어린이 보석십자수 캐릭터,지니맘 큐빅십자수  DIY: 21번 별유니콘 (15cm 20cm)
634963765,SELLBLOG,AFTER_USE,아이가  쉽고 잘하고 있어요,2019-02-15T13:17:50.000+0000,STOREFARM,3,지니맘 어린이 보석십자수 캐릭터,지니맘 큐빅십자수  DIY: 6번 소녀  (15cm 20cm)
634213647,SELLBLOG,NORMAL,큐빅십자수 완성하면 너무 이뻐요~,2019-02-14T02:01:56.000+0000,STOREFARM,4,지니맘 어린이 보석십자수 캐릭터,지니맘 큐빅십자수  DIY: 24번 미니1 (15cm 20cm)
628337340,SELLBLOG,NORMAL,아이가 너무 잼있어해요^^,2019-01-27T02:00:37.000+0000,STOREFARM,5,지니맘 어린이 보석십자수 캐릭터,지니맘 큐빅십자수  DIY: 3번 분홍사슴 (15cm 20cm)
633136492,SELLBLOG,NORMAL,"6살이 하기에는 아직 힘든가봐요
그래도 좋아하네요",2019-02-12T01:59:12.000+0000,STOREFARM,5,지니맘 어린이 보석십자수 캐릭터,지니맘 큐빅십자수  DIY: 1번 유니콘 (15cm 20cm)
634166046,SELLBLOG,NORMAL,애들 스트레스 해소에 좋습니다.,2019-02-14T00:24:40.000+0000,STOREFARM,5,지니맘 어린이 보석십자수 캐릭터,지니맘 큐빅십자수  DIY: 7번 소녀1  (15cm 20cm)
630292142,SELLBLOG,NORMAL,아이가 너무 좋아해요 벌써 4개나 했어요 큐빅도 불량없고 액자까지 살수 있어 좋아요,2019-01-31T23:57:05.000+0000,STOREFARM,5,지니맘 어린이 보석십자수 캐릭터,지니맘 큐빅십자수  DIY: 1번 유니콘 (15cm 20cm)
628740862,SELLBLOG,NORMAL,"어린이 보섭십자수 구매. 예쁜 디자인이 많습니다
큐빅도 굉장히. 맘에듭니다 아이들이 집중해서
완성하니. 더욱 좋습니다",2019-01-28T03:39:20.000+0000,STOREFARM,4,지니맘 어린이 보석십자수 캐릭터,지니맘 큐빅십자수  DIY: 1번 유니콘 (15cm 20cm)
632743662,SELLBLOG,NORMAL,아이도 어른도 집중해서 할수있어 너무 좋으네여,2019-02-10T23:28:00.000+0000,STOREFARM,5,지니맘 어린이 보석십자수 캐릭터,지니맘 큐빅십자수  DIY: 1번 유니콘 (15cm 20cm)
631243857,SELLBLOG,NORMAL,비즈가 개별 포장되어 있어 매우 편리합니다~~ 아이가 참 좋아해요.,2019-02-04T08:59:52.000+0000,STOREFARM,5,지니맘 어린이 보석십자수 캐릭터,지니맘 큐빅십자수  DIY: 23번 사자 (15cm 20cm)
634570892,SELLBLOG,NORMAL,너무이쁘고 잼나요 강추,2019-02-14T14:22:36.000+0000,STOREFARM,5,지니맘 어린이 보석십자수 캐릭터,지니맘 큐빅십자수  DIY: 18번 망치 (15cm 20cm)
626329389,SELLBLOG,AFTER_USE,아이가 좋아해요 잘샀어요,2019-01-21T11:31:54.000+0000,STOREFARM,5,지니맘 어린이 보석십자수 캐릭터,지니맘 큐빅십자수  DIY: 1번 유니콘 (15cm 20cm)
634322364,SELLBLOG,NORMAL,쉽고 아이가 엄청 재밌다 해요ㅋㅋ,2019-02-14T05:39:25.000+0000,STOREFARM,5,지니맘 어린이 보석십자수 캐릭터,지니맘 큐빅십자수  DIY: 3번 분홍사슴 (15cm 20cm)
630785288,SELLBLOG,NORMAL,상품이야 괜찮은데 동호수를 안써서 발송해주시는 바람에 택배사에서 전화로 짜증내시더라구요 ㅠ,2019-02-02T10:43:54.000+0000,STOREFARM,3,지니맘 어린이 보석십자수 캐릭터,지니맘 큐빅십자수  DIY: 6번 소녀  (15cm 20cm)
627024949,SELLBLOG,NORMAL,아이갸 좋아하네요 이쁘다고,2019-01-23T03:22:39.000+0000,STOREFARM,5,지니맘 어린이 보석십자수 캐릭터,지니맘 큐빅십자수  DIY: 2번 보라유니콘 (15cm 20cm)
634165927,SELLBLOG,NORMAL,집중하면서 힐링되네요.,2019-02-14T00:24:21.000+0000,STOREFARM,5,지니맘 어린이 보석십자수 캐릭터,지니맘 큐빅십자수  DIY: 16번 별 (15cm 20cm)
628740113,SELLBLOG,NORMAL,"어린이 보석십자수 구매 아이들이. 쉽게
할수있고. 너무 예쁩니다. 집중해서 하루만에
완성했어요",2019-01-28T03:37:44.000+0000,STOREFARM,4,지니맘 어린이 보석십자수 캐릭터,지니맘 큐빅십자수  DIY: 18번 망치 (15cm 20cm)
634213894,SELLBLOG,NORMAL,큐빅이 너무 이뻐요,2019-02-14T02:02:24.000+0000,STOREFARM,4,지니맘 어린이 보석십자수 캐릭터,지니맘 큐빅십자수  DIY: 25번 미니2  (15cm 20cm)
631220728,SELLBLOG,NORMAL,"배송이 빠르구요
너무 예뻐요
아이들 하게 하려고 샀다가 엄마도 같이 할수 있어서 넘 좋아요^^",2019-02-04T06:51:42.000+0000,STOREFARM,5,지니맘 어린이 보석십자수 캐릭터,지니맘 큐빅십자수  DIY: 25번 미니2  (15cm 20cm)
634964207,SELLBLOG,AFTER_USE,잘 하고 있어요 쉬워요,2019-02-15T13:19:07.000+0000,STOREFARM,4,지니맘 어린이 보석십자수 캐릭터,지니맘 큐빅십자수  DIY: 1번 유니콘 (15cm 20cm)
633265010,SELLBLOG,AFTER_USE,생각보다 사이즈가커요,2019-02-12T07:10:42.000+0000,STOREFARM,5,지니맘 어린이 보석십자수 캐릭터,지니맘 큐빅십자수  DIY: 10번 안경토끼 (15cm 20cm)
634214358,SELLBLOG,NORMAL,아이들이 좋아해요~,2019-02-14T02:03:16.000+0000,STOREFARM,4,지니맘 어린이 보석십자수 캐릭터,지니맘 큐빅십자수  DIY: 11번 클로버 (15cm 20cm)
633395583,SELLBLOG,NORMAL,아이들이 너무 좋아해요~,2019-02-12T11:33:38.000+0000,STOREFARM,5,지니맘 어린이 보석십자수 캐릭터,지니맘 큐빅십자수  DIY: 23번 사자 (15cm 20cm)
625801563,SELLBLOG,NORMAL,두번째 구매입니다.. 아이들이 너무 좋아해서 액자까지 같이 구매했어요.. 첫번째구매한것보다 불량이 많이 나오네요..ㅠ 그래도 부족하지않고 넉넉합니다.. 많이 구매했는데 사은품하나라도 기대했는데 아쉽네요ㅠ,2019-01-20T06:44:23.000+0000,STOREFARM,5,지니맘 어린이 보석십자수 캐릭터,지니맘 큐빅십자수  DIY: 26번 돌고래(15cm 20cm)
630707739,SELLBLOG,NORMAL,딸친구도선물해주려구요 두번째구입이에요,2019-02-02T05:01:34.000+0000,STOREFARM,5,지니맘 어린이 보석십자수 캐릭터,지니맘 큐빅십자수  DIY: 6번 소녀  (15cm 20cm)
630618625,SELLBLOG,NORMAL,"아이들이 너무 좋아해요^^
배송도 빠릅니다~
또 구매하겠습니다~^^",2019-02-01T22:50:47.000+0000,STOREFARM,5,지니맘 어린이 보석십자수 캐릭터,지니맘 큐빅십자수  DIY: 21번 별유니콘 (15cm 20cm)
630925583,SELLBLOG,NORMAL,"예쁘네요
딸친구 생일선물로 구매했는데
좋아하네요",2019-02-03T02:40:09.000+0000,STOREFARM,4,지니맘 어린이 보석십자수 캐릭터,지니맘 큐빅십자수  DIY: 21번 별유니콘 (15cm 20cm)
633395977,SELLBLOG,NORMAL,아이들이 또 사달라네요~~,2019-02-12T11:34:22.000+0000,STOREFARM,5,지니맘 어린이 보석십자수 캐릭터,지니맘 큐빅십자수  DIY: 17번 가면 (15cm 20cm)
632385689,SELLBLOG,NORMAL,아이가 집중해서 너무 열심히 해요.,2019-02-09T13:18:39.000+0000,STOREFARM,5,지니맘 어린이 보석십자수 캐릭터,지니맘 큐빅십자수  DIY: 3번 달팽이(15cm 15cm)
633395763,SELLBLOG,NORMAL,배송도 빠르고‥ 좋아요,2019-02-12T11:33:59.000+0000,STOREFARM,5,지니맘 어린이 보석십자수 캐릭터,지니맘 큐빅십자수  DIY: 24번 미니1 (15cm 20cm)
634214083,SELLBLOG,NORMAL,디자인도 이뻐요 ^^,2019-02-14T02:02:44.000+0000,STOREFARM,4,지니맘 어린이 보석십자수 캐릭터,지니맘 큐빅십자수  DIY: 3번 분홍사슴 (15cm 20cm)
626049646,SELLBLOG,NORMAL,아이들이 재미있어하요,2019-01-21T00:33:40.000+0000,STOREFARM,4,지니맘 어린이 보석십자수 캐릭터,지니맘 큐빅십자수  DIY: 2번 토끼(15cm 15cm)
625459495,SELLBLOG,NORMAL,"가격도 저렴하고,아이들도 좋아해용
섬세함이 부족한8살 둘째는 자꾸 비즈를 엎어 트려서 고생했지만 그래도 재밌다고 며칠을 걸려 하네여 ㅎㅎ 방학에 시간때우기 좋네요.;",2019-01-19T07:45:09.000+0000,STOREFARM,5,지니맘 어린이 보석십자수 캐릭터,지니맘 큐빅십자수  DIY: 8번 여우 (15cm 20cm)
630114692,SELLBLOG,NORMAL,너무 이뻐요 아이들이 재밌어하고 조용하게 놀아서 좋아요,2019-01-31T09:27:09.000+0000,STOREFARM,5,지니맘 어린이 보석십자수 캐릭터,지니맘 큐빅십자수  DIY: 20번 거미 (15cm 20cm)
630371702,SELLBLOG,NORMAL,아이가 엄청 좋아해요 한 7살은 되야 할수 있을듯해요,2019-02-01T03:24:16.000+0000,STOREFARM,5,지니맘 어린이 보석십자수 캐릭터,지니맘 큐빅십자수  DIY: 22번 부엉이 (15cm 20cm)
619043066,SELLBLOG,NORMAL,"빨리 완성해서 액자에 넣어보고싶네요~^^
배송도 빠르고 아직 확인해 보지 않아서 어떤지는 모르겠는데 예쁠꺼같네요~^^",2019-01-03T11:05:56.000+0000,STOREFARM,5,지니맘 어린이 보석십자수 캐릭터,지니맘 큐빅십자수  DIY: 2번 보라유니콘 (15cm 20cm)
628552614,SELLBLOG,NORMAL,아이들이 좋아해요..오자 마자 뜯어서 열심히 하네요 생각보다 시간이 오래 걸린긴 하지만요,2019-01-27T13:58:26.000+0000,STOREFARM,5,지니맘 어린이 보석십자수 캐릭터,지니맘 큐빅십자수  DIY: 26번 돌고래(15cm 20cm)
630109380,SELLBLOG,NORMAL,"예뻐서재구매했어요
만들기도쉽고 배송두정확해요",2019-01-31T09:12:55.000+0000,STOREFARM,5,지니맘 어린이 보석십자수 캐릭터,지니맘 큐빅십자수  DIY: 22번 부엉이 (15cm 20cm)
629339380,SELLBLOG,NORMAL,"남자아이들도 좋아하네요.^^
평소 좋아하던 캐릭터라 더 재미있어 하네요.",2019-01-29T12:49:09.000+0000,STOREFARM,4,지니맘 어린이 보석십자수 캐릭터,지니맘 큐빅십자수  DIY: 17번 가면 (15cm 20cm)
629754737,SELLBLOG,NORMAL,좋아요 애들이 좋아해요,2019-01-30T12:11:08.000+0000,STOREFARM,5,지니맘 어린이 보석십자수 캐릭터,지니맘 큐빅십자수  DIY: 1번 유니콘 (15cm 20cm)
620066489,SELLBLOG,NORMAL,"여동생따라 아들도 사서 열시미 완성 중이랍니다~ 완성해서 방에 걸어주면 인테리어 효과도 있고, 스스로 완성한 작품이라 뿌듯해할것같아요",2019-01-06T06:17:59.000+0000,STOREFARM,5,지니맘 어린이 보석십자수 캐릭터,지니맘 큐빅십자수  DIY: 19번 방패 (15cm 20cm)
629339882,SELLBLOG,NORMAL,"남자아이들도 좋아하네요^^
평소 좋아하던 캐릭터라 더 재미있어해요.",2019-01-29T12:50:24.000+0000,STOREFARM,4,지니맘 어린이 보석십자수 캐릭터,지니맘 큐빅십자수  DIY: 12번 슈퍼 (15cm 20cm)
628367309,SELLBLOG,NORMAL,아이가시간가는줄모르고 하네여~ 빠른배송과 꼼꼼한포장완전맘에듭니다~~,2019-01-27T03:34:31.000+0000,STOREFARM,5,지니맘 어린이 보석십자수 캐릭터,지니맘 큐빅십자수  DIY: 1번 유니콘 (15cm 20cm)
630619189,SELLBLOG,NORMAL,"아이들이 너무 좋아해요~^^
집중력향상에도 짱!!",2019-02-01T22:57:41.000+0000,STOREFARM,4,지니맘 어린이 보석십자수 캐릭터,지니맘 큐빅십자수  DIY: 1번 유니콘 (15cm 20cm)
631243985,SELLBLOG,NORMAL,비즈가 개별 포장되어 있어 작업하기 매우 수월합니다~~,2019-02-04T09:00:35.000+0000,STOREFARM,5,지니맘 어린이 보석십자수 캐릭터,지니맘 큐빅십자수  DIY: 9번 겨울사슴 (15cm 20cm)
626811020,SELLBLOG,NORMAL,"아이들이 너무 좋아하네요. 제품도 괜찮아요.
비즈중에 불량같은게 꽤 있는데 그걸 고려해서 여분을 주어서 마음에 드네요.",2019-01-22T13:07:52.000+0000,STOREFARM,5,지니맘 어린이 보석십자수 캐릭터,지니맘 큐빅십자수  DIY: 3번 달팽이(15cm 15cm)
629578233,SELLBLOG,NORMAL,하루만에딸이랑다했어요 너무좋아해요 또시키러왔어요,2019-01-30T04:54:18.000+0000,STOREFARM,5,지니맘 어린이 보석십자수 캐릭터,지니맘 큐빅십자수  DIY: 1번 유니콘 (15cm 20cm)
623059556,SELLBLOG,NORMAL,여러번 시켰어요. 아이가 너무 좋아해요.,2019-01-13T11:48:29.000+0000,STOREFARM,5,지니맘 어린이 보석십자수 캐릭터,지니맘 큐빅십자수  DIY: 10번 안경토끼 (15cm 20cm)
629754317,SELLBLOG,NORMAL,아이들이 집중해서 잘 한다해서 사봤어요~,2019-01-30T12:10:04.000+0000,STOREFARM,5,지니맘 어린이 보석십자수 캐릭터,지니맘 큐빅십자수  DIY: 3번 분홍사슴 (15cm 20cm)
631244059,SELLBLOG,NORMAL,비즈가 개별 포장되어 작업하기 매우 수월합니다~~,2019-02-04T09:01:05.000+0000,STOREFARM,5,지니맘 어린이 보석십자수 캐릭터,지니맘 큐빅십자수  DIY: 1번 유니콘 (15cm 20cm)
623726043,SELLBLOG,NORMAL,방학숙제로활용할거고재미있어합니다,2019-01-15T03:55:34.000+0000,STOREFARM,5,지니맘 어린이 보석십자수 캐릭터,지니맘 큐빅십자수  DIY: 10번 안경토끼 (15cm 20cm)
630925797,SELLBLOG,NORMAL,"딸친구 생일선물로 구매했는데
이쁘다고 좋아하네요",2019-02-03T02:40:51.000+0000,STOREFARM,4,지니맘 어린이 보석십자수 캐릭터,지니맘 큐빅십자수  DIY: 8번 꽃사슴 (15cm 20cm)
619427294,SELLBLOG,NORMAL,아이가 너무 좋아해요~~~더 작은 사이즈 간단한것도 있으면 좋겠어요~~~5살 꼬맹이는 혼자하기는 힘들어해요!,2019-01-04T08:19:18.000+0000,STOREFARM,5,지니맘 어린이 보석십자수 캐릭터,지니맘 큐빅십자수  DIY: 1번 사탕(15cm 15cm)
625050973,SELLBLOG,NORMAL,"애들줄려고샀는데
애들이 좋아할거같아요ㅎㅎ",2019-01-18T05:04:43.000+0000,STOREFARM,5,지니맘 어린이 보석십자수 캐릭터,지니맘 큐빅십자수  DIY: 2번 보라유니콘 (15cm 20cm)
625050884,SELLBLOG,NORMAL,"애들줄려고샀는데
애들이 좋아할거같아요ㅎㅎ",2019-01-18T05:04:29.000+0000,STOREFARM,5,지니맘 어린이 보석십자수 캐릭터,지니맘 큐빅십자수  DIY: 25번 미니2  (15cm 20cm)
625050783,SELLBLOG,NORMAL,"애들줄려고샀는데
애들이 좋아할거같아요ㅎㅎ",2019-01-18T05:04:13.000+0000,STOREFARM,5,지니맘 어린이 보석십자수 캐릭터,지니맘 큐빅십자수  DIY: 1번 유니콘 (15cm 20cm)
630750926,SELLBLOG,NORMAL,쉽고 재미있어요. 큐빅이 넉넉하게 들어있어요!,2019-02-02T08:10:10.000+0000,STOREFARM,5,지니맘 어린이 보석십자수 캐릭터,지니맘 큐빅십자수  DIY: 20번 거미 (15cm 20cm)
626050875,SELLBLOG,NORMAL,아이들이 좋아해요!!,2019-01-21T00:36:11.000+0000,STOREFARM,4,지니맘 어린이 보석십자수 캐릭터,지니맘 큐빅십자수  DIY: 4번 홍학 (15cm 20cm)
626049973,SELLBLOG,NORMAL,아이들이 좋아해요!!,2019-01-21T00:34:18.000+0000,STOREFARM,4,지니맘 어린이 보석십자수 캐릭터,지니맘 큐빅십자수  DIY: 1번 유니콘 (15cm 20cm)
630529432,SELLBLOG,NORMAL,"포장도 꼼꼼~귀여운 스티커두 붙어 있고..
제품도 블링블링~ 아이들이 넘 조아해요~",2019-02-01T11:12:23.000+0000,STOREFARM,5,지니맘 어린이 보석십자수 캐릭터,지니맘 큐빅십자수  DIY: 9번 겨울사슴 (15cm 20cm)
623726335,SELLBLOG,NORMAL,방학숙제로활용아이들이좋아합니다,2019-01-15T03:56:14.000+0000,STOREFARM,4,지니맘 어린이 보석십자수 캐릭터,지니맘 큐빅십자수  DIY: 2번 보라유니콘 (15cm 20cm)
618571221,SELLBLOG,NORMAL,"도착하자마자 8세 우리 딸아이집중하고 재미있어하네요^^

연말 새해라 배송이 더딜줄알았는데
총알배송 감사해요^^",2019-01-02T08:13:51.000+0000,STOREFARM,5,지니맘 어린이 보석십자수 캐릭터,지니맘 큐빅십자수  DIY: 4번 홍학 (15cm 20cm)
621379086,SELLBLOG,NORMAL,잘받았습니다~배송도 빠르고 아이가 좋아해요~,2019-01-09T09:12:27.000+0000,STOREFARM,5,지니맘 어린이 보석십자수 캐릭터,지니맘 큐빅십자수  DIY: 5번 펭귄(15cm 15cm)
619147627,SELLBLOG,NORMAL,비즈 사이즈가 달라서 색다른 재미가 있어요!  액자에 넣으니 더욱 그럴듯해보여 만족합니당ㅎ,2019-01-03T14:56:50.000+0000,STOREFARM,5,지니맘 어린이 보석십자수 캐릭터,지니맘 큐빅십자수  DIY: 17번 가면 (15cm 20cm)
619147558,SELLBLOG,NORMAL,비즈 사이즈가 달라서 색다른 재미가 있어요!  액자에 넣으니 더욱 그럴듯해보여 만족합니당ㅎ,2019-01-03T14:56:37.000+0000,STOREFARM,5,지니맘 어린이 보석십자수 캐릭터,지니맘 큐빅십자수  DIY: 16번 별 (15cm 20cm)
619147447,SELLBLOG,NORMAL,비즈 사이즈가 달라서 색다른 재미가 있어요!  액자에 넣으니 더욱 그럴듯해보여 만족합니당ㅎ,2019-01-03T14:56:17.000+0000,STOREFARM,5,지니맘 어린이 보석십자수 캐릭터,지니맘 큐빅십자수  DIY: 19번 방패 (15cm 20cm)
618483694,SELLBLOG,NORMAL,아이 친구 생일선물로 구입햇어요 아직 주지는 않앗지만 아마 좋아할것같아요~~~ 우리아이들도 넘나 좋아해요~,2019-01-02T04:23:35.000+0000,STOREFARM,5,지니맘 어린이 보석십자수 캐릭터,지니맘 큐빅십자수  DIY: 2번 보라유니콘 (15cm 20cm)
629754560,SELLBLOG,NORMAL,귀엽고 집중 잘 될것같아요,2019-01-30T12:10:39.000+0000,STOREFARM,5,지니맘 어린이 보석십자수 캐릭터,지니맘 큐빅십자수  DIY: 22번 부엉이 (15cm 20cm)
629669071,SELLBLOG,NORMAL,좋아요..아이들이 시간가는줄 모르고 하네요,2019-01-30T08:37:29.000+0000,STOREFARM,5,지니맘 어린이 보석십자수 캐릭터,지니맘 큐빅십자수  DIY: 1번 유니콘 (15cm 20cm)
629669021,SELLBLOG,NORMAL,좋아요..아이들이 시간가는줄 모르고 하네요,2019-01-30T08:37:22.000+0000,STOREFARM,5,지니맘 어린이 보석십자수 캐릭터,지니맘 큐빅십자수  DIY: 10번 안경토끼 (15cm 20cm)
629668967,SELLBLOG,NORMAL,좋아요..아이들이 시간가는줄 모르고 하네요,2019-01-30T08:37:14.000+0000,STOREFARM,5,지니맘 어린이 보석십자수 캐릭터,지니맘 큐빅십자수  DIY: 22번 부엉이 (15cm 20cm)
629668896,SELLBLOG,NORMAL,좋아요..아이들이 시간가는줄 모르고 하네요,2019-01-30T08:37:05.000+0000,STOREFARM,5,지니맘 어린이 보석십자수 캐릭터,지니맘 큐빅십자수  DIY: 26번 돌고래(15cm 20cm)
632114882,SELLBLOG,NORMAL,블링블링 예쁘네요~,2019-02-08T18:34:47.000+0000,STOREFARM,5,지니맘 어린이 보석십자수 캐릭터,지니맘 큐빅십자수  DIY: 25번 미니2  (15cm 20cm)
632114948,SELLBLOG,NORMAL,블링블링 예뻐요~~,2019-02-08T18:36:11.000+0000,STOREFARM,5,지니맘 어린이 보석십자수 캐릭터,지니맘 큐빅십자수  DIY: 13번 스폰지 (15cm 20cm)
630924414,SELLBLOG,AFTER_USE,다해놓고 걸어놓으니 뭔가 뿌듯합니다,2019-02-03T02:36:21.000+0000,STOREFARM,5,지니맘 어린이 보석십자수 캐릭터,지니맘 큐빅십자수  DIY: 10번 안경토끼 (15cm 20cm)
629859209,SELLBLOG,NORMAL,싸고 도안도 다양하고 아이들이 쉽게 잘 표기되어 좋아요~,2019-01-30T21:22:11.000+0000,STOREFARM,5,지니맘 어린이 보석십자수 캐릭터,지니맘 큐빅십자수  DIY: 16번 별 (15cm 20cm)
630371572,SELLBLOG,NORMAL,"아이가 좋아해요 
가격은 조금 비싼듯 
한 2000원이면 많이 사겠어요",2019-02-01T03:23:55.000+0000,STOREFARM,5,지니맘 어린이 보석십자수 캐릭터,
619505667,SELLBLOG,NORMAL,시간가는줄모르고하네요~다른것도 하고싶다하여 추가주문했네요,2019-01-04T11:42:42.000+0000,STOREFARM,5,지니맘 어린이 보석십자수 캐릭터,지니맘 큐빅십자수  DIY: 5번 펭귄(15cm 15cm)
619042237,SELLBLOG,NORMAL,선물해줄꺼라 여러개 주문했는데 예쁠꺼 같네요~^^ 배송도 빠르고 빨리 저도 하고 싶네요,2019-01-03T11:04:09.000+0000,STOREFARM,5,지니맘 어린이 보석십자수 캐릭터,지니맘 큐빅십자수  DIY: 3번 분홍사슴 (15cm 20cm)
620066890,SELLBLOG,NORMAL,"완성품은 이렇게 아이방에 걸어주었어요~~
넘 이쁘고이뻐요~",2019-01-06T06:19:20.000+0000,STOREFARM,5,지니맘 어린이 보석십자수 캐릭터,지니맘 큐빅십자수  DIY: 5번  반짝이 사슴 (15cm 20cm)
625544555,SELLBLOG,NORMAL,8세가 하기에 양이 많긴 하네요 ㅜ 배경까지 채우는거라 힘들어해서 도움이 필요합니다. 그래도 좋아해요 방학에 큰도움 되네요 ㅎㅎ,2019-01-19T11:57:50.000+0000,STOREFARM,4,지니맘 어린이 보석십자수 캐릭터,지니맘 큐빅십자수  DIY: 4번 작은유니콘(15cm 15cm)
626552043,SELLBLOG,NORMAL,"만족합니다.
보석이 더 컸으면 좋겠어요
8세가 큰 보석만 골라서 하고 작은 거는 제몫이네요 ㅋㅋㅋ",2019-01-22T04:10:54.000+0000,STOREFARM,5,지니맘 어린이 보석십자수 캐릭터,지니맘 큐빅십자수  DIY: 23번 사자 (15cm 20cm)
626750829,SELLBLOG,NORMAL,"생각보다 이뻐서 액자 주문도 다시 했어요
친구에게 선물 줄려구 주문을 또 했네요",2019-01-22T11:08:28.000+0000,STOREFARM,4,지니맘 어린이 보석십자수 캐릭터,지니맘 큐빅십자수  DIY: 1번 유니콘 (15cm 20cm)
624648480,SELLBLOG,NORMAL,시간 보내기 좋네요.,2019-01-17T03:56:57.000+0000,STOREFARM,5,지니맘 어린이 보석십자수 캐릭터,지니맘 큐빅십자수  DIY: 10번 안경토끼 (15cm 20cm)
624648308,SELLBLOG,NORMAL,시간 보내기 좋네요.,2019-01-17T03:56:31.000+0000,STOREFARM,5,지니맘 어린이 보석십자수 캐릭터,지니맘 큐빅십자수  DIY: 22번 부엉이 (15cm 20cm)
624648079,SELLBLOG,NORMAL,시간보내기 좋네요.,2019-01-17T03:55:53.000+0000,STOREFARM,5,지니맘 어린이 보석십자수 캐릭터,지니맘 큐빅십자수  DIY: 8번 여우 (15cm 20cm)
624647883,SELLBLOG,NORMAL,시간보내기 좋네요.,2019-01-17T03:55:20.000+0000,STOREFARM,5,지니맘 어린이 보석십자수 캐릭터,지니맘 큐빅십자수  DIY: 3번 분홍사슴 (15cm 20cm)
630926062,SELLBLOG,NORMAL,연휴내내한다고 아끼고있어요,2019-02-03T02:41:50.000+0000,STOREFARM,4,지니맘 어린이 보석십자수 캐릭터,지니맘 큐빅십자수  DIY: 23번 사자 (15cm 20cm)
630276672,SELLBLOG,NORMAL,생각보다 나무 괜찮아서 재주문 예정입니다,2019-01-31T22:39:16.000+0000,STOREFARM,4,지니맘 어린이 보석십자수 캐릭터,지니맘 큐빅십자수  DIY: 22번 부엉이 (15cm 20cm)
618484284,SELLBLOG,NORMAL,아이들 겨울방학 보내기용으로 구입햇어요 너무 좋아해요 오자마자 하고잇어요~,2019-01-02T04:25:11.000+0000,STOREFARM,5,지니맘 어린이 보석십자수 캐릭터,지니맘 큐빅십자수  DIY: 1번 유니콘 (15cm 20cm)
630707812,SELLBLOG,NORMAL,완성하니너무예뻐요 재구매합니다.,2019-02-02T05:01:53.000+0000,STOREFARM,5,지니맘 어린이 보석십자수 캐릭터,지니맘 큐빅십자수  DIY: 1번 유니콘 (15cm 20cm)
631057220,SELLBLOG,NORMAL,배송도  빠르고 재미있어요,2019-02-03T11:45:17.000+0000,STOREFARM,4,지니맘 어린이 보석십자수 캐릭터,지니맘 큐빅십자수  DIY: 2번 보라유니콘 (15cm 20cm)
631057190,SELLBLOG,NORMAL,배송도  빠르고 재미있어요,2019-02-03T11:45:11.000+0000,STOREFARM,4,지니맘 어린이 보석십자수 캐릭터,지니맘 큐빅십자수  DIY: 21번 별유니콘 (15cm 20cm)
631057166,SELLBLOG,NORMAL,배송도  빠르고 재미있어요,2019-02-03T11:45:03.000+0000,STOREFARM,4,지니맘 어린이 보석십자수 캐릭터,지니맘 큐빅십자수  DIY: 7번 소녀1  (15cm 20cm)
631057124,SELLBLOG,NORMAL,배송도  빠르고 재미있어요,2019-02-03T11:44:54.000+0000,STOREFARM,4,지니맘 어린이 보석십자수 캐릭터,지니맘 큐빅십자수  DIY: 1번 유니콘 (15cm 20cm)
631057059,SELLBLOG,NORMAL,배송도  빠르고 재미있어요,2019-02-03T11:44:39.000+0000,STOREFARM,4,지니맘 어린이 보석십자수 캐릭터,지니맘 큐빅십자수  DIY: 6번 소녀  (15cm 20cm)
629761038,SELLBLOG,AFTER_USE,"간단히 선물하기 딱 좋네요~
예뻐요",2019-01-30T12:26:30.000+0000,STOREFARM,5,지니맘 어린이 보석십자수 캐릭터,지니맘 큐빅십자수  DIY: 3번 달팽이(15cm 15cm)
630707616,SELLBLOG,NORMAL,배송도빠르고 딸이넘좋아해요,2019-02-02T05:01:00.000+0000,STOREFARM,5,지니맘 어린이 보석십자수 캐릭터,지니맘 큐빅십자수  DIY: 2번 보라유니콘 (15cm 20cm)
630619268,SELLBLOG,NORMAL,아이들 집중력에는 이만한게 없는듯^^,2019-02-01T22:58:38.000+0000,STOREFARM,4,지니맘 어린이 보석십자수 캐릭터,지니맘 큐빅십자수  DIY: 3번 달팽이(15cm 15cm)
621764677,SELLBLOG,NORMAL,누나가 하는걸 보고 4살저희집꼬맹이도 했네요,2019-01-10T06:13:54.000+0000,STOREFARM,5,지니맘 어린이 보석십자수 캐릭터,지니맘 큐빅십자수  DIY: 15번 베트맨 (15cm 20cm)
627628194,SELLBLOG,NORMAL,"완전  대박이예요
너무 이뿌고 완벽해요
퀄리티 짱입니다",2019-01-24T12:32:42.000+0000,STOREFARM,5,지니맘 어린이 보석십자수 캐릭터,지니맘 큐빅십자수  DIY: 23번 사자 (15cm 20cm)
624313857,SELLBLOG,NORMAL,"아이가 받자마자 너무 즐겁게 하고 있어요.
깨끗하게 포장되어 있어 마음에 들고 참 이쁘네요. 그래서 다시 두종류 주문했네요^^
감사합니다",2019-01-16T06:55:17.000+0000,STOREFARM,5,지니맘 어린이 보석십자수 캐릭터,지니맘 큐빅십자수  DIY: 3번 분홍사슴 (15cm 20cm)
630198298,SELLBLOG,NORMAL,아이들  집중력  향상에  좋을것  같아요,2019-01-31T13:19:35.000+0000,STOREFARM,5,지니맘 어린이 보석십자수 캐릭터,지니맘 큐빅십자수  DIY: 20번 거미 (15cm 20cm)
629761187,SELLBLOG,AFTER_USE,여자아이들이 좋아하는 구성입니다 좋아요,2019-01-30T12:26:52.000+0000,STOREFARM,5,지니맘 어린이 보석십자수 캐릭터,지니맘 큐빅십자수  DIY: 2번 토끼(15cm 15cm)
624314287,SELLBLOG,NORMAL,"포장도 깨끗하고 너무 마음에 듭니다.
받다마자 아이가 즐겁게 하고 있어요.
그래서 다시 두종류 또 주문했네요.
감사합니다",2019-01-16T06:56:15.000+0000,STOREFARM,5,지니맘 어린이 보석십자수 캐릭터,지니맘 큐빅십자수  DIY: 2번 보라유니콘 (15cm 20cm)
626807255,SELLBLOG,NORMAL,배송 대박빠르고 아이도 쉽게 할수있어서 좋아요!!  다하고 또사러올께요!,2019-01-22T13:00:32.000+0000,STOREFARM,5,지니맘 어린이 보석십자수 캐릭터,지니맘 큐빅십자수  DIY: 10번 안경토끼 (15cm 20cm)
629739082,SELLBLOG,NORMAL,디자인도 멋있고 집중도 높이기에 딱이네요~,2019-01-30T11:33:50.000+0000,STOREFARM,5,지니맘 어린이 보석십자수 캐릭터,지니맘 큐빅십자수  DIY: 6번 소녀  (15cm 20cm)
631056878,SELLBLOG,NORMAL,빠른 배송 재미 있어요,2019-02-03T11:43:59.000+0000,STOREFARM,4,지니맘 어린이 보석십자수 캐릭터,지니맘 큐빅십자수  DIY: 8번 꽃사슴 (15cm 20cm)
619044240,SELLBLOG,NORMAL,선물할꺼라 5개 정도 샀는데~  좋은 선물될꺼같네요~~^^ 배송도 빠르고 잘왔어요^^,2019-01-03T11:08:20.000+0000,STOREFARM,5,지니맘 어린이 보석십자수 캐릭터,지니맘 큐빅십자수  DIY: 1번 유니콘 (15cm 20cm)
619528854,SELLBLOG,NORMAL,우리 딸이 너무 좋아해요 예쁘고 시간 떼우기 좋아요,2019-01-04T12:47:53.000+0000,STOREFARM,5,지니맘 어린이 보석십자수 캐릭터,지니맘 큐빅십자수  DIY: 1번 유니콘 (15cm 20cm)
630926139,SELLBLOG,NORMAL,딸이 좋아하니 좋네요,2019-02-03T02:42:05.000+0000,STOREFARM,4,지니맘 어린이 보석십자수 캐릭터,지니맘 큐빅십자수  DIY: 22번 부엉이 (15cm 20cm)
630925938,SELLBLOG,NORMAL,딸래미가 좋아하네요,2019-02-03T02:41:23.000+0000,STOREFARM,4,지니맘 어린이 보석십자수 캐릭터,지니맘 큐빅십자수  DIY: 3번 분홍사슴 (15cm 20cm)
630197878,SELLBLOG,NORMAL,아이들이  너무  재미있어  하네요,2019-01-31T13:18:31.000+0000,STOREFARM,5,지니맘 어린이 보석십자수 캐릭터,지니맘 큐빅십자수  DIY: 1번 유니콘 (15cm 20cm)
625624944,SELLBLOG,NORMAL,아이가 큰사이즈의 비즈가 섞여 있어서 신기한가봐요. 기존에 하던거랑 다른거라 좋아해요,2019-01-19T16:44:51.000+0000,STOREFARM,4,지니맘 어린이 보석십자수 캐릭터,지니맘 큐빅십자수  DIY: 20번 거미 (15cm 20cm)
626944358,SELLBLOG,NORMAL,"알이 생각보다 크고~ 반짝반짝 이뻐요~
저희애보다 제가 더 하게 됩니다.",2019-01-23T00:19:31.000+0000,STOREFARM,5,지니맘 어린이 보석십자수 캐릭터,지니맘 큐빅십자수  DIY: 20번 거미 (15cm 20cm)
630751020,SELLBLOG,NORMAL,아이가 쉽게 할 수 있어요!,2019-02-02T08:10:44.000+0000,STOREFARM,5,지니맘 어린이 보석십자수 캐릭터,지니맘 큐빅십자수  DIY: 1번 유니콘 (15cm 20cm)
630198072,SELLBLOG,NORMAL,넘  재미있게  집중해서  하네요,2019-01-31T13:19:00.000+0000,STOREFARM,5,지니맘 어린이 보석십자수 캐릭터,지니맘 큐빅십자수  DIY: 12번 슈퍼 (15cm 20cm)
629774169,SELLBLOG,NORMAL,애들이 너무좋아하고 하기쉬워요,2019-01-30T12:59:09.000+0000,STOREFARM,4,지니맘 어린이 보석십자수 캐릭터,지니맘 큐빅십자수  DIY: 1번 유니콘 (15cm 20cm)
629774095,SELLBLOG,NORMAL,애들이 너무좋아하고 하기쉬워요,2019-01-30T12:58:59.000+0000,STOREFARM,4,지니맘 어린이 보석십자수 캐릭터,지니맘 큐빅십자수  DIY: 22번 부엉이 (15cm 20cm)
629774042,SELLBLOG,NORMAL,애들이 너무좋아하고 하기쉬워요,2019-01-30T12:58:51.000+0000,STOREFARM,4,지니맘 어린이 보석십자수 캐릭터,지니맘 큐빅십자수  DIY: 21번 별유니콘 (15cm 20cm)
629773993,SELLBLOG,NORMAL,애들이 너무좋아하고 하기쉬워요,2019-01-30T12:58:44.000+0000,STOREFARM,4,지니맘 어린이 보석십자수 캐릭터,지니맘 큐빅십자수  DIY: 3번 분홍사슴 (15cm 20cm)
630662531,SELLBLOG,NORMAL,큐빅이 반짝반짝 너무 이쁘네요,2019-02-02T02:19:33.000+0000,STOREFARM,5,지니맘 어린이 보석십자수 캐릭터,지니맘 큐빅십자수  DIY: 1번 유니콘 (15cm 20cm)
630529755,SELLBLOG,NORMAL,"빠른 배송~꼼꼼한 포장~
넘 조아요~",2019-02-01T11:13:33.000+0000,STOREFARM,5,지니맘 어린이 보석십자수 캐릭터,지니맘 큐빅십자수  DIY: 13번 스폰지 (15cm 20cm)
630276760,SELLBLOG,NORMAL,재주문 예정입니다 좋아요,2019-01-31T22:39:56.000+0000,STOREFARM,4,지니맘 어린이 보석십자수 캐릭터,지니맘 큐빅십자수  DIY: 3번 분홍사슴 (15cm 20cm)
629386614,SELLBLOG,NORMAL,배송 빨라요 이뻐요 만들 완성실물이더반짝거려요,2019-01-29T14:41:08.000+0000,STOREFARM,5,지니맘 어린이 보석십자수 캐릭터,지니맘 큐빅십자수  DIY: 17번 가면 (15cm 20cm)
629760630,SELLBLOG,AFTER_USE,그림도 예쁘고 아이들이 좋아해요~,2019-01-30T12:25:27.000+0000,STOREFARM,5,지니맘 어린이 보석십자수 캐릭터,지니맘 큐빅십자수  DIY: 3번 분홍사슴 (15cm 20cm)
625459871,SELLBLOG,NORMAL,방학에 시간때우기 좋네요~ 아이들이 좋아해요; 물론 다른곳보다 가격도 저렴하구요~~,2019-01-19T07:46:10.000+0000,STOREFARM,5,지니맘 어린이 보석십자수 캐릭터,지니맘 큐빅십자수  DIY: 3번 분홍사슴 (15cm 20cm)
625459822,SELLBLOG,NORMAL,방학에 시간때우기 좋네요~ 아이들이 좋아해요; 물론 다른곳보다 가격도 저렴하구요~~,2019-01-19T07:46:03.000+0000,STOREFARM,5,지니맘 어린이 보석십자수 캐릭터,지니맘 큐빅십자수  DIY: 22번 부엉이 (15cm 20cm)
625459777,SELLBLOG,NORMAL,방학에 시간때우기 좋네요~ 아이들이 좋아해요; 물론 다른곳보다 가격도 저렴하구요~~,2019-01-19T07:45:55.000+0000,STOREFARM,5,지니맘 어린이 보석십자수 캐릭터,지니맘 큐빅십자수  DIY: 2번 보라유니콘 (15cm 20cm)
630109203,SELLBLOG,NORMAL,"예뻐서재구매했어요
배송두빨라요",2019-01-31T09:12:27.000+0000,STOREFARM,5,지니맘 어린이 보석십자수 캐릭터,지니맘 큐빅십자수  DIY: 3번 분홍사슴 (15cm 20cm)
630751231,SELLBLOG,NORMAL,선물하기도 좋습니다!,2019-02-02T08:11:41.000+0000,STOREFARM,5,지니맘 어린이 보석십자수 캐릭터,지니맘 큐빅십자수  DIY: 22번 부엉이 (15cm 20cm)
630751144,SELLBLOG,NORMAL,만들어 놓으니 반짝반짝 예쁩니다.,2019-02-02T08:11:15.000+0000,STOREFARM,5,지니맘 어린이 보석십자수 캐릭터,지니맘 큐빅십자수  DIY: 11번 클로버 (15cm 20cm)
626482403,SELLBLOG,NORMAL,큐빅도 잘들어가있고 남자애들인데 자기들좋아하는 케릭터로골라  재밋게잘하고있습니다,2019-01-22T01:20:01.000+0000,STOREFARM,5,지니맘 어린이 보석십자수 캐릭터,지니맘 큐빅십자수  DIY: 16번 별 (15cm 20cm)
629681646,SELLBLOG,NORMAL,넘 이뿌고 사이즈도 딱 좋아요,2019-01-30T09:06:36.000+0000,STOREFARM,5,지니맘 어린이 보석십자수 캐릭터,지니맘 큐빅십자수  DIY: 1번 유니콘 (15cm 20cm)
630115193,SELLBLOG,NORMAL,아이들이 너무 좋아해요,2019-01-31T09:28:35.000+0000,STOREFARM,5,지니맘 어린이 보석십자수 캐릭터,지니맘 큐빅십자수  DIY: 1번 유니콘 (15cm 20cm)
630115105,SELLBLOG,NORMAL,아이들이 너무 좋아해요,2019-01-31T09:28:20.000+0000,STOREFARM,5,지니맘 어린이 보석십자수 캐릭터,지니맘 큐빅십자수  DIY: 18번 망치 (15cm 20cm)
630114982,SELLBLOG,NORMAL,아이들이 너무좋아해요,2019-01-31T09:27:59.000+0000,STOREFARM,5,지니맘 어린이 보석십자수 캐릭터,지니맘 큐빅십자수  DIY: 2번 보라유니콘 (15cm 20cm)
630619229,SELLBLOG,NORMAL,아이들이 너무 좋아해요~ ^^,2019-02-01T22:58:11.000+0000,STOREFARM,4,지니맘 어린이 보석십자수 캐릭터,지니맘 큐빅십자수  DIY: 3번 분홍사슴 (15cm 20cm)
628110760,SELLBLOG,NORMAL,배송도 빠르고 재미있어요~~^^ 큐빅도 여유있고요^^,2019-01-26T05:53:25.000+0000,STOREFARM,5,지니맘 어린이 보석십자수 캐릭터,지니맘 큐빅십자수  DIY: 3번 분홍사슴 (15cm 20cm)
625388863,SELLBLOG,NORMAL,"설명서가 첨부되었다면 더 좋았을거 같아요.
도안이 예뻐서 만족도가 큽니다~",2019-01-19T04:28:16.000+0000,STOREFARM,5,지니맘 어린이 보석십자수 캐릭터,지니맘 큐빅십자수  DIY: 26번 돌고래(15cm 20cm)
629760882,SELLBLOG,AFTER_USE,딸램들이 엄청 좋아라해요,2019-01-30T12:26:05.000+0000,STOREFARM,5,지니맘 어린이 보석십자수 캐릭터,지니맘 큐빅십자수  DIY: 4번 작은유니콘(15cm 15cm)
626970922,SELLBLOG,NORMAL,"상품 배송 다 만족하구요
딸아이가 너무 좋아해요",2019-01-23T01:20:40.000+0000,STOREFARM,5,지니맘 어린이 보석십자수 캐릭터,지니맘 큐빅십자수  DIY: 25번 미니2  (15cm 20cm)
629680889,SELLBLOG,NORMAL,상품대비 가격이 넘 좋아요,2019-01-30T09:04:48.000+0000,STOREFARM,5,지니맘 어린이 보석십자수 캐릭터,지니맘 큐빅십자수  DIY: 8번 꽃사슴 (15cm 20cm)
619529652,SELLBLOG,NORMAL,아직 바빠서 못했는데 예쁘고 시간 보내기 좋을 거 같아요,2019-01-04T12:50:21.000+0000,STOREFARM,5,지니맘 어린이 보석십자수 캐릭터,지니맘 큐빅십자수  DIY: 3번 분홍사슴 (15cm 20cm)
627249140,SELLBLOG,NORMAL,배송도 빠르구 두딸래미들이 너무 좋아하네요^^다하구 또 사야겠어요,2019-01-23T12:36:22.000+0000,STOREFARM,5,지니맘 어린이 보석십자수 캐릭터,지니맘 큐빅십자수  DIY: 3번 분홍사슴 (15cm 20cm)
629762122,SELLBLOG,AFTER_USE,그림예쁘고 구성 좋아요,2019-01-30T12:29:11.000+0000,STOREFARM,5,지니맘 어린이 보석십자수 캐릭터,지니맘 큐빅십자수  DIY: 21번 별유니콘 (15cm 20cm)
629681078,SELLBLOG,NORMAL,가격도  저렴하고 이뻐요,2019-01-30T09:05:13.000+0000,STOREFARM,5,지니맘 어린이 보석십자수 캐릭터,지니맘 큐빅십자수  DIY: 6번 소녀  (15cm 20cm)
629738576,SELLBLOG,NORMAL,아이가 집중하기에 참 좋네요~~^^,2019-01-30T11:32:31.000+0000,STOREFARM,5,지니맘 어린이 보석십자수 캐릭터,지니맘 큐빅십자수  DIY: 8번 꽃사슴 (15cm 20cm)
624484396,SELLBLOG,NORMAL,"재밋게 해요
아직 익숙치 않은지 금방 포기했지만ㅎ 자주 조금씩 시켜야 겠어요",2019-01-16T13:52:42.000+0000,STOREFARM,5,지니맘 어린이 보석십자수 캐릭터,지니맘 큐빅십자수  DIY: 3번 분홍사슴 (15cm 20cm)
629761967,SELLBLOG,AFTER_USE,딸램 주고 선물주고 잘 썼어요,2019-01-30T12:28:47.000+0000,STOREFARM,5,지니맘 어린이 보석십자수 캐릭터,지니맘 큐빅십자수  DIY: 22번 부엉이 (15cm 20cm)
625388437,SELLBLOG,NORMAL,아이가 좋아해요. 아쉬운점은 고체풀이 스틱에 잘 묻질 않아요.,2019-01-19T04:27:09.000+0000,STOREFARM,5,지니맘 어린이 보석십자수 캐릭터,지니맘 큐빅십자수  DIY: 8번 꽃사슴 (15cm 20cm)
630529589,SELLBLOG,NORMAL,블링블링하고 넘 이뻐요~,2019-02-01T11:13:00.000+0000,STOREFARM,5,지니맘 어린이 보석십자수 캐릭터,지니맘 큐빅십자수  DIY: 21번 별유니콘 (15cm 20cm)
626164386,SELLBLOG,NORMAL,"실물이 더예뻐요~
한번 시작하면 멈출수가 없네요",2019-01-21T04:22:40.000+0000,STOREFARM,5,지니맘 어린이 보석십자수 캐릭터,지니맘 큐빅십자수  DIY: 9번 겨울사슴 (15cm 20cm)
627101029,SELLBLOG,NORMAL,너무 이뻐요. 시간도 오래 걸리지 않았어요.,2019-01-23T06:18:14.000+0000,STOREFARM,5,지니맘 어린이 보석십자수 캐릭터,지니맘 큐빅십자수  DIY: 26번 돌고래(15cm 20cm)
628337678,SELLBLOG,NORMAL,잼있고 예뻐요 더 큰 작품도 사서 하고 있어요~^^,2019-01-27T02:01:42.000+0000,STOREFARM,5,지니맘 어린이 보석십자수 캐릭터,지니맘 큐빅십자수  DIY: 4번 홍학 (15cm 20cm)
628111026,SELLBLOG,NORMAL,쉽고 아이들도 쉽게 할수 있어 좋아요,2019-01-26T05:54:20.000+0000,STOREFARM,5,지니맘 어린이 보석십자수 캐릭터,지니맘 큐빅십자수  DIY: 17번 가면 (15cm 20cm)
619363695,SELLBLOG,NORMAL,벌써 6개 구매 했네요 너무 이뻐요,2019-01-04T05:51:50.000+0000,STOREFARM,5,지니맘 어린이 보석십자수 캐릭터,지니맘 큐빅십자수  DIY: 25번 미니2  (15cm 20cm)
625528941,SELLBLOG,NORMAL,넘 예쁘고 좋아요~ 큐빅이 커서 연습용으로 좋을거같네요!,2019-01-19T11:13:40.000+0000,STOREFARM,5,지니맘 어린이 보석십자수 캐릭터,지니맘 큐빅십자수  DIY: 5번  반짝이 사슴 (15cm 20cm)
622136437,SELLBLOG,AFTER_USE,완싕하니 멋지네요~~,2019-01-11T02:59:31.000+0000,STOREFARM,5,지니맘 어린이 보석십자수 캐릭터,지니맘 큐빅십자수  DIY: 26번 검은사슴(15cm 20cm)
628111138,SELLBLOG,NORMAL,좋아요 쉽고 재미있어요,2019-01-26T05:54:43.000+0000,STOREFARM,5,지니맘 어린이 보석십자수 캐릭터,지니맘 큐빅십자수  DIY: 12번 슈퍼 (15cm 20cm)
629739234,SELLBLOG,NORMAL,집중하기에 딱입니다~~,2019-01-30T11:34:13.000+0000,STOREFARM,5,지니맘 어린이 보석십자수 캐릭터,지니맘 큐빅십자수  DIY: 22번 부엉이 (15cm 20cm)
637138779,SELLBLOG,NORMAL,좋아요 좋아요 잘받았어요,2019-02-20T11:36:29.000+0000,STOREFARM,4,지니맘 어린이 보석십자수 캐릭터,지니맘 큐빅십자수  DIY: 1번 유니콘 (15cm 20cm)
628031375,SELLBLOG,NORMAL,딸아이랑 조카들이 너무 좋아합니다,2019-01-25T23:51:17.000+0000,STOREFARM,5,지니맘 어린이 보석십자수 캐릭터,지니맘 큐빅십자수  DIY: 2번 보라유니콘 (15cm 20cm)
618759181,SELLBLOG,NORMAL,이쁘네용 만족합니다.이쁘네요.감사합니다,2019-01-02T23:06:23.000+0000,STOREFARM,5,지니맘 어린이 보석십자수 캐릭터,지니맘 큐빅십자수  DIY: 2번 보라유니콘 (15cm 20cm)
627024108,SELLBLOG,NORMAL,좋아요 크기도 적당하고,2019-01-23T03:20:38.000+0000,STOREFARM,4,지니맘 어린이 보석십자수 캐릭터,지니맘 큐빅십자수  DIY: 22번 부엉이 (15cm 20cm)
627331955,SELLBLOG,NORMAL,아직 안해봐는데 아이들이 좋아할꺼같아요,2019-01-23T18:07:47.000+0000,STOREFARM,5,지니맘 어린이 보석십자수 캐릭터,지니맘 큐빅십자수  DIY: 1번 유니콘 (15cm 20cm)
629864714,SELLBLOG,NORMAL,아이가 아주 조아해요~~~^^,2019-01-30T22:24:53.000+0000,STOREFARM,5,지니맘 어린이 보석십자수 캐릭터,지니맘 큐빅십자수  DIY: 1번 유니콘 (15cm 20cm)
625464733,SELLBLOG,NORMAL,품절된거 풀리자마자 구매했어요~딸아이가 좋아하네요^^,2019-01-19T08:00:11.000+0000,STOREFARM,5,지니맘 어린이 보석십자수 캐릭터,지니맘 큐빅십자수  DIY: 1번 유니콘 (15cm 20cm)
626035990,SELLBLOG,NORMAL,배송도빠르고  넘좋아요  많이 많이 파세요,2019-01-21T00:04:53.000+0000,STOREFARM,5,지니맘 어린이 보석십자수 캐릭터,지니맘 큐빅십자수  DIY: 2번 보라유니콘 (15cm 20cm)
618759318,SELLBLOG,NORMAL,이쁘네요.만족합니다.감사합니다,2019-01-02T23:07:07.000+0000,STOREFARM,5,지니맘 어린이 보석십자수 캐릭터,지니맘 큐빅십자수  DIY: 7번 소녀1  (15cm 20cm)
618759254,SELLBLOG,NORMAL,이쁘네요.만족합니다.감사합니다,2019-01-02T23:06:48.000+0000,STOREFARM,5,지니맘 어린이 보석십자수 캐릭터,지니맘 큐빅십자수  DIY: 6번 소녀  (15cm 20cm)
626552185,SELLBLOG,NORMAL,"만족합니다
반짝 거리고 액자에 넣으니 너무 예쁘네요",2019-01-22T04:11:14.000+0000,STOREFARM,5,지니맘 어린이 보석십자수 캐릭터,지니맘 큐빅십자수  DIY: 1번 유니콘 (15cm 20cm)
637139043,SELLBLOG,NORMAL,좋아요 좋아요 좋아요,2019-02-20T11:37:05.000+0000,STOREFARM,3,지니맘 어린이 보석십자수 캐릭터,지니맘 큐빅십자수  DIY: 25번 미니2  (15cm 20cm)
627023997,SELLBLOG,NORMAL,좋아요 아이들이 좋아하네요,2019-01-23T03:20:23.000+0000,STOREFARM,4,지니맘 어린이 보석십자수 캐릭터,지니맘 큐빅십자수  DIY: 7번 소녀1  (15cm 20cm)
629386416,SELLBLOG,NORMAL,배송 빨라요 맘에들어요~,2019-01-29T14:40:38.000+0000,STOREFARM,5,지니맘 어린이 보석십자수 캐릭터,지니맘 큐빅십자수  DIY: 16번 별 (15cm 20cm)
626035358,SELLBLOG,NORMAL,배송도빠르고  넘좋아요 ㅋㅋ  많이파세요~~^^,2019-01-21T00:03:26.000+0000,STOREFARM,5,지니맘 어린이 보석십자수 캐릭터,지니맘 큐빅십자수  DIY: 8번 여우 (15cm 20cm)
619330525,SELLBLOG,NORMAL,"애들이 재미있어 해요
집중력 길러지네요",2019-01-04T04:34:43.000+0000,STOREFARM,5,지니맘 어린이 보석십자수 캐릭터,지니맘 큐빅십자수  DIY: 24번 미니1 (15cm 20cm)
617739646,SELLBLOG,NORMAL,열심히 만들더라구요 크기커서오래걸려요,2018-12-30T07:45:20.000+0000,STOREFARM,5,지니맘 어린이 보석십자수 캐릭터,지니맘 큐빅십자수  DIY: 19번 방패 (15cm 20cm)
619363920,SELLBLOG,NORMAL,아직 해보진 않았지만 기대됩니다,2019-01-04T05:52:19.000+0000,STOREFARM,5,지니맘 어린이 보석십자수 캐릭터,지니맘 큐빅십자수  DIY: 19번 방패 (15cm 20cm)
623060155,SELLBLOG,NORMAL,긴 방학 시간보내기용으로 딱입니다. 완성도도 있어 아이가 성취감을 느끼네요.,2019-01-13T11:50:03.000+0000,STOREFARM,5,지니맘 어린이 보석십자수 캐릭터,지니맘 큐빅십자수  DIY: 2번 보라유니콘 (15cm 20cm)
621470327,SELLBLOG,NORMAL,사슴부분이 비즈가아니라 반짝이가루라서 아이가혼자하기도힘들고 그랬어요 ㅜㅜ 상세정보좀 자세히 해주세요,2019-01-09T12:47:14.000+0000,STOREFARM,3,지니맘 어린이 보석십자수 캐릭터,지니맘 큐빅십자수  DIY: 5번  반짝이 사슴 (15cm 20cm)
627782844,SELLBLOG,NORMAL,집중할수있어좋아요 이쁘고,2019-01-25T02:59:40.000+0000,STOREFARM,5,지니맘 어린이 보석십자수 캐릭터,지니맘 큐빅십자수  DIY: 1번 유니콘 (15cm 20cm)
624487143,SELLBLOG,NORMAL,하고나니 정말 예뻐요 선물해주려고 재구매합니다.,2019-01-16T13:59:29.000+0000,STOREFARM,5,지니맘 어린이 보석십자수 캐릭터,지니맘 큐빅십자수  DIY: 22번 부엉이 (15cm 20cm)
619330112,SELLBLOG,NORMAL,방학동안 소근육 발달에 최고죠,2019-01-04T04:33:38.000+0000,STOREFARM,5,지니맘 어린이 보석십자수 캐릭터,지니맘 큐빅십자수  DIY: 1번 유니콘 (15cm 20cm)
627990833,SELLBLOG,NORMAL,아이들이 너무 좋아하네요,2019-01-25T14:57:12.000+0000,STOREFARM,5,지니맘 어린이 보석십자수 캐릭터,지니맘 큐빅십자수  DIY: 1번 유니콘 (15cm 20cm)
618483295,SELLBLOG,NORMAL,와우 !̤̻ !̤̻ !̤̻ 아이들 방학 시간보내기로 구입햇는데 너무 좋아요~~~,2019-01-02T04:22:30.000+0000,STOREFARM,5,지니맘 어린이 보석십자수 캐릭터,지니맘 큐빅십자수  DIY: 25번 미니2  (15cm 20cm)
628110869,SELLBLOG,NORMAL,이쁘고 완성하고나니 또하고싶네요^^,2019-01-26T05:53:48.000+0000,STOREFARM,5,지니맘 어린이 보석십자수 캐릭터,지니맘 큐빅십자수  DIY: 25번 미니2  (15cm 20cm)
625689955,SELLBLOG,NORMAL,"예뻐요~
액자크기에 맞게나오면좋겠어요",2019-01-20T01:45:52.000+0000,STOREFARM,5,지니맘 어린이 보석십자수 캐릭터,지니맘 큐빅십자수  DIY: 4번 작은유니콘(15cm 15cm)
626791012,SELLBLOG,NORMAL,"아이가 참 좋아합니다
큐빅도 넉넉하고 감사합니다~~^^",2019-01-22T12:28:12.000+0000,STOREFARM,5,지니맘 어린이 보석십자수 캐릭터,지니맘 큐빅십자수  DIY: 1번 유니콘 (15cm 20cm)
626637997,SELLBLOG,NORMAL,"그림 귀여워요~
아이가 좋아하네요~",2019-01-22T07:13:29.000+0000,STOREFARM,5,지니맘 어린이 보석십자수 캐릭터,지니맘 큐빅십자수  DIY: 1번 유니콘 (15cm 20cm)
629739332,SELLBLOG,NORMAL,디자인도 굳~집중도도 굳~~,2019-01-30T11:34:30.000+0000,STOREFARM,5,지니맘 어린이 보석십자수 캐릭터,지니맘 큐빅십자수  DIY: 1번 유니콘 (15cm 20cm)
625817260,SELLBLOG,NORMAL,"너무너무 이쁘고, 비즈도 크기가 다양해서 완성품이 아주 이뻐요!",2019-01-20T07:33:09.000+0000,STOREFARM,5,지니맘 어린이 보석십자수 캐릭터,지니맘 큐빅십자수  DIY: 3번 분홍사슴 (15cm 20cm)
622899458,SELLBLOG,NORMAL,아이랑 방학동안 만들려고 구매했는데 하루만에 다 만들었네요~  너무 재밌었어요~,2019-01-13T03:47:25.000+0000,STOREFARM,5,지니맘 어린이 보석십자수 캐릭터,지니맘 큐빅십자수  DIY: 4번 홍학 (15cm 20cm)
626749213,SELLBLOG,NORMAL,아이가 시간가는줄 모르고 하고 있네요,2019-01-22T11:05:04.000+0000,STOREFARM,4,지니맘 어린이 보석십자수 캐릭터,지니맘 큐빅십자수  DIY: 8번 꽃사슴 (15cm 20cm)
618749052,SELLBLOG,NORMAL,"예쁘고   하기도   쉬워요
초  5  학년  2틀만에  끝",2019-01-02T21:19:15.000+0000,STOREFARM,5,지니맘 어린이 보석십자수 캐릭터,지니맘 큐빅십자수  DIY: 3번 분홍사슴 (15cm 20cm)
625623979,SELLBLOG,NORMAL,선물하려고 재구매합니다~~ 예뻐요~,2019-01-19T16:38:42.000+0000,STOREFARM,5,지니맘 어린이 보석십자수 캐릭터,지니맘 큐빅십자수  DIY: 20번 거미 (15cm 20cm)
626614624,SELLBLOG,NORMAL,애들이 좋아합니다 다음에 또 구매예정,2019-01-22T06:27:03.000+0000,STOREFARM,5,지니맘 어린이 보석십자수 캐릭터,지니맘 큐빅십자수  DIY: 21번 별유니콘 (15cm 20cm)
621803117,SELLBLOG,NORMAL,아이들이좋아해요포장도꼼꼼히오고좋은데품절된게많아서차선책으로샀다는..아쉬움..ㅜ,2019-01-10T07:31:50.000+0000,STOREFARM,5,지니맘 어린이 보석십자수 캐릭터,지니맘 큐빅십자수  DIY: 2번 보라유니콘 (15cm 20cm)
626807436,SELLBLOG,NORMAL,배송빠르고 아이도쉽게할수있어요!,2019-01-22T13:00:52.000+0000,STOREFARM,5,지니맘 어린이 보석십자수 캐릭터,지니맘 큐빅십자수  DIY: 21번 별유니콘 (15cm 20cm)
619364011,SELLBLOG,NORMAL,6살아이도 재미나게 하네요,2019-01-04T05:52:31.000+0000,STOREFARM,5,지니맘 어린이 보석십자수 캐릭터,지니맘 큐빅십자수  DIY: 2번 보라유니콘 (15cm 20cm)
626944547,SELLBLOG,NORMAL,이쁘고 알도 크고 반짝반짝합니다,2019-01-23T00:20:01.000+0000,STOREFARM,5,지니맘 어린이 보석십자수 캐릭터,지니맘 큐빅십자수  DIY: 13번 스폰지 (15cm 20cm)
626971525,SELLBLOG,NORMAL,"배송 상품 다 만족합니다
가격이 조금 비싸다!!!???ㅎㅎ",2019-01-23T01:22:04.000+0000,STOREFARM,5,지니맘 어린이 보석십자수 캐릭터,지니맘 큐빅십자수  DIY: 1번 유니콘 (15cm 20cm)
624917523,SELLBLOG,NORMAL,"딸이랑 밤마다 같이 작업하고 있어요
색상 디자인 크기 다 맘에 들어요",2019-01-17T16:26:04.000+0000,STOREFARM,3,지니맘 어린이 보석십자수 캐릭터,지니맘 큐빅십자수  DIY: 4번 작은유니콘(15cm 15cm)
619364519,SELLBLOG,NORMAL,너무 이뻐요  재밌습니다,2019-01-04T05:53:44.000+0000,STOREFARM,5,지니맘 어린이 보석십자수 캐릭터,지니맘 큐빅십자수  DIY: 22번 부엉이 (15cm 20cm)
619364083,SELLBLOG,NORMAL,잼날거 같아요 기대중,2019-01-04T05:52:43.000+0000,STOREFARM,5,지니맘 어린이 보석십자수 캐릭터,지니맘 큐빅십자수  DIY: 17번 가면 (15cm 20cm)
626638263,SELLBLOG,NORMAL,배송빠르고 방학때 하기 좋네요,2019-01-22T07:14:02.000+0000,STOREFARM,5,지니맘 어린이 보석십자수 캐릭터,지니맘 큐빅십자수  DIY: 8번 꽃사슴 (15cm 20cm)
621994954,SELLBLOG,NORMAL,"완성해놓으니 너무 예뻐요.
아이들도. 저도 하루만에 완성. 
사은품도 주셔서 너무 감사해용~~^^ 다음에 도 구매할께요~^^",2019-01-10T15:13:20.000+0000,STOREFARM,5,지니맘 어린이 보석십자수 캐릭터,지니맘 큐빅십자수  DIY: 3번 분홍사슴 (15cm 20cm)
626311420,SELLBLOG,NORMAL,애들 방학때 같이 놀려구 구매해요,2019-01-21T10:36:58.000+0000,STOREFARM,5,지니맘 어린이 보석십자수 캐릭터,지니맘 큐빅십자수  DIY: 18번 망치 (15cm 20cm)
626310854,SELLBLOG,NORMAL,방학때 애들 장난감대신 사줬어요,2019-01-21T10:35:12.000+0000,STOREFARM,5,지니맘 어린이 보석십자수 캐릭터,지니맘 큐빅십자수  DIY: 2번 보라유니콘 (15cm 20cm)
626036142,SELLBLOG,NORMAL,배송도빠르고 넘좋아요 많이 파세요,2019-01-21T00:05:12.000+0000,STOREFARM,5,지니맘 어린이 보석십자수 캐릭터,지니맘 큐빅십자수  DIY: 5번  반짝이 사슴 (15cm 20cm)
626035790,SELLBLOG,NORMAL,배송도빠르고  넘좋아요  많이 파세요,2019-01-21T00:04:28.000+0000,STOREFARM,5,지니맘 어린이 보석십자수 캐릭터,지니맘 큐빅십자수  DIY: 4번 홍학 (15cm 20cm)
625817360,SELLBLOG,NORMAL,아이가 좋아해요! 아주 예뻐요!,2019-01-20T07:33:25.000+0000,STOREFARM,5,지니맘 어린이 보석십자수 캐릭터,지니맘 큐빅십자수  DIY: 2번 보라유니콘 (15cm 20cm)
626311222,SELLBLOG,NORMAL,사진보다 더 반짝거리고 예쁘네요,2019-01-21T10:36:20.000+0000,STOREFARM,5,지니맘 어린이 보석십자수 캐릭터,지니맘 큐빅십자수  DIY: 15번 베트맨 (15cm 20cm)
622081304,SELLBLOG,NORMAL,"너무좋아요.. 아이들이 집중해서 하는거 보니
품절상품 재입고되면 좋겠어요",2019-01-11T00:54:22.000+0000,STOREFARM,5,지니맘 어린이 보석십자수 캐릭터,지니맘 큐빅십자수  DIY: 10번 안경토끼 (15cm 20cm)
626605337,SELLBLOG,NORMAL,액자에끼우니 고급스러워요,2019-01-22T06:08:05.000+0000,STOREFARM,5,지니맘 어린이 보석십자수 캐릭터,지니맘 큐빅십자수  DIY: 3번 분홍사슴 (15cm 20cm)
621704482,SELLBLOG,AFTER_USE,초등학생 친구가 사용하기 좋았어요 반짝이 모래는 예쁘게 붙이기 힘들었다네요,2019-01-10T04:10:39.000+0000,STOREFARM,4,지니맘 어린이 보석십자수 캐릭터,지니맘 큐빅십자수  DIY: 9번 겨울사슴 (15cm 20cm)
626944454,SELLBLOG,NORMAL,이쁘고 맘에 들고 알도 커요~,2019-01-23T00:19:45.000+0000,STOREFARM,5,지니맘 어린이 보석십자수 캐릭터,지니맘 큐빅십자수  DIY: 4번 작은유니콘(15cm 15cm)
621470895,SELLBLOG,NORMAL,아이도좋아하고 다만들어놓으니 예쁘네요 함께주문한 액자는 세우는부분이 불량이에요 세워지는게아니라 거의누워버리네요 ㅜㅜ,2019-01-09T12:48:34.000+0000,STOREFARM,5,지니맘 어린이 보석십자수 캐릭터,지니맘 큐빅십자수  DIY: 1번 유니콘 (15cm 20cm)
625050279,SELLBLOG,NORMAL,"배송도 빠르고 좋네요
아이들 줄려고 샀는데
애들이 좋아할거같아요^~^",2019-01-18T05:02:49.000+0000,STOREFARM,5,지니맘 어린이 보석십자수 캐릭터,지니맘 큐빅십자수  DIY: 8번 꽃사슴 (15cm 20cm)
617740738,SELLBLOG,NORMAL,아들이 맘에들어해요 큰지모르고 너무샀네요,2018-12-30T07:48:59.000+0000,STOREFARM,5,지니맘 어린이 보석십자수 캐릭터,지니맘 큐빅십자수  DIY: 17번 가면 (15cm 20cm)
626971722,SELLBLOG,NORMAL,상품 배송 다 만족 합니다,2019-01-23T01:22:29.000+0000,STOREFARM,5,지니맘 어린이 보석십자수 캐릭터,지니맘 큐빅십자수  DIY: 2번 보라유니콘 (15cm 20cm)
626971054,SELLBLOG,NORMAL,배송 상품 다 만족합니다,2019-01-23T01:21:00.000+0000,STOREFARM,5,지니맘 어린이 보석십자수 캐릭터,지니맘 큐빅십자수  DIY: 26번 돌고래(15cm 20cm)
625797569,SELLBLOG,NORMAL,"아이들이 하기엔 좀 ~
성인이해도  벅차네요 ㅋ",2019-01-20T06:32:27.000+0000,STOREFARM,5,지니맘 어린이 보석십자수 캐릭터,지니맘 큐빅십자수  DIY: 22번 부엉이 (15cm 20cm)
619486213,SELLBLOG,NORMAL,아이가 좋아하네요~,2019-01-04T10:49:05.000+0000,STOREFARM,5,지니맘 어린이 보석십자수 캐릭터,지니맘 큐빅십자수  DIY: 1번 유니콘 (15cm 20cm)
626310453,SELLBLOG,NORMAL,애들 집중력에 좋은거 같아요,2019-01-21T10:34:06.000+0000,STOREFARM,5,지니맘 어린이 보석십자수 캐릭터,지니맘 큐빅십자수  DIY: 1번 유니콘 (15cm 20cm)
625464857,SELLBLOG,NORMAL,딸아이가 재밌어해서 여러가지 주문했어요~,2019-01-19T08:00:35.000+0000,STOREFARM,5,지니맘 어린이 보석십자수 캐릭터,지니맘 큐빅십자수  DIY: 2번 보라유니콘 (15cm 20cm)
625625192,SELLBLOG,NORMAL,비즈가 큼직해서 아이들이 하기 좋아요,2019-01-19T16:46:23.000+0000,STOREFARM,4,지니맘 어린이 보석십자수 캐릭터,지니맘 큐빅십자수  DIY: 13번 스폰지 (15cm 20cm)
622944692,SELLBLOG,NORMAL,아이가 너무 좋아해요. 금방 끝냈어요. 보석 여유분 많이 주시네요,2019-01-13T05:57:46.000+0000,STOREFARM,5,지니맘 어린이 보석십자수 캐릭터,지니맘 큐빅십자수  DIY: 2번 보라유니콘 (15cm 20cm)
627626469,SELLBLOG,NORMAL,아주만족합니다 감사합니다,2019-01-24T12:28:02.000+0000,STOREFARM,5,지니맘 어린이 보석십자수 캐릭터,지니맘 큐빅십자수  DIY: 10번 안경토끼 (15cm 20cm)
625465188,SELLBLOG,NORMAL,딸아이가 재밌어해서 여러가지 주문했어요^^,2019-01-19T08:01:38.000+0000,STOREFARM,5,지니맘 어린이 보석십자수 캐릭터,지니맘 큐빅십자수  DIY: 26번 돌고래(15cm 20cm)
625465155,SELLBLOG,NORMAL,딸아이가 재밌어해서 여러가지 주문했어요^^,2019-01-19T08:01:33.000+0000,STOREFARM,5,지니맘 어린이 보석십자수 캐릭터,지니맘 큐빅십자수  DIY: 3번 분홍사슴 (15cm 20cm)
625465044,SELLBLOG,NORMAL,딸아이가 재밌어해서 여러가지 주문했어요^^,2019-01-19T08:01:11.000+0000,STOREFARM,5,지니맘 어린이 보석십자수 캐릭터,지니맘 큐빅십자수  DIY: 7번 소녀1  (15cm 20cm)
625465010,SELLBLOG,NORMAL,딸아이가 재밌어해서 여러가지 주문했어요^^,2019-01-19T08:01:05.000+0000,STOREFARM,5,지니맘 어린이 보석십자수 캐릭터,지니맘 큐빅십자수  DIY: 23번 사자 (15cm 20cm)
623806468,SELLBLOG,NORMAL,"아이들이 엄청 좋아하네요. 감사합니다,",2019-01-15T06:41:54.000+0000,STOREFARM,5,지니맘 어린이 보석십자수 캐릭터,지니맘 큐빅십자수  DIY: 16번 별 (15cm 20cm)
626749804,SELLBLOG,NORMAL,아이가 정말 좋아하네요,2019-01-22T11:06:20.000+0000,STOREFARM,4,지니맘 어린이 보석십자수 캐릭터,지니맘 큐빅십자수  DIY: 4번 홍학 (15cm 20cm)
626049271,SELLBLOG,NORMAL,아이들이 재미있어하고 좋아해요!!,2019-01-21T00:32:57.000+0000,STOREFARM,4,지니맘 어린이 보석십자수 캐릭터,지니맘 큐빅십자수  DIY: 3번 달팽이(15cm 15cm)
625060882,SELLBLOG,NORMAL,"너무 예쁘고 깔끔한 포장에 아이가 너무 
재미있게 합니다.",2019-01-18T05:30:35.000+0000,STOREFARM,5,지니맘 어린이 보석십자수 캐릭터,지니맘 큐빅십자수  DIY: 1번 유니콘 (15cm 20cm)
625060751,SELLBLOG,NORMAL,"너무 예쁘고 깔끔한 포장에 아이가 너무 
재미있게 합니다.",2019-01-18T05:30:16.000+0000,STOREFARM,5,지니맘 어린이 보석십자수 캐릭터,지니맘 큐빅십자수  DIY: 8번 꽃사슴 (15cm 20cm)
626482638,SELLBLOG,NORMAL,맘에들어요~~좋아요좋아,2019-01-22T01:20:38.000+0000,STOREFARM,5,지니맘 어린이 보석십자수 캐릭터,지니맘 큐빅십자수  DIY: 20번 거미 (15cm 20cm)
626479977,SELLBLOG,NORMAL,아이들이 너무 좋아합니다.,2019-01-22T01:14:03.000+0000,STOREFARM,4,지니맘 어린이 보석십자수 캐릭터,지니맘 큐빅십자수  DIY: 15번 베트맨 (15cm 20cm)
626749518,SELLBLOG,NORMAL,아이가  정말 좋아해요,2019-01-22T11:05:45.000+0000,STOREFARM,4,지니맘 어린이 보석십자수 캐릭터,지니맘 큐빅십자수  DIY: 5번  반짝이 사슴 (15cm 20cm)
619102274,SELLBLOG,NORMAL,"딸램이  아주 좋아해요
별 5개  주라고  옆에서  말할정도루요
없는 것들도  빨리채워지면좋겠네요
관심없던  아들램도  하고싶다고  하네요",2019-01-03T13:11:00.000+0000,STOREFARM,5,지니맘 어린이 보석십자수 캐릭터,지니맘 큐빅십자수  DIY: 3번 분홍사슴 (15cm 20cm)
627381319,SELLBLOG,NORMAL,재밌게 잘하고있어요~~!,2019-01-24T01:16:19.000+0000,STOREFARM,4,지니맘 어린이 보석십자수 캐릭터,지니맘 큐빅십자수  DIY: 12번 슈퍼 (15cm 20cm)
624918093,SELLBLOG,NORMAL,보기보다 완성했을때 만족도가 더 높아요,2019-01-17T16:30:11.000+0000,STOREFARM,3,지니맘 어린이 보석십자수 캐릭터,지니맘 큐빅십자수  DIY: 8번 여우 (15cm 20cm)
626811580,SELLBLOG,NORMAL,다해놓으니 멋지네요.,2019-01-22T13:08:52.000+0000,STOREFARM,5,지니맘 어린이 보석십자수 캐릭터,지니맘 큐빅십자수  DIY: 3번 분홍사슴 (15cm 20cm)
626811464,SELLBLOG,NORMAL,다해놓으니 멋지네요.,2019-01-22T13:08:41.000+0000,STOREFARM,5,지니맘 어린이 보석십자수 캐릭터,지니맘 큐빅십자수  DIY: 1번 유니콘 (15cm 20cm)
626811366,SELLBLOG,NORMAL,다해놓으니 멋지네요.,2019-01-22T13:08:30.000+0000,STOREFARM,5,지니맘 어린이 보석십자수 캐릭터,지니맘 큐빅십자수  DIY: 4번 홍학 (15cm 20cm)
626164788,SELLBLOG,NORMAL,"너무 예뻐요
아이가 노무 좋아해요",2019-01-21T04:23:26.000+0000,STOREFARM,5,지니맘 어린이 보석십자수 캐릭터,지니맘 큐빅십자수  DIY: 4번 작은유니콘(15cm 15cm)
617739921,SELLBLOG,NORMAL,아드선물대만족 너무좋아요,2018-12-30T07:46:19.000+0000,STOREFARM,5,지니맘 어린이 보석십자수 캐릭터,지니맘 큐빅십자수  DIY: 20번 거미 (15cm 20cm)
627024752,SELLBLOG,NORMAL,크기도 적당 배송도좋고,2019-01-23T03:22:11.000+0000,STOREFARM,4,지니맘 어린이 보석십자수 캐릭터,지니맘 큐빅십자수  DIY: 23번 사자 (15cm 20cm)
625624062,SELLBLOG,NORMAL,선물하려고 재구매합니다~ 예뻐요~,2019-01-19T16:39:17.000+0000,STOREFARM,5,지니맘 어린이 보석십자수 캐릭터,지니맘 큐빅십자수  DIY: 6번 소녀  (15cm 20cm)
625624041,SELLBLOG,NORMAL,선물하려고 재구매합니다~ 예뻐요~,2019-01-19T16:39:08.000+0000,STOREFARM,4,지니맘 어린이 보석십자수 캐릭터,지니맘 큐빅십자수  DIY: 2번 보라유니콘 (15cm 20cm)
617731210,SELLBLOG,NORMAL,애들이랑 재밌게했어요 이쁘네요,2018-12-30T07:15:45.000+0000,STOREFARM,5,지니맘 어린이 보석십자수 캐릭터,지니맘 큐빅십자수  DIY: 3번 분홍사슴 (15cm 20cm)
619101144,SELLBLOG,NORMAL,"큐빅수량이  넉넉하겠죠?
크기별로  지퍼백에  잘  분류되어있네요
딸램 완성하면  뿌듯하게  방에  장식으로 둘것같아요~",2019-01-03T13:08:42.000+0000,STOREFARM,5,지니맘 어린이 보석십자수 캐릭터,지니맘 큐빅십자수  DIY: 10번 안경토끼 (15cm 20cm)
629386315,SELLBLOG,NORMAL,1234567890,2019-01-29T14:40:21.000+0000,STOREFARM,5,지니맘 어린이 보석십자수 캐릭터,지니맘 큐빅십자수  DIY: 15번 베트맨 (15cm 20cm)
622589524,SELLBLOG,AFTER_USE,이쁩니다. 딸 친구들 선물 용으로도 샀습니다,2019-01-12T06:05:16.000+0000,STOREFARM,5,지니맘 어린이 보석십자수 캐릭터,지니맘 큐빅십자수  DIY: 7번 소녀1  (15cm 20cm)
621803492,SELLBLOG,NORMAL,귀여워요 포장 꼼꼼히 되있고 품절된게 많아서 다른걸로 샀는게 아쉽습니다ㅜㅡㅜ,2019-01-10T07:32:33.000+0000,STOREFARM,5,지니맘 어린이 보석십자수 캐릭터,지니맘 큐빅십자수  DIY: 5번 펭귄(15cm 15cm)
627024640,SELLBLOG,NORMAL,좋아요 이쁘게만들께요,2019-01-23T03:21:53.000+0000,STOREFARM,4,지니맘 어린이 보석십자수 캐릭터,지니맘 큐빅십자수  DIY: 26번 돌고래(15cm 20cm)
624487341,SELLBLOG,NORMAL,예뻐요~~ 자쑤만 하고싶어요 재밌어요,2019-01-16T13:59:59.000+0000,STOREFARM,5,지니맘 어린이 보석십자수 캐릭터,지니맘 큐빅십자수  DIY: 1번 유니콘 (15cm 20cm)
624917728,SELLBLOG,NORMAL,"잘 받았습니다
5학년 딸이 정말 좋아합니다",2019-01-17T16:27:31.000+0000,STOREFARM,4,지니맘 어린이 보석십자수 캐릭터,지니맘 큐빅십자수  DIY: 14번 슈퍼맨 (15cm 20cm)
622512749,SELLBLOG,NORMAL,"집중해서 잘하고 다 만든뒤 뿌듯하다네요 
이쁘기도하고 여러모로좋습니다",2019-01-12T02:45:05.000+0000,STOREFARM,5,지니맘 어린이 보석십자수 캐릭터,지니맘 큐빅십자수  DIY: 10번 안경토끼 (15cm 20cm)
621704857,SELLBLOG,AFTER_USE,7살 아들이 했어요 큐빅이 큰거 작은거 섞여 있으니 완성하기 편했어요,2019-01-10T04:11:25.000+0000,STOREFARM,4,지니맘 어린이 보석십자수 캐릭터,지니맘 큐빅십자수  DIY: 18번 망치 (15cm 20cm)
625625055,SELLBLOG,NORMAL,비즈들이 큼직해서 애들이 하기 좋아요,2019-01-19T16:45:27.000+0000,STOREFARM,4,지니맘 어린이 보석십자수 캐릭터,지니맘 큐빅십자수  DIY: 25번 미니2  (15cm 20cm)
619364219,SELLBLOG,NORMAL,재밌게 할게요 ㅎㅎㅎ,2019-01-04T05:53:01.000+0000,STOREFARM,5,지니맘 어린이 보석십자수 캐릭터,지니맘 큐빅십자수  DIY: 18번 망치 (15cm 20cm)
618013580,SELLBLOG,NORMAL,"배송 빠르구요. 비즈도 넉넉히 넣어주셔서 아이들이 쓰기 좋았어요. 방학이라 집에서 하라고 주문한건데
집중해서 이리 잘 할줄 몰랐네요.",2018-12-31T04:16:38.000+0000,STOREFARM,5,지니맘 어린이 보석십자수 캐릭터,지니맘 큐빅십자수  DIY: 5번  반짝이 사슴 (15cm 20cm)
622513139,SELLBLOG,NORMAL,작은거 주문했는데 아이가 너무 좋아해서 다음엔 큰거해보려합니다,2019-01-12T02:46:10.000+0000,STOREFARM,5,지니맘 어린이 보석십자수 캐릭터,지니맘 큐빅십자수  DIY: 22번 부엉이 (15cm 20cm)
623059839,SELLBLOG,NORMAL,그림도 더 예뻐졌네요. 겨울사슴 넘 예뻐요^^,2019-01-13T11:49:14.000+0000,STOREFARM,5,지니맘 어린이 보석십자수 캐릭터,지니맘 큐빅십자수  DIY: 9번 겨울사슴 (15cm 20cm)
621804067,SELLBLOG,NORMAL,부엉이 귀여워요 색감도 좋고 딸래미들이 좋아하겠네요 ~,2019-01-10T07:33:39.000+0000,STOREFARM,5,지니맘 어린이 보석십자수 캐릭터,지니맘 큐빅십자수  DIY: 22번 부엉이 (15cm 20cm)
621659472,SELLBLOG,NORMAL,집중해서 정말잘하고 좋아해요~~한개완성했는데 정말예뻐요~,2019-01-10T02:31:36.000+0000,STOREFARM,5,지니맘 어린이 보석십자수 캐릭터,지니맘 큐빅십자수  DIY: 1번 유니콘 (15cm 20cm)
621803780,SELLBLOG,NORMAL,미니언즈2번이 품절되서 다른걸로 샀는데 그래도 귀여워요 더 다양하게 많음 더 좋겠어요,2019-01-10T07:33:06.000+0000,STOREFARM,5,지니맘 어린이 보석십자수 캐릭터,지니맘 큐빅십자수  DIY: 24번 미니1 (15cm 20cm)
626659255,SELLBLOG,NORMAL,좋아용 좋아용 좋아용 좋아용,2019-01-22T07:55:46.000+0000,STOREFARM,5,지니맘 어린이 보석십자수 캐릭터,지니맘 큐빅십자수  DIY: 5번  반짝이 사슴 (15cm 20cm)
626659588,SELLBLOG,NORMAL,좋아용 좋아용 좋아용,2019-01-22T07:56:26.000+0000,STOREFARM,5,지니맘 어린이 보석십자수 캐릭터,지니맘 큐빅십자수  DIY: 1번 유니콘 (15cm 20cm)
626659491,SELLBLOG,NORMAL,좋아용 좋아용 좋아용,2019-01-22T07:56:14.000+0000,STOREFARM,5,지니맘 어린이 보석십자수 캐릭터,지니맘 큐빅십자수  DIY: 4번 홍학 (15cm 20cm)
626659376,SELLBLOG,NORMAL,좋아용 좋아용 좋아용,2019-01-22T07:56:01.000+0000,STOREFARM,5,지니맘 어린이 보석십자수 캐릭터,지니맘 큐빅십자수  DIY: 3번 분홍사슴 (15cm 20cm)
624918281,SELLBLOG,NORMAL,계속 주문해서 하고 싶습니다,2019-01-17T16:31:29.000+0000,STOREFARM,4,지니맘 어린이 보석십자수 캐릭터,지니맘 큐빅십자수  DIY: 2번 보라유니콘 (15cm 20cm)
622944811,SELLBLOG,NORMAL,배송빠르고 좋아요. 아이가 좋아해요,2019-01-13T05:58:13.000+0000,STOREFARM,5,지니맘 어린이 보석십자수 캐릭터,지니맘 큐빅십자수  DIY: 3번 분홍사슴 (15cm 20cm)
619099722,SELLBLOG,NORMAL,"실로하는 십자수찾다가  우연히  발견했어요
초딩아들딸,,  방학기간동안  재미난걸발견해서  하게됐네요",2019-01-03T13:05:42.000+0000,STOREFARM,5,지니맘 어린이 보석십자수 캐릭터,지니맘 큐빅십자수  DIY: 9번 겨울사슴 (15cm 20cm)
634571030,SELLBLOG,NORMAL,짱짱 ♡♡♡♡♡♡♡♡,2019-02-14T14:22:57.000+0000,STOREFARM,5,지니맘 어린이 보석십자수 캐릭터,지니맘 큐빅십자수  DIY: 1번 유니콘 (15cm 20cm)
615721641,SELLBLOG,NORMAL,"큐빅이라 블링블링 ,십자수도너무쉽고 이쁘네요최고",2018-12-24T05:18:29.000+0000,STOREFARM,5,지니맘 어린이 보석십자수 캐릭터,지니맘 큐빅십자수  DIY: 1번 유니콘 (15cm 20cm)
625689526,SELLBLOG,NORMAL,너무예쁘고 좋아요~,2019-01-20T01:44:41.000+0000,STOREFARM,5,지니맘 어린이 보석십자수 캐릭터,지니맘 큐빅십자수  DIY: 2번 보라유니콘 (15cm 20cm)
623006694,SELLBLOG,NORMAL,"큐빅도크고 반짝이고 배송도 빨라요
아이들이좋아합니다",2019-01-13T09:14:09.000+0000,STOREFARM,5,지니맘 어린이 보석십자수 캐릭터,지니맘 큐빅십자수  DIY: 22번 부엉이 (15cm 20cm)
622899773,SELLBLOG,NORMAL,쫌 더 큰걸로 구매해서 해도 될듯 너무 재밌었어요~,2019-01-13T03:48:17.000+0000,STOREFARM,4,지니맘 어린이 보석십자수 캐릭터,지니맘 큐빅십자수  DIY: 3번 분홍사슴 (15cm 20cm)
619975244,SELLBLOG,NORMAL,"너무 이쁘고 집중력이 잘되네요..
우리애들은 하루만에 못하네요..집중력이 부족해서^^",2019-01-06T01:37:59.000+0000,STOREFARM,5,지니맘 어린이 보석십자수 캐릭터,지니맘 큐빅십자수  DIY: 25번 미니2  (15cm 20cm)
623658369,SELLBLOG,AFTER_USE,시간 순삭인데 인테리어효과는 빵쩜이요 ㅋㅋ,2019-01-15T01:20:02.000+0000,STOREFARM,3,지니맘 어린이 보석십자수 캐릭터,지니맘 큐빅십자수  DIY: 5번  반짝이 사슴 (15cm 20cm)
621379235,SELLBLOG,NORMAL,잘받았어요~배송도 빠르고 아이가 좋아해요~~,2019-01-09T09:12:49.000+0000,STOREFARM,5,지니맘 어린이 보석십자수 캐릭터,지니맘 큐빅십자수  DIY: 10번 안경토끼 (15cm 20cm)
621764325,SELLBLOG,NORMAL,비즈가 반짝반짝 너무 예뻐요 아이도 좋아해요,2019-01-10T06:13:06.000+0000,STOREFARM,5,지니맘 어린이 보석십자수 캐릭터,지니맘 큐빅십자수  DIY: 23번 사자 (15cm 20cm)
623794234,SELLBLOG,NORMAL,모양이 너무 이뻐요 기대됩니다,2019-01-15T06:17:57.000+0000,STOREFARM,5,지니맘 어린이 보석십자수 캐릭터,지니맘 큐빅십자수  DIY: 3번 분홍사슴 (15cm 20cm)
625388641,SELLBLOG,NORMAL,빠른배송 감사해요~~,2019-01-19T04:27:39.000+0000,STOREFARM,5,지니맘 어린이 보석십자수 캐릭터,지니맘 큐빅십자수  DIY: 21번 별유니콘 (15cm 20cm)
623794631,SELLBLOG,NORMAL,기다렸다 주문했어요 이쁩니다,2019-01-15T06:18:44.000+0000,STOREFARM,5,지니맘 어린이 보석십자수 캐릭터,지니맘 큐빅십자수  DIY: 2번 보라유니콘 (15cm 20cm)
623794118,SELLBLOG,NORMAL,너무 이버요 애들이 너무 신나하네요,2019-01-15T06:17:43.000+0000,STOREFARM,5,지니맘 어린이 보석십자수 캐릭터,지니맘 큐빅십자수  DIY: 22번 부엉이 (15cm 20cm)
623806001,SELLBLOG,NORMAL,방학동안 시간보내기 짱 좋아요.,2019-01-15T06:41:03.000+0000,STOREFARM,5,지니맘 어린이 보석십자수 캐릭터,지니맘 큐빅십자수  DIY: 2번 토끼(15cm 15cm)
621251788,SELLBLOG,NORMAL,그림이 넘 예뻐요 재구매의사 백퍼,2019-01-09T04:33:58.000+0000,STOREFARM,5,지니맘 어린이 보석십자수 캐릭터,지니맘 큐빅십자수  DIY: 2번 보라유니콘 (15cm 20cm)
621293980,SELLBLOG,NORMAL,"좋아요 도안이많아 고민고민했어요
큐빅도많네요",2019-01-09T06:06:02.000+0000,STOREFARM,3,지니맘 어린이 보석십자수 캐릭터,지니맘 큐빅십자수  DIY: 2번 보라유니콘 (15cm 20cm)
623007043,SELLBLOG,NORMAL,"큐빅도크고 배송도빠르고 
아이들이좋아합니다",2019-01-13T09:15:14.000+0000,STOREFARM,5,지니맘 어린이 보석십자수 캐릭터,지니맘 큐빅십자수  DIY: 14번 슈퍼맨 (15cm 20cm)
623007021,SELLBLOG,NORMAL,"큐빅도크고 배송도빠르고 
아이들이좋아합니다",2019-01-13T09:15:09.000+0000,STOREFARM,5,지니맘 어린이 보석십자수 캐릭터,지니맘 큐빅십자수  DIY: 2번 보라유니콘 (15cm 20cm)
623006981,SELLBLOG,NORMAL,"큐빅도크고 배송도빠르고 
아이들이좋아합니다",2019-01-13T09:15:04.000+0000,STOREFARM,5,지니맘 어린이 보석십자수 캐릭터,지니맘 큐빅십자수  DIY: 19번 방패 (15cm 20cm)
613079729,SELLBLOG,NORMAL,"크기가 크고 완성후 모양이 예뻐요~~
포장도 잘 되어 있어요^^",2018-12-17T14:53:28.000+0000,STOREFARM,5,지니맘 어린이 보석십자수 캐릭터,지니맘 큐빅십자수  DIY: 1번 유니콘 (15cm 20cm)
621294355,SELLBLOG,NORMAL,"아이가 초 집중하고 있어요
외부로 못나가 심심해 했는데 최고네요",2019-01-09T06:06:53.000+0000,STOREFARM,3,지니맘 어린이 보석십자수 캐릭터,지니맘 큐빅십자수  DIY: 1번 사탕(15cm 15cm)
617606670,SELLBLOG,NORMAL,조카가 넘좋아라하고 저희아들도 더하고싶어해서 또사려고요.넘이쁘네여.액자에넣는걸 추천합니다~,2018-12-29T23:26:01.000+0000,STOREFARM,5,지니맘 어린이 보석십자수 캐릭터,지니맘 큐빅십자수  DIY: 9번 겨울사슴 (15cm 20cm)
623794394,SELLBLOG,NORMAL,이뻐서 애들이 좋아해요,2019-01-15T06:18:16.000+0000,STOREFARM,5,지니맘 어린이 보석십자수 캐릭터,지니맘 큐빅십자수  DIY: 9번 겨울사슴 (15cm 20cm)
623806244,SELLBLOG,NORMAL,품절상품 입고 부탁드려요.,2019-01-15T06:41:27.000+0000,STOREFARM,5,지니맘 어린이 보석십자수 캐릭터,지니맘 큐빅십자수  DIY: 2번 보라유니콘 (15cm 20cm)
605473525,SELLBLOG,NORMAL,"딸아이랑 같이 해보려고 주문했는데 딸도 좋아하지만 제가 더 푹빠졌어요~~시간보내기 너무 좋구 완성해서 액자에 넣으면 넘 이쁠것같아요^^♡
오자마자 해서 2틀만에 미니언즈 완성했어욤
큐빅도 넉넉하게 넣어주셔서 다완성했는데도 큐빅이 많이 남았네요~",2018-11-29T06:59:04.000+0000,STOREFARM,5,지니맘 어린이 보석십자수 캐릭터,지니맘 큐빅십자수  DIY: 25번 미니2  (15cm 20cm)
615425633,SELLBLOG,AFTER_USE,아이들이 집중해서 만들었어요~ 만족,2018-12-23T10:27:45.000+0000,STOREFARM,5,지니맘 어린이 보석십자수 캐릭터,지니맘 큐빅십자수  DIY: 3번 분홍사슴 (15cm 20cm)
624487611,SELLBLOG,NORMAL,또 하고싶어요 재밌고 예뻐요~~,2019-01-16T14:00:35.000+0000,STOREFARM,5,지니맘 어린이 보석십자수 캐릭터,지니맘 큐빅십자수  DIY: 17번 가면 (15cm 20cm)
624487533,SELLBLOG,NORMAL,또 하고싶어요 재밌고 예뻐요~~,2019-01-16T14:00:24.000+0000,STOREFARM,5,지니맘 어린이 보석십자수 캐릭터,지니맘 큐빅십자수  DIY: 3번 분홍사슴 (15cm 20cm)
621995264,SELLBLOG,NORMAL,유니콘들 다 없어서 보라시켰는데 완전 예쁘다능요~^^,2019-01-10T15:14:24.000+0000,STOREFARM,5,지니맘 어린이 보석십자수 캐릭터,지니맘 큐빅십자수  DIY: 2번 보라유니콘 (15cm 20cm)
621622752,SELLBLOG,NORMAL,아이방학이라 사줬는데 너무 재밌어요 완성하니 너무 이쁘구요,2019-01-10T01:15:59.000+0000,STOREFARM,5,지니맘 어린이 보석십자수 캐릭터,지니맘 큐빅십자수  DIY: 11번 클로버 (15cm 20cm)
622589247,SELLBLOG,AFTER_USE,벌써 여러번 주문했습니다.  이쁩니다,2019-01-12T06:04:31.000+0000,STOREFARM,5,지니맘 어린이 보석십자수 캐릭터,지니맘 큐빅십자수  DIY: 11번 클로버 (15cm 20cm)
621992828,SELLBLOG,NORMAL,두번째구매했어요~~이뻐요 재밌어요~,2019-01-10T15:06:13.000+0000,STOREFARM,5,지니맘 어린이 보석십자수 캐릭터,지니맘 큐빅십자수  DIY: 23번 사자 (15cm 20cm)
622988116,SELLBLOG,NORMAL,아이가 재밌게 만들었어요,2019-01-13T08:14:35.000+0000,STOREFARM,5,지니맘 어린이 보석십자수 캐릭터,지니맘 큐빅십자수  DIY: 3번 분홍사슴 (15cm 20cm)
611116789,SELLBLOG,NORMAL,"아직 완성 못했지만 핑크사슴이 너무 귀여워요
큐빅도 반짝반짝 이쁘네요",2018-12-13T01:20:45.000+0000,STOREFARM,5,지니맘 어린이 보석십자수 캐릭터,지니맘 큐빅십자수  DIY: 3번 분홍사슴 (15cm 20cm)
622988289,SELLBLOG,NORMAL,"만들어보니 예뻐요
아이가 좋아해요",2019-01-13T08:15:12.000+0000,STOREFARM,5,지니맘 어린이 보석십자수 캐릭터,지니맘 큐빅십자수  DIY: 22번 부엉이 (15cm 20cm)
621294585,SELLBLOG,NORMAL,"4개구입해서 2개를 쉬지않고하네요
덕분에 엄마가편해요",2019-01-09T06:07:21.000+0000,STOREFARM,3,지니맘 어린이 보석십자수 캐릭터,지니맘 큐빅십자수  DIY: 3번 달팽이(15cm 15cm)
621995120,SELLBLOG,NORMAL,아이들도 백퍼 맘에들어하는 제품이예요^^,2019-01-10T15:13:55.000+0000,STOREFARM,5,지니맘 어린이 보석십자수 캐릭터,지니맘 큐빅십자수  DIY: 22번 부엉이 (15cm 20cm)
623251466,SELLBLOG,NORMAL,배송 빠르고 좋았어요,2019-01-14T01:56:44.000+0000,STOREFARM,5,지니맘 어린이 보석십자수 캐릭터,지니맘 큐빅십자수  DIY: 5번  반짝이 사슴 (15cm 20cm)
620425392,SELLBLOG,NORMAL,그림이 귀엽고  액자도 같이해서 금액을 알려줬으면해요,2019-01-07T04:28:35.000+0000,STOREFARM,5,지니맘 어린이 보석십자수 캐릭터,지니맘 큐빅십자수  DIY: 22번 부엉이 (15cm 20cm)
615425781,SELLBLOG,AFTER_USE,아이들이 너무 좋아해요,2018-12-23T10:28:16.000+0000,STOREFARM,5,지니맘 어린이 보석십자수 캐릭터,지니맘 큐빅십자수  DIY: 9번 겨울사슴 (15cm 20cm)
620073202,SELLBLOG,NORMAL,아이 방학숙제로 구매했는데 아익 너무 만족해하고 재미있어해요,2019-01-06T06:40:17.000+0000,STOREFARM,5,지니맘 어린이 보석십자수 캐릭터,지니맘 큐빅십자수  DIY: 25번 미니2  (15cm 20cm)
622081481,SELLBLOG,NORMAL,기다리고있어요 품절상품 재입고 되길요,2019-01-11T00:54:45.000+0000,STOREFARM,4,지니맘 어린이 보석십자수 캐릭터,지니맘 큐빅십자수  DIY: 24번 미니1 (15cm 20cm)
616286258,SELLBLOG,NORMAL,"아이들 줄려고 구매했는데 아이들보다 제가 더 빠져버렸네요..
많이 파세요~",2018-12-26T01:49:15.000+0000,STOREFARM,5,지니맘 어린이 보석십자수 캐릭터,지니맘 큐빅십자수  DIY: 3번 분홍사슴 (15cm 20cm)
617840743,SELLBLOG,NORMAL,처음에 선물로 사줬는데 이번에는 자기 용돈으로 구입했네요. 그만큼 좋아해요,2018-12-30T13:32:43.000+0000,STOREFARM,5,지니맘 어린이 보석십자수 캐릭터,지니맘 큐빅십자수  DIY: 26번 돌고래(15cm 20cm)
621833237,SELLBLOG,NORMAL,좋아하네요 애들이ㅋㅋㅋ,2019-01-10T08:35:14.000+0000,STOREFARM,5,지니맘 어린이 보석십자수 캐릭터,지니맘 큐빅십자수  DIY: 2번 보라유니콘 (15cm 20cm)
615425443,SELLBLOG,AFTER_USE,아이들이 너무 좋아해요~,2018-12-23T10:27:02.000+0000,STOREFARM,5,지니맘 어린이 보석십자수 캐릭터,지니맘 큐빅십자수  DIY: 1번 유니콘 (15cm 20cm)
619246920,SELLBLOG,NORMAL,애들이 좋아해요 집중도 잘하고 재미있어해요.,2019-01-04T01:08:44.000+0000,STOREFARM,5,지니맘 어린이 보석십자수 캐릭터,지니맘 큐빅십자수  DIY: 17번 가면 (15cm 20cm)
621251984,SELLBLOG,NORMAL,배송이 빠르고 예뻐요 마음에 듭니다,2019-01-09T04:34:24.000+0000,STOREFARM,5,지니맘 어린이 보석십자수 캐릭터,지니맘 큐빅십자수  DIY: 1번 유니콘 (15cm 20cm)
620669382,SELLBLOG,NORMAL,만족스러워요. 아이도 좋아해요,2019-01-07T16:26:44.000+0000,STOREFARM,5,지니맘 어린이 보석십자수 캐릭터,지니맘 큐빅십자수  DIY: 4번 작은유니콘(15cm 15cm)
622656490,SELLBLOG,NORMAL,빠른배송 감사합니다,2019-01-12T09:13:53.000+0000,STOREFARM,3,지니맘 어린이 보석십자수 캐릭터,지니맘 큐빅십자수  DIY: 10번 안경토끼 (15cm 20cm)
622656418,SELLBLOG,NORMAL,빠른배송 감사합니다,2019-01-12T09:13:39.000+0000,STOREFARM,3,지니맘 어린이 보석십자수 캐릭터,지니맘 큐빅십자수  DIY: 11번 클로버 (15cm 20cm)
620807857,SELLBLOG,NORMAL,아이들이 너무 재미있어해서 푸듯합니다,2019-01-08T05:10:54.000+0000,STOREFARM,5,지니맘 어린이 보석십자수 캐릭터,지니맘 큐빅십자수  DIY: 24번 미니1 (15cm 20cm)
623018750,SELLBLOG,NORMAL,아이들이 좋아하네요^^,2019-01-13T09:53:37.000+0000,STOREFARM,5,지니맘 어린이 보석십자수 캐릭터,지니맘 큐빅십자수  DIY: 25번 미니2  (15cm 20cm)
619934928,SELLBLOG,NORMAL,아이들이 좋아해요. 생각보다 크네요.,2019-01-05T20:10:30.000+0000,STOREFARM,5,지니맘 어린이 보석십자수 캐릭터,지니맘 큐빅십자수  DIY: 12번 슈퍼 (15cm 20cm)
616256391,SELLBLOG,NORMAL,"크리스마스 선물로 너무 좋아하네요
7살 딸아이 빨리 하고 싶다고 오늘 하기러 했어요~ 완성되면 더 좋아하겠죠^^",2018-12-26T00:37:28.000+0000,STOREFARM,4,지니맘 어린이 보석십자수 캐릭터,지니맘 큐빅십자수  DIY: 3번 분홍사슴 (15cm 20cm)
622589358,SELLBLOG,AFTER_USE,이뻐서. 여러번 삽니다,2019-01-12T06:04:49.000+0000,STOREFARM,5,지니맘 어린이 보석십자수 캐릭터,지니맘 큐빅십자수  DIY: 6번 소녀  (15cm 20cm)
623019341,SELLBLOG,NORMAL,5살9살 집중력에 좋네요^^,2019-01-13T09:55:35.000+0000,STOREFARM,5,지니맘 어린이 보석십자수 캐릭터,지니맘 큐빅십자수  DIY: 2번 보라유니콘 (15cm 20cm)
613352916,SELLBLOG,NORMAL,생각보다 되게 재밌어요. 아이들 소근육 발달과 주의집중력에 좋을 것 같아요. 어른인 저도 하다보면 시간가는줄 모르겠어요. 단순한데 엄청 재밌고 결과물도 예뻐요 적극추천합니다.,2018-12-18T07:24:38.000+0000,STOREFARM,5,지니맘 어린이 보석십자수 캐릭터,지니맘 큐빅십자수  DIY: 21번 별유니콘 (15cm 20cm)
611115612,SELLBLOG,NORMAL,6살 딸이 완성했어요 혼자서도 쉽게 잘하더라구요,2018-12-13T01:18:10.000+0000,STOREFARM,5,지니맘 어린이 보석십자수 캐릭터,지니맘 큐빅십자수  DIY: 23번 사자 (15cm 20cm)
620421903,SELLBLOG,NORMAL,늘 맘에듭니다  아들 방학숙제로 합니다,2019-01-07T04:21:29.000+0000,STOREFARM,5,지니맘 어린이 보석십자수 캐릭터,지니맘 큐빅십자수  DIY: 15번 베트맨 (15cm 20cm)
621833127,SELLBLOG,NORMAL,애들이 재미있어해요,2019-01-10T08:34:59.000+0000,STOREFARM,5,지니맘 어린이 보석십자수 캐릭터,지니맘 큐빅십자수  DIY: 5번 펭귄(15cm 15cm)
619247086,SELLBLOG,NORMAL,"애들이 좋아하는 캐릭터로 주문
집중도하고 재미있어하네요,.",2019-01-04T01:09:10.000+0000,STOREFARM,5,지니맘 어린이 보석십자수 캐릭터,지니맘 큐빅십자수  DIY: 2번 보라유니콘 (15cm 20cm)
618013982,SELLBLOG,NORMAL,"딸래미들이 넘 좋다네요.
배송 빠르고 포장도 좋습니다",2018-12-31T04:17:45.000+0000,STOREFARM,5,지니맘 어린이 보석십자수 캐릭터,지니맘 큐빅십자수  DIY: 9번 겨울사슴 (15cm 20cm)
621251514,SELLBLOG,NORMAL,배송빠르고 그림이 예뻐요,2019-01-09T04:33:25.000+0000,STOREFARM,5,지니맘 어린이 보석십자수 캐릭터,지니맘 큐빅십자수  DIY: 14번 슈퍼맨 (15cm 20cm)
621832877,SELLBLOG,NORMAL,아이들이 재미있어해용^^,2019-01-10T08:34:28.000+0000,STOREFARM,5,지니맘 어린이 보석십자수 캐릭터,지니맘 큐빅십자수  DIY: 3번 달팽이(15cm 15cm)
621995024,SELLBLOG,NORMAL,완전 귀엽고 예뻐요,2019-01-10T15:13:36.000+0000,STOREFARM,5,지니맘 어린이 보석십자수 캐릭터,지니맘 큐빅십자수  DIY: 4번 홍학 (15cm 20cm)
620425701,SELLBLOG,NORMAL,예쁜데  그림종류가 많았으면 해요,2019-01-07T04:29:13.000+0000,STOREFARM,5,지니맘 어린이 보석십자수 캐릭터,지니맘 큐빅십자수  DIY: 2번 보라유니콘 (15cm 20cm)
621293823,SELLBLOG,NORMAL,조카가  아주좋아하네요,2019-01-09T06:05:42.000+0000,STOREFARM,5,지니맘 어린이 보석십자수 캐릭터,지니맘 큐빅십자수  DIY: 1번 유니콘 (15cm 20cm)
618663129,SELLBLOG,NORMAL,재미나요~ 사자는 좀 어두운듯,2019-01-02T12:31:20.000+0000,STOREFARM,5,지니맘 어린이 보석십자수 캐릭터,지니맘 큐빅십자수  DIY: 1번 유니콘 (15cm 20cm)
629681336,SELLBLOG,NORMAL,가격도  만족 상품도 만족스러웠어요,2019-01-30T09:05:50.000+0000,STOREFARM,5,지니맘 어린이 보석십자수 캐릭터,지니맘 큐빅십자수  DIY: 3번 분홍사슴 (15cm 20cm)
620669305,SELLBLOG,NORMAL,예쁘고 기대보다 질도 좋아요,2019-01-07T16:26:10.000+0000,STOREFARM,5,지니맘 어린이 보석십자수 캐릭터,지니맘 큐빅십자수  DIY: 22번 부엉이 (15cm 20cm)
620421205,SELLBLOG,NORMAL,자주 이용합니다  가격도 좋아요,2019-01-07T04:19:59.000+0000,STOREFARM,5,지니맘 어린이 보석십자수 캐릭터,지니맘 큐빅십자수  DIY: 12번 슈퍼 (15cm 20cm)
618652024,SELLBLOG,AFTER_USE,배송도 빠르고 물건도 좋아요~굳이에요^^,2019-01-02T12:00:14.000+0000,STOREFARM,5,지니맘 어린이 보석십자수 캐릭터,지니맘 큐빅십자수  DIY: 22번 부엉이 (15cm 20cm)
621833031,SELLBLOG,NORMAL,아이들이 좋아해요~,2019-01-10T08:34:46.000+0000,STOREFARM,5,지니맘 어린이 보석십자수 캐릭터,지니맘 큐빅십자수  DIY: 3번 분홍사슴 (15cm 20cm)
618662999,SELLBLOG,NORMAL,재미나요~ 유니콘이 이쁜듯,2019-01-02T12:30:56.000+0000,STOREFARM,5,지니맘 어린이 보석십자수 캐릭터,지니맘 큐빅십자수  DIY: 23번 사자 (15cm 20cm)
613080108,SELLBLOG,NORMAL,큐빅크기도다양하고좋네요,2018-12-17T14:54:50.000+0000,STOREFARM,5,지니맘 어린이 보석십자수 캐릭터,지니맘 큐빅십자수  DIY: 9번 겨울사슴 (15cm 20cm)
619368291,SELLBLOG,NORMAL,ㅋㅋㅋ딸래미가 사달라해서 샀는데 재밌어하길바래요 ㅋㅋ,2019-01-04T06:02:17.000+0000,STOREFARM,5,지니맘 어린이 보석십자수 캐릭터,지니맘 큐빅십자수  DIY: 2번 보라유니콘 (15cm 20cm)
619247162,SELLBLOG,NORMAL,"애들이 좋아합니다.
캐릭터도 다양해서 좋네요.",2019-01-04T01:09:23.000+0000,STOREFARM,5,지니맘 어린이 보석십자수 캐릭터,지니맘 큐빅십자수  DIY: 1번 유니콘 (15cm 20cm)
618216216,SELLBLOG,NORMAL,"아이들 완전 좋아하며 하네요~~~
반짝반짝 이쁩니다~~",2019-01-01T03:27:26.000+0000,STOREFARM,5,지니맘 어린이 보석십자수 캐릭터,지니맘 큐빅십자수  DIY: 26번 돌고래(15cm 20cm)
616481152,SELLBLOG,NORMAL,"4학년아이 넘 좋아하네요
하루종일앉아 완성합니다
집중력좋아질듯",2018-12-26T10:14:24.000+0000,STOREFARM,5,지니맘 어린이 보석십자수 캐릭터,지니맘 큐빅십자수  DIY: 22번 부엉이 (15cm 20cm)
613079994,SELLBLOG,NORMAL,포장이견고하고좋아요,2018-12-17T14:54:25.000+0000,STOREFARM,5,지니맘 어린이 보석십자수 캐릭터,지니맘 큐빅십자수  DIY: 26번 돌고래(15cm 20cm)
619246828,SELLBLOG,NORMAL,아이들이 집중도하고 재미있어 하네요.,2019-01-04T01:08:31.000+0000,STOREFARM,5,지니맘 어린이 보석십자수 캐릭터,지니맘 큐빅십자수  DIY: 24번 미니1 (15cm 20cm)
613079876,SELLBLOG,NORMAL,모양도 예쁘고 좋아요,2018-12-17T14:54:00.000+0000,STOREFARM,5,지니맘 어린이 보석십자수 캐릭터,지니맘 큐빅십자수  DIY: 23번 사자 (15cm 20cm)
617782014,SELLBLOG,NORMAL,아이들이 좋아하더라구요^^ 재미나게 하고 이써요 ㅎㅎ,2018-12-30T10:16:05.000+0000,STOREFARM,5,지니맘 어린이 보석십자수 캐릭터,지니맘 큐빅십자수  DIY: 18번 망치 (15cm 20cm)
611116107,SELLBLOG,NORMAL,아이들 혼자하기에도 쉽고 작품도 멋져요,2018-12-13T01:19:16.000+0000,STOREFARM,5,지니맘 어린이 보석십자수 캐릭터,지니맘 큐빅십자수  DIY: 26번 검은사슴(15cm 20cm)
619167605,SELLBLOG,NORMAL,이뻐요~~  잘해볼껭노,2019-01-03T16:07:11.000+0000,STOREFARM,5,지니맘 어린이 보석십자수 캐릭터,지니맘 큐빅십자수  DIY: 22번 부엉이 (15cm 20cm)
617392420,SELLBLOG,NORMAL,집 인테리어로 작은사이즈 제가 딱 맘에 들어하는것만 있어서 좋아요^^,2018-12-29T04:47:14.000+0000,STOREFARM,5,지니맘 어린이 보석십자수 캐릭터,지니맘 큐빅십자수  DIY: 18번 망치 (15cm 20cm)
617841009,SELLBLOG,NORMAL,한번해보고 자기 용돈 모아 사달라고 요청했네요 그만큼 좋아해요,2018-12-30T13:33:41.000+0000,STOREFARM,5,지니맘 어린이 보석십자수 캐릭터,지니맘 큐빅십자수  DIY: 3번 분홍사슴 (15cm 20cm)
617261197,SELLBLOG,NORMAL,생각했던거보다 보석도 이쁘고 쉽게할수있어서 딸이 너무좋아해요,2018-12-28T13:30:11.000+0000,STOREFARM,5,지니맘 어린이 보석십자수 캐릭터,지니맘 큐빅십자수  DIY: 22번 부엉이 (15cm 20cm)
619167743,SELLBLOG,NORMAL,포장도 꼼꼼히해서 잘 받았습니다.,2019-01-03T16:07:52.000+0000,STOREFARM,5,지니맘 어린이 보석십자수 캐릭터,지니맘 큐빅십자수  DIY: 1번 유니콘 (15cm 20cm)
616255894,SELLBLOG,NORMAL,"크리스마스 선물로 줬는데 너무 좋아하네요~
빨리 하고싶다고 ㅎㅎㅎ",2018-12-26T00:36:19.000+0000,STOREFARM,4,지니맘 어린이 보석십자수 캐릭터,지니맘 큐빅십자수  DIY: 1번 유니콘 (15cm 20cm)
616363575,SELLBLOG,NORMAL,예전부터 사달라고 해는데 이제야사줬네요 아이가 넘좋아해요,2018-12-26T05:00:44.000+0000,STOREFARM,4,지니맘 어린이 보석십자수 캐릭터,지니맘 큐빅십자수  DIY: 21번 별유니콘 (15cm 20cm)
619575984,SELLBLOG,NORMAL,가성비갠춘하고 예쁘네요,2019-01-04T15:19:21.000+0000,STOREFARM,5,지니맘 어린이 보석십자수 캐릭터,지니맘 큐빅십자수  DIY: 1번 유니콘 (15cm 20cm)
618989271,SELLBLOG,NORMAL,아직 해보진 않았지만 기대되네요ㅋ,2019-01-03T09:00:02.000+0000,STOREFARM,3,지니맘 어린이 보석십자수 캐릭터,지니맘 큐빅십자수  DIY: 1번 유니콘 (15cm 20cm)
617606723,SELLBLOG,NORMAL,또사고싶어요.제가해도 재미지네요,2018-12-29T23:26:30.000+0000,STOREFARM,5,지니맘 어린이 보석십자수 캐릭터,지니맘 큐빅십자수  DIY: 3번 분홍사슴 (15cm 20cm)
618571825,SELLBLOG,NORMAL,"포장도 깨끗하고
제품상태도 최고입니다.",2019-01-02T08:15:29.000+0000,STOREFARM,5,지니맘 어린이 보석십자수 캐릭터,지니맘 큐빅십자수  DIY: 3번 분홍사슴 (15cm 20cm)
618989389,SELLBLOG,NORMAL,아직 해보진 않았지만 기대 됩니다.,2019-01-03T09:00:20.000+0000,STOREFARM,3,지니맘 어린이 보석십자수 캐릭터,지니맘 큐빅십자수  DIY: 7번 소녀1  (15cm 20cm)
621258885,SELLBLOG,NORMAL,배송빠르고좋아요!!!!!!!,2019-01-09T04:49:08.000+0000,STOREFARM,5,지니맘 어린이 보석십자수 캐릭터,지니맘 큐빅십자수  DIY: 3번 분홍사슴 (15cm 20cm)
619506030,SELLBLOG,NORMAL,시간가는줄 모르고하네요~,2019-01-04T11:43:46.000+0000,STOREFARM,5,지니맘 어린이 보석십자수 캐릭터,지니맘 큐빅십자수  DIY: 1번 유니콘 (15cm 20cm)
619505976,SELLBLOG,NORMAL,시간가는줄 모르고하네요~,2019-01-04T11:43:37.000+0000,STOREFARM,5,지니맘 어린이 보석십자수 캐릭터,지니맘 큐빅십자수  DIY: 3번 분홍사슴 (15cm 20cm)
619505902,SELLBLOG,NORMAL,시간가는줄 모르고하네요~,2019-01-04T11:43:25.000+0000,STOREFARM,5,지니맘 어린이 보석십자수 캐릭터,지니맘 큐빅십자수  DIY: 2번 보라유니콘 (15cm 20cm)
619796034,SELLBLOG,NORMAL,아이들이 아주아주 좋아해요,2019-01-05T09:36:50.000+0000,STOREFARM,5,지니맘 어린이 보석십자수 캐릭터,지니맘 큐빅십자수  DIY: 22번 부엉이 (15cm 20cm)
619796340,SELLBLOG,NORMAL,아이들이 아주아주 좋아합니다,2019-01-05T09:37:48.000+0000,STOREFARM,5,지니맘 어린이 보석십자수 캐릭터,지니맘 큐빅십자수  DIY: 1번 유니콘 (15cm 20cm)
619796291,SELLBLOG,NORMAL,아이들이 아주아주 좋아합니다,2019-01-05T09:37:37.000+0000,STOREFARM,5,지니맘 어린이 보석십자수 캐릭터,지니맘 큐빅십자수  DIY: 4번 홍학 (15cm 20cm)
619796208,SELLBLOG,NORMAL,아이들이 아주아주 좋아합니다,2019-01-05T09:37:20.000+0000,STOREFARM,5,지니맘 어린이 보석십자수 캐릭터,지니맘 큐빅십자수  DIY: 10번 안경토끼 (15cm 20cm)
619576074,SELLBLOG,NORMAL,가성비괜찮고 예쁘네요,2019-01-04T15:19:40.000+0000,STOREFARM,5,지니맘 어린이 보석십자수 캐릭터,지니맘 큐빅십자수  DIY: 17번 가면 (15cm 20cm)
619167502,SELLBLOG,NORMAL,좋아요~~ 맘에 쏙드네요^^,2019-01-03T16:06:44.000+0000,STOREFARM,5,지니맘 어린이 보석십자수 캐릭터,지니맘 큐빅십자수  DIY: 23번 사자 (15cm 20cm)
619153145,SELLBLOG,NORMAL,"아이들 방학이라 주문했는ㄷㅔ
너무좋아해요",2019-01-03T15:12:30.000+0000,STOREFARM,4,지니맘 어린이 보석십자수 캐릭터,지니맘 큐빅십자수  DIY: 4번 홍학 (15cm 20cm)
619934963,SELLBLOG,NORMAL,아이들이 좋아해요.,2019-01-05T20:11:29.000+0000,STOREFARM,5,지니맘 어린이 보석십자수 캐릭터,지니맘 큐빅십자수  DIY: 3번 달팽이(15cm 15cm)
619934958,SELLBLOG,NORMAL,아이들이 좋아해요.,2019-01-05T20:11:21.000+0000,STOREFARM,5,지니맘 어린이 보석십자수 캐릭터,지니맘 큐빅십자수  DIY: 1번 사탕(15cm 15cm)
619934946,SELLBLOG,NORMAL,아이들이 좋아해요.,2019-01-05T20:11:00.000+0000,STOREFARM,5,지니맘 어린이 보석십자수 캐릭터,지니맘 큐빅십자수  DIY: 1번 유니콘 (15cm 20cm)
619934943,SELLBLOG,NORMAL,아이들이 좋아해요.,2019-01-05T20:10:52.000+0000,STOREFARM,5,지니맘 어린이 보석십자수 캐릭터,지니맘 큐빅십자수  DIY: 24번 미니1 (15cm 20cm)
617392734,SELLBLOG,NORMAL,제가 좋아하는 캐릭터들 반짝이는게 포인트 너무 이뻐요,2018-12-29T04:48:16.000+0000,STOREFARM,5,지니맘 어린이 보석십자수 캐릭터,지니맘 큐빅십자수  DIY: 16번 별 (15cm 20cm)
613221833,SELLBLOG,NORMAL,"아이들이 아주 좋아해서 받은 날 하나 완성하고, 열심히 하는  중입니다. 액자에 넣고 싶다고 해서 나중에 액자 구매할게요^^",2018-12-18T02:45:25.000+0000,STOREFARM,5,지니맘 어린이 보석십자수 캐릭터,지니맘 큐빅십자수  DIY: 26번 돌고래(15cm 20cm)
611412159,SELLBLOG,AFTER_USE,아이들이 하기좋고 예뻐요,2018-12-13T12:26:14.000+0000,STOREFARM,5,지니맘 어린이 보석십자수 캐릭터,지니맘 큐빅십자수  DIY: 1번 유니콘 (15cm 20cm)
618170029,SELLBLOG,NORMAL,"아이들에게너무좋아요
배송도빠릅니다",2018-12-31T16:16:53.000+0000,STOREFARM,5,지니맘 어린이 보석십자수 캐릭터,지니맘 큐빅십자수  DIY: 13번 스폰지 (15cm 20cm)
619246197,SELLBLOG,NORMAL,애들이 너무 좋아해요,2019-01-04T01:06:58.000+0000,STOREFARM,5,지니맘 어린이 보석십자수 캐릭터,지니맘 큐빅십자수  DIY: 12번 슈퍼 (15cm 20cm)
619246108,SELLBLOG,NORMAL,애들이 너무 좋아해요,2019-01-04T01:06:43.000+0000,STOREFARM,5,지니맘 어린이 보석십자수 캐릭터,지니맘 큐빅십자수  DIY: 1번 유니콘 (15cm 20cm)
615507606,SELLBLOG,AFTER_USE,"아이가좋아해서여러개구입.
집중력에좋을듯요^^",2018-12-23T14:36:31.000+0000,STOREFARM,4,지니맘 어린이 보석십자수 캐릭터,지니맘 큐빅십자수  DIY: 25번 미니2  (15cm 20cm)
617261668,SELLBLOG,NORMAL,"딸아이가 너무좋아해요
선물로도 굿~~!!!",2018-12-28T13:31:49.000+0000,STOREFARM,5,지니맘 어린이 보석십자수 캐릭터,지니맘 큐빅십자수  DIY: 1번 유니콘 (15cm 20cm)
617409247,SELLBLOG,AFTER_USE,너무예뻐요. 아이들이 좋아하네요,2018-12-29T05:44:21.000+0000,STOREFARM,5,지니맘 어린이 보석십자수 캐릭터,지니맘 큐빅십자수  DIY: 4번 홍학 (15cm 20cm)
617409163,SELLBLOG,AFTER_USE,너무예뻐요. 아이들이 좋아하네요,2018-12-29T05:44:06.000+0000,STOREFARM,5,지니맘 어린이 보석십자수 캐릭터,지니맘 큐빅십자수  DIY: 25번 미니2  (15cm 20cm)
617409085,SELLBLOG,AFTER_USE,너무예뻐요. 아이들이 좋아하네요,2018-12-29T05:43:50.000+0000,STOREFARM,5,지니맘 어린이 보석십자수 캐릭터,지니맘 큐빅십자수  DIY: 22번 부엉이 (15cm 20cm)
618013775,SELLBLOG,NORMAL,"디자인도 깔끔해서 좋고
비즈 넉넉해서 굿",2018-12-31T04:17:11.000+0000,STOREFARM,5,지니맘 어린이 보석십자수 캐릭터,지니맘 큐빅십자수  DIY: 22번 부엉이 (15cm 20cm)
615734551,SELLBLOG,NORMAL,"크리스마스 선물로 준비했어요
아이가 많이 좋아할듯해요",2018-12-24T05:48:23.000+0000,STOREFARM,5,지니맘 어린이 보석십자수 캐릭터,지니맘 큐빅십자수  DIY: 9번 겨울사슴 (15cm 20cm)
617480272,SELLBLOG,NORMAL,집중력향상에도 좋고 성취감도 있어  적극추천,2018-12-29T09:44:24.000+0000,STOREFARM,5,지니맘 어린이 보석십자수 캐릭터,지니맘 큐빅십자수  DIY: 5번 펭귄(15cm 15cm)
618984306,SELLBLOG,NORMAL,조카들이 조용해집니다 ㅋ,2019-01-03T08:48:45.000+0000,STOREFARM,5,지니맘 어린이 보석십자수 캐릭터,지니맘 큐빅십자수  DIY: 15번 베트맨 (15cm 20cm)
619153050,SELLBLOG,NORMAL,오늘받았는데딱좋네요ㅋㅋ,2019-01-03T15:12:10.000+0000,STOREFARM,4,지니맘 어린이 보석십자수 캐릭터,지니맘 큐빅십자수  DIY: 3번 분홍사슴 (15cm 20cm)
618014182,SELLBLOG,NORMAL,가격 배송 내용물 모두 만족합니다,2018-12-31T04:18:20.000+0000,STOREFARM,5,지니맘 어린이 보석십자수 캐릭터,지니맘 큐빅십자수  DIY: 6번 소녀  (15cm 20cm)
617731545,SELLBLOG,NORMAL,애들하라고샀는데 재밌어서 제가했네요 ㅋㅋ,2018-12-30T07:16:55.000+0000,STOREFARM,5,지니맘 어린이 보석십자수 캐릭터,지니맘 큐빅십자수  DIY: 13번 스폰지 (15cm 20cm)
618984053,SELLBLOG,NORMAL,조카가  좋아합니다,2019-01-03T08:48:13.000+0000,STOREFARM,5,지니맘 어린이 보석십자수 캐릭터,지니맘 큐빅십자수  DIY: 26번 돌고래(15cm 20cm)
617251916,SELLBLOG,NORMAL,"좋아요~~추천합니다.
배송도 빠르네요",2018-12-28T12:56:35.000+0000,STOREFARM,4,지니맘 어린이 보석십자수 캐릭터,지니맘 큐빅십자수  DIY: 22번 부엉이 (15cm 20cm)
627863964,SELLBLOG,NORMAL,좋아요 좋아요  좋아요를,2019-01-25T07:28:26.000+0000,STOREFARM,3,지니맘 어린이 보석십자수 캐릭터,지니맘 큐빅십자수  DIY: 3번 분홍사슴 (15cm 20cm)
616344339,SELLBLOG,AFTER_USE,매우 만족합니다..아이가 좋아해요,2018-12-26T04:14:27.000+0000,STOREFARM,5,지니맘 어린이 보석십자수 캐릭터,지니맘 큐빅십자수  DIY: 17번 가면 (15cm 20cm)
616344174,SELLBLOG,AFTER_USE,매우 만족합니다..아이가 좋아해요,2018-12-26T04:14:04.000+0000,STOREFARM,5,지니맘 어린이 보석십자수 캐릭터,지니맘 큐빅십자수  DIY: 2번 보라유니콘 (15cm 20cm)
627864111,SELLBLOG,NORMAL,좋아요  좋아요 좋아요  좋아요,2019-01-25T07:28:52.000+0000,STOREFARM,3,지니맘 어린이 보석십자수 캐릭터,지니맘 큐빅십자수  DIY: 9번 겨울사슴 (15cm 20cm)
617606772,SELLBLOG,NORMAL,4학년 아들도 집중하며 재미나하네요.,2018-12-29T23:27:00.000+0000,STOREFARM,5,지니맘 어린이 보석십자수 캐릭터,지니맘 큐빅십자수  DIY: 17번 가면 (15cm 20cm)
618571638,SELLBLOG,NORMAL,배송이빨라좋았어요^^,2019-01-02T08:14:56.000+0000,STOREFARM,5,지니맘 어린이 보석십자수 캐릭터,지니맘 큐빅십자수  DIY: 1번 유니콘 (15cm 20cm)
617247926,SELLBLOG,NORMAL,아이가 너무 좋아해서  두번째구입합니다.,2018-12-28T12:42:42.000+0000,STOREFARM,5,지니맘 어린이 보석십자수 캐릭터,지니맘 큐빅십자수  DIY: 22번 부엉이 (15cm 20cm)
617782140,SELLBLOG,NORMAL,아이들이 재미있게 하고 이써요^^,2018-12-30T10:16:31.000+0000,STOREFARM,5,지니맘 어린이 보석십자수 캐릭터,지니맘 큐빅십자수  DIY: 13번 스폰지 (15cm 20cm)
619167550,SELLBLOG,NORMAL,마음에 쏙 듭니다~~ 굿굿,2019-01-03T16:06:59.000+0000,STOREFARM,5,지니맘 어린이 보석십자수 캐릭터,지니맘 큐빅십자수  DIY: 26번 돌고래(15cm 20cm)
617251748,SELLBLOG,NORMAL,배송빠르고 만들어 놓으니 예쁘네요.,2018-12-28T12:56:04.000+0000,STOREFARM,4,지니맘 어린이 보석십자수 캐릭터,지니맘 큐빅십자수  DIY: 21번 별유니콘 (15cm 20cm)
617392982,SELLBLOG,NORMAL,금방끝나고 쉽고 작은 액자로 딱!,2018-12-29T04:49:04.000+0000,STOREFARM,5,지니맘 어린이 보석십자수 캐릭터,지니맘 큐빅십자수  DIY: 14번 슈퍼맨 (15cm 20cm)
617252254,SELLBLOG,NORMAL,가격이 살짝 부담되지만 재밌네요.,2018-12-28T12:57:47.000+0000,STOREFARM,4,지니맘 어린이 보석십자수 캐릭터,지니맘 큐빅십자수  DIY: 2번 토끼(15cm 15cm)
619153284,SELLBLOG,NORMAL,아이들이 너무 재밋ㅇㅓ합니딘,2019-01-03T15:12:50.000+0000,STOREFARM,4,지니맘 어린이 보석십자수 캐릭터,지니맘 큐빅십자수  DIY: 1번 유니콘 (15cm 20cm)
617611878,SELLBLOG,NORMAL,아이가 너무 좋아해요,2018-12-30T00:07:29.000+0000,STOREFARM,5,지니맘 어린이 보석십자수 캐릭터,지니맘 큐빅십자수  DIY: 1번 유니콘 (15cm 20cm)
617611830,SELLBLOG,NORMAL,아이가 너무좋아해요,2018-12-30T00:07:10.000+0000,STOREFARM,5,지니맘 어린이 보석십자수 캐릭터,지니맘 큐빅십자수  DIY: 22번 부엉이 (15cm 20cm)
612427030,SELLBLOG,NORMAL,아이들이 집중해서 합니다.성취감도 느끼고 아이 두뇌발달에 큰 도움이 될것 같아요,2018-12-16T06:41:13.000+0000,STOREFARM,5,지니맘 어린이 보석십자수 캐릭터,지니맘 큐빅십자수  DIY: 25번 미니2  (15cm 20cm)
614813364,SELLBLOG,NORMAL,"배송도 빠르고 완성하면 예쁘네요. 
7세, 10세 모두 좋아합니다.",2018-12-21T13:56:49.000+0000,STOREFARM,5,지니맘 어린이 보석십자수 캐릭터,지니맘 큐빅십자수  DIY: 4번 홍학 (15cm 20cm)
615734785,SELLBLOG,NORMAL,아이가 갖고 싶어했는데 이 상품은 훨씬 이쁘네요ᆢ,2018-12-24T05:48:56.000+0000,STOREFARM,5,지니맘 어린이 보석십자수 캐릭터,지니맘 큐빅십자수  DIY: 3번 분홍사슴 (15cm 20cm)
617252103,SELLBLOG,NORMAL,아이들과 함께하기 좋아요^,2018-12-28T12:57:16.000+0000,STOREFARM,4,지니맘 어린이 보석십자수 캐릭터,지니맘 큐빅십자수  DIY: 7번 소녀1  (15cm 20cm)
617782069,SELLBLOG,NORMAL,아이들이 좋아하네요^^,2018-12-30T10:16:18.000+0000,STOREFARM,5,지니맘 어린이 보석십자수 캐릭터,지니맘 큐빅십자수  DIY: 25번 미니2  (15cm 20cm)
617261480,SELLBLOG,NORMAL,딸아이가 너무좋아해요,2018-12-28T13:31:09.000+0000,STOREFARM,5,지니맘 어린이 보석십자수 캐릭터,지니맘 큐빅십자수  DIY: 11번 클로버 (15cm 20cm)
613267378,SELLBLOG,NORMAL,목디스크 걸리는줄 ㅎㅎ 세명이 달라붙어 두시간 했어요 ㅎㅎ 재밌었어요,2018-12-18T04:28:52.000+0000,STOREFARM,5,지니맘 어린이 보석십자수 캐릭터,지니맘 큐빅십자수  DIY: 1번 유니콘 (15cm 20cm)
616362672,SELLBLOG,NORMAL,크리스마스 선물로 해줬어요 넘 좋아하네요,2018-12-26T04:58:09.000+0000,STOREFARM,4,지니맘 어린이 보석십자수 캐릭터,지니맘 큐빅십자수  DIY: 22번 부엉이 (15cm 20cm)
617392539,SELLBLOG,NORMAL,아이언맨 짱 완전 이뻐요^^,2018-12-29T04:47:37.000+0000,STOREFARM,5,지니맘 어린이 보석십자수 캐릭터,지니맘 큐빅십자수  DIY: 17번 가면 (15cm 20cm)
625689679,SELLBLOG,NORMAL,반짝반짝 예쁩니다~,2019-01-20T01:45:03.000+0000,STOREFARM,5,지니맘 어린이 보석십자수 캐릭터,지니맘 큐빅십자수  DIY: 9번 겨울사슴 (15cm 20cm)
618014328,SELLBLOG,NORMAL,배송도 가격도 좋아요!,2018-12-31T04:18:45.000+0000,STOREFARM,5,지니맘 어린이 보석십자수 캐릭터,지니맘 큐빅십자수  DIY: 3번 분홍사슴 (15cm 20cm)
615685412,SELLBLOG,NORMAL,너무좋아해여 애들이 소근육키우는데짱,2018-12-24T03:53:02.000+0000,STOREFARM,5,지니맘 어린이 보석십자수 캐릭터,지니맘 큐빅십자수  DIY: 2번 보라유니콘 (15cm 20cm)
617034501,SELLBLOG,NORMAL,배송도 빠르고 작품도 이쁘네요,2018-12-28T01:22:17.000+0000,STOREFARM,5,지니맘 어린이 보석십자수 캐릭터,지니맘 큐빅십자수  DIY: 9번 겨울사슴 (15cm 20cm)
615684864,SELLBLOG,NORMAL,아이드너무좋아합니다 5세여아7세남아입니다,2018-12-24T03:51:41.000+0000,STOREFARM,5,지니맘 어린이 보석십자수 캐릭터,지니맘 큐빅십자수  DIY: 1번 유니콘 (15cm 20cm)
614813800,SELLBLOG,NORMAL,"깔끔한 도안이 마음에 듭니다. 
완성하면 뿌듯하니 아이들이 좋아합니다.",2018-12-21T13:58:11.000+0000,STOREFARM,5,지니맘 어린이 보석십자수 캐릭터,지니맘 큐빅십자수  DIY: 3번 분홍사슴 (15cm 20cm)
616749544,SELLBLOG,NORMAL,아이가선물로좋아해요,2018-12-27T06:18:52.000+0000,STOREFARM,5,지니맘 어린이 보석십자수 캐릭터,지니맘 큐빅십자수  DIY: 3번 분홍사슴 (15cm 20cm)
616749477,SELLBLOG,NORMAL,아이가선물로좋아해요,2018-12-27T06:18:42.000+0000,STOREFARM,5,지니맘 어린이 보석십자수 캐릭터,지니맘 큐빅십자수  DIY: 5번 펭귄(15cm 15cm)
608210384,SELLBLOG,NORMAL,6세여자아이 앉아서하는거라면 퍼즐 비즈 보석십자수 다 좋아하는데요 이건 가지고 다니기도 편하고 이쁘기도 하고 사이즈별로있어서 지루하지도 않아서 넘 좋아해요,2018-12-06T02:24:03.000+0000,STOREFARM,5,지니맘 어린이 보석십자수 캐릭터,지니맘 큐빅십자수  DIY: 8번 여우 (15cm 20cm)
615216238,SELLBLOG,NORMAL,"잘 받았어요.
큐빅도 넉넉하게 잘 왔어요",2018-12-22T21:58:35.000+0000,STOREFARM,5,지니맘 어린이 보석십자수 캐릭터,지니맘 큐빅십자수  DIY: 20번 거미 (15cm 20cm)
616764128,SELLBLOG,NORMAL,배송도 빠르고 좋아요,2018-12-27T06:56:42.000+0000,STOREFARM,5,지니맘 어린이 보석십자수 캐릭터,지니맘 큐빅십자수  DIY: 1번 유니콘 (15cm 20cm)
616764062,SELLBLOG,NORMAL,배송도 빠르고 좋아요,2018-12-27T06:56:31.000+0000,STOREFARM,5,지니맘 어린이 보석십자수 캐릭터,지니맘 큐빅십자수  DIY: 6번 소녀  (15cm 20cm)
616763981,SELLBLOG,NORMAL,배송도 빠르고 좋아요,2018-12-27T06:56:18.000+0000,STOREFARM,5,지니맘 어린이 보석십자수 캐릭터,지니맘 큐빅십자수  DIY: 22번 부엉이 (15cm 20cm)
613353464,SELLBLOG,AFTER_USE,아이가 너무 좋아해요. 다음에 또 구매의사 있어요,2018-12-18T07:25:42.000+0000,STOREFARM,5,지니맘 어린이 보석십자수 캐릭터,지니맘 큐빅십자수  DIY: 1번 유니콘 (15cm 20cm)
617392830,SELLBLOG,NORMAL,너무 쉽고 멋있어요^^,2018-12-29T04:48:35.000+0000,STOREFARM,5,지니맘 어린이 보석십자수 캐릭터,지니맘 큐빅십자수  DIY: 15번 베트맨 (15cm 20cm)
612961759,SELLBLOG,NORMAL,초등저학년 여자 아이가 하기에 적당하고 색감도 알록달록하니 재미 있어 하네요,2018-12-17T09:24:32.000+0000,STOREFARM,5,지니맘 어린이 보석십자수 캐릭터,지니맘 큐빅십자수  DIY: 13번 스폰지 (15cm 20cm)
615065234,SELLBLOG,NORMAL,예쁘고 좋아요 애가 좋아해요,2018-12-22T09:15:49.000+0000,STOREFARM,5,지니맘 어린이 보석십자수 캐릭터,지니맘 큐빅십자수  DIY: 22번 부엉이 (15cm 20cm)
615064990,SELLBLOG,NORMAL,예쁘고 좋아요 애가 좋아해요,2018-12-22T09:15:05.000+0000,STOREFARM,5,지니맘 어린이 보석십자수 캐릭터,지니맘 큐빅십자수  DIY: 21번 별유니콘 (15cm 20cm)
616614127,SELLBLOG,NORMAL,아이가 너무조아해요,2018-12-26T20:50:35.000+0000,STOREFARM,3,지니맘 어린이 보석십자수 캐릭터,지니맘 큐빅십자수  DIY: 17번 가면 (15cm 20cm)
616363700,SELLBLOG,NORMAL,집중력 키우기 좋은듯요,2018-12-26T05:01:06.000+0000,STOREFARM,4,지니맘 어린이 보석십자수 캐릭터,지니맘 큐빅십자수  DIY: 26번 돌고래(15cm 20cm)
614701117,SELLBLOG,NORMAL,예뻐요. 아이가 좋아합니다,2018-12-21T08:07:39.000+0000,STOREFARM,5,지니맘 어린이 보석십자수 캐릭터,지니맘 큐빅십자수  DIY: 17번 가면 (15cm 20cm)
614700703,SELLBLOG,NORMAL,예뻐요. 아이가 좋아합니다,2018-12-21T08:06:34.000+0000,STOREFARM,5,지니맘 어린이 보석십자수 캐릭터,지니맘 큐빅십자수  DIY: 15번 베트맨 (15cm 20cm)
615685242,SELLBLOG,NORMAL,너무좋아합니다5세여아7세남아입니다,2018-12-24T03:52:38.000+0000,STOREFARM,5,지니맘 어린이 보석십자수 캐릭터,지니맘 큐빅십자수  DIY: 17번 가면 (15cm 20cm)
615622690,SELLBLOG,NORMAL,배송빠르고 생각보다 괜찮습니다,2018-12-24T01:33:07.000+0000,STOREFARM,3,지니맘 어린이 보석십자수 캐릭터,지니맘 큐빅십자수  DIY: 23번 사자 (15cm 20cm)
615685036,SELLBLOG,NORMAL,너무좋아해요5세여아7세남아입니다,2018-12-24T03:52:06.000+0000,STOREFARM,5,지니맘 어린이 보석십자수 캐릭터,지니맘 큐빅십자수  DIY: 16번 별 (15cm 20cm)
616763900,SELLBLOG,NORMAL,배송도 빠르고 좋아요~~,2018-12-27T06:56:06.000+0000,STOREFARM,5,지니맘 어린이 보석십자수 캐릭터,지니맘 큐빅십자수  DIY: 23번 사자 (15cm 20cm)
616450130,SELLBLOG,NORMAL,아이가 너무 좋아해요~~,2018-12-26T08:44:38.000+0000,STOREFARM,5,지니맘 어린이 보석십자수 캐릭터,지니맘 큐빅십자수  DIY: 26번 돌고래(15cm 20cm)
616362875,SELLBLOG,NORMAL,아이가 넘 좋아해요~,2018-12-26T04:58:43.000+0000,STOREFARM,4,지니맘 어린이 보석십자수 캐릭터,지니맘 큐빅십자수  DIY: 23번 사자 (15cm 20cm)
615842499,SELLBLOG,NORMAL,아이가 너무 잼있어 해요~,2018-12-24T11:27:18.000+0000,STOREFARM,5,지니맘 어린이 보석십자수 캐릭터,지니맘 큐빅십자수  DIY: 12번 슈퍼 (15cm 20cm)
605474829,SELLBLOG,NORMAL,"딸이랑 같이 한 미니언즈 완성작이에요~~
딸도 너무 좋아라 하지만 엄마인 제가 더 푹빠졌어요ㅎ시간보내기 좋고 재밌네요 완성하고보니 반짝반짝 ~~~액자에 넣음 예쁠것같아요♡
큐빅 넉넉하게 챙겨주시니 걱정마세요ㅎㅎ",2018-11-29T07:02:04.000+0000,STOREFARM,5,지니맘 어린이 보석십자수 캐릭터,지니맘 큐빅십자수  DIY: 1번 유니콘 (15cm 20cm)
614949292,SELLBLOG,NORMAL,"디자인,색감 모두 아이가 좋아합니다.",2018-12-22T03:35:50.000+0000,STOREFARM,4,지니맘 어린이 보석십자수 캐릭터,지니맘 큐빅십자수  DIY: 21번 별유니콘 (15cm 20cm)
615622437,SELLBLOG,NORMAL,배송빠르고 괜찮네요,2018-12-24T01:32:37.000+0000,STOREFARM,3,지니맘 어린이 보석십자수 캐릭터,지니맘 큐빅십자수  DIY: 3번 분홍사슴 (15cm 20cm)
615622585,SELLBLOG,NORMAL,배송빠르고 괜찮습니다.,2018-12-24T01:32:55.000+0000,STOREFARM,3,지니맘 어린이 보석십자수 캐릭터,
615242576,SELLBLOG,NORMAL,아이들이 좋아라 하네요,2018-12-23T00:49:07.000+0000,STOREFARM,5,지니맘 어린이 보석십자수 캐릭터,지니맘 큐빅십자수  DIY: 2번 보라유니콘 (15cm 20cm)
616346812,SELLBLOG,AFTER_USE,매우 만족합니다~~~,2018-12-26T04:20:11.000+0000,STOREFARM,5,지니맘 어린이 보석십자수 캐릭터,지니맘 큐빅십자수  DIY: 1번 유니콘 (15cm 20cm)
616346669,SELLBLOG,AFTER_USE,매우 만족합니다~~~,2018-12-26T04:19:51.000+0000,STOREFARM,5,지니맘 어린이 보석십자수 캐릭터,지니맘 큐빅십자수  DIY: 3번 분홍사슴 (15cm 20cm)
616346492,SELLBLOG,AFTER_USE,매우 만족합니다~~~,2018-12-26T04:19:31.000+0000,STOREFARM,5,지니맘 어린이 보석십자수 캐릭터,지니맘 큐빅십자수  DIY: 7번 소녀1  (15cm 20cm)
616346306,SELLBLOG,AFTER_USE,매우 만족합니다~~~,2018-12-26T04:19:05.000+0000,STOREFARM,5,지니맘 어린이 보석십자수 캐릭터,지니맘 큐빅십자수  DIY: 13번 스폰지 (15cm 20cm)
616346163,SELLBLOG,AFTER_USE,매우 만족합니다~~~,2018-12-26T04:18:46.000+0000,STOREFARM,5,지니맘 어린이 보석십자수 캐릭터,지니맘 큐빅십자수  DIY: 17번 가면 (15cm 20cm)
616346031,SELLBLOG,AFTER_USE,매우 만족합니다~~~,2018-12-26T04:18:27.000+0000,STOREFARM,5,지니맘 어린이 보석십자수 캐릭터,지니맘 큐빅십자수  DIY: 18번 망치 (15cm 20cm)
616345880,SELLBLOG,AFTER_USE,매우 만족합니다~~~,2018-12-26T04:18:04.000+0000,STOREFARM,5,지니맘 어린이 보석십자수 캐릭터,지니맘 큐빅십자수  DIY: 17번 가면 (15cm 20cm)
616345753,SELLBLOG,AFTER_USE,매우 만족합니다~~~,2018-12-26T04:17:46.000+0000,STOREFARM,5,지니맘 어린이 보석십자수 캐릭터,지니맘 큐빅십자수  DIY: 1번 유니콘 (15cm 20cm)
616345583,SELLBLOG,AFTER_USE,매우 만족합니다~~~,2018-12-26T04:17:22.000+0000,STOREFARM,5,지니맘 어린이 보석십자수 캐릭터,지니맘 큐빅십자수  DIY: 2번 보라유니콘 (15cm 20cm)
616345457,SELLBLOG,AFTER_USE,매우 만족합니다~~~,2018-12-26T04:17:03.000+0000,STOREFARM,5,지니맘 어린이 보석십자수 캐릭터,지니맘 큐빅십자수  DIY: 7번 소녀1  (15cm 20cm)
616345337,SELLBLOG,AFTER_USE,매우 만족합니다~~~,2018-12-26T04:16:44.000+0000,STOREFARM,5,지니맘 어린이 보석십자수 캐릭터,지니맘 큐빅십자수  DIY: 22번 부엉이 (15cm 20cm)
613352679,SELLBLOG,AFTER_USE,심심해하는 딸아이의 취미생활에 딱이에요,2018-12-18T07:24:10.000+0000,STOREFARM,5,지니맘 어린이 보석십자수 캐릭터,지니맘 큐빅십자수  DIY: 7번 소녀1  (15cm 20cm)
615842702,SELLBLOG,NORMAL,너무 잘 산거 같아요~~,2018-12-24T11:28:02.000+0000,STOREFARM,5,지니맘 어린이 보석십자수 캐릭터,지니맘 큐빅십자수  DIY: 20번 거미 (15cm 20cm)
614543659,SELLBLOG,NORMAL,배송 빠르고 아이가 좋아해요,2018-12-21T00:51:22.000+0000,STOREFARM,5,지니맘 어린이 보석십자수 캐릭터,지니맘 큐빅십자수  DIY: 21번 별유니콘 (15cm 20cm)
614543565,SELLBLOG,NORMAL,배송 빠르고 아이가 좋아해요,2018-12-21T00:51:04.000+0000,STOREFARM,5,지니맘 어린이 보석십자수 캐릭터,지니맘 큐빅십자수  DIY: 22번 부엉이 (15cm 20cm)
614813538,SELLBLOG,NORMAL,친구 생일선물로도 좋아요.,2018-12-21T13:57:25.000+0000,STOREFARM,5,지니맘 어린이 보석십자수 캐릭터,지니맘 큐빅십자수  DIY: 9번 겨울사슴 (15cm 20cm)
613353167,SELLBLOG,AFTER_USE,디자인이 예뻐서 아이방에 장식했어요,2018-12-18T07:25:08.000+0000,STOREFARM,5,지니맘 어린이 보석십자수 캐릭터,지니맘 큐빅십자수  DIY: 22번 부엉이 (15cm 20cm)
615842617,SELLBLOG,NORMAL,아이가 좋아해요~~,2018-12-24T11:27:45.000+0000,STOREFARM,5,지니맘 어린이 보석십자수 캐릭터,지니맘 큐빅십자수  DIY: 17번 가면 (15cm 20cm)
613180993,SELLBLOG,NORMAL,넘 재밌구 포장도 꼼꼼히 잘되서 왔어요,2018-12-18T01:17:59.000+0000,STOREFARM,5,지니맘 어린이 보석십자수 캐릭터,지니맘 큐빅십자수  DIY: 1번 유니콘 (15cm 20cm)
616364909,SELLBLOG,NORMAL,이뻐요 잘만들게요^^,2018-12-26T05:04:00.000+0000,STOREFARM,4,지니맘 어린이 보석십자수 캐릭터,지니맘 큐빅십자수  DIY: 1번 유니콘 (15cm 20cm)
608777343,SELLBLOG,NORMAL,"품절되 매일같이 들어가 확인하고 입고되자마자 구입하였습니다.
배송도 빠르고 아이들이 받고난뒤에 너무 좋아했습니다.",2018-12-07T09:47:20.000+0000,STOREFARM,5,지니맘 어린이 보석십자수 캐릭터,지니맘 큐빅십자수  DIY: 13번 스폰지 (15cm 20cm)
621993071,SELLBLOG,NORMAL,이뻐요 재밌어요 또구매할께요,2019-01-10T15:07:07.000+0000,STOREFARM,5,지니맘 어린이 보석십자수 캐릭터,지니맘 큐빅십자수  DIY: 2번 보라유니콘 (15cm 20cm)
616364067,SELLBLOG,NORMAL,넘 이뻐요 좋아요^^,2018-12-26T05:02:00.000+0000,STOREFARM,4,지니맘 어린이 보석십자수 캐릭터,지니맘 큐빅십자수  DIY: 2번 보라유니콘 (15cm 20cm)
621993036,SELLBLOG,NORMAL,이뻐요 재밌어요 또구매할께요,2019-01-10T15:06:59.000+0000,STOREFARM,5,지니맘 어린이 보석십자수 캐릭터,지니맘 큐빅십자수  DIY: 3번 분홍사슴 (15cm 20cm)
621992984,SELLBLOG,NORMAL,이뻐요 재밌어요 또구매할께요,2019-01-10T15:06:49.000+0000,STOREFARM,5,지니맘 어린이 보석십자수 캐릭터,지니맘 큐빅십자수  DIY: 1번 유니콘 (15cm 20cm)
612292992,SELLBLOG,NORMAL,이쁩니다 하기도 편하고 애들이 좋아합니다,2018-12-15T23:50:34.000+0000,STOREFARM,4,지니맘 어린이 보석십자수 캐릭터,지니맘 큐빅십자수  DIY: 6번 소녀  (15cm 20cm)
615274397,SELLBLOG,NORMAL,ㅣ학년 여자아이 너무좋아하네요ㅡ,2018-12-23T02:25:14.000+0000,STOREFARM,4,지니맘 어린이 보석십자수 캐릭터,지니맘 큐빅십자수  DIY: 21번 별유니콘 (15cm 20cm)
613352887,SELLBLOG,AFTER_USE,디자인이 다양하고 예뻐요,2018-12-18T07:24:34.000+0000,STOREFARM,5,지니맘 어린이 보석십자수 캐릭터,지니맘 큐빅십자수  DIY: 6번 소녀  (15cm 20cm)
616363929,SELLBLOG,NORMAL,집중도 짱!!!!!,2018-12-26T05:01:39.000+0000,STOREFARM,4,지니맘 어린이 보석십자수 캐릭터,지니맘 큐빅십자수  DIY: 7번 소녀1  (15cm 20cm)
612292876,SELLBLOG,NORMAL,선물용으로도 사고 직접하고 울딸 좋아해용. 이뻐용,2018-12-15T23:49:51.000+0000,STOREFARM,4,지니맘 어린이 보석십자수 캐릭터,지니맘 큐빅십자수  DIY: 7번 소녀1  (15cm 20cm)
601138582,SELLBLOG,NORMAL,화면 그대로예요 큐빅도 넉넉히 챙겨주셔서 시간 가는 줄 모르고 아이랑 만들었어요,2018-11-18T09:01:16.000+0000,STOREFARM,5,지니맘 어린이 보석십자수 캐릭터,지니맘 큐빅십자수  DIY: 1번 유니콘 (15cm 20cm)
610771731,SELLBLOG,NORMAL,배송 빠르구요 아이들이 좋아하네요,2018-12-12T06:22:19.000+0000,STOREFARM,5,지니맘 어린이 보석십자수 캐릭터,지니맘 큐빅십자수  DIY: 1번 유니콘 (15cm 20cm)
613063148,SELLBLOG,AFTER_USE,간편하게 아이들도 잘행ᆢ,2018-12-17T14:03:53.000+0000,STOREFARM,5,지니맘 어린이 보석십자수 캐릭터,지니맘 큐빅십자수  DIY: 9번 겨울사슴 (15cm 20cm)
613266946,SELLBLOG,NORMAL,다붙이고 나니 예쁘네요 ^^,2018-12-18T04:27:56.000+0000,STOREFARM,5,지니맘 어린이 보석십자수 캐릭터,지니맘 큐빅십자수  DIY: 4번 홍학 (15cm 20cm)
612962214,SELLBLOG,NORMAL,배송도 빨라서 좋아요,2018-12-17T09:25:39.000+0000,STOREFARM,5,지니맘 어린이 보석십자수 캐릭터,지니맘 큐빅십자수  DIY: 23번 사자 (15cm 20cm)
609593193,SELLBLOG,NORMAL,산거 다 만들면 또 사려구요 너무 이쁘네요,2018-12-09T14:22:00.000+0000,STOREFARM,5,지니맘 어린이 보석십자수 캐릭터,지니맘 큐빅십자수  DIY: 1번 유니콘 (15cm 20cm)
611927072,SELLBLOG,AFTER_USE,햐양 또는 검정 액자가 예쁘네요,2018-12-15T00:37:50.000+0000,STOREFARM,4,지니맘 어린이 보석십자수 캐릭터,지니맘 큐빅십자수  DIY: 17번 가면 (15cm 20cm)
607145178,SELLBLOG,AFTER_USE,작품 만드는데 아이들이 엄청 좋아하면서 집중하네요. 액자에 넣으니 더 예쁘네요!,2018-12-03T14:35:38.000+0000,STOREFARM,5,지니맘 어린이 보석십자수 캐릭터,지니맘 큐빅십자수  DIY: 24번 미니1 (15cm 20cm)
607145097,SELLBLOG,AFTER_USE,작품 만드는데 아이들이 엄청 좋아하면서 집중하네요. 액자에 넣으니 더 예쁘네요!,2018-12-03T14:35:19.000+0000,STOREFARM,5,지니맘 어린이 보석십자수 캐릭터,지니맘 큐빅십자수  DIY: 1번 유니콘 (15cm 20cm)
607145035,SELLBLOG,AFTER_USE,작품 만드는데 아이들이 엄청 좋아하면서 집중하네요. 액자에 넣으니 더 예쁘네요!,2018-12-03T14:35:07.000+0000,STOREFARM,5,지니맘 어린이 보석십자수 캐릭터,지니맘 큐빅십자수  DIY: 23번 사자 (15cm 20cm)
612962334,SELLBLOG,NORMAL,아이가 넘 좋아해요,2018-12-17T09:25:58.000+0000,STOREFARM,5,지니맘 어린이 보석십자수 캐릭터,지니맘 큐빅십자수  DIY: 22번 부엉이 (15cm 20cm)
606183494,SELLBLOG,NORMAL,생각보다 반짝거려서 너무 예쁘네요. 아직 완성하지 못했지만 다하고 액자해놓으면 멋질것같아요~~,2018-12-01T05:28:06.000+0000,STOREFARM,5,지니맘 어린이 보석십자수 캐릭터,지니맘 큐빅십자수  DIY: 4번 홍학 (15cm 20cm)
609217384,SELLBLOG,NORMAL,완성하면 너무 이쁠게 같아요. 배송도 빨라요,2018-12-08T13:37:29.000+0000,STOREFARM,5,지니맘 어린이 보석십자수 캐릭터,지니맘 큐빅십자수  DIY: 11번 클로버 (15cm 20cm)
611926948,SELLBLOG,AFTER_USE,더 다양한 케릭터 안 나올까요?,2018-12-15T00:37:25.000+0000,STOREFARM,4,지니맘 어린이 보석십자수 캐릭터,지니맘 큐빅십자수  DIY: 18번 망치 (15cm 20cm)
609217756,SELLBLOG,NORMAL,완성했는데 예뻐요. 힐링타임입니다,2018-12-08T13:38:31.000+0000,STOREFARM,5,지니맘 어린이 보석십자수 캐릭터,지니맘 큐빅십자수  DIY: 3번 분홍사슴 (15cm 20cm)
609484835,SELLBLOG,NORMAL,"반짝반짝 너무예뻐요~
하고나니 뿌듯하네요",2018-12-09T09:24:18.000+0000,STOREFARM,5,지니맘 어린이 보석십자수 캐릭터,지니맘 큐빅십자수  DIY: 22번 부엉이 (15cm 20cm)
611926626,SELLBLOG,AFTER_USE,아이들이 재미있어해요,2018-12-15T00:36:26.000+0000,STOREFARM,4,지니맘 어린이 보석십자수 캐릭터,지니맘 큐빅십자수  DIY: 24번 미니1 (15cm 20cm)
611808043,SELLBLOG,NORMAL,꼼꼼하게 싸서 포장 왔어요,2018-12-14T12:07:38.000+0000,STOREFARM,5,지니맘 어린이 보석십자수 캐릭터,지니맘 큐빅십자수  DIY: 22번 부엉이 (15cm 20cm)
603631883,SELLBLOG,NORMAL,아이가좋아하고이뻐요.,2018-11-25T02:55:52.000+0000,STOREFARM,4,지니맘 어린이 보석십자수 캐릭터,지니맘 큐빅십자수  DIY: 23번 사자 (15cm 20cm)
603631686,SELLBLOG,NORMAL,아이가좋아하고 이뻐요.,2018-11-25T02:55:11.000+0000,STOREFARM,4,지니맘 어린이 보석십자수 캐릭터,지니맘 큐빅십자수  DIY: 1번 유니콘 (15cm 20cm)
612293053,SELLBLOG,NORMAL,이쁜거 잘 샀습니다,2018-12-15T23:50:55.000+0000,STOREFARM,4,지니맘 어린이 보석십자수 캐릭터,지니맘 큐빅십자수  DIY: 11번 클로버 (15cm 20cm)
611926810,SELLBLOG,AFTER_USE,품절 풀리면 또 사야죠,2018-12-15T00:36:57.000+0000,STOREFARM,4,지니맘 어린이 보석십자수 캐릭터,지니맘 큐빅십자수  DIY: 19번 방패 (15cm 20cm)
612961979,SELLBLOG,NORMAL,너무 너무 재미 있어요,2018-12-17T09:25:05.000+0000,STOREFARM,5,지니맘 어린이 보석십자수 캐릭터,지니맘 큐빅십자수  DIY: 12번 슈퍼 (15cm 20cm)
609520504,SELLBLOG,NORMAL,좋아요 아이가 많이 좋아하네요,2018-12-09T11:08:43.000+0000,STOREFARM,3,지니맘 어린이 보석십자수 캐릭터,지니맘 큐빅십자수  DIY: 7번 소녀1  (15cm 20cm)
609400277,SELLBLOG,NORMAL,"배송은빨라요
재고가빨리소진되는지
문자따로주셨고요",2018-12-09T04:59:11.000+0000,STOREFARM,4,지니맘 어린이 보석십자수 캐릭터,지니맘 큐빅십자수  DIY: 3번 분홍사슴 (15cm 20cm)
609136329,SELLBLOG,NORMAL,"아이가 너무 좋아해요.
반짝이는 비즈가 너무 예뻐요",2018-12-08T09:47:42.000+0000,STOREFARM,5,지니맘 어린이 보석십자수 캐릭터,지니맘 큐빅십자수  DIY: 10번 안경토끼 (15cm 20cm)
608714982,SELLBLOG,NORMAL,5살 딸래미 수준에 똭 맞아요~너무 좋아해요,2018-12-07T06:58:36.000+0000,STOREFARM,5,지니맘 어린이 보석십자수 캐릭터,지니맘 큐빅십자수  DIY: 1번 유니콘 (15cm 20cm)
611281367,SELLBLOG,NORMAL,시간가기 좋아요   다 만들면 이뻐요,2018-12-13T07:23:06.000+0000,STOREFARM,3,지니맘 어린이 보석십자수 캐릭터,지니맘 큐빅십자수  DIY: 6번 소녀  (15cm 20cm)
605585043,SELLBLOG,NORMAL,구매하실때 제품번호확인 잘하고 구매하세요. 저희 아들이 마리오 안왔다고 실망하네요,2018-11-29T11:38:54.000+0000,STOREFARM,5,지니맘 어린이 보석십자수 캐릭터,지니맘 큐빅십자수  DIY: 1번 유니콘 (15cm 20cm)
609425487,SELLBLOG,NORMAL,배송도 빠르고 물품도 안전하고 깔끔하게 도착했습니다,2018-12-09T06:16:53.000+0000,STOREFARM,5,지니맘 어린이 보석십자수 캐릭터,지니맘 큐빅십자수  DIY: 17번 가면 (15cm 20cm)
611145195,SELLBLOG,NORMAL,너무 예쁘고 정말 마음에 들어요~~!!,2018-12-13T02:21:55.000+0000,STOREFARM,5,지니맘 어린이 보석십자수 캐릭터,지니맘 큐빅십자수  DIY: 3번 분홍사슴 (15cm 20cm)
602134497,SELLBLOG,NORMAL,"9살 우리딸. 클레이공예에서 해보고, 사달라고 해서 주문. 저녁밥도 안먹고.^^;; 안경토끼부터 완성. 반짝반짝 이쁘네요. 그런데 함께 해보니, 눈이 피곤해서 며칠 쉬었다가 하라고 했네요.",2018-11-21T01:21:26.000+0000,STOREFARM,5,지니맘 어린이 보석십자수 캐릭터,지니맘 큐빅십자수  DIY: 10번 안경토끼 (15cm 20cm)
605404169,SELLBLOG,NORMAL,"큐빅이 반짝이면서 너무 이쁘네요
6살 아이가 집중하면서 해요~
근데 큐빅 뒷쪽이 불룩한 불량이 꽤 있어용",2018-11-29T04:04:48.000+0000,STOREFARM,4,지니맘 어린이 보석십자수 캐릭터,지니맘 큐빅십자수  DIY: 10번 안경토끼 (15cm 20cm)
609593022,SELLBLOG,NORMAL,다른 보석장난감관는 달리 너무 이쁘네요~,2018-12-09T14:21:31.000+0000,STOREFARM,5,지니맘 어린이 보석십자수 캐릭터,지니맘 큐빅십자수  DIY: 22번 부엉이 (15cm 20cm)
607309668,SELLBLOG,NORMAL,"아이가 좋아하네요!
두번째 구입입니다",2018-12-04T03:45:45.000+0000,STOREFARM,5,지니맘 어린이 보석십자수 캐릭터,지니맘 큐빅십자수  DIY: 1번 유니콘 (15cm 20cm)
611338077,SELLBLOG,NORMAL,아이들이 좋아하네요~^^,2018-12-13T09:30:48.000+0000,STOREFARM,5,지니맘 어린이 보석십자수 캐릭터,지니맘 큐빅십자수  DIY: 3번 분홍사슴 (15cm 20cm)
611338012,SELLBLOG,NORMAL,아이들이 좋아하네요~^^,2018-12-13T09:30:38.000+0000,STOREFARM,5,지니맘 어린이 보석십자수 캐릭터,지니맘 큐빅십자수  DIY: 13번 스폰지 (15cm 20cm)
611337937,SELLBLOG,NORMAL,아이들이 좋아하네요~^^,2018-12-13T09:30:30.000+0000,STOREFARM,5,지니맘 어린이 보석십자수 캐릭터,지니맘 큐빅십자수  DIY: 17번 가면 (15cm 20cm)
609817553,SELLBLOG,AFTER_USE,만들어놓으니 너무 이쁘네여,2018-12-10T04:52:04.000+0000,STOREFARM,3,지니맘 어린이 보석십자수 캐릭터,지니맘 큐빅십자수  DIY: 5번  반짝이 사슴 (15cm 20cm)
608941857,SELLBLOG,NORMAL,아이가 받자마자 하고싶다고 난리네요,2018-12-08T00:44:51.000+0000,STOREFARM,5,지니맘 어린이 보석십자수 캐릭터,지니맘 큐빅십자수  DIY: 1번 유니콘 (15cm 20cm)
608941820,SELLBLOG,NORMAL,아이가 받자마자 하고싶다고 난리네요,2018-12-08T00:44:45.000+0000,STOREFARM,5,지니맘 어린이 보석십자수 캐릭터,지니맘 큐빅십자수  DIY: 5번 펭귄(15cm 15cm)
608941778,SELLBLOG,NORMAL,아이가 받자마자 하고싶다고 난리네요,2018-12-08T00:44:38.000+0000,STOREFARM,5,지니맘 어린이 보석십자수 캐릭터,지니맘 큐빅십자수  DIY: 2번 보라유니콘 (15cm 20cm)
608941737,SELLBLOG,NORMAL,아이가 받자마자 하고싶다고 난리네요,2018-12-08T00:44:31.000+0000,STOREFARM,5,지니맘 어린이 보석십자수 캐릭터,지니맘 큐빅십자수  DIY: 3번 분홍사슴 (15cm 20cm)
608537941,SELLBLOG,NORMAL,아이들이 쉽게할수있어서 재미있어하네요~,2018-12-06T17:40:42.000+0000,STOREFARM,5,지니맘 어린이 보석십자수 캐릭터,지니맘 큐빅십자수  DIY: 2번 보라유니콘 (15cm 20cm)
606733958,SELLBLOG,NORMAL,"아이들이 정말 좋아해요~
완성하면 정말 이쁠것 같아요",2018-12-02T16:42:33.000+0000,STOREFARM,4,지니맘 어린이 보석십자수 캐릭터,지니맘 큐빅십자수  DIY: 2번 보라유니콘 (15cm 20cm)
605240308,SELLBLOG,NORMAL,상품은 완전만족 택배문제로 시간이 너무오래걸린게 좀 속상햇네요 그래도 친절하시고 재구매의사잇어요,2018-11-28T14:08:21.000+0000,STOREFARM,4,지니맘 어린이 보석십자수 캐릭터,지니맘 큐빅십자수  DIY: 1번 유니콘 (15cm 20cm)
611144916,SELLBLOG,NORMAL,너무 예쁘고 좋아요~!!,2018-12-13T02:21:21.000+0000,STOREFARM,5,지니맘 어린이 보석십자수 캐릭터,지니맘 큐빅십자수  DIY: 9번 겨울사슴 (15cm 20cm)
611281621,SELLBLOG,NORMAL,붙이기 수ㅏㅂ고 시간가는줄 몰라요,2018-12-13T07:23:43.000+0000,STOREFARM,3,지니맘 어린이 보석십자수 캐릭터,지니맘 큐빅십자수  DIY: 3번 분홍사슴 (15cm 20cm)
611281867,SELLBLOG,NORMAL,만들기 쉬워요  예뻐요,2018-12-13T07:24:14.000+0000,STOREFARM,3,지니맘 어린이 보석십자수 캐릭터,지니맘 큐빅십자수  DIY: 1번 유니콘 (15cm 20cm)
609817757,SELLBLOG,AFTER_USE,만들기가 재미있어요,2018-12-10T04:52:26.000+0000,STOREFARM,3,지니맘 어린이 보석십자수 캐릭터,지니맘 큐빅십자수  DIY: 19번 방패 (15cm 20cm)
609520791,SELLBLOG,NORMAL,아기가많이좋아해요요,2018-12-09T11:09:30.000+0000,STOREFARM,5,지니맘 어린이 보석십자수 캐릭터,지니맘 큐빅십자수  DIY: 1번 유니콘 (15cm 20cm)
609520700,SELLBLOG,NORMAL,아이사 많이좋아하네요,2018-12-09T11:09:16.000+0000,STOREFARM,5,지니맘 어린이 보석십자수 캐릭터,지니맘 큐빅십자수  DIY: 2번 보라유니콘 (15cm 20cm)
606965050,SELLBLOG,AFTER_USE,만족합니다.아이가 조아해요,2018-12-03T06:20:24.000+0000,STOREFARM,3,지니맘 어린이 보석십자수 캐릭터,지니맘 큐빅십자수  DIY: 22번 부엉이 (15cm 20cm)
611144776,SELLBLOG,NORMAL,예쁘고 좋아요~!!,2018-12-13T02:21:06.000+0000,STOREFARM,5,지니맘 어린이 보석십자수 캐릭터,지니맘 큐빅십자수  DIY: 22번 부엉이 (15cm 20cm)
608236963,SELLBLOG,NORMAL,남자아이들 조용히 시키는데 딱이네요.^^,2018-12-06T03:39:50.000+0000,STOREFARM,5,지니맘 어린이 보석십자수 캐릭터,지니맘 큐빅십자수  DIY: 24번 미니1 (15cm 20cm)
605583158,SELLBLOG,NORMAL,"빠른배송 좋아요.마리오 구매했는데,잘못 클릭. ..",2018-11-29T11:34:16.000+0000,STOREFARM,5,지니맘 어린이 보석십자수 캐릭터,지니맘 큐빅십자수  DIY: 22번 부엉이 (15cm 20cm)
608237335,SELLBLOG,NORMAL,잠시 집이 조용해지는 시간입니다.^^,2018-12-06T03:41:03.000+0000,STOREFARM,5,지니맘 어린이 보석십자수 캐릭터,지니맘 큐빅십자수  DIY: 9번 겨울사슴 (15cm 20cm)
608537979,SELLBLOG,NORMAL,큐빅도 넉넉해서 좋아요,2018-12-06T17:41:14.000+0000,STOREFARM,5,지니맘 어린이 보석십자수 캐릭터,지니맘 큐빅십자수  DIY: 3번 분홍사슴 (15cm 20cm)
608715132,SELLBLOG,NORMAL,딸래미가 너무 좋아해요~,2018-12-07T06:58:57.000+0000,STOREFARM,4,지니맘 어린이 보석십자수 캐릭터,지니맘 큐빅십자수  DIY: 22번 부엉이 (15cm 20cm)
515465190,SELLBLOG,NORMAL,사자이쁘네요 코팅책받침처럼 되어있네요 비즈는 크기가 다양해서 좋아요 근데 그림이 양면테이프로 붙여있어서 하다가 그만할때는 먼지가안들어가게 종이를 덮어놔야하는데 종이라 잘덮어지지않네요 그것빼고 만족합니다,2018-10-20T08:50:18.000+0000,STOREFARM,4,지니맘 어린이 보석십자수 캐릭터,지니맘 큐빅십자수  DIY: 5번 펭귄(15cm 15cm)
608237088,SELLBLOG,NORMAL,아이들이 쉽게 하기 좋아요.,2018-12-06T03:40:15.000+0000,STOREFARM,5,지니맘 어린이 보석십자수 캐릭터,지니맘 큐빅십자수  DIY: 16번 별 (15cm 20cm)
608237224,SELLBLOG,NORMAL,완성하면 뿌듯할 것 같아요.,2018-12-06T03:40:39.000+0000,STOREFARM,5,지니맘 어린이 보석십자수 캐릭터,지니맘 큐빅십자수  DIY: 25번 미니2  (15cm 20cm)
604098355,SELLBLOG,NORMAL,아이들이 너무 좋아해요 다하고 또 주문할게용,2018-11-26T04:50:25.000+0000,STOREFARM,4,지니맘 어린이 보석십자수 캐릭터,지니맘 큐빅십자수  DIY: 1번 유니콘 (15cm 20cm)
608538005,SELLBLOG,NORMAL,아이가 재미있어해요~,2018-12-06T17:41:29.000+0000,STOREFARM,5,지니맘 어린이 보석십자수 캐릭터,지니맘 큐빅십자수  DIY: 4번 홍학 (15cm 20cm)
604098628,SELLBLOG,NORMAL,아이들이 너무 좋아해요 담에 또주문할께용,2018-11-26T04:50:54.000+0000,STOREFARM,5,지니맘 어린이 보석십자수 캐릭터,지니맘 큐빅십자수  DIY: 18번 망치 (15cm 20cm)
604098577,SELLBLOG,NORMAL,아이들이 너무 좋아해요 담에 또주문할께용,2018-11-26T04:50:49.000+0000,STOREFARM,5,지니맘 어린이 보석십자수 캐릭터,지니맘 큐빅십자수  DIY: 22번 부엉이 (15cm 20cm)
604098526,SELLBLOG,NORMAL,아이들이 너무 좋아해요 담에 또주문할께용,2018-11-26T04:50:44.000+0000,STOREFARM,4,지니맘 어린이 보석십자수 캐릭터,
607332271,SELLBLOG,NORMAL,아이들이 너무 좋아하네요,2018-12-04T04:36:58.000+0000,STOREFARM,5,지니맘 어린이 보석십자수 캐릭터,지니맘 큐빅십자수  DIY: 19번 방패 (15cm 20cm)
607332220,SELLBLOG,NORMAL,아이들이 너무 좋아하네요,2018-12-04T04:36:50.000+0000,STOREFARM,5,지니맘 어린이 보석십자수 캐릭터,지니맘 큐빅십자수  DIY: 18번 망치 (15cm 20cm)
607332150,SELLBLOG,NORMAL,아이들이 너무 좋아하네요,2018-12-04T04:36:41.000+0000,STOREFARM,5,지니맘 어린이 보석십자수 캐릭터,지니맘 큐빅십자수  DIY: 1번 유니콘 (15cm 20cm)
607332045,SELLBLOG,NORMAL,아이들이 너무 좋아하네요,2018-12-04T04:36:29.000+0000,STOREFARM,5,지니맘 어린이 보석십자수 캐릭터,지니맘 큐빅십자수  DIY: 17번 가면 (15cm 20cm)
607331831,SELLBLOG,NORMAL,아이들이 너무좋아하네요,2018-12-04T04:36:02.000+0000,STOREFARM,5,지니맘 어린이 보석십자수 캐릭터,지니맘 큐빅십자수  DIY: 15번 베트맨 (15cm 20cm)
606734167,SELLBLOG,NORMAL,7세 9세 아이들 헸는데 집중해서 재미있게 하네요~~,2018-12-02T16:43:46.000+0000,STOREFARM,4,지니맘 어린이 보석십자수 캐릭터,지니맘 큐빅십자수  DIY: 1번 유니콘 (15cm 20cm)
606039019,SELLBLOG,NORMAL,아이가 정말 좋아하고 시간 보내기 좋으네요,2018-11-30T17:02:01.000+0000,STOREFARM,5,지니맘 어린이 보석십자수 캐릭터,지니맘 큐빅십자수  DIY: 1번 유니콘 (15cm 20cm)
606254125,SELLBLOG,NORMAL,아이가  좋아해서  너무기분이  좋았어요,2018-12-01T08:50:27.000+0000,STOREFARM,5,지니맘 어린이 보석십자수 캐릭터,지니맘 큐빅십자수  DIY: 25번 미니2  (15cm 20cm)
608537958,SELLBLOG,NORMAL,아이가 좋아라해요~~,2018-12-06T17:40:54.000+0000,STOREFARM,5,지니맘 어린이 보석십자수 캐릭터,지니맘 큐빅십자수  DIY: 1번 유니콘 (15cm 20cm)
602113045,SELLBLOG,NORMAL,넘넘 좋아요~~잼나게 했어요~큐빅도 넉넉하니 남아서 남은걸로 활용할수있고 좋네요,2018-11-21T00:27:03.000+0000,STOREFARM,4,지니맘 어린이 보석십자수 캐릭터,지니맘 큐빅십자수  DIY: 24번 미니1 (15cm 20cm)
606963984,SELLBLOG,AFTER_USE,아이가 좋아합니다. 재미써용,2018-12-03T06:18:09.000+0000,STOREFARM,4,지니맘 어린이 보석십자수 캐릭터,지니맘 큐빅십자수  DIY: 1번 유니콘 (15cm 20cm)
607162168,SELLBLOG,NORMAL,너무 예뻐서 토주문했어요.,2018-12-03T15:46:25.000+0000,STOREFARM,5,지니맘 어린이 보석십자수 캐릭터,지니맘 큐빅십자수  DIY: 1번 유니콘 (15cm 20cm)
607324381,SELLBLOG,NORMAL,빠른배송 감사합니다,2018-12-04T04:19:42.000+0000,STOREFARM,5,지니맘 어린이 보석십자수 캐릭터,지니맘 큐빅십자수  DIY: 25번 미니2  (15cm 20cm)
602112754,SELLBLOG,NORMAL,넘넘 잼나게했어요~~큐빅도 넉넉하게 주셔서 남은걸로 활용할수있고 좋네요,2018-11-21T00:26:16.000+0000,STOREFARM,4,지니맘 어린이 보석십자수 캐릭터,지니맘 큐빅십자수  DIY: 1번 유니콘 (15cm 20cm)
604637448,SELLBLOG,NORMAL,너무 예뻐요 5살딸래미 재미나게 하네요,2018-11-27T08:30:03.000+0000,STOREFARM,5,지니맘 어린이 보석십자수 캐릭터,지니맘 큐빅십자수  DIY: 1번 유니콘 (15cm 20cm)
607161996,SELLBLOG,NORMAL,넘 예뻐서 또주문했어요.,2018-12-03T15:45:35.000+0000,STOREFARM,5,지니맘 어린이 보석십자수 캐릭터,지니맘 큐빅십자수  DIY: 6번 소녀  (15cm 20cm)
607109002,SELLBLOG,NORMAL,아이들이 좋아하네요,2018-12-03T12:44:24.000+0000,STOREFARM,5,지니맘 어린이 보석십자수 캐릭터,지니맘 큐빅십자수  DIY: 3번 분홍사슴 (15cm 20cm)
604385608,SELLBLOG,NORMAL,가성비 좋습니다. 블링블링 애들이 좋아해요.^^,2018-11-26T23:10:46.000+0000,STOREFARM,5,지니맘 어린이 보석십자수 캐릭터,지니맘 큐빅십자수  DIY: 24번 미니1 (15cm 20cm)
604385548,SELLBLOG,NORMAL,가성비 좋습니다. 블링블링 애들이 좋아해요.^^,2018-11-26T23:10:28.000+0000,STOREFARM,5,지니맘 어린이 보석십자수 캐릭터,지니맘 큐빅십자수  DIY: 3번 분홍사슴 (15cm 20cm)
604385485,SELLBLOG,NORMAL,가성비 좋습니다. 블링블링 애들이 좋아해요.^^,2018-11-26T23:10:11.000+0000,STOREFARM,5,지니맘 어린이 보석십자수 캐릭터,지니맘 큐빅십자수  DIY: 19번 방패 (15cm 20cm)
604389693,SELLBLOG,NORMAL,초1생일선물로 사줬어요. 너무 좋아하네요~,2018-11-26T23:28:23.000+0000,STOREFARM,5,지니맘 어린이 보석십자수 캐릭터,지니맘 큐빅십자수  DIY: 22번 부엉이 (15cm 20cm)
604389676,SELLBLOG,NORMAL,초1생일선물로 사줬어요. 너무 좋아하네요~,2018-11-26T23:28:18.000+0000,STOREFARM,5,지니맘 어린이 보석십자수 캐릭터,지니맘 큐빅십자수  DIY: 1번 유니콘 (15cm 20cm)
604389654,SELLBLOG,NORMAL,초1생일선물로 사줬어요. 너무 좋아하네요~,2018-11-26T23:28:13.000+0000,STOREFARM,5,지니맘 어린이 보석십자수 캐릭터,지니맘 큐빅십자수  DIY: 4번 홍학 (15cm 20cm)
604389616,SELLBLOG,NORMAL,초1생일선물로 사줬어요. 너무 좋아하네요~,2018-11-26T23:28:03.000+0000,STOREFARM,5,지니맘 어린이 보석십자수 캐릭터,지니맘 큐빅십자수  DIY: 7번 소녀1  (15cm 20cm)
604389589,SELLBLOG,NORMAL,초1생일선물로 사줬어요. 너무 좋아하네요~,2018-11-26T23:27:55.000+0000,STOREFARM,5,지니맘 어린이 보석십자수 캐릭터,지니맘 큐빅십자수  DIY: 2번 보라유니콘 (15cm 20cm)
604389325,SELLBLOG,NORMAL,초1딸 생일  선물로 줬어요~너무 좋아하네요^^,2018-11-26T23:26:50.000+0000,STOREFARM,4,지니맘 어린이 보석십자수 캐릭터,지니맘 큐빅십자수  DIY: 3번 분홍사슴 (15cm 20cm)
604883542,SELLBLOG,NORMAL,아이가 좋아해요 저도 좋아요,2018-11-27T23:53:39.000+0000,STOREFARM,5,지니맘 어린이 보석십자수 캐릭터,지니맘 큐빅십자수  DIY: 25번 미니2  (15cm 20cm)
605583801,SELLBLOG,NORMAL,아직 사용전 이지만 아이가좋아하넹노,2018-11-29T11:35:48.000+0000,STOREFARM,5,지니맘 어린이 보석십자수 캐릭터,지니맘 큐빅십자수  DIY: 3번 분홍사슴 (15cm 20cm)
603838802,SELLBLOG,NORMAL,좋아요~ 애들이 집중해서 잘합니다,2018-11-25T13:03:27.000+0000,STOREFARM,5,지니맘 어린이 보석십자수 캐릭터,지니맘 큐빅십자수  DIY: 2번 보라유니콘 (15cm 20cm)
600041854,SELLBLOG,NORMAL,배송은 조금 느렸지만.. 아이들 큐빅십자수로는 지니맘이 제일 이쁘고 좋아요..큐빅듀 넉넉하고 그림도 이뻐서 좋아요.,2018-11-15T01:09:46.000+0000,STOREFARM,4,지니맘 어린이 보석십자수 캐릭터,지니맘 큐빅십자수  DIY: 1번 유니콘 (15cm 20cm)
615274639,SELLBLOG,NORMAL,너무너무 좋아라 합니다,2018-12-23T02:25:55.000+0000,STOREFARM,4,지니맘 어린이 보석십자수 캐릭터,지니맘 큐빅십자수  DIY: 11번 클로버 (15cm 20cm)
615274754,SELLBLOG,NORMAL,너무너무 좋아라합닏‥,2018-12-23T02:26:13.000+0000,STOREFARM,4,지니맘 어린이 보석십자수 캐릭터,지니맘 큐빅십자수  DIY: 26번 돌고래(15cm 20cm)
600995542,SELLBLOG,NORMAL,잘받았어요 두세트주문해서 하나는 선물하고 하나는 아이줬는데 다 좋아하네요,2018-11-18T00:11:06.000+0000,STOREFARM,4,지니맘 어린이 보석십자수 캐릭터,지니맘 큐빅십자수  DIY: 1번 유니콘 (15cm 20cm)
603839023,SELLBLOG,NORMAL,좋아요. 애들이 집중해서 잘해요^^,2018-11-25T13:04:00.000+0000,STOREFARM,5,지니맘 어린이 보석십자수 캐릭터,지니맘 큐빅십자수  DIY: 9번 겨울사슴 (15cm 20cm)
530933592,SELLBLOG,NORMAL,좋아보여요 좋나보여요.  아직 해보진않았눈데 외국에 살고 있어서 주문해서 가져갑니다. 한국은 이런게 많아서 좋네요,2018-11-12T04:22:01.000+0000,STOREFARM,5,지니맘 어린이 보석십자수 캐릭터,지니맘 큐빅십자수  DIY: 13번 스폰지 (15cm 20cm)
615274487,SELLBLOG,NORMAL,너무너무 좋ㅇ‥하네요,2018-12-23T02:25:30.000+0000,STOREFARM,4,지니맘 어린이 보석십자수 캐릭터,지니맘 큐빅십자수  DIY: 10번 안경토끼 (15cm 20cm)
530942466,SELLBLOG,NORMAL,쿠빅 십자수 특이하고 예뻐서 아기랑 같이하려고 주문합니다. 배송도 빠르고 물건도 좋아보이네요. 많이파세요,2018-11-12T04:31:20.000+0000,STOREFARM,5,지니맘 어린이 보석십자수 캐릭터,지니맘 큐빅십자수  DIY: 3번 분홍사슴 (15cm 20cm)
604722516,SELLBLOG,NORMAL,아이들이 정말 좋아합니다,2018-11-27T11:31:17.000+0000,STOREFARM,4,지니맘 어린이 보석십자수 캐릭터,지니맘 큐빅십자수  DIY: 1번 유니콘 (15cm 20cm)
604722406,SELLBLOG,NORMAL,아이들이 정말 좋아합니다,2018-11-27T11:31:03.000+0000,STOREFARM,4,지니맘 어린이 보석십자수 캐릭터,지니맘 큐빅십자수  DIY: 2번 보라유니콘 (15cm 20cm)
604722308,SELLBLOG,NORMAL,아이들이 정말 좋아합니다,2018-11-27T11:30:51.000+0000,STOREFARM,4,지니맘 어린이 보석십자수 캐릭터,지니맘 큐빅십자수  DIY: 13번 스폰지 (15cm 20cm)
604722208,SELLBLOG,NORMAL,아이들이 정말 좋아합니다,2018-11-27T11:30:39.000+0000,STOREFARM,4,지니맘 어린이 보석십자수 캐릭터,지니맘 큐빅십자수  DIY: 8번 여우 (15cm 20cm)
604721941,SELLBLOG,NORMAL,아이들이 정말 좋아합니다,2018-11-27T11:30:07.000+0000,STOREFARM,4,지니맘 어린이 보석십자수 캐릭터,지니맘 큐빅십자수  DIY: 23번 사자 (15cm 20cm)
602408752,SELLBLOG,NORMAL,"별 너무이뻐요,너무좋아해서 오늘재주문했어요~",2018-11-21T14:07:11.000+0000,STOREFARM,5,지니맘 어린이 보석십자수 캐릭터,지니맘 큐빅십자수  DIY: 16번 별 (15cm 20cm)
603838631,SELLBLOG,NORMAL,좋아요. 8살 6살 아이와 했는데 잘해요~^^,2018-11-25T13:02:57.000+0000,STOREFARM,5,지니맘 어린이 보석십자수 캐릭터,지니맘 큐빅십자수  DIY: 4번 작은유니콘(15cm 15cm)
601506437,SELLBLOG,NORMAL,"아직안해봤는데 배송빠르고 예쁘네요 
아이들과 함게 잘이용하겠습니다.",2018-11-19T07:31:36.000+0000,STOREFARM,5,지니맘 어린이 보석십자수 캐릭터,
601506412,SELLBLOG,NORMAL,"아직안해봤는데 배송빠르고 예쁘네요 
아이들과 함게 잘이용하겠습니다.",2018-11-19T07:31:32.000+0000,STOREFARM,5,지니맘 어린이 보석십자수 캐릭터,
601506383,SELLBLOG,NORMAL,"아직안해봤는데 배송빠르고 예쁘네요 
아이들과 함게 잘이용하겠습니다.",2018-11-19T07:31:28.000+0000,STOREFARM,5,지니맘 어린이 보석십자수 캐릭터,
601506359,SELLBLOG,NORMAL,"아직안해봤는데 배송빠르고 예쁘네요 
아이들과 함게 잘이용하겠습니다.",2018-11-19T07:31:24.000+0000,STOREFARM,5,지니맘 어린이 보석십자수 캐릭터,
601506323,SELLBLOG,NORMAL,"아직안해봤는데 배송빠르고 예쁘네요 
아이들과 함게 잘이용하겠습니다.",2018-11-19T07:31:18.000+0000,STOREFARM,5,지니맘 어린이 보석십자수 캐릭터,
601506277,SELLBLOG,NORMAL,"아직안해봤는데 배송빠르고 예쁘네요 
아이들과 함게 잘이용하겠습니다.",2018-11-19T07:31:12.000+0000,STOREFARM,5,지니맘 어린이 보석십자수 캐릭터,
603838926,SELLBLOG,NORMAL,그림도 예쁘고 아이들이 좋아합니다%^,2018-11-25T13:03:45.000+0000,STOREFARM,5,지니맘 어린이 보석십자수 캐릭터,지니맘 큐빅십자수  DIY: 1번 유니콘 (15cm 20cm)
603581091,SELLBLOG,NORMAL,보석들이 반짝여서너무 예쁘네요,2018-11-25T00:19:10.000+0000,STOREFARM,4,지니맘 어린이 보석십자수 캐릭터,지니맘 큐빅십자수  DIY: 1번 사탕(15cm 15cm)
602408456,SELLBLOG,NORMAL,"아이가너무너무좋아해요
배송빠르고 상품퀄리티도좋아요",2018-11-21T14:06:11.000+0000,STOREFARM,5,지니맘 어린이 보석십자수 캐릭터,지니맘 큐빅십자수  DIY: 24번 미니1 (15cm 20cm)
600042486,SELLBLOG,NORMAL,지니맘 십자수 구하러 네이버에서 샀습니다. 다른 어린이용 큐빅십자수애 비해이미지도 좋고 큐빅도 이뻐서 좋아요,2018-11-15T01:11:46.000+0000,STOREFARM,4,지니맘 어린이 보석십자수 캐릭터,지니맘 큐빅십자수  DIY: 7번 소녀1  (15cm 20cm)
601372148,SELLBLOG,NORMAL,상품질도 좋고 해 놓고 액자에 넣어서 올려놓으니 정말 예쁘네요,2018-11-19T02:11:09.000+0000,STOREFARM,5,지니맘 어린이 보석십자수 캐릭터,지니맘 큐빅십자수  DIY: 5번  반짝이 사슴 (15cm 20cm)
530936944,SELLBLOG,NORMAL,아기랑 아기랑 같이하고 싶어서 같이 골라서 주문합니다. 배송도 빠르고 문건도 좋아보여요. 많이 파세요,2018-11-12T04:25:23.000+0000,STOREFARM,5,지니맘 어린이 보석십자수 캐릭터,지니맘 큐빅십자수  DIY: 9번 겨울사슴 (15cm 20cm)
601441949,SELLBLOG,AFTER_USE,"아이들이 너무 좋아합니다
자신이 만든 작품보고 흐믓해 합니다.
친구들도 좋아합니다",2018-11-19T04:53:27.000+0000,STOREFARM,5,지니맘 어린이 보석십자수 캐릭터,지니맘 큐빅십자수  DIY: 7번 소녀1  (15cm 20cm)
601441864,SELLBLOG,AFTER_USE,"아이들이 너무 좋아합니다
자신이 만든 작품보고 흐믓해 합니다.
친구들도 좋아합니다",2018-11-19T04:53:17.000+0000,STOREFARM,5,지니맘 어린이 보석십자수 캐릭터,지니맘 큐빅십자수  DIY: 6번 소녀  (15cm 20cm)
601441813,SELLBLOG,AFTER_USE,"아이들이 너무 좋아합니다
자신이 만든 작품보고 흐믓해 합니다.
친구들도 좋아합니다",2018-11-19T04:53:09.000+0000,STOREFARM,5,지니맘 어린이 보석십자수 캐릭터,지니맘 큐빅십자수  DIY: 2번 보라유니콘 (15cm 20cm)
601441719,SELLBLOG,AFTER_USE,"아이들이 너무 좋아합니다
자신이 만든 작품보고 흐믓해 합니다.
친구들도 좋아합니다",2018-11-19T04:52:54.000+0000,STOREFARM,5,지니맘 어린이 보석십자수 캐릭터,지니맘 큐빅십자수  DIY: 1번 유니콘 (15cm 20cm)
601372506,SELLBLOG,NORMAL,액자에 넣을수 있어서 완성도가 높고 무엇보다 예쁘네요,2018-11-19T02:11:58.000+0000,STOREFARM,5,지니맘 어린이 보석십자수 캐릭터,지니맘 큐빅십자수  DIY: 9번 겨울사슴 (15cm 20cm)
600042846,SELLBLOG,NORMAL,지니맘 어린이용 큐빅십자수는 이미지도 이쁘고 큐빅도 넉넉하고 사이즈도 초등여아가 하기엔 딱입니다.,2018-11-15T01:12:52.000+0000,STOREFARM,4,지니맘 어린이 보석십자수 캐릭터,지니맘 큐빅십자수  DIY: 6번 소녀  (15cm 20cm)
603215034,SELLBLOG,NORMAL,애기도 흥미 갖고 잘 하네요,2018-11-24T00:29:48.000+0000,STOREFARM,5,지니맘 어린이 보석십자수 캐릭터,지니맘 큐빅십자수  DIY: 6번 소녀  (15cm 20cm)
526838785,SELLBLOG,NORMAL,좋아요 배송도 빠르게 왔어요~ 번호대로만 붙이면 되니까 애들도 쉽게해요~ 보석을 담을수있는 통도 있어서 분실위험이 적네요,2018-11-06T11:08:26.000+0000,STOREFARM,5,지니맘 어린이 보석십자수 캐릭터,지니맘 큐빅십자수  DIY: 1번 유니콘 (15cm 20cm)
526839784,SELLBLOG,NORMAL,조하요 배송도 빠르게 왔어요 보석을 담을수있는 그릇도 있어서 분실위험이 적어요~ 아이들과 함께할수있어 좋습니다,2018-11-06T11:09:53.000+0000,STOREFARM,5,지니맘 어린이 보석십자수 캐릭터,지니맘 큐빅십자수  DIY: 4번 홍학 (15cm 20cm)
525237114,SELLBLOG,NORMAL,"좋아해요 집중력을길러보고자 주문했는데
아이가즐겁게놀이하네요
생각보다 그림모양이크고 큐빅도다양하게들어있어서 눈을혹하게하네요",2018-11-03T22:49:30.000+0000,STOREFARM,5,지니맘 어린이 보석십자수 캐릭터,지니맘 큐빅십자수  DIY: 7번 소녀1  (15cm 20cm)
603215241,SELLBLOG,NORMAL,6살 여아도 혼자 잘하네요,2018-11-24T00:30:32.000+0000,STOREFARM,5,지니맘 어린이 보석십자수 캐릭터,지니맘 큐빅십자수  DIY: 1번 유니콘 (15cm 20cm)
528086595,SELLBLOG,NORMAL,조아요 큐빅도 크고 크기도 다양해서 딸아이가 하는 재미가 있네요. 색도 화려하고 이쁩니다. 가격만더 쌌으면..,2018-11-08T04:56:19.000+0000,STOREFARM,5,지니맘 어린이 보석십자수 캐릭터,지니맘 큐빅십자수  DIY: 4번 홍학 (15cm 20cm)
603215121,SELLBLOG,NORMAL,6살 여아도 넘 잘하네요,2018-11-24T00:30:09.000+0000,STOREFARM,5,지니맘 어린이 보석십자수 캐릭터,지니맘 큐빅십자수  DIY: 7번 소녀1  (15cm 20cm)
602408573,SELLBLOG,NORMAL,배송빠르고상품도훌륭해요,2018-11-21T14:06:37.000+0000,STOREFARM,5,지니맘 어린이 보석십자수 캐릭터,지니맘 큐빅십자수  DIY: 15번 베트맨 (15cm 20cm)
601372883,SELLBLOG,NORMAL,반짝반짝 큐빅이라 장식효과도 있고 너무 예뻐요,2018-11-19T02:12:46.000+0000,STOREFARM,5,지니맘 어린이 보석십자수 캐릭터,지니맘 큐빅십자수  DIY: 3번 분홍사슴 (15cm 20cm)
600837072,SELLBLOG,NORMAL,선물용인데 생각보다 넘 예뻐서 제것도 주문했습니다ㅎㅎ,2018-11-17T09:00:45.000+0000,STOREFARM,5,지니맘 어린이 보석십자수 캐릭터,지니맘 큐빅십자수  DIY: 9번 겨울사슴 (15cm 20cm)
526837732,SELLBLOG,NORMAL,좋아요~ 아이들이 하기에도 쉽고 사이즈도 괜찮아요~ 번호대로만 붙이면 되니까 애들도 쉽게 따라합니다,2018-11-06T11:06:50.000+0000,STOREFARM,5,지니맘 어린이 보석십자수 캐릭터,지니맘 큐빅십자수  DIY: 3번 분홍사슴 (15cm 20cm)
525484828,SELLBLOG,NORMAL,"정말 좋아요..추천합니다 아이들이 정말 좋아해요. 즐겁게 만들어 봤습니다
정말로 추천합니다..예쁘고 만들어 보니 돟습니다 장식품으로도 충분합니다",2018-11-04T07:15:07.000+0000,STOREFARM,5,지니맘 어린이 보석십자수 캐릭터,지니맘 큐빅십자수  DIY: 2번 보라유니콘 (15cm 20cm)
523665518,SELLBLOG,NORMAL,블링블링하네요~ 작은 스티커 십자수 하다가 좀더 큰것도 잘 할거 같아서 구매했습니다~블링블링 예쁘네요~친구들 선물도 주고~~아이들 심심할때 딱이에용~~,2018-11-01T05:10:42.000+0000,STOREFARM,5,지니맘 어린이 보석십자수 캐릭터,지니맘 큐빅십자수  DIY: 3번 달팽이(15cm 15cm)
600836954,SELLBLOG,NORMAL,너무 예뻐요~ 만족합니다^^,2018-11-17T09:00:18.000+0000,STOREFARM,5,지니맘 어린이 보석십자수 캐릭터,지니맘 큐빅십자수  DIY: 3번 분홍사슴 (15cm 20cm)
600590603,SELLBLOG,NORMAL,예뻐요. 아이가 집중해서 잘 하네요.~~,2018-11-16T12:16:16.000+0000,STOREFARM,5,지니맘 어린이 보석십자수 캐릭터,지니맘 큐빅십자수  DIY: 10번 안경토끼 (15cm 20cm)
602625174,SELLBLOG,NORMAL,아이가 참 좋아해요~,2018-11-22T08:10:44.000+0000,STOREFARM,5,지니맘 어린이 보석십자수 캐릭터,지니맘 큐빅십자수  DIY: 24번 미니1 (15cm 20cm)
602625028,SELLBLOG,NORMAL,두 번째 구매했어요~,2018-11-22T08:10:20.000+0000,STOREFARM,5,지니맘 어린이 보석십자수 캐릭터,지니맘 큐빅십자수  DIY: 13번 스폰지 (15cm 20cm)
611169859,SELLBLOG,NORMAL,좋아요좋아요좋아요좋아요,2018-12-13T03:17:38.000+0000,STOREFARM,4,지니맘 어린이 보석십자수 캐릭터,지니맘 큐빅십자수  DIY: 26번 돌고래(15cm 20cm)
611169748,SELLBLOG,NORMAL,좋아요좋아요좋아요좋아요,2018-12-13T03:17:20.000+0000,STOREFARM,4,지니맘 어린이 보석십자수 캐릭터,지니맘 큐빅십자수  DIY: 21번 별유니콘 (15cm 20cm)
611169616,SELLBLOG,NORMAL,좋아요좋아요좋아요좋아요,2018-12-13T03:16:59.000+0000,STOREFARM,4,지니맘 어린이 보석십자수 캐릭터,지니맘 큐빅십자수  DIY: 22번 부엉이 (15cm 20cm)
611169327,SELLBLOG,NORMAL,좋아요좋아요좋아요좋아요,2018-12-13T03:16:16.000+0000,STOREFARM,4,지니맘 어린이 보석십자수 캐릭터,지니맘 큐빅십자수  DIY: 3번 분홍사슴 (15cm 20cm)
524486338,SELLBLOG,NORMAL,"너무예뻐요 너무 예쁩니다~
단 배송포장이 뽁뽁이 하나라 살짝 불안했었어요~
그래도 망가짐없이 잘도착했습니다~",2018-11-02T12:12:42.000+0000,STOREFARM,5,지니맘 어린이 보석십자수 캐릭터,지니맘 큐빅십자수  DIY: 3번 분홍사슴 (15cm 20cm)
600042179,SELLBLOG,NORMAL,이미지도 이쁘고 큐빅도 전체에 붙이는거라 좋아요..,2018-11-15T01:10:44.000+0000,STOREFARM,4,지니맘 어린이 보석십자수 캐릭터,지니맘 큐빅십자수  DIY: 2번 보라유니콘 (15cm 20cm)
523287165,SELLBLOG,NORMAL,굿  좋아요 만족합니다 아이가좋아합니다 작은사이즈로 빨리할수있는게더많이있었으면좋겠어요재미있네요 이뻐요,2018-10-31T11:27:15.000+0000,STOREFARM,5,지니맘 어린이 보석십자수 캐릭터,지니맘 큐빅십자수  DIY: 5번 펭귄(15cm 15cm)
609818235,SELLBLOG,AFTER_USE,반짝반짝 이쁘네요~,2018-12-10T04:53:25.000+0000,STOREFARM,3,지니맘 어린이 보석십자수 캐릭터,지니맘 큐빅십자수  DIY: 20번 거미 (15cm 20cm)
524486967,SELLBLOG,NORMAL,"예쁩니다 예뻐요~
다 선물용으로 구매했는데 금방 완성됩니다~
크리스마스 선물로 딱 좋은것 같아요~
굿굿~",2018-11-02T12:13:55.000+0000,STOREFARM,5,지니맘 어린이 보석십자수 캐릭터,지니맘 큐빅십자수  DIY: 25번 미니2  (15cm 20cm)
527747810,SELLBLOG,NORMAL,좋아요 조카 선물로 주었는데 집중해서 잘하네요~~반짝거리고 예뻐요!! 좋아요 좋아요 좋아요 좋아요,2018-11-07T15:01:49.000+0000,STOREFARM,5,지니맘 어린이 보석십자수 캐릭터,지니맘 큐빅십자수  DIY: 23번 사자 (15cm 20cm)
530069496,SELLBLOG,NORMAL,빨리 잘 왔어요 아이가 좋아해요,2018-11-11T01:41:42.000+0000,STOREFARM,5,지니맘 어린이 보석십자수 캐릭터,지니맘 큐빅십자수  DIY: 10번 안경토끼 (15cm 20cm)
600590431,SELLBLOG,NORMAL,아이가 정말 좋아하네요.,2018-11-16T12:15:37.000+0000,STOREFARM,5,지니맘 어린이 보석십자수 캐릭터,지니맘 큐빅십자수  DIY: 9번 겨울사슴 (15cm 20cm)
600837129,SELLBLOG,NORMAL,안전히 배송됐어요~,2018-11-17T09:00:58.000+0000,STOREFARM,5,지니맘 어린이 보석십자수 캐릭터,지니맘 큐빅십자수  DIY: 5번  반짝이 사슴 (15cm 20cm)
527475596,SELLBLOG,NORMAL,"시간가는 줄 모르고 해요 애들이 좋아해요 시간가는 줄 모르고 해요..
애들이 좋아해요..애들이 좋아해요..
좋아해요",2018-11-07T08:23:54.000+0000,STOREFARM,5,지니맘 어린이 보석십자수 캐릭터,지니맘 큐빅십자수  DIY: 1번 유니콘 (15cm 20cm)
529144641,SELLBLOG,NORMAL,"생각했던거보다큰사이즈입니다~
빠른배송감사합니다",2018-11-09T11:08:14.000+0000,STOREFARM,5,지니맘 어린이 보석십자수 캐릭터,지니맘 큐빅십자수  DIY: 2번 보라유니콘 (15cm 20cm)
531879704,SELLBLOG,NORMAL,배송이 넘 오래걸렸어요,2018-11-13T07:52:25.000+0000,STOREFARM,3,지니맘 어린이 보석십자수 캐릭터,지니맘 큐빅십자수  DIY: 20번 거미 (15cm 20cm)
526328857,SELLBLOG,NORMAL,목요일 저격에 시켜서 토요일날 도착할줄알았는데...그래도 만족합니다,2018-11-05T12:02:28.000+0000,STOREFARM,5,지니맘 어린이 보석십자수 캐릭터,지니맘 큐빅십자수  DIY: 17번 가면 (15cm 20cm)
525486841,SELLBLOG,NORMAL,"적극 추천합니다 적극추천합니다.적극추천하빈다 적극추천합니다.적극 추천합니다 너무 젛습니다ㅡ 진짜입니다.
정말 좋습니다",2018-11-04T07:18:50.000+0000,STOREFARM,5,지니맘 어린이 보석십자수 캐릭터,지니맘 큐빅십자수  DIY: 7번 소녀1  (15cm 20cm)
532656403,SELLBLOG,NORMAL,재밌을것같아요,2018-11-14T05:58:30.000+0000,STOREFARM,5,지니맘 어린이 보석십자수 캐릭터,지니맘 큐빅십자수  DIY: 3번 분홍사슴 (15cm 20cm)
532656392,SELLBLOG,NORMAL,재밌을것같아요,2018-11-14T05:58:30.000+0000,STOREFARM,5,지니맘 어린이 보석십자수 캐릭터,지니맘 큐빅십자수  DIY: 4번 홍학 (15cm 20cm)
523286387,SELLBLOG,NORMAL,굿 좋아요 예쁩니다 만족합니다 빼송도빨랐어요 아이가좋아하네요 더작은걸로 종류가좀많았으며ㆍ좋겧ㄴ어요,2018-10-31T11:26:03.000+0000,STOREFARM,5,지니맘 어린이 보석십자수 캐릭터,지니맘 큐빅십자수  DIY: 3번 분홍사슴 (15cm 20cm)
524785210,SELLBLOG,NORMAL,아이가너무좋아해요.너무좋네요.잘샀어요.고납습니다,2018-11-03T03:51:47.000+0000,STOREFARM,5,지니맘 어린이 보석십자수 캐릭터,지니맘 큐빅십자수  DIY: 1번 유니콘 (15cm 20cm)
526772357,SELLBLOG,NORMAL,비즈크기가 달라서 붙이는 재미가 있습니다 그림이 예쁩니다,2018-11-06T09:24:12.000+0000,STOREFARM,5,지니맘 어린이 보석십자수 캐릭터,지니맘 큐빅십자수  DIY: 3번 분홍사슴 (15cm 20cm)
525485946,SELLBLOG,NORMAL,"적극 추천합니드 적극 추천합니다 적극추천합니다.. 적극 추천합니다
덕극 추천합니다.. 적극추천합니다 적극추천합니나",2018-11-04T07:17:15.000+0000,STOREFARM,5,지니맘 어린이 보석십자수 캐릭터,지니맘 큐빅십자수  DIY: 1번 유니콘 (15cm 20cm)
519194406,SELLBLOG,NORMAL,"추천~~ 블링블링 이쁘고~~집중하며 재미나게 하는 딸아이보니 흐뭇하네요~
나름 취미생활하면서 스트레스도 풀고~~
집중해서 하는 모습보니~뿌듯하네요~~",2018-10-25T11:35:12.000+0000,STOREFARM,5,지니맘 어린이 보석십자수 캐릭터,지니맘 큐빅십자수  DIY: 10번 안경토끼 (15cm 20cm)
520734311,SELLBLOG,NORMAL,"강추에요. 배송도 빠르고요, 색깔도 예쁘네요. 아이도 좋아하고 붙이는 보석도 충분히 들어있어서 좋았어요.",2018-10-28T04:56:15.000+0000,STOREFARM,5,지니맘 어린이 보석십자수 캐릭터,지니맘 큐빅십자수  DIY: 1번 유니콘 (15cm 20cm)
525236368,SELLBLOG,NORMAL,"아이가넘좋아해요!!2시간이상앉아서하네요!!
",2018-11-03T22:46:08.000+0000,STOREFARM,5,지니맘 어린이 보석십자수 캐릭터,지니맘 큐빅십자수  DIY: 7번 소녀1  (15cm 20cm)
528069592,SELLBLOG,NORMAL,완성해놓고 보니 예쁘더라구요,2018-11-08T04:35:54.000+0000,STOREFARM,5,지니맘 어린이 보석십자수 캐릭터,지니맘 큐빅십자수  DIY: 3번 분홍사슴 (15cm 20cm)
517875427,SELLBLOG,NORMAL,"굿 배송동안언제오냐고노래불러서혼났어요 ㅋ아이가너무좋아해요
보석도예쁘고종류도많고
예상했던것보다훨씬굿",2018-10-23T13:23:27.000+0000,STOREFARM,4,지니맘 어린이 보석십자수 캐릭터,지니맘 큐빅십자수  DIY: 9번 겨울사슴 (15cm 20cm)
530931453,SELLBLOG,NORMAL,잘받았습니다,2018-11-12T04:19:40.000+0000,STOREFARM,5,지니맘 어린이 보석십자수 캐릭터,지니맘 큐빅십자수  DIY: 9번 겨울사슴 (15cm 20cm)
530931437,SELLBLOG,NORMAL,잘받았습니다,2018-11-12T04:19:40.000+0000,STOREFARM,5,지니맘 어린이 보석십자수 캐릭터,지니맘 큐빅십자수  DIY: 13번 스폰지 (15cm 20cm)
528084573,SELLBLOG,NORMAL,딸아이가 홍학이 넘 이쁘대요 ,2018-11-08T04:53:47.000+0000,STOREFARM,5,지니맘 어린이 보석십자수 캐릭터,지니맘 큐빅십자수  DIY: 4번 홍학 (15cm 20cm)
498105283,SELLBLOG,NORMAL,열살 딸아이가 아주 좋아해요~ 딸아지가 엄청 집중하면서 이틀만에 완성했네요. 사진보다 실물이 훨씬 이쁘네요~^^보석 크기도 다양한것이 작품만들것 같아 제가 다 뿌듯하네요~,2018-09-20T08:37:13.000+0000,STOREFARM,5,지니맘 어린이 보석십자수 캐릭터,지니맘 큐빅십자수  DIY: 10번 안경토끼 (15cm 20cm)
517874428,SELLBLOG,NORMAL,"굿 너무좋아요 
아이가너무좋아해서집중해서해요
빨리하지마아천천히ㅋㅋ
또사달래요
보석도야무지고싼것같지않아요",2018-10-23T13:22:07.000+0000,STOREFARM,4,지니맘 어린이 보석십자수 캐릭터,지니맘 큐빅십자수  DIY: 1번 유니콘 (15cm 20cm)
507098351,SELLBLOG,NORMAL,"두루두루 인기가 많아요 캐릭터가 귀엽고 색깔도 예쁩니다.크고 작은 큐빅이 섞여서 잘 어울리고 고급스럽습니다.도안이 조금 더 다양했으면 싶긴 하네요. 스트레스 해소용집중작업으로 아이와 제가 다 좋아하는데, 크기가 생각보다 좀 큰 편이어서한동안 심심하지 않을 것 같아요.",2018-10-08T16:14:47.000+0000,STOREFARM,5,지니맘 어린이 보석십자수 캐릭터,지니맘 큐빅십자수  DIY: 10번 안경토끼 (15cm 20cm)
527639628,SELLBLOG,NORMAL,품절이 잘 되서 아쉬워요,2018-11-07T12:15:07.000+0000,STOREFARM,5,지니맘 어린이 보석십자수 캐릭터,지니맘 큐빅십자수  DIY: 17번 가면 (15cm 20cm)
520693871,SELLBLOG,NORMAL,네 잘 받았습니다.아이가 엄청좋아해요..초집중 하면서 하네요,2018-10-28T03:51:42.000+0000,STOREFARM,5,지니맘 어린이 보석십자수 캐릭터,지니맘 큐빅십자수  DIY: 2번 보라유니콘 (15cm 20cm)
527459226,SELLBLOG,NORMAL,반짝이도 많고 좋아요,2018-11-07T08:02:31.000+0000,STOREFARM,5,지니맘 어린이 보석십자수 캐릭터,지니맘 큐빅십자수  DIY: 8번 여우 (15cm 20cm)
528069586,SELLBLOG,NORMAL,아이가 좋아해요,2018-11-08T04:35:54.000+0000,STOREFARM,5,지니맘 어린이 보석십자수 캐릭터,지니맘 큐빅십자수  DIY: 1번 유니콘 (15cm 20cm)
526772349,SELLBLOG,NORMAL,만족합니다 예쁘네요,2018-11-06T09:24:12.000+0000,STOREFARM,5,지니맘 어린이 보석십자수 캐릭터,지니맘 큐빅십자수  DIY: 22번 부엉이 (15cm 20cm)
527639622,SELLBLOG,NORMAL,안바뀌고왔어요,2018-11-07T12:15:07.000+0000,STOREFARM,5,지니맘 어린이 보석십자수 캐릭터,지니맘 큐빅십자수  DIY: 24번 미니1 (15cm 20cm)
527474358,SELLBLOG,NORMAL,애들이 좋아해요,2018-11-07T08:22:21.000+0000,STOREFARM,5,지니맘 어린이 보석십자수 캐릭터,지니맘 큐빅십자수  DIY: 2번 보라유니콘 (15cm 20cm)
527474349,SELLBLOG,NORMAL,애들이 좋아해요,2018-11-07T08:22:21.000+0000,STOREFARM,5,지니맘 어린이 보석십자수 캐릭터,지니맘 큐빅십자수  DIY: 1번 유니콘 (15cm 20cm)
527459248,SELLBLOG,NORMAL,두번째 구입해요,2018-11-07T08:02:31.000+0000,STOREFARM,5,지니맘 어린이 보석십자수 캐릭터,지니맘 큐빅십자수  DIY: 4번 작은유니콘(15cm 15cm)
526834187,SELLBLOG,NORMAL,배송도 구성품도 만족합니다,2018-11-06T11:01:20.000+0000,STOREFARM,5,지니맘 어린이 보석십자수 캐릭터,지니맘 큐빅십자수  DIY: 1번 유니콘 (15cm 20cm)
527459257,SELLBLOG,NORMAL,품질이 괜찮네요,2018-11-07T08:02:31.000+0000,STOREFARM,5,지니맘 어린이 보석십자수 캐릭터,지니맘 큐빅십자수  DIY: 3번 달팽이(15cm 15cm)
526772353,SELLBLOG,NORMAL,아이가 좋아합니다,2018-11-06T09:24:12.000+0000,STOREFARM,5,지니맘 어린이 보석십자수 캐릭터,지니맘 큐빅십자수  DIY: 1번 유니콘 (15cm 20cm)
529110408,SELLBLOG,NORMAL,감사합니다.,2018-11-09T10:11:55.000+0000,STOREFARM,5,지니맘 어린이 보석십자수 캐릭터,지니맘 큐빅십자수  DIY: 11번 클로버 (15cm 20cm)
527639615,SELLBLOG,NORMAL,제대로 왔어요,2018-11-07T12:15:07.000+0000,STOREFARM,5,지니맘 어린이 보석십자수 캐릭터,지니맘 큐빅십자수  DIY: 18번 망치 (15cm 20cm)
527459267,SELLBLOG,NORMAL,색깔이 예뻐요,2018-11-07T08:02:31.000+0000,STOREFARM,5,지니맘 어린이 보석십자수 캐릭터,지니맘 큐빅십자수  DIY: 2번 토끼(15cm 15cm)
527459239,SELLBLOG,NORMAL,색깔이 예뻐요,2018-11-07T08:02:31.000+0000,STOREFARM,5,지니맘 어린이 보석십자수 캐릭터,지니맘 큐빅십자수  DIY: 1번 사탕(15cm 15cm)
526834206,SELLBLOG,NORMAL,배송도 구성품도 좋습니다,2018-11-06T11:01:20.000+0000,STOREFARM,5,지니맘 어린이 보석십자수 캐릭터,지니맘 큐빅십자수  DIY: 4번 홍학 (15cm 20cm)
526834178,SELLBLOG,NORMAL,배송도 구성도 만족합니다,2018-11-06T11:01:20.000+0000,STOREFARM,5,지니맘 어린이 보석십자수 캐릭터,지니맘 큐빅십자수  DIY: 3번 분홍사슴 (15cm 20cm)
507097625,SELLBLOG,NORMAL,"생각보다 큼직해요 마리오 캐릭터가 예쁘고, 빨강이 주를 이루는 큐빅 색깔들도 영롱해서촌스럽지 않고 예쁩니다. 하기 쉽게 구성되어 있고, 만들다보면 시간가는 줄모르도록 재미도 있습니다. 집중해서 하다보면 긴장완화 효과도 있고 좋아요.",2018-10-08T16:12:08.000+0000,STOREFARM,5,지니맘 어린이 보석십자수 캐릭터,지니맘 큐빅십자수  DIY: 12번 슈퍼 (15cm 20cm)
527639650,SELLBLOG,NORMAL,또구매예정,2018-11-07T12:15:07.000+0000,STOREFARM,5,지니맘 어린이 보석십자수 캐릭터,지니맘 큐빅십자수  DIY: 1번 유니콘 (15cm 20cm)
527639606,SELLBLOG,NORMAL,잘받았어요,2018-11-07T12:15:07.000+0000,STOREFARM,5,지니맘 어린이 보석십자수 캐릭터,지니맘 큐빅십자수  DIY: 19번 방패 (15cm 20cm)
527639640,SELLBLOG,NORMAL,잘왔습니다,2018-11-07T12:15:07.000+0000,STOREFARM,5,지니맘 어린이 보석십자수 캐릭터,지니맘 큐빅십자수  DIY: 2번 보라유니콘 (15cm 20cm)
527639634,SELLBLOG,NORMAL,품절풀리길,2018-11-07T12:15:07.000+0000,STOREFARM,5,지니맘 어린이 보석십자수 캐릭터,지니맘 큐빅십자수  DIY: 4번 홍학 (15cm 20cm)
530533820,SELLBLOG,NORMAL,좋아요~~,2018-11-11T14:02:22.000+0000,STOREFARM,5,지니맘 어린이 보석십자수 캐릭터,지니맘 큐빅십자수  DIY: 3번 분홍사슴 (15cm 20cm)
530533073,SELLBLOG,NORMAL,좋아요~~,2018-11-11T14:01:08.000+0000,STOREFARM,5,지니맘 어린이 보석십자수 캐릭터,지니맘 큐빅십자수  DIY: 1번 유니콘 (15cm 20cm)
530532730,SELLBLOG,NORMAL,좋아요~~,2018-11-11T14:00:32.000+0000,STOREFARM,5,지니맘 어린이 보석십자수 캐릭터,지니맘 큐빅십자수  DIY: 2번 보라유니콘 (15cm 20cm)
527266295,SELLBLOG,NORMAL,아주좋아요 ,2018-11-07T03:38:08.000+0000,STOREFARM,5,지니맘 어린이 보석십자수 캐릭터,지니맘 큐빅십자수  DIY: 7번 소녀1  (15cm 20cm)
527266289,SELLBLOG,NORMAL,아주좋아요 ,2018-11-07T03:38:08.000+0000,STOREFARM,5,지니맘 어린이 보석십자수 캐릭터,지니맘 큐빅십자수  DIY: 1번 유니콘 (15cm 20cm)
526047392,SELLBLOG,NORMAL,아이가 좋아해요,2018-11-05T03:49:17.000+0000,STOREFARM,5,지니맘 어린이 보석십자수 캐릭터,지니맘 큐빅십자수  DIY: 6번 소녀  (15cm 20cm)
507097250,SELLBLOG,NORMAL,"실물이 더 예쁘네요 표시 사이즈를 대충 보고서는, 손바닥만한 사이즈인 줄 알았는데받고보니 생각보다 커서 놀랐어요. 실물이 더 예쁘고 고급스러워서매우 만족합니다. 비즈 붙이는 곳이 일일이 다 표시되어 있어서 하기 쉬워요.",2018-10-08T16:10:25.000+0000,STOREFARM,5,지니맘 어린이 보석십자수 캐릭터,지니맘 큐빅십자수  DIY: 9번 겨울사슴 (15cm 20cm)
516162467,SELLBLOG,NORMAL,잘 받아서 딸아이와 3일동안 틈틈히 완성했어요~ 색감이 참 예쁘네요~,2018-10-21T11:29:00.000+0000,STOREFARM,5,지니맘 어린이 보석십자수 캐릭터,지니맘 큐빅십자수  DIY: 1번 유니콘 (15cm 20cm)
525421276,SELLBLOG,NORMAL,감사합니다,2018-11-04T05:06:36.000+0000,STOREFARM,5,지니맘 어린이 보석십자수 캐릭터,지니맘 큐빅십자수  DIY: 22번 부엉이 (15cm 20cm)
515852179,SELLBLOG,NORMAL,액자까지하니 너무 이쁘네요 큐빅도 넉넉히 들어있고,2018-10-21T02:19:21.000+0000,STOREFARM,5,지니맘 어린이 보석십자수 캐릭터,지니맘 큐빅십자수  DIY: 3번 분홍사슴 (15cm 20cm)
515302454,SELLBLOG,NORMAL,아이가 너무좋아해요 저도 딸이랑 덕분에 같이 시간보냇네요,2018-10-20T04:19:56.000+0000,STOREFARM,5,지니맘 어린이 보석십자수 캐릭터,지니맘 큐빅십자수  DIY: 1번 유니콘 (15cm 20cm)
524699048,SELLBLOG,NORMAL,만족합니다,2018-11-03T01:31:06.000+0000,STOREFARM,5,지니맘 어린이 보석십자수 캐릭터,지니맘 큐빅십자수  DIY: 2번 보라유니콘 (15cm 20cm)
524699040,SELLBLOG,NORMAL,만족합니다,2018-11-03T01:31:06.000+0000,STOREFARM,5,지니맘 어린이 보석십자수 캐릭터,지니맘 큐빅십자수  DIY: 17번 가면 (15cm 20cm)
520733704,SELLBLOG,NORMAL,붙이는 보석도 아주 충분히 들어있어요.,2018-10-28T04:55:13.000+0000,STOREFARM,5,지니맘 어린이 보석십자수 캐릭터,지니맘 큐빅십자수  DIY: 4번 홍학 (15cm 20cm)
515302457,SELLBLOG,NORMAL,아이가 너무좋아해요 집중력길러주려고 구매했는데 좋아요,2018-10-20T04:19:56.000+0000,STOREFARM,5,지니맘 어린이 보석십자수 캐릭터,지니맘 큐빅십자수  DIY: 22번 부엉이 (15cm 20cm)
527747314,SELLBLOG,NORMAL,좋아요!!’,2018-11-07T15:00:35.000+0000,STOREFARM,5,지니맘 어린이 보석십자수 캐릭터,지니맘 큐빅십자수  DIY: 23번 사자 (15cm 20cm)
512112032,SELLBLOG,NORMAL,"아이가 좋아합니다. 크기별로있어 더 집중을 잘하네요ㅋ 강추입니다~~
생각보다 액자가 큽니다.",2018-10-16T02:25:38.000+0000,STOREFARM,5,지니맘 어린이 보석십자수 캐릭터,지니맘 큐빅십자수  DIY: 13번 스폰지 (15cm 20cm)
520761005,SELLBLOG,NORMAL,아직 못했지만 예쁜것같아요,2018-10-28T05:38:59.000+0000,STOREFARM,5,지니맘 어린이 보석십자수 캐릭터,지니맘 큐빅십자수  DIY: 23번 사자 (15cm 20cm)
519193492,SELLBLOG,NORMAL,"만족합니다~
블링블링 이쁘네요",2018-10-25T11:33:42.000+0000,STOREFARM,5,지니맘 어린이 보석십자수 캐릭터,지니맘 큐빅십자수  DIY: 10번 안경토끼 (15cm 20cm)
523285588,SELLBLOG,NORMAL,만족합니다,2018-10-31T11:24:40.000+0000,STOREFARM,5,지니맘 어린이 보석십자수 캐릭터,지니맘 큐빅십자수  DIY: 5번 펭귄(15cm 15cm)
523285580,SELLBLOG,NORMAL,만족합니다,2018-10-31T11:24:40.000+0000,STOREFARM,5,지니맘 어린이 보석십자수 캐릭터,지니맘 큐빅십자수  DIY: 3번 분홍사슴 (15cm 20cm)
521015993,SELLBLOG,NORMAL,사은품도 주고 좋아요,2018-10-28T12:55:12.000+0000,STOREFARM,5,지니맘 어린이 보석십자수 캐릭터,지니맘 큐빅십자수  DIY: 1번 유니콘 (15cm 20cm)
487835294,SELLBLOG,NORMAL,"고급고급~^^ 15개이상 액자까지 10만원이상주문해서 묶음배송비 절약까지됐을텐데 사은품하나없음에 조금아쉽네요
다른곳보다 싸서 그런건지 ㅋ
너무이쁘구요 7살아들 10살 집중해서 너무잘해줍니당
어린아이들이라 알록달록 캐릭터그림들이좋을것같아 질려함을덜하기위해주문했어요~^^
저도 큰작품주문해서 도전해보려구요~^^",2018-09-04T00:24:31.000+0000,STOREFARM,5,지니맘 어린이 보석십자수 캐릭터,지니맘 큐빅십자수  DIY: 25번 미니2  (15cm 20cm)
520693884,SELLBLOG,NORMAL,아이가 엄청 좋아해요,2018-10-28T03:51:42.000+0000,STOREFARM,5,지니맘 어린이 보석십자수 캐릭터,지니맘 큐빅십자수  DIY: 1번 유니콘 (15cm 20cm)
520733710,SELLBLOG,NORMAL,아이가 아주 좋아합니다.,2018-10-28T04:55:13.000+0000,STOREFARM,5,지니맘 어린이 보석십자수 캐릭터,지니맘 큐빅십자수  DIY: 22번 부엉이 (15cm 20cm)
521015985,SELLBLOG,NORMAL,배송 빠르고좋인요,2018-10-28T12:55:12.000+0000,STOREFARM,5,지니맘 어린이 보석십자수 캐릭터,지니맘 큐빅십자수  DIY: 19번 방패 (15cm 20cm)
496585338,SELLBLOG,NORMAL,"예쁘네요^^ 배송이 빠르고 포장 상태도 좋습니다.
보석십자수 디자인도 예쁘네요. 
아이들이 집중해서 잘하고, 액자로 완성해서 인테리어 소품으로 활용하기도 좋겠어요.",2018-09-18T00:45:53.000+0000,STOREFARM,5,지니맘 어린이 보석십자수 캐릭터,지니맘 큐빅십자수  DIY: 1번 유니콘 (15cm 20cm)
514094044,SELLBLOG,NORMAL,아이가 좋아하네요 이틀만에 완성해 버렸어요 ㅎ,2018-10-18T06:05:19.000+0000,STOREFARM,5,지니맘 어린이 보석십자수 캐릭터,지니맘 큐빅십자수  DIY: 25번 미니2  (15cm 20cm)
506718526,SELLBLOG,NORMAL,"보석십자수 아이가 친구집에갔다 좋다고 해보고 싶다해서 구매하게되었습니다.
배송도 빠르고 좋네요~
감사합니다",2018-10-08T04:52:19.000+0000,STOREFARM,3,지니맘 어린이 보석십자수 캐릭터,지니맘 큐빅십자수  DIY: 5번 펭귄(15cm 15cm)
521015979,SELLBLOG,NORMAL,좋아요. 싸요,2018-10-28T12:55:12.000+0000,STOREFARM,5,지니맘 어린이 보석십자수 캐릭터,지니맘 큐빅십자수  DIY: 3번 분홍사슴 (15cm 20cm)
520733702,SELLBLOG,NORMAL,색깔도 괜찮구요.,2018-10-28T04:55:13.000+0000,STOREFARM,5,지니맘 어린이 보석십자수 캐릭터,지니맘 큐빅십자수  DIY: 7번 소녀1  (15cm 20cm)
495877599,SELLBLOG,NORMAL,좋아요 7세어린이가 좋아하네요 근데 첨에 고체풀 어떻게쓰는지 한참헤맸어요;; 간단한 설명이 첨부되면 더 좋았을것같아요,2018-09-16T22:31:32.000+0000,STOREFARM,5,지니맘 어린이 보석십자수 캐릭터,지니맘 큐빅십자수  DIY: 13번 스폰지 (15cm 20cm)
522223798,SELLBLOG,NORMAL,예쁩니다아~~,2018-10-30T05:02:28.000+0000,STOREFARM,5,지니맘 어린이 보석십자수 캐릭터,지니맘 큐빅십자수  DIY: 25번 미니2  (15cm 20cm)
510193554,SELLBLOG,NORMAL,"아들인데도 아주재미있어하네요~~^^
시간가는줄 모르고 잘하고있습니다
",2018-10-13T05:21:30.000+0000,STOREFARM,5,지니맘 어린이 보석십자수 캐릭터,지니맘 큐빅십자수  DIY: 5번 펭귄(15cm 15cm)
520733699,SELLBLOG,NORMAL,그림이 예뻐요.,2018-10-28T04:55:13.000+0000,STOREFARM,5,지니맘 어린이 보석십자수 캐릭터,지니맘 큐빅십자수  DIY: 1번 유니콘 (15cm 20cm)
522223784,SELLBLOG,NORMAL,너무 예뻐요~~~,2018-10-30T05:02:28.000+0000,STOREFARM,5,지니맘 어린이 보석십자수 캐릭터,지니맘 큐빅십자수  DIY: 3번 분홍사슴 (15cm 20cm)
515852173,SELLBLOG,NORMAL,너무 이뻐여 큐빅도 넉넉히들어있어요,2018-10-21T02:19:21.000+0000,STOREFARM,5,지니맘 어린이 보석십자수 캐릭터,지니맘 큐빅십자수  DIY: 10번 안경토끼 (15cm 20cm)
514612556,SELLBLOG,NORMAL,"꼼꼼하게 포장되어있네요~
블링블링 예뻐요~",2018-10-19T01:46:45.000+0000,STOREFARM,5,지니맘 어린이 보석십자수 캐릭터,지니맘 큐빅십자수  DIY: 5번 펭귄(15cm 15cm)
511579394,SELLBLOG,NORMAL,학교모임  생일선물로  준비했어요.  아이들이 좋아해요~!!!,2018-10-15T07:04:15.000+0000,STOREFARM,5,지니맘 어린이 보석십자수 캐릭터,지니맘 큐빅십자수  DIY: 3번 분홍사슴 (15cm 20cm)
520761008,SELLBLOG,NORMAL,좋은것같아요...,2018-10-28T05:38:59.000+0000,STOREFARM,5,지니맘 어린이 보석십자수 캐릭터,지니맘 큐빅십자수  DIY: 17번 가면 (15cm 20cm)
496586393,SELLBLOG,NORMAL,"예쁘네요^^ 보석십자수 아이들이 좋아해서 구매했는데
디자인이 예쁘네요. 포장도 잘 되어 있고 배송도 빠릅니다.",2018-09-18T00:47:40.000+0000,STOREFARM,5,지니맘 어린이 보석십자수 캐릭터,지니맘 큐빅십자수  DIY: 19번 방패 (15cm 20cm)
518571953,SELLBLOG,NORMAL,아이가 좋아하네요 ,2018-10-24T11:29:01.000+0000,STOREFARM,5,지니맘 어린이 보석십자수 캐릭터,지니맘 큐빅십자수  DIY: 5번  반짝이 사슴 (15cm 20cm)
496591402,SELLBLOG,NORMAL,예쁘네요^^ 보석십자수 아이들이 좋아해서 구입했는데 도안 디자인이 예쁘네요 포장도 깔끔하고 배송도 빠릅니다,2018-09-18T00:55:27.000+0000,STOREFARM,5,지니맘 어린이 보석십자수 캐릭터,지니맘 큐빅십자수  DIY: 24번 미니1 (15cm 20cm)
496590876,SELLBLOG,NORMAL,예쁘네요^^ 보석십자수 아이들이 좋아해서 구입했는데 도안 디자인이 예쁘네요 포장도 깔끔하고 배송도 빠릅니다,2018-09-18T00:54:45.000+0000,STOREFARM,5,지니맘 어린이 보석십자수 캐릭터,지니맘 큐빅십자수  DIY: 23번 사자 (15cm 20cm)
496590376,SELLBLOG,NORMAL,예쁘네요^^ 보석십자수 아이들이 좋아해서 구입했는데 도안 디자인이 예쁘네요 포장도 깔끔하고 배송도 빠릅니다,2018-09-18T00:53:59.000+0000,STOREFARM,5,지니맘 어린이 보석십자수 캐릭터,지니맘 큐빅십자수  DIY: 9번 겨울사슴 (15cm 20cm)
515852186,SELLBLOG,NORMAL,큐빅도 넉넉히 들어있고 이쁘네요,2018-10-21T02:19:21.000+0000,STOREFARM,5,지니맘 어린이 보석십자수 캐릭터,지니맘 큐빅십자수  DIY: 1번 유니콘 (15cm 20cm)
517873454,SELLBLOG,NORMAL,또 사고 싶다고 하네요,2018-10-23T13:20:46.000+0000,STOREFARM,5,지니맘 어린이 보석십자수 캐릭터,지니맘 큐빅십자수  DIY: 2번 보라유니콘 (15cm 20cm)
496587314,SELLBLOG,NORMAL,예쁘네요^^ 보석십자수 아이들이 좋아해서 구입했는데 도안 디자인이 예쁘네요. 포장도 깔끔하고 배송도 빠릅니다.,2018-09-18T00:49:07.000+0000,STOREFARM,5,지니맘 어린이 보석십자수 캐릭터,지니맘 큐빅십자수  DIY: 10번 안경토끼 (15cm 20cm)
496589114,SELLBLOG,NORMAL,"예쁘네요^^ 보석십자수 아이들이 좋아해서 구입했는데 
도안 디자인이 예쁘네요 
포장도 깔끔하고 배송도 빠릅니다",2018-09-18T00:52:02.000+0000,STOREFARM,5,지니맘 어린이 보석십자수 캐릭터,지니맘 큐빅십자수  DIY: 4번 홍학 (15cm 20cm)
496588191,SELLBLOG,NORMAL,"예쁘네요^^ 보석십자수 아이들이 좋아해서 구입했는데 
도안 디자인이 예쁘네요
포장도 깔끔하고 배송도 빠릅니다.",2018-09-18T00:50:39.000+0000,STOREFARM,5,지니맘 어린이 보석십자수 캐릭터,지니맘 큐빅십자수  DIY: 3번 분홍사슴 (15cm 20cm)
518571944,SELLBLOG,NORMAL,굿이요 좋아요,2018-10-24T11:29:01.000+0000,STOREFARM,5,지니맘 어린이 보석십자수 캐릭터,지니맘 큐빅십자수  DIY: 11번 클로버 (15cm 20cm)
517873441,SELLBLOG,NORMAL,9살 7살 아이들이 완전 좋아해요,2018-10-23T13:20:46.000+0000,STOREFARM,5,지니맘 어린이 보석십자수 캐릭터,지니맘 큐빅십자수  DIY: 15번 베트맨 (15cm 20cm)
520601178,SELLBLOG,NORMAL,만족합니다. ~^^,2018-10-28T01:28:27.000+0000,STOREFARM,5,지니맘 어린이 보석십자수 캐릭터,지니맘 큐빅십자수  DIY: 3번 분홍사슴 (15cm 20cm)
515093347,SELLBLOG,NORMAL,예뻐서 아이보다 더 재밌어하네요,2018-10-19T17:01:36.000+0000,STOREFARM,5,지니맘 어린이 보석십자수 캐릭터,지니맘 큐빅십자수  DIY: 1번 유니콘 (15cm 20cm)
502838713,SELLBLOG,NORMAL,너무 좋아요 딸아이가 받자마자 하고 싶다는걸 간신히 미루고 저녁먹인다음 주었어요 시간 가는줄 모르고 재미있어 합니다 완전 강추,2018-10-02T02:55:40.000+0000,STOREFARM,5,지니맘 어린이 보석십자수 캐릭터,지니맘 큐빅십자수  DIY: 2번 보라유니콘 (15cm 20cm)
517712464,SELLBLOG,NORMAL,아주 마음에 듭니다.,2018-10-23T10:08:47.000+0000,STOREFARM,5,지니맘 어린이 보석십자수 캐릭터,지니맘 큐빅십자수  DIY: 12번 슈퍼 (15cm 20cm)
518571948,SELLBLOG,NORMAL,아주 좋아요,2018-10-24T11:29:01.000+0000,STOREFARM,5,지니맘 어린이 보석십자수 캐릭터,지니맘 큐빅십자수  DIY: 1번 유니콘 (15cm 20cm)
515093349,SELLBLOG,NORMAL,시간 가는줄 모르고 하게 되네요 예뻐요,2018-10-19T17:01:36.000+0000,STOREFARM,5,지니맘 어린이 보석십자수 캐릭터,지니맘 큐빅십자수  DIY: 22번 부엉이 (15cm 20cm)
515463238,SELLBLOG,NORMAL,다양한 크기의 비즈네요,2018-10-20T08:47:04.000+0000,STOREFARM,5,지니맘 어린이 보석십자수 캐릭터,지니맘 큐빅십자수  DIY: 5번 펭귄(15cm 15cm)
517873070,SELLBLOG,NORMAL,너무좋아요 ,2018-10-23T13:20:16.000+0000,STOREFARM,5,지니맘 어린이 보석십자수 캐릭터,지니맘 큐빅십자수  DIY: 9번 겨울사슴 (15cm 20cm)
517873058,SELLBLOG,NORMAL,너무좋아요 ,2018-10-23T13:20:16.000+0000,STOREFARM,5,지니맘 어린이 보석십자수 캐릭터,지니맘 큐빅십자수  DIY: 1번 유니콘 (15cm 20cm)
516151106,SELLBLOG,NORMAL,애들이 좋아해요,2018-10-21T11:10:33.000+0000,STOREFARM,5,지니맘 어린이 보석십자수 캐릭터,지니맘 큐빅십자수  DIY: 1번 유니콘 (15cm 20cm)
516151101,SELLBLOG,NORMAL,애들이좋아해요,2018-10-21T11:10:33.000+0000,STOREFARM,5,지니맘 어린이 보석십자수 캐릭터,지니맘 큐빅십자수  DIY: 17번 가면 (15cm 20cm)
530931475,SELLBLOG,NORMAL,잘받임씁니다,2018-11-12T04:19:40.000+0000,STOREFARM,5,지니맘 어린이 보석십자수 캐릭터,지니맘 큐빅십자수  DIY: 3번 분홍사슴 (15cm 20cm)
515093352,SELLBLOG,NORMAL,더 사달라고 조르네요,2018-10-19T17:01:36.000+0000,STOREFARM,5,지니맘 어린이 보석십자수 캐릭터,지니맘 큐빅십자수  DIY: 7번 소녀1  (15cm 20cm)
502840087,SELLBLOG,NORMAL,재구매하겠습니다  아이들이 있는집이라면 완전 강추입니다 엄마인 저도 재미있더라구요 저도 도전 할까 합니다 ^^,2018-10-02T02:59:13.000+0000,STOREFARM,5,지니맘 어린이 보석십자수 캐릭터,지니맘 큐빅십자수  DIY: 23번 사자 (15cm 20cm)
515906653,SELLBLOG,NORMAL,너무 예뻐요,2018-10-21T03:49:54.000+0000,STOREFARM,5,지니맘 어린이 보석십자수 캐릭터,지니맘 큐빅십자수  DIY: 6번 소녀  (15cm 20cm)
515906630,SELLBLOG,NORMAL,너무 예뻐요,2018-10-21T03:49:54.000+0000,STOREFARM,5,지니맘 어린이 보석십자수 캐릭터,지니맘 큐빅십자수  DIY: 22번 부엉이 (15cm 20cm)
515906606,SELLBLOG,NORMAL,너무 예뻐요,2018-10-21T03:49:54.000+0000,STOREFARM,5,지니맘 어린이 보석십자수 캐릭터,지니맘 큐빅십자수  DIY: 4번 홍학 (15cm 20cm)
515906600,SELLBLOG,NORMAL,너무 예뻐요,2018-10-21T03:49:54.000+0000,STOREFARM,5,지니맘 어린이 보석십자수 캐릭터,지니맘 큐빅십자수  DIY: 3번 분홍사슴 (15cm 20cm)
515906593,SELLBLOG,NORMAL,너무 예뻐요,2018-10-21T03:49:54.000+0000,STOREFARM,5,지니맘 어린이 보석십자수 캐릭터,지니맘 큐빅십자수  DIY: 25번 미니2  (15cm 20cm)
515906587,SELLBLOG,NORMAL,너무 예뻐요,2018-10-21T03:49:54.000+0000,STOREFARM,5,지니맘 어린이 보석십자수 캐릭터,지니맘 큐빅십자수  DIY: 13번 스폰지 (15cm 20cm)
509594802,SELLBLOG,NORMAL,예뻐요 근데 생각했던거보다커요,2018-10-12T07:55:59.000+0000,STOREFARM,5,지니맘 어린이 보석십자수 캐릭터,지니맘 큐빅십자수  DIY: 7번 소녀1  (15cm 20cm)
515830942,SELLBLOG,NORMAL,아주예뻐요,2018-10-21T01:45:46.000+0000,STOREFARM,5,지니맘 어린이 보석십자수 캐릭터,지니맘 큐빅십자수  DIY: 13번 스폰지 (15cm 20cm)
502839099,SELLBLOG,NORMAL,재구매하겠습니다  딸아이 2명이 너무 좋아합니다 다하고 난뒤 또 재구매 할게요~~예쁜게 많이 있어 좋아용~~,2018-10-02T02:56:38.000+0000,STOREFARM,5,지니맘 어린이 보석십자수 캐릭터,지니맘 큐빅십자수  DIY: 6번 소녀  (15cm 20cm)
508444166,SELLBLOG,NORMAL,역시 좋습니다! 다음에 또 살께요,2018-10-11T00:41:02.000+0000,STOREFARM,5,지니맘 어린이 보석십자수 캐릭터,지니맘 큐빅십자수  DIY: 3번 분홍사슴 (15cm 20cm)
516124094,SELLBLOG,NORMAL,너무좋아요~,2018-10-21T10:26:11.000+0000,STOREFARM,5,지니맘 어린이 보석십자수 캐릭터,지니맘 큐빅십자수  DIY: 22번 부엉이 (15cm 20cm)
516124101,SELLBLOG,NORMAL,너무젛아요~,2018-10-21T10:26:11.000+0000,STOREFARM,5,지니맘 어린이 보석십자수 캐릭터,지니맘 큐빅십자수  DIY: 3번 분홍사슴 (15cm 20cm)
514690031,SELLBLOG,NORMAL,두자매 잇템했어요!!,2018-10-19T04:07:04.000+0000,STOREFARM,5,지니맘 어린이 보석십자수 캐릭터,지니맘 큐빅십자수  DIY: 1번 유니콘 (15cm 20cm)
507096747,SELLBLOG,NORMAL,마리오 캐릭터 좋아해서 골랐어요. 예쁩니다.,2018-10-08T16:08:34.000+0000,STOREFARM,5,지니맘 어린이 보석십자수 캐릭터,지니맘 큐빅십자수  DIY: 12번 슈퍼 (15cm 20cm)
516124089,SELLBLOG,NORMAL,너무좋아요~~,2018-10-21T10:26:11.000+0000,STOREFARM,5,지니맘 어린이 보석십자수 캐릭터,지니맘 큐빅십자수  DIY: 15번 베트맨 (15cm 20cm)
525485452,SELLBLOG,NORMAL,"적극 추천합니다 너무 이쁩니다 우리 아이들도 너무 좋아합니다..
아이들과 함깨 만드니 너무 좋습니다 적극 추천합니다 적극 추천합니다",2018-11-04T07:16:18.000+0000,STOREFARM,5,지니맘 어린이 보석십자수 캐릭터,지니맘 큐빅십자수  DIY: 6번 소녀  (15cm 20cm)
501854740,SELLBLOG,NORMAL,"좋아용~ 큐빅 십자수 이쁘고 넘넘 좋아요
배송도 빠르고 포장도 아주 잘 되있어서 좋았어요 아이가 좋아합니다",2018-09-29T10:47:07.000+0000,STOREFARM,5,지니맘 어린이 보석십자수 캐릭터,지니맘 큐빅십자수  DIY: 5번  반짝이 사슴 (15cm 20cm)
509594807,SELLBLOG,NORMAL,예뻐요 근데 생각보다 커요,2018-10-12T07:55:59.000+0000,STOREFARM,5,지니맘 어린이 보석십자수 캐릭터,지니맘 큐빅십자수  DIY: 1번 유니콘 (15cm 20cm)
512447193,SELLBLOG,NORMAL,금액대비 만족합니다,2018-10-16T09:06:27.000+0000,STOREFARM,5,지니맘 어린이 보석십자수 캐릭터,지니맘 큐빅십자수  DIY: 22번 부엉이 (15cm 20cm)
512447183,SELLBLOG,NORMAL,금액대비 만족합니다,2018-10-16T09:06:27.000+0000,STOREFARM,5,지니맘 어린이 보석십자수 캐릭터,지니맘 큐빅십자수  DIY: 5번  반짝이 사슴 (15cm 20cm)
527476280,SELLBLOG,NORMAL,"좋아요 좋아요. 좋인요..좋아요..
좋아요..좋아요..좋아요..
좋아요..좋아요..좋아요..좋아요",2018-11-07T08:24:43.000+0000,STOREFARM,5,지니맘 어린이 보석십자수 캐릭터,지니맘 큐빅십자수  DIY: 2번 보라유니콘 (15cm 20cm)
516872179,SELLBLOG,NORMAL,넘 이뻐요~~~~,2018-10-22T08:24:13.000+0000,STOREFARM,5,지니맘 어린이 보석십자수 캐릭터,지니맘 큐빅십자수  DIY: 23번 사자 (15cm 20cm)
511127428,SELLBLOG,NORMAL,좋습니다. 재구배 의사 있어요,2018-10-14T15:57:08.000+0000,STOREFARM,5,지니맘 어린이 보석십자수 캐릭터,지니맘 큐빅십자수  DIY: 1번 유니콘 (15cm 20cm)
500869625,SELLBLOG,NORMAL,생각보다 특정색이 넓어 하면서 조금 힘들었어요.. 그래도 재미는 있었어요~^^ 크기가 다양해서 붙일때 좀더 신중해야지 되더라구요~,2018-09-26T13:56:21.000+0000,STOREFARM,5,지니맘 어린이 보석십자수 캐릭터,지니맘 큐빅십자수  DIY: 15번 베트맨 (15cm 20cm)
502839630,SELLBLOG,NORMAL,재구매하겠습니다  딸아이가 너무 좋아하니 다하고 난 뒤 재구매 하겠습니다 집중력있게 하는 모습에 사주길 잘했단 생각 듭니다,2018-10-02T02:58:06.000+0000,STOREFARM,5,지니맘 어린이 보석십자수 캐릭터,지니맘 큐빅십자수  DIY: 1번 유니콘 (15cm 20cm)
507096750,SELLBLOG,NORMAL,토끼가 넘넘 귀여워요. 큐빅이 블링블링!,2018-10-08T16:08:34.000+0000,STOREFARM,5,지니맘 어린이 보석십자수 캐릭터,지니맘 큐빅십자수  DIY: 10번 안경토끼 (15cm 20cm)
502840449,SELLBLOG,NORMAL,재구매하겠습니다  아이들이 넘 좋아합니다 한꺼번에 6개 사서 2갠 생일 선물로 나머지는 딸아이 2개씩~~받자마자 너무 좋아해용~~,2018-10-02T03:00:25.000+0000,STOREFARM,5,지니맘 어린이 보석십자수 캐릭터,지니맘 큐빅십자수  DIY: 22번 부엉이 (15cm 20cm)
508444160,SELLBLOG,NORMAL,두번째 구매지만 항상 만족하고있어요,2018-10-11T00:41:02.000+0000,STOREFARM,5,지니맘 어린이 보석십자수 캐릭터,지니맘 큐빅십자수  DIY: 5번 펭귄(15cm 15cm)
511127548,SELLBLOG,NORMAL,아주 괜찮은듯 합니다,2018-10-14T15:57:29.000+0000,STOREFARM,5,지니맘 어린이 보석십자수 캐릭터,지니맘 큐빅십자수  DIY: 2번 보라유니콘 (15cm 20cm)
512791711,SELLBLOG,NORMAL,아주좋아요,2018-10-16T18:57:32.000+0000,STOREFARM,5,지니맘 어린이 보석십자수 캐릭터,지니맘 큐빅십자수  DIY: 1번 유니콘 (15cm 20cm)
512791710,SELLBLOG,NORMAL,아주좋아요,2018-10-16T18:57:32.000+0000,STOREFARM,5,지니맘 어린이 보석십자수 캐릭터,지니맘 큐빅십자수  DIY: 23번 사자 (15cm 20cm)
530532951,SELLBLOG,NORMAL,좋아요 이뻐욪ㅅㅊㅅㅈㅇㅊㅇㅈㅅㅈㅇㅈㅇㅈㅅㅌㅅㄷㅇㄷㅅㄷㅅㅈㅅㅌㅅㄷㅅㄷㅅㅊㄱㄴㄴㄴㅇㄴㅇㄴㄷㅅㅌㅇㄷㅊㅅ,2018-11-11T14:00:52.000+0000,STOREFARM,5,지니맘 어린이 보석십자수 캐릭터,지니맘 큐빅십자수  DIY: 2번 보라유니콘 (15cm 20cm)
509594798,SELLBLOG,NORMAL,예뻐요 근데 좀 커요ㅠ,2018-10-12T07:55:59.000+0000,STOREFARM,5,지니맘 어린이 보석십자수 캐릭터,지니맘 큐빅십자수  DIY: 11번 클로버 (15cm 20cm)
501853462,SELLBLOG,NORMAL,"아주좋아요 큐빅십자수 이쁘고 재밌고 넘 좋아하네요~~^^
배송도빠르고 포장도 잘되있고 다 다 좋아요~~^^",2018-09-29T10:44:15.000+0000,STOREFARM,5,지니맘 어린이 보석십자수 캐릭터,지니맘 큐빅십자수  DIY: 3번 분홍사슴 (15cm 20cm)
509781042,SELLBLOG,NORMAL,아이들이 정말 좋아해요,2018-10-12T12:23:11.000+0000,STOREFARM,5,지니맘 어린이 보석십자수 캐릭터,지니맘 큐빅십자수  DIY: 10번 안경토끼 (15cm 20cm)
509781035,SELLBLOG,NORMAL,아이들이 정말 좋아해요,2018-10-12T12:23:11.000+0000,STOREFARM,5,지니맘 어린이 보석십자수 캐릭터,지니맘 큐빅십자수  DIY: 4번 작은유니콘(15cm 15cm)
509781031,SELLBLOG,NORMAL,아이들이 정말 좋아해요,2018-10-12T12:23:11.000+0000,STOREFARM,5,지니맘 어린이 보석십자수 캐릭터,지니맘 큐빅십자수  DIY: 3번 달팽이(15cm 15cm)
509781021,SELLBLOG,NORMAL,아이들이 정말 좋아해요,2018-10-12T12:23:11.000+0000,STOREFARM,5,지니맘 어린이 보석십자수 캐릭터,지니맘 큐빅십자수  DIY: 22번 부엉이 (15cm 20cm)
509239693,SELLBLOG,NORMAL,예쁘고 아이들이 좋아해요,2018-10-12T00:11:40.000+0000,STOREFARM,5,지니맘 어린이 보석십자수 캐릭터,지니맘 큐빅십자수  DIY: 7번 소녀1  (15cm 20cm)
511186646,SELLBLOG,NORMAL,조아요조아오,2018-10-14T22:54:38.000+0000,STOREFARM,5,지니맘 어린이 보석십자수 캐릭터,지니맘 큐빅십자수  DIY: 7번 소녀1  (15cm 20cm)
530534439,SELLBLOG,NORMAL,좋아요 ㅈㅂㅊㅇㅈㅇㅈㅇㅊㅇㅈㅇㅈㅂㅈㅅㅈㅅㅊㅇㅈㅇㅈㅇㅈㅇㅊㅅㅈㄴㅈㅎㄷㅅㄷㅅㄷㅅㅈㅅㅈㅅㅈㄷㅅㅈㅇㅈㅇㅈ,2018-11-11T14:03:23.000+0000,STOREFARM,5,지니맘 어린이 보석십자수 캐릭터,지니맘 큐빅십자수  DIY: 3번 분홍사슴 (15cm 20cm)
530533562,SELLBLOG,NORMAL,좋아요~ㅈ ㅈㅅㅈㅇㅌㅇㅈㅇㅈㅇㅈㅇㅊㅇㅈㅇㅈㅇㅊㅇㅈㅅㅈㄴ ㄴㅅㅇㅈㄷㅇㄷㅈㄴㅈㅇㅈㅇㅊㅅㅈㅇㅈㅇㅉㅇㄷㅅㄷㅎ,2018-11-11T14:01:55.000+0000,STOREFARM,5,지니맘 어린이 보석십자수 캐릭터,지니맘 큐빅십자수  DIY: 1번 유니콘 (15cm 20cm)
525236371,SELLBLOG,NORMAL,좋아요 예뻐요,2018-11-03T22:46:08.000+0000,STOREFARM,5,지니맘 어린이 보석십자수 캐릭터,지니맘 큐빅십자수  DIY: 1번 유니콘 (15cm 20cm)
525236369,SELLBLOG,NORMAL,좋아요 예뻐요,2018-11-03T22:46:08.000+0000,STOREFARM,5,지니맘 어린이 보석십자수 캐릭터,지니맘 큐빅십자수  DIY: 17번 가면 (15cm 20cm)
500551560,SELLBLOG,NORMAL,이쁘네요 몇번째 이집에서 구입하고 있는데 다 이뻐요. 원하던게 없으니 더 이쁜거로 보내주시구요 감사요,2018-09-25T09:15:34.000+0000,STOREFARM,5,지니맘 어린이 보석십자수 캐릭터,지니맘 큐빅십자수  DIY: 12번 슈퍼 (15cm 20cm)
500551779,SELLBLOG,NORMAL,이쁘요 몇번째 이집에서 구입하고 있는데 다 이뻐요. 원하던게 없으니 더 이쁜거로 보내주시구요 감사요,2018-09-25T09:16:09.000+0000,STOREFARM,5,지니맘 어린이 보석십자수 캐릭터,지니맘 큐빅십자수  DIY: 16번 별 (15cm 20cm)
510021935,SELLBLOG,NORMAL,잘받았습니다,2018-10-13T00:56:23.000+0000,STOREFARM,5,지니맘 어린이 보석십자수 캐릭터,지니맘 큐빅십자수  DIY: 25번 미니2  (15cm 20cm)
510021926,SELLBLOG,NORMAL,잘받았습니다,2018-10-13T00:56:23.000+0000,STOREFARM,5,지니맘 어린이 보석십자수 캐릭터,지니맘 큐빅십자수  DIY: 1번 유니콘 (15cm 20cm)
510021918,SELLBLOG,NORMAL,잘받았습니다,2018-10-13T00:56:23.000+0000,STOREFARM,5,지니맘 어린이 보석십자수 캐릭터,지니맘 큐빅십자수  DIY: 22번 부엉이 (15cm 20cm)
510021912,SELLBLOG,NORMAL,잘받았습니다,2018-10-13T00:56:23.000+0000,STOREFARM,5,지니맘 어린이 보석십자수 캐릭터,지니맘 큐빅십자수  DIY: 2번 보라유니콘 (15cm 20cm)
497856925,SELLBLOG,NORMAL,"큐빅십자수 적극 추천해요 뭔가 집중해서 만들어 볼게 없을까 고민하던중 구입했습니다.
작품으로 전시해도 좋을만큼 괜찮은 제품이에요",2018-09-20T02:00:00.000+0000,STOREFARM,5,지니맘 어린이 보석십자수 캐릭터,지니맘 큐빅십자수  DIY: 4번 홍학 (15cm 20cm)
509350767,SELLBLOG,NORMAL,딸아이가 넘 좋아해요~^^,2018-10-12T02:27:55.000+0000,STOREFARM,5,지니맘 어린이 보석십자수 캐릭터,지니맘 큐빅십자수  DIY: 1번 유니콘 (15cm 20cm)
509350776,SELLBLOG,NORMAL,완전 예쁜 유니콘~,2018-10-12T02:27:55.000+0000,STOREFARM,5,지니맘 어린이 보석십자수 캐릭터,지니맘 큐빅십자수  DIY: 2번 보라유니콘 (15cm 20cm)
508867405,SELLBLOG,NORMAL,아이들이 좋아해요^^,2018-10-11T09:56:50.000+0000,STOREFARM,5,지니맘 어린이 보석십자수 캐릭터,지니맘 큐빅십자수  DIY: 11번 클로버 (15cm 20cm)
508867401,SELLBLOG,NORMAL,아이들이 좋아해요^^,2018-10-11T09:56:50.000+0000,STOREFARM,5,지니맘 어린이 보석십자수 캐릭터,지니맘 큐빅십자수  DIY: 9번 겨울사슴 (15cm 20cm)
508867395,SELLBLOG,NORMAL,아이들이 좋아해요^^,2018-10-11T09:56:50.000+0000,STOREFARM,5,지니맘 어린이 보석십자수 캐릭터,지니맘 큐빅십자수  DIY: 3번 분홍사슴 (15cm 20cm)
508867385,SELLBLOG,NORMAL,아이들이 좋아해요^^,2018-10-11T09:56:50.000+0000,STOREFARM,5,지니맘 어린이 보석십자수 캐릭터,지니맘 큐빅십자수  DIY: 1번 유니콘 (15cm 20cm)
503887870,SELLBLOG,NORMAL,좋아요 아이들이좋아해요,2018-10-04T05:19:11.000+0000,STOREFARM,5,지니맘 어린이 보석십자수 캐릭터,지니맘 큐빅십자수  DIY: 11번 클로버 (15cm 20cm)
506857497,SELLBLOG,NORMAL,작품이 만족스러워요,2018-10-08T08:06:42.000+0000,STOREFARM,5,지니맘 어린이 보석십자수 캐릭터,지니맘 큐빅십자수  DIY: 8번 여우 (15cm 20cm)
501855292,SELLBLOG,NORMAL,"좋아 큐빅 십자수 재밌고 이쁘고 멋쩌요~~~
배송도 빠르고 포장도 굿입니다~~
아이가 좋아해요~~~~^^",2018-09-29T10:48:21.000+0000,STOREFARM,5,지니맘 어린이 보석십자수 캐릭터,지니맘 큐빅십자수  DIY: 5번 펭귄(15cm 15cm)
507096744,SELLBLOG,NORMAL,실물이 정말 예쁩니다.,2018-10-08T16:08:34.000+0000,STOREFARM,5,지니맘 어린이 보석십자수 캐릭터,지니맘 큐빅십자수  DIY: 9번 겨울사슴 (15cm 20cm)
502838116,SELLBLOG,NORMAL,딸아이가 너무 좋아해서 다음에 또 재구매 하겠습니다,2018-10-02T02:54:20.000+0000,STOREFARM,5,지니맘 어린이 보석십자수 캐릭터,지니맘 큐빅십자수  DIY: 2번 보라유니콘 (15cm 20cm)
506857490,SELLBLOG,NORMAL,작품이 그럴듯해요,2018-10-08T08:06:42.000+0000,STOREFARM,5,지니맘 어린이 보석십자수 캐릭터,지니맘 큐빅십자수  DIY: 23번 사자 (15cm 20cm)
487265927,SELLBLOG,NORMAL,"너무 예뻐요 너무너무 예뻐요.
8살 10살 딸래미들 주말동안 집중해서 완성했어요. 액자까지 해놓으니 너무 뿌듯해 하네요.~~",2018-09-03T02:46:40.000+0000,STOREFARM,5,지니맘 어린이 보석십자수 캐릭터,지니맘 큐빅십자수  DIY: 5번  반짝이 사슴 (15cm 20cm)
497857654,SELLBLOG,NORMAL,"또 구매하거 싶네요 아이가 하나를 만들더니 더 어려운 디자인도 해 보고 싶다고 하네요.
하는내내 재미있어하네요.",2018-09-20T02:01:03.000+0000,STOREFARM,5,지니맘 어린이 보석십자수 캐릭터,지니맘 큐빅십자수  DIY: 7번 소녀1  (15cm 20cm)
502838128,SELLBLOG,NORMAL,딸아이가 너무좋아해서 다음에 또 재구매할게요,2018-10-02T02:54:20.000+0000,STOREFARM,5,지니맘 어린이 보석십자수 캐릭터,지니맘 큐빅십자수  DIY: 6번 소녀  (15cm 20cm)
506857483,SELLBLOG,NORMAL,아이가 좋아해요,2018-10-08T08:06:42.000+0000,STOREFARM,5,지니맘 어린이 보석십자수 캐릭터,지니맘 큐빅십자수  DIY: 5번  반짝이 사슴 (15cm 20cm)
505715333,SELLBLOG,NORMAL,아이들이 아주 좋와하내요^^,2018-10-06T13:57:42.000+0000,STOREFARM,5,지니맘 어린이 보석십자수 캐릭터,지니맘 큐빅십자수  DIY: 11번 클로버 (15cm 20cm)
500869621,SELLBLOG,NORMAL,크기도 생각했던 크기고 무잇보다 도안(?)이 코팅되어있어 아이들 하다가 정리하기 편했어요~,2018-09-26T13:56:21.000+0000,STOREFARM,5,지니맘 어린이 보석십자수 캐릭터,지니맘 큐빅십자수  DIY: 7번 소녀1  (15cm 20cm)
505912371,SELLBLOG,NORMAL,예쁘게 나왔어요,2018-10-07T01:13:22.000+0000,STOREFARM,5,지니맘 어린이 보석십자수 캐릭터,지니맘 큐빅십자수  DIY: 25번 미니2  (15cm 20cm)
505912377,SELLBLOG,NORMAL,배송 잘 왔어요,2018-10-07T01:13:22.000+0000,STOREFARM,5,지니맘 어린이 보석십자수 캐릭터,지니맘 큐빅십자수  DIY: 18번 망치 (15cm 20cm)
505912386,SELLBLOG,NORMAL,잘 만들께요,2018-10-07T01:13:22.000+0000,STOREFARM,5,지니맘 어린이 보석십자수 캐릭터,지니맘 큐빅십자수  DIY: 9번 겨울사슴 (15cm 20cm)
505912360,SELLBLOG,NORMAL,잘 받았어요,2018-10-07T01:13:22.000+0000,STOREFARM,5,지니맘 어린이 보석십자수 캐릭터,지니맘 큐빅십자수  DIY: 12번 슈퍼 (15cm 20cm)
505912355,SELLBLOG,NORMAL,빨리 왔어요,2018-10-07T01:13:22.000+0000,STOREFARM,5,지니맘 어린이 보석십자수 캐릭터,지니맘 큐빅십자수  DIY: 13번 스폰지 (15cm 20cm)
505912380,SELLBLOG,NORMAL,만족합니다,2018-10-07T01:13:22.000+0000,STOREFARM,5,지니맘 어린이 보석십자수 캐릭터,지니맘 큐빅십자수  DIY: 1번 유니콘 (15cm 20cm)
503887876,SELLBLOG,NORMAL,아이들이 좋아합니다,2018-10-04T05:19:11.000+0000,STOREFARM,5,지니맘 어린이 보석십자수 캐릭터,지니맘 큐빅십자수  DIY: 10번 안경토끼 (15cm 20cm)
500869629,SELLBLOG,NORMAL,유니콘을 좋아하는 아이를 위해 구매했는데 맘에들어 하네요~^^,2018-09-26T13:56:21.000+0000,STOREFARM,5,지니맘 어린이 보석십자수 캐릭터,지니맘 큐빅십자수  DIY: 1번 유니콘 (15cm 20cm)
503887887,SELLBLOG,NORMAL,"아이들이 좋아해요
",2018-10-04T05:19:11.000+0000,STOREFARM,5,지니맘 어린이 보석십자수 캐릭터,지니맘 큐빅십자수  DIY: 1번 유니콘 (15cm 20cm)
503594218,SELLBLOG,NORMAL,아이가저아해요,2018-10-03T15:57:30.000+0000,STOREFARM,5,지니맘 어린이 보석십자수 캐릭터,지니맘 큐빅십자수  DIY: 20번 거미 (15cm 20cm)
503594149,SELLBLOG,NORMAL,아이가저아해요,2018-10-03T15:57:18.000+0000,STOREFARM,5,지니맘 어린이 보석십자수 캐릭터,지니맘 큐빅십자수  DIY: 19번 방패 (15cm 20cm)
503594082,SELLBLOG,NORMAL,아이기조아해요,2018-10-03T15:57:01.000+0000,STOREFARM,5,지니맘 어린이 보석십자수 캐릭터,지니맘 큐빅십자수  DIY: 5번  반짝이 사슴 (15cm 20cm)
497855466,SELLBLOG,NORMAL,"퀄리티 좋습니다 처음에는 보석 십자수가 다소 생소했는데,
생각보다 직접 만드는게 어렵지 않아서 좋았습니다.",2018-09-20T01:57:57.000+0000,STOREFARM,5,지니맘 어린이 보석십자수 캐릭터,지니맘 큐빅십자수  DIY: 24번 미니1 (15cm 20cm)
502838141,SELLBLOG,NORMAL,재구매하겠습니다,2018-10-02T02:54:20.000+0000,STOREFARM,5,지니맘 어린이 보석십자수 캐릭터,지니맘 큐빅십자수  DIY: 1번 유니콘 (15cm 20cm)
502838135,SELLBLOG,NORMAL,재구매하겠습니다,2018-10-02T02:54:20.000+0000,STOREFARM,5,지니맘 어린이 보석십자수 캐릭터,지니맘 큐빅십자수  DIY: 23번 사자 (15cm 20cm)
502838131,SELLBLOG,NORMAL,재구매 하겠습니다 ,2018-10-02T02:54:20.000+0000,STOREFARM,5,지니맘 어린이 보석십자수 캐릭터,지니맘 큐빅십자수  DIY: 22번 부엉이 (15cm 20cm)
518571942,SELLBLOG,NORMAL,좋아요 좋아요,2018-10-24T11:29:01.000+0000,STOREFARM,5,지니맘 어린이 보석십자수 캐릭터,지니맘 큐빅십자수  DIY: 10번 안경토끼 (15cm 20cm)
494940112,SELLBLOG,NORMAL,중간중간 불량큐빅잇엇으나 뭐 그정도야 ...엄청넉넉히 넣어주셔서 완성하고도 많이남아요,2018-09-15T04:03:57.000+0000,STOREFARM,5,지니맘 어린이 보석십자수 캐릭터,지니맘 큐빅십자수  DIY: 11번 클로버 (15cm 20cm)
487264691,SELLBLOG,NORMAL,재입고 기다렸다 샀어요. 맘에 드는 디자인이 품절이어서 재입고 기다렸다가 얼른 구매했어요. 8살 10살 딸래미들한테 좀 어려울까봐 도와주려했는데 스스로들 이틀만에 다 완성했네요. 액자까지 세트로 구매해서 액자에 끼웠더니 너무 뿌듯해 하네요.^^,2018-09-03T02:45:12.000+0000,STOREFARM,5,지니맘 어린이 보석십자수 캐릭터,지니맘 큐빅십자수  DIY: 3번 분홍사슴 (15cm 20cm)
500869643,SELLBLOG,NORMAL,도안보고나니 완성후가 기대됩니다~ㅎ,2018-09-26T13:56:21.000+0000,STOREFARM,5,지니맘 어린이 보석십자수 캐릭터,지니맘 큐빅십자수  DIY: 17번 가면 (15cm 20cm)
491203938,SELLBLOG,NORMAL,"조아요 배송도 빠르고 아이도좋아하긴 하는데
조금 어려운감은 있네요. 동그란선에 맞춰야해서
어른이 하는것보다 더 어렵지않나ㅋㅋ싶네요",2018-09-09T09:48:59.000+0000,STOREFARM,4,지니맘 어린이 보석십자수 캐릭터,지니맘 큐빅십자수  DIY: 1번 유니콘 (15cm 20cm)
497879940,SELLBLOG,NORMAL,유니콘 해놓으니 정말..이뻐요..남자아이들도 좋아하네요..,2018-09-20T02:31:43.000+0000,STOREFARM,5,지니맘 어린이 보석십자수 캐릭터,지니맘 큐빅십자수  DIY: 1번 유니콘 (15cm 20cm)
489240339,SELLBLOG,NORMAL,"촣아요.한번에 조카들꺼까지 왕창구매했네요.
배송비 아끼려고 왕창했는데 하나 다 맞추는데 시간이 좀 걸리더라는 ㅋㅋ 초1아이가 맞춰서 그런가봐요.
크기가 좀 작게나와도 좋을듯요",2018-09-06T00:36:15.000+0000,STOREFARM,5,지니맘 어린이 보석십자수 캐릭터,지니맘 큐빅십자수  DIY: 3번 분홍사슴 (15cm 20cm)
479107856,SELLBLOG,NORMAL,"아이가 좋아해요 받자마자 뜯어서 신나게 하고 있어요
완성 하는데 일주일 정도 걸리는 것 같아요
큐빅이 넉넉하게 들어있어요",2018-08-21T00:56:19.000+0000,STOREFARM,5,지니맘 어린이 보석십자수 캐릭터,지니맘 큐빅십자수  DIY: 4번 홍학 (15cm 20cm)
502356901,SELLBLOG,NORMAL,잘 받았습니다~,2018-10-01T00:22:47.000+0000,STOREFARM,5,지니맘 어린이 보석십자수 캐릭터,지니맘 큐빅십자수  DIY: 1번 유니콘 (15cm 20cm)
502356706,SELLBLOG,NORMAL,잘받았습니다~,2018-10-01T00:22:24.000+0000,STOREFARM,5,지니맘 어린이 보석십자수 캐릭터,지니맘 큐빅십자수  DIY: 4번 홍학 (15cm 20cm)
502356562,SELLBLOG,NORMAL,잘 받았습니다~,2018-10-01T00:21:59.000+0000,STOREFARM,5,지니맘 어린이 보석십자수 캐릭터,지니맘 큐빅십자수  DIY: 5번  반짝이 사슴 (15cm 20cm)
502356472,SELLBLOG,NORMAL,잘 받았습니다~,2018-10-01T00:21:38.000+0000,STOREFARM,5,지니맘 어린이 보석십자수 캐릭터,지니맘 큐빅십자수  DIY: 7번 소녀1  (15cm 20cm)
502356288,SELLBLOG,NORMAL,잘 받았습니다~,2018-10-01T00:21:11.000+0000,STOREFARM,5,지니맘 어린이 보석십자수 캐릭터,지니맘 큐빅십자수  DIY: 6번 소녀  (15cm 20cm)
502356137,SELLBLOG,NORMAL,잘 받았습니다~,2018-10-01T00:20:41.000+0000,STOREFARM,5,지니맘 어린이 보석십자수 캐릭터,지니맘 큐빅십자수  DIY: 22번 부엉이 (15cm 20cm)
502356010,SELLBLOG,NORMAL,잘 받았습니다~,2018-10-01T00:20:21.000+0000,STOREFARM,5,지니맘 어린이 보석십자수 캐릭터,지니맘 큐빅십자수  DIY: 24번 미니1 (15cm 20cm)
502355864,SELLBLOG,NORMAL,잘 받았습니다~,2018-10-01T00:19:53.000+0000,STOREFARM,5,지니맘 어린이 보석십자수 캐릭터,지니맘 큐빅십자수  DIY: 5번 펭귄(15cm 15cm)
502355503,SELLBLOG,NORMAL,잘 받았습니다~,2018-10-01T00:18:57.000+0000,STOREFARM,5,지니맘 어린이 보석십자수 캐릭터,지니맘 큐빅십자수  DIY: 4번 작은유니콘(15cm 15cm)
502355362,SELLBLOG,NORMAL,잘 받았습니다~,2018-10-01T00:18:31.000+0000,STOREFARM,5,지니맘 어린이 보석십자수 캐릭터,지니맘 큐빅십자수  DIY: 2번 토끼(15cm 15cm)
502355233,SELLBLOG,NORMAL,잘 받았습니다~,2018-10-01T00:18:08.000+0000,STOREFARM,5,지니맘 어린이 보석십자수 캐릭터,지니맘 큐빅십자수  DIY: 1번 사탕(15cm 15cm)
502354930,SELLBLOG,NORMAL,잘 받았습니다~,2018-10-01T00:17:31.000+0000,STOREFARM,5,지니맘 어린이 보석십자수 캐릭터,지니맘 큐빅십자수  DIY: 14번 슈퍼맨 (15cm 20cm)
502354514,SELLBLOG,NORMAL,잘 받았습니다~,2018-10-01T00:16:34.000+0000,STOREFARM,5,지니맘 어린이 보석십자수 캐릭터,지니맘 큐빅십자수  DIY: 19번 방패 (15cm 20cm)
502354295,SELLBLOG,NORMAL,잘 받았습니다~,2018-10-01T00:15:55.000+0000,STOREFARM,5,지니맘 어린이 보석십자수 캐릭터,지니맘 큐빅십자수  DIY: 21번 번개 (15cm 20cm)
502353542,SELLBLOG,NORMAL,잘 받았습니다~,2018-10-01T00:13:51.000+0000,STOREFARM,5,지니맘 어린이 보석십자수 캐릭터,지니맘 큐빅십자수  DIY: 17번 가면 (15cm 20cm)
502349151,SELLBLOG,NORMAL,잘받았습니다~,2018-10-01T00:00:54.000+0000,STOREFARM,5,지니맘 어린이 보석십자수 캐릭터,지니맘 큐빅십자수  DIY: 26번 검은사슴(15cm 20cm)
502354763,SELLBLOG,NORMAL,"잘 방았습니다~
",2018-10-01T00:17:08.000+0000,STOREFARM,5,지니맘 어린이 보석십자수 캐릭터,지니맘 큐빅십자수  DIY: 15번 베트맨 (15cm 20cm)
491203494,SELLBLOG,NORMAL,"조아요 생각보다 어려워 하는감은 있지만 그래도 좋아합니다. 배송은 빨랐고 그림도 예쁘네요 
다 하고 나면 또 시킬까 생각중입니다.",2018-09-09T09:48:00.000+0000,STOREFARM,4,지니맘 어린이 보석십자수 캐릭터,지니맘 큐빅십자수  DIY: 22번 부엉이 (15cm 20cm)
500869624,SELLBLOG,NORMAL,그림도 예쁘고 아이들도 좋아하네요~^^,2018-09-26T13:56:21.000+0000,STOREFARM,5,지니맘 어린이 보석십자수 캐릭터,지니맘 큐빅십자수  DIY: 6번 소녀  (15cm 20cm)
500869628,SELLBLOG,NORMAL,도안도 맘에들고 좋아요~,2018-09-26T13:56:21.000+0000,STOREFARM,5,지니맘 어린이 보석십자수 캐릭터,지니맘 큐빅십자수  DIY: 14번 슈퍼맨 (15cm 20cm)
514612586,SELLBLOG,NORMAL,블링블링하네요~,2018-10-19T01:46:45.000+0000,STOREFARM,5,지니맘 어린이 보석십자수 캐릭터,지니맘 큐빅십자수  DIY: 4번 홍학 (15cm 20cm)
514612583,SELLBLOG,NORMAL,블링블링하네요~,2018-10-19T01:46:45.000+0000,STOREFARM,5,지니맘 어린이 보석십자수 캐릭터,지니맘 큐빅십자수  DIY: 22번 부엉이 (15cm 20cm)
514612579,SELLBLOG,NORMAL,블링블링하네요~,2018-10-19T01:46:45.000+0000,STOREFARM,5,지니맘 어린이 보석십자수 캐릭터,지니맘 큐빅십자수  DIY: 2번 토끼(15cm 15cm)
514612573,SELLBLOG,NORMAL,블링블링하네요~,2018-10-19T01:46:45.000+0000,STOREFARM,5,지니맘 어린이 보석십자수 캐릭터,지니맘 큐빅십자수  DIY: 3번 달팽이(15cm 15cm)
514612569,SELLBLOG,NORMAL,블링블링하네요~,2018-10-19T01:46:45.000+0000,STOREFARM,5,지니맘 어린이 보석십자수 캐릭터,지니맘 큐빅십자수  DIY: 4번 작은유니콘(15cm 15cm)
498103820,SELLBLOG,NORMAL,딸아이가 엄청 좋아해요~^&^ 집중력 짱이네요~,2018-09-20T08:34:41.000+0000,STOREFARM,5,지니맘 어린이 보석십자수 캐릭터,지니맘 큐빅십자수  DIY: 10번 안경토끼 (15cm 20cm)
499596214,SELLBLOG,NORMAL,설명서를 함께 주시면 좋을 것 같습니다~,2018-09-23T08:49:55.000+0000,STOREFARM,5,지니맘 어린이 보석십자수 캐릭터,지니맘 큐빅십자수  DIY: 17번 가면 (15cm 20cm)
489292816,SELLBLOG,NORMAL,"굿 다하면또구매할께오
애들이 아주좋아해요
번창하시고 마니파세요
아주작은 미니사이즈도 팔아주세요
어린애들이 한번에 하기에는 사이즈가넘커요",2018-09-06T02:18:17.000+0000,STOREFARM,5,지니맘 어린이 보석십자수 캐릭터,지니맘 큐빅십자수  DIY: 3번 달팽이(15cm 15cm)
476441655,SELLBLOG,NORMAL,아이가 좋아해요 여자아이라 핑크색 큐빅이 있는 작품으로 샀는데 아이가 너무 좋아해요. 단순 작업 반복이라 좀 지루해해서 같이 해줬는데 힘들더라구요 ㅜㅜ,2018-08-16T03:38:16.000+0000,STOREFARM,5,지니맘 어린이 보석십자수 캐릭터,지니맘 큐빅십자수  DIY: 1번 유니콘 (15cm 20cm)
500648323,SELLBLOG,NORMAL,아이들이 좋아해요,2018-09-25T14:34:44.000+0000,STOREFARM,5,지니맘 어린이 보석십자수 캐릭터,지니맘 큐빅십자수  DIY: 5번 펭귄(15cm 15cm)
500648320,SELLBLOG,NORMAL,아이들이 좋아해요,2018-09-25T14:34:44.000+0000,STOREFARM,5,지니맘 어린이 보석십자수 캐릭터,지니맘 큐빅십자수  DIY: 9번 겨울사슴 (15cm 20cm)
487827344,SELLBLOG,NORMAL,"15개에 액자까지 10만원이상 주문했는데 서비스하나없네요 배송비절약막으로도 많이됐을텐데 ㅠㅠ
다른곳보다 싸서 그런가? 너무이이쁘긴해요~~",2018-09-04T00:11:07.000+0000,STOREFARM,5,지니맘 어린이 보석십자수 캐릭터,지니맘 큐빅십자수  DIY: 25번 미니2  (15cm 20cm)
488383761,SELLBLOG,NORMAL,예뻐요^^ 저녁에 택배 받자마자 아빠랑 초1 딸이랑 붙어앉아서 벌써 반이나 붙여서 만들었어요ㅋㅋㅋ 집중력엔 좋을것 같네요~ 전 눈이 침침해서 못하겠...ㅋㅋㅋ,2018-09-04T13:10:20.000+0000,STOREFARM,5,지니맘 어린이 보석십자수 캐릭터,지니맘 큐빅십자수  DIY: 2번 보라유니콘 (15cm 20cm)
500869651,SELLBLOG,NORMAL,잘 받았습니다,2018-09-26T13:56:21.000+0000,STOREFARM,5,지니맘 어린이 보석십자수 캐릭터,지니맘 큐빅십자수  DIY: 24번 미니1 (15cm 20cm)
500869647,SELLBLOG,NORMAL,잘 받았습니다,2018-09-26T13:56:21.000+0000,STOREFARM,5,지니맘 어린이 보석십자수 캐릭터,지니맘 큐빅십자수  DIY: 4번 작은유니콘(15cm 15cm)
500869645,SELLBLOG,NORMAL,잘 받았습니다,2018-09-26T13:56:21.000+0000,STOREFARM,5,지니맘 어린이 보석십자수 캐릭터,지니맘 큐빅십자수  DIY: 16번 별 (15cm 20cm)
491202768,SELLBLOG,NORMAL,"배송도 빠르고 제품도 괜찮습니다.
생각보다 괜찮아요. 아이가 조금 힘들어하긴하는데 나쁘지않아요",2018-09-09T09:46:19.000+0000,STOREFARM,5,지니맘 어린이 보석십자수 캐릭터,지니맘 큐빅십자수  DIY: 22번 부엉이 (15cm 20cm)
499894301,SELLBLOG,NORMAL,아이들하기딱이에요,2018-09-24T02:31:59.000+0000,STOREFARM,5,지니맘 어린이 보석십자수 캐릭터,지니맘 큐빅십자수  DIY: 2번 보라유니콘 (15cm 20cm)
500511749,SELLBLOG,NORMAL,빠른 배송 좋아요,2018-09-25T07:32:43.000+0000,STOREFARM,5,지니맘 어린이 보석십자수 캐릭터,지니맘 큐빅십자수  DIY: 6번 소녀  (15cm 20cm)
500511623,SELLBLOG,NORMAL,빠른 배송 좋아요,2018-09-25T07:32:26.000+0000,STOREFARM,5,지니맘 어린이 보석십자수 캐릭터,지니맘 큐빅십자수  DIY: 23번 사자 (15cm 20cm)
500511386,SELLBLOG,NORMAL,빠른 배송 좋아요,2018-09-25T07:31:48.000+0000,STOREFARM,5,지니맘 어린이 보석십자수 캐릭터,지니맘 큐빅십자수  DIY: 1번 유니콘 (15cm 20cm)
500511295,SELLBLOG,NORMAL,빠른 배송 조항요,2018-09-25T07:31:36.000+0000,STOREFARM,5,지니맘 어린이 보석십자수 캐릭터,지니맘 큐빅십자수  DIY: 7번 소녀1  (15cm 20cm)
500511216,SELLBLOG,NORMAL,빠른 배송 좋아요,2018-09-25T07:31:22.000+0000,STOREFARM,5,지니맘 어린이 보석십자수 캐릭터,지니맘 큐빅십자수  DIY: 3번 분홍사슴 (15cm 20cm)
500511136,SELLBLOG,NORMAL,빠른 배송좋아요,2018-09-25T07:31:09.000+0000,STOREFARM,5,지니맘 어린이 보석십자수 캐릭터,지니맘 큐빅십자수  DIY: 22번 부엉이 (15cm 20cm)
500510942,SELLBLOG,NORMAL,빠른 배송 좋아요,2018-09-25T07:30:40.000+0000,STOREFARM,5,지니맘 어린이 보석십자수 캐릭터,지니맘 큐빅십자수  DIY: 10번 안경토끼 (15cm 20cm)
497879931,SELLBLOG,NORMAL,선물도하고 아들들 하나씩하고 잼있고 이뻐요,2018-09-20T02:31:43.000+0000,STOREFARM,5,지니맘 어린이 보석십자수 캐릭터,지니맘 큐빅십자수  DIY: 4번 홍학 (15cm 20cm)
489240843,SELLBLOG,NORMAL,"필요하니까 샀죠 방학 애들 시간보내기 짱이었습니다.계속구매할듯요
해놓으면 이쁘기도 하고요.
친구딸들 추천도 많이 했네요",2018-09-06T00:37:24.000+0000,STOREFARM,5,지니맘 어린이 보석십자수 캐릭터,지니맘 큐빅십자수  DIY: 3번 분홍사슴 (15cm 20cm)
499928757,SELLBLOG,NORMAL,배송도 빠르고 큐빅도 예뻐요,2018-09-24T03:36:33.000+0000,STOREFARM,5,지니맘 어린이 보석십자수 캐릭터,지니맘 큐빅십자수  DIY: 19번 방패 (15cm 20cm)
499928751,SELLBLOG,NORMAL,배송도 빠르고 큐빅도 예뻐요,2018-09-24T03:36:33.000+0000,STOREFARM,5,지니맘 어린이 보석십자수 캐릭터,지니맘 큐빅십자수  DIY: 17번 가면 (15cm 20cm)
500869639,SELLBLOG,NORMAL,잘 받았습니다~,2018-09-26T13:56:21.000+0000,STOREFARM,5,지니맘 어린이 보석십자수 캐릭터,지니맘 큐빅십자수  DIY: 2번 보라유니콘 (15cm 20cm)
489291879,SELLBLOG,NORMAL,"적극추천합니다 정말 색감도 예쁘고 좋네요.
많이 파세요
이런걸만들다니 대단하십니다
또구매할께요
근데 비즈가 바닥에 너무 뒹굴러서 엄마ㅡㄴ 피곤타는요",2018-09-06T02:16:33.000+0000,STOREFARM,5,지니맘 어린이 보석십자수 캐릭터,지니맘 큐빅십자수  DIY: 4번 작은 유니콘(15cm 15cm)
486566727,SELLBLOG,NORMAL,"깨끗하니 좋아요 보내주신 설명서대로 삶아 널어두었어요
삶으니 하얀해져서 보기만해도 좋네요
아직 사용전이지만 잘 사용할게요
생각보다 크기도  만족스러워요",2018-09-02T01:23:21.000+0000,STOREFARM,4,지니맘 어린이 보석십자수 캐릭터,지니맘 큐빅십자수  DIY: 3번 분홍사슴 (15cm 20cm)
491466858,SELLBLOG,NORMAL,마지막이네ㅡ배송빠르고 물건도 좋아요!!구매평이 한꺼번에 안써진다는 불편함이있네요ㅠ,2018-09-09T23:23:54.000+0000,STOREFARM,5,지니맘 어린이 보석십자수 캐릭터,지니맘 큐빅십자수  DIY: 5번  반짝이 사슴 (15cm 20cm)
489239238,SELLBLOG,NORMAL,"아이들에게 집중력과 색감을 키워주는 좋은노리였던거같아요~ 저렴히 판매하는거 같고요.
다맞추고나면 이뻐요",2018-09-06T00:33:47.000+0000,STOREFARM,5,지니맘 어린이 보석십자수 캐릭터,지니맘 큐빅십자수  DIY: 1번 유니콘 (15cm 20cm)
491202244,SELLBLOG,NORMAL,"배송도 빠 르 고 아 이 도 좋 아 합 니 다.
근데   생각보다 어려워하네요 .
천천히 하고 있습니다.",2018-09-09T09:45:12.000+0000,STOREFARM,5,지니맘 어린이 보석십자수 캐릭터,지니맘 큐빅십자수  DIY: 1번 유니콘 (15cm 20cm)
495128567,SELLBLOG,NORMAL,빠른배송 감사합니다. 아이가 좋아해요~,2018-09-15T08:53:28.000+0000,STOREFARM,5,지니맘 어린이 보석십자수 캐릭터,지니맘 큐빅십자수  DIY: 1번 유니콘 (15cm 20cm)
491004177,SELLBLOG,NORMAL,"잘 받았어요. 학교 준비물이라 급하게 주문했는데 빠른 배송으로 차질없이 잘 받았어요.
예쁘게 잘 할게요.",2018-09-09T03:17:31.000+0000,STOREFARM,5,지니맘 어린이 보석십자수 캐릭터,지니맘 큐빅십자수  DIY: 3번 분홍사슴 (15cm 20cm)
499596224,SELLBLOG,NORMAL,아이가 좋아합니다 ,2018-09-23T08:49:55.000+0000,STOREFARM,5,지니맘 어린이 보석십자수 캐릭터,지니맘 큐빅십자수  DIY: 1번 유니콘 (15cm 20cm)
499596217,SELLBLOG,NORMAL,아이가 좋아합니다,2018-09-23T08:49:55.000+0000,STOREFARM,5,지니맘 어린이 보석십자수 캐릭터,지니맘 큐빅십자수  DIY: 1번 사탕(15cm 15cm)
497879917,SELLBLOG,NORMAL,선물도 하고 아들들 하나씩 하고.. 잼있고 이뻐요...,2018-09-20T02:31:43.000+0000,STOREFARM,5,지니맘 어린이 보석십자수 캐릭터,지니맘 큐빅십자수  DIY: 22번 부엉이 (15cm 20cm)
488607838,SELLBLOG,NORMAL,좋아요 애들이 좋아하네요.선물받아서 한번 해보고 너무 맘에 들어 구매했어요.집중해서 하니까 너무 좋아요.^^선물로도 좋아요. 또 구매할께요,2018-09-05T00:48:51.000+0000,STOREFARM,5,지니맘 어린이 보석십자수 캐릭터,지니맘 큐빅십자수  DIY: 1번 유니콘 (15cm 20cm)
488607694,SELLBLOG,NORMAL,좋아요 애들이 좋아하네요.선물받아서 한번 해보고 너무 맘에 들어 구매했어요.집중해서 하니까 너무 좋아요.^^선물로도 좋아요. 또 구매할께요,2018-09-05T00:48:36.000+0000,STOREFARM,4,지니맘 어린이 보석십자수 캐릭터,지니맘 큐빅십자수  DIY: 3번 분홍사슴 (15cm 20cm)
488607492,SELLBLOG,NORMAL,좋아요 애들이 좋아하네요.선물받아서 한번 해보고 너무 맘에 들어 구매했어요.집중해서 하니까 너무 좋아요.^^선물로도 좋아요. 또 구매할께요,2018-09-05T00:48:16.000+0000,STOREFARM,5,지니맘 어린이 보석십자수 캐릭터,지니맘 큐빅십자수  DIY: 6번 소녀  (15cm 20cm)
488607241,SELLBLOG,NORMAL,좋아요 애들이 좋아하네요.선물받아서 한번 해보고 너무 맘에 들어 구매했어요.집중해서 하니까 너무 좋아요.^^선물로도 좋아요. 또 구매할께요,2018-09-05T00:47:58.000+0000,STOREFARM,5,지니맘 어린이 보석십자수 캐릭터,지니맘 큐빅십자수  DIY: 13번 스폰지 (15cm 20cm)
488607031,SELLBLOG,NORMAL,좋아요 애들이 좋아하네요.선물받아서 한번 해보고 너무 맘에 들어 구매했어요.집중해서 하니까 너무 좋아요.^^선물로도 좋아요. 또 구매할께요,2018-09-05T00:47:42.000+0000,STOREFARM,5,지니맘 어린이 보석십자수 캐릭터,지니맘 큐빅십자수  DIY: 23번 사자 (15cm 20cm)
488606773,SELLBLOG,NORMAL,좋아요 애들이 좋아하네요.선물받아서 한번 해보고 너무 맘에 들어 구매했어요.집중해서 하니까 너무 좋아요.^^선물로도 좋아요. 또 구매할께요,2018-09-05T00:47:19.000+0000,STOREFARM,5,지니맘 어린이 보석십자수 캐릭터,지니맘 큐빅십자수  DIY: 22번 부엉이 (15cm 20cm)
488606579,SELLBLOG,NORMAL,좋아요 애들이 좋아하네요.선물받아서 한번 해보고 너무 맘에 들어 구매했어요.집중해서 하니까 너무 좋아요.^^선물로도 좋아요. 또 구매할께요,2018-09-05T00:47:05.000+0000,STOREFARM,5,지니맘 어린이 보석십자수 캐릭터,지니맘 큐빅십자수  DIY: 7번 소녀1  (15cm 20cm)
497854214,SELLBLOG,NORMAL,여러가지 디자인이 있어 좋습니다,2018-09-20T01:56:14.000+0000,STOREFARM,5,지니맘 어린이 보석십자수 캐릭터,지니맘 큐빅십자수  DIY: 4번 홍학 (15cm 20cm)
511186643,SELLBLOG,NORMAL,조아요조아,2018-10-14T22:54:38.000+0000,STOREFARM,5,지니맘 어린이 보석십자수 캐릭터,지니맘 큐빅십자수  DIY: 3번 분홍사슴 (15cm 20cm)
491466830,SELLBLOG,NORMAL,구매평 한꺼번에 되면좋겠어요ㅠ10개샀는데 10개 구매평 다적어야 되네요ㅠ배송빠르고 좋아요!!,2018-09-09T23:23:54.000+0000,STOREFARM,5,지니맘 어린이 보석십자수 캐릭터,지니맘 큐빅십자수  DIY: 22번 부엉이 (15cm 20cm)
511186641,SELLBLOG,NORMAL,조아요조아요,2018-10-14T22:54:38.000+0000,STOREFARM,5,지니맘 어린이 보석십자수 캐릭터,지니맘 큐빅십자수  DIY: 1번 유니콘 (15cm 20cm)
511186636,SELLBLOG,NORMAL,조아요조아요,2018-10-14T22:54:38.000+0000,STOREFARM,5,지니맘 어린이 보석십자수 캐릭터,지니맘 큐빅십자수  DIY: 10번 안경토끼 (15cm 20cm)
476440661,SELLBLOG,NORMAL,"너무 예뻐요 15*20 사이즈라 a4 반만한 크기에요. 
큐빅이 알차게 박히고 구성이 잘 되어 있어서 너무 예쁘게 잘 만들어지고 있어요.",2018-08-16T03:35:57.000+0000,STOREFARM,5,지니맘 어린이 보석십자수 캐릭터,지니맘 큐빅십자수  DIY: 3번 분홍사슴 (15cm 20cm)
497854207,SELLBLOG,NORMAL,생각보다 퀄리티가 좋네요,2018-09-20T01:56:14.000+0000,STOREFARM,5,지니맘 어린이 보석십자수 캐릭터,지니맘 큐빅십자수  DIY: 24번 미니1 (15cm 20cm)
490968359,SELLBLOG,NORMAL,아이가 너무 재밌어 하네요~그림도 너무 예쁘다 고 기분좋게 잼있게 완성하네요~^^,2018-09-09T02:16:30.000+0000,STOREFARM,5,지니맘 어린이 보석십자수 캐릭터,지니맘 큐빅십자수  DIY: 22번 부엉이 (15cm 20cm)
499517965,SELLBLOG,NORMAL,예뻐요 완성도ㄱㅏ 높은 제품입니다,2018-09-23T05:51:01.000+0000,STOREFARM,5,지니맘 어린이 보석십자수 캐릭터,지니맘 큐빅십자수  DIY: 5번  반짝이 사슴 (15cm 20cm)
489292217,SELLBLOG,NORMAL,"그래도 애들은 좋아라하니 사줘야겠죠?
정말 색 이쁘고 선물노도 좋아요
많이바세오",2018-09-06T02:17:08.000+0000,STOREFARM,5,지니맘 어린이 보석십자수 캐릭터,지니맘 큐빅십자수  DIY: 3번 달팽이(15cm 15cm)
489239729,SELLBLOG,NORMAL,어린이들 좋아요 놀이하기 좋네요.5세 동생도 옆에서 칸칸이 넣ㄱ는거 돕고 좋아요.근데 비즈들이 온바닥에 난리네요 ㅋㅋㅋ,2018-09-06T00:34:45.000+0000,STOREFARM,5,지니맘 어린이 보석십자수 캐릭터,지니맘 큐빅십자수  DIY: 1번 유니콘 (15cm 20cm)
496597364,SELLBLOG,NORMAL,너무 예쁘고 시간이 금방 가네요,2018-09-18T01:04:56.000+0000,STOREFARM,5,지니맘 어린이 보석십자수 캐릭터,지니맘 큐빅십자수  DIY: 10번 안경토끼 (15cm 20cm)
496597356,SELLBLOG,NORMAL,너무 예쁘고 시간이 금방가네요,2018-09-18T01:04:56.000+0000,STOREFARM,5,지니맘 어린이 보석십자수 캐릭터,지니맘 큐빅십자수  DIY: 5번  반짝이 사슴 (15cm 20cm)
497854229,SELLBLOG,NORMAL,아이들이 좋아합니다,2018-09-20T01:56:14.000+0000,STOREFARM,5,지니맘 어린이 보석십자수 캐릭터,지니맘 큐빅십자수  DIY: 7번 소녀1  (15cm 20cm)
496597378,SELLBLOG,NORMAL,시간이 오래 걸리지만 예뻐요,2018-09-18T01:04:56.000+0000,STOREFARM,5,지니맘 어린이 보석십자수 캐릭터,지니맘 큐빅십자수  DIY: 17번 가면 (15cm 20cm)
492186573,SELLBLOG,NORMAL,아이가 너무 좋아해요. 재구매 의사 있습니다.,2018-09-10T23:11:25.000+0000,STOREFARM,5,지니맘 어린이 보석십자수 캐릭터,지니맘 큐빅십자수  DIY: 10번 안경토끼 (15cm 20cm)
492186567,SELLBLOG,NORMAL,아이가 너무 좋아해요. 만들고 나니 굉장히 예쁘네요.,2018-09-10T23:11:25.000+0000,STOREFARM,5,지니맘 어린이 보석십자수 캐릭터,지니맘 큐빅십자수  DIY: 23번 사자 (15cm 20cm)
496597371,SELLBLOG,NORMAL,취미로 하면 좋을것 같네요,2018-09-18T01:04:56.000+0000,STOREFARM,5,지니맘 어린이 보석십자수 캐릭터,지니맘 큐빅십자수  DIY: 12번 슈퍼 (15cm 20cm)
491466834,SELLBLOG,NORMAL,구매평쓰다가 손가락부러지겠어요ㅠ10개언제다써ㅠ,2018-09-09T23:23:54.000+0000,STOREFARM,5,지니맘 어린이 보석십자수 캐릭터,지니맘 큐빅십자수  DIY: 9번 겨울사슴 (15cm 20cm)
508876433,SELLBLOG,NORMAL,반짝반짝 예뻐요^^,2018-10-11T10:09:13.000+0000,STOREFARM,5,지니맘 어린이 보석십자수 캐릭터,지니맘 큐빅십자수  DIY: 3번 분홍사슴 (15cm 20cm)
499642734,SELLBLOG,NORMAL,예쁘네요.,2018-09-23T10:44:53.000+0000,STOREFARM,5,지니맘 어린이 보석십자수 캐릭터,지니맘 큐빅십자수  DIY: 1번 유니콘 (15cm 20cm)
496570067,SELLBLOG,NORMAL,아이들이 넘 좋아하네요,2018-09-18T00:20:16.000+0000,STOREFARM,5,지니맘 어린이 보석십자수 캐릭터,지니맘 큐빅십자수  DIY: 22번 부엉이 (15cm 20cm)
489651426,SELLBLOG,NORMAL,"집중력을 발휘하는 아이, 정말 좋네요. 보석사이즈도 다양하고 ",2018-09-06T13:02:06.000+0000,STOREFARM,5,지니맘 어린이 보석십자수 캐릭터,지니맘 큐빅십자수  DIY: 6번 소녀  (15cm 20cm)
487262208,SELLBLOG,NORMAL,"울아이들이 고른 디자인이 품절이어서 목이 빠지게 기다렸다가 재입고 되어서 얼른 구매했어요.
넘 이뻐요. ",2018-09-03T02:42:26.000+0000,STOREFARM,5,지니맘 어린이 보석십자수 캐릭터,지니맘 큐빅십자수  DIY: 3번 분홍사슴 (15cm 20cm)
496583760,SELLBLOG,NORMAL,배송 빠르고 예쁘네요,2018-09-18T00:43:07.000+0000,STOREFARM,5,지니맘 어린이 보석십자수 캐릭터,지니맘 큐빅십자수  DIY: 19번 방패 (15cm 20cm)
496583792,SELLBLOG,NORMAL,배송빠르고 좋아요 ,2018-09-18T00:43:07.000+0000,STOREFARM,5,지니맘 어린이 보석십자수 캐릭터,지니맘 큐빅십자수  DIY: 24번 미니1 (15cm 20cm)
496583785,SELLBLOG,NORMAL,배송빠르고 좋아요 ,2018-09-18T00:43:07.000+0000,STOREFARM,5,지니맘 어린이 보석십자수 캐릭터,지니맘 큐빅십자수  DIY: 23번 사자 (15cm 20cm)
496583780,SELLBLOG,NORMAL,배송빠르고 좋아요 ,2018-09-18T00:43:07.000+0000,STOREFARM,5,지니맘 어린이 보석십자수 캐릭터,지니맘 큐빅십자수  DIY: 9번 겨울사슴 (15cm 20cm)
496583776,SELLBLOG,NORMAL,배송빠르고좋아요,2018-09-18T00:43:07.000+0000,STOREFARM,5,지니맘 어린이 보석십자수 캐릭터,지니맘 큐빅십자수  DIY: 4번 홍학 (15cm 20cm)
496583769,SELLBLOG,NORMAL,배송빠르고좋아요,2018-09-18T00:43:07.000+0000,STOREFARM,5,지니맘 어린이 보석십자수 캐릭터,지니맘 큐빅십자수  DIY: 3번 분홍사슴 (15cm 20cm)
496583763,SELLBLOG,NORMAL,배송빠르고좋아요,2018-09-18T00:43:07.000+0000,STOREFARM,5,지니맘 어린이 보석십자수 캐릭터,지니맘 큐빅십자수  DIY: 10번 안경토끼 (15cm 20cm)
496583756,SELLBLOG,NORMAL,배송빠르고좋아요,2018-09-18T00:43:07.000+0000,STOREFARM,5,지니맘 어린이 보석십자수 캐릭터,지니맘 큐빅십자수  DIY: 1번 유니콘 (15cm 20cm)
494940102,SELLBLOG,NORMAL,배송돔빠르고 포장도잘왓어요,2018-09-15T04:03:57.000+0000,STOREFARM,5,지니맘 어린이 보석십자수 캐릭터,지니맘 큐빅십자수  DIY: 21번 번개 (15cm 20cm)
495877112,SELLBLOG,NORMAL,7세아이가 재미있어해요,2018-09-16T22:30:02.000+0000,STOREFARM,5,지니맘 어린이 보석십자수 캐릭터,지니맘 큐빅십자수  DIY: 13번 스폰지 (15cm 20cm)
490891958,SELLBLOG,NORMAL,아이가 신나합니다.반짝거려서 예쁘기도 합니다,2018-09-08T23:23:57.000+0000,STOREFARM,5,지니맘 어린이 보석십자수 캐릭터,지니맘 큐빅십자수  DIY: 2번 보라유니콘 (15cm 20cm)
496597376,SELLBLOG,NORMAL,반짝반짝가려서 넘 여쁘네요,2018-09-18T01:04:56.000+0000,STOREFARM,5,지니맘 어린이 보석십자수 캐릭터,지니맘 큐빅십자수  DIY: 4번 홍학 (15cm 20cm)
499642743,SELLBLOG,NORMAL,좋아요~~,2018-09-23T10:44:53.000+0000,STOREFARM,5,지니맘 어린이 보석십자수 캐릭터,지니맘 큐빅십자수  DIY: 9번 겨울사슴 (15cm 20cm)
499642737,SELLBLOG,NORMAL,좋아요~~,2018-09-23T10:44:53.000+0000,STOREFARM,5,지니맘 어린이 보석십자수 캐릭터,지니맘 큐빅십자수  DIY: 22번 부엉이 (15cm 20cm)
487462878,SELLBLOG,NORMAL,"애들 방학숙제로 급하게 주문햏는데..
빠른배송으로..
개학날 숙제 완료 했네요.
넘 좋으네요",2018-09-03T06:55:54.000+0000,STOREFARM,5,지니맘 어린이 보석십자수 캐릭터,지니맘 큐빅십자수  DIY: 10번 안경토끼 (15cm 20cm)
489243357,SELLBLOG,NORMAL,"좋아요많이파세요
돈마니버시고번창하세요
비즈색깔이 한번에 너무많이 안들어가면좋겠어요",2018-09-06T00:42:50.000+0000,STOREFARM,5,지니맘 어린이 보석십자수 캐릭터,지니맘 큐빅십자수  DIY: 4번 작은 유니콘(15cm 15cm)
491466849,SELLBLOG,NORMAL,구매평 안쓸까보다ㅡ! 배송빠르고 좋아요,2018-09-09T23:23:54.000+0000,STOREFARM,5,지니맘 어린이 보석십자수 캐릭터,지니맘 큐빅십자수  DIY: 1번 유니콘 (15cm 20cm)
511187094,SELLBLOG,NORMAL,긋 느ㅜㅂㄴㅅㄷㅅㄷㅅㄷㅂㄷ극ㄷㅂㄷㅂㄷㅂㄷㅅ브븐ㄷㅂㄷㅅㅂㅅㄷㄴㄷㅅㄷㄴㄷㄹㅂㄴㅅㄷㅂㆍㅅㄷㅅㄴㅅㄴㅅㄴㅅㄷㅅ,2018-10-14T22:55:49.000+0000,STOREFARM,5,지니맘 어린이 보석십자수 캐릭터,지니맘 큐빅십자수  DIY: 3번 분홍사슴 (15cm 20cm)
489756323,SELLBLOG,NORMAL,만족해요~하지만 중간중간 불량인 보석이 보입니다.,2018-09-06T21:25:12.000+0000,STOREFARM,5,지니맘 어린이 보석십자수 캐릭터,지니맘 큐빅십자수  DIY: 1번 유니콘 (15cm 20cm)
496597367,SELLBLOG,NORMAL,너무 예뻐요,2018-09-18T01:04:56.000+0000,STOREFARM,5,지니맘 어린이 보석십자수 캐릭터,지니맘 큐빅십자수  DIY: 25번 미니2  (15cm 20cm)
511187246,SELLBLOG,NORMAL,굿 ㅅㅂㅅㄱㄴㄷ극ㄷㅈㅂㅊㄱㄸㄱㄷㄱㅌㄱㄷㄱㄴㄱㄴㄱㄷㄱㄷㄴㄱㄴㄱㄴㄱㄷㄱㄷㄱㄷㄱㄷㄱㄷㄱㄷㄱㄷㄱㄷㅋㅈㄷㄱㄷㄱㄷㄱ,2018-10-14T22:56:12.000+0000,STOREFARM,5,지니맘 어린이 보석십자수 캐릭터,지니맘 큐빅십자수  DIY: 7번 소녀1  (15cm 20cm)
511186947,SELLBLOG,NORMAL,굿 ㄱㅅㅇㄱㅅㄷㄱㄷㅂㅌㅈㄱㅈㄱㅈㅂㅈㄷㄱㄷㄱㄷㄱㄷㅅㅂㅅㅂㅅㅂㅎㄹㄱㄴㄱㄹㄱㄴㅂㄷㄴㄱㄹㄱㄹㄱㄷㄴㅂㄱㄷ,2018-10-14T22:55:24.000+0000,STOREFARM,5,지니맘 어린이 보석십자수 캐릭터,지니맘 큐빅십자수  DIY: 1번 유니콘 (15cm 20cm)
511186806,SELLBLOG,NORMAL,굿 ㅎㅂ득ㄴㅅㄱㅅㄱㅎㅂㄷ그ㅢㄷㄱㅅㄷㅂ득ㄴㄱㅅㄱㅈㄱㅅㄱㄷㄱㅌㄱㄷㅂㄷㄴㄱㅅㄱㅅㄱㄷㄱㄷㄱㅌㄱㄷㄱㄸㅈ,2018-10-14T22:55:02.000+0000,STOREFARM,5,지니맘 어린이 보석십자수 캐릭터,지니맘 큐빅십자수  DIY: 10번 안경토끼 (15cm 20cm)
491382631,SELLBLOG,NORMAL,아이가좋아해요~~감사합니다,2018-09-09T15:25:57.000+0000,STOREFARM,5,지니맘 어린이 보석십자수 캐릭터,지니맘 큐빅십자수  DIY: 9번 겨울사슴 (15cm 20cm)
489756324,SELLBLOG,NORMAL,만족해요...하지만 중간중간 불량인 보석이 섞여있어요..,2018-09-06T21:25:12.000+0000,STOREFARM,5,지니맘 어린이 보석십자수 캐릭터,지니맘 큐빅십자수  DIY: 3번 분홍사슴 (15cm 20cm)
489961238,SELLBLOG,NORMAL,"잘 받았어요
아직 시작전입니다",2018-09-07T05:53:18.000+0000,STOREFARM,3,지니맘 어린이 보석십자수 캐릭터,지니맘 큐빅십자수  DIY: 6번 소녀  (15cm 20cm)
490993105,SELLBLOG,NORMAL,"애들이 너무 좋아합니다
재구매 의사 있습니다",2018-09-09T02:58:01.000+0000,STOREFARM,5,지니맘 어린이 보석십자수 캐릭터,지니맘 큐빅십자수  DIY: 22번 부엉이 (15cm 20cm)
490993098,SELLBLOG,NORMAL,"애들이 너무 좋아합니다
재구매 의사 있습니다",2018-09-09T02:58:01.000+0000,STOREFARM,5,지니맘 어린이 보석십자수 캐릭터,지니맘 큐빅십자수  DIY: 20번 거미 (15cm 20cm)
487462891,SELLBLOG,NORMAL,"빠른배송으로 숙제 잘 해서 냈네요.
제가 더 재미있던데요",2018-09-03T06:55:54.000+0000,STOREFARM,5,지니맘 어린이 보석십자수 캐릭터,지니맘 큐빅십자수  DIY: 5번  반짝이 사슴 (15cm 20cm)
491466844,SELLBLOG,NORMAL,구매평쓰는게 귀찮아서글치 제품좋아요!!,2018-09-09T23:23:54.000+0000,STOREFARM,5,지니맘 어린이 보석십자수 캐릭터,지니맘 큐빅십자수  DIY: 2번 보라유니콘 (15cm 20cm)
505912390,SELLBLOG,NORMAL,고맙습니다,2018-10-07T01:13:22.000+0000,STOREFARM,5,지니맘 어린이 보석십자수 캐릭터,지니맘 큐빅십자수  DIY: 5번  반짝이 사슴 (15cm 20cm)
490993091,SELLBLOG,NORMAL,"애들이 너무 좋아합니다.
재구매 의사 있습니다..",2018-09-09T02:58:01.000+0000,STOREFARM,5,지니맘 어린이 보석십자수 캐릭터,지니맘 큐빅십자수  DIY: 1번 유니콘 (15cm 20cm)
491382639,SELLBLOG,NORMAL,아이들이 좋아합니다 많이파세요..,2018-09-09T15:25:57.000+0000,STOREFARM,5,지니맘 어린이 보석십자수 캐릭터,지니맘 큐빅십자수  DIY: 5번 펭귄(15cm 15cm)
490968367,SELLBLOG,NORMAL,아이가 잼있게 잘완성하네요,2018-09-09T02:16:30.000+0000,STOREFARM,5,지니맘 어린이 보석십자수 캐릭터,지니맘 큐빅십자수  DIY: 1번 유니콘 (15cm 20cm)
489961247,SELLBLOG,NORMAL,큐빅이 부족하지않았음 좋겠어요그냥 그래요,2018-09-07T05:53:18.000+0000,STOREFARM,3,지니맘 어린이 보석십자수 캐릭터,지니맘 큐빅십자수  DIY: 22번 부엉이 (15cm 20cm)
486396958,SELLBLOG,NORMAL,계속 품절이라 아이가 정말 기다렸는데 주문하고 다음날 바로 와서 좋아했어요.,2018-09-01T13:35:37.000+0000,STOREFARM,5,지니맘 어린이 보석십자수 캐릭터,지니맘 큐빅십자수  DIY: 5번 펭귄(15cm 15cm)
490179310,SELLBLOG,NORMAL,좋아요~ 배송빠름,2018-09-07T12:50:19.000+0000,STOREFARM,5,지니맘 어린이 보석십자수 캐릭터,지니맘 큐빅십자수  DIY: 25번 미니2  (15cm 20cm)
487547008,SELLBLOG,NORMAL,아이들이너무 좋아해요. 또 구매하려구요.,2018-09-03T08:51:34.000+0000,STOREFARM,5,지니맘 어린이 보석십자수 캐릭터,지니맘 큐빅십자수  DIY: 3번 분홍사슴 (15cm 20cm)
488656683,SELLBLOG,NORMAL,크기가 조금 커서 초등이전에 아이가 하기는 힘들지만 예뻥ᆢㄷ,2018-09-05T01:55:01.000+0000,STOREFARM,3,지니맘 어린이 보석십자수 캐릭터,지니맘 큐빅십자수  DIY: 6번 소녀  (15cm 20cm)
479837848,SELLBLOG,NORMAL,쉬우면서도 완성도가 높아서 만족합니다. 사이즈도 부담스럽지 않아서 아이들 하기에도 좋으네요. 일반비즈보다 반짝임이 좋아서 이뻐요.,2018-08-21T23:59:44.000+0000,STOREFARM,5,지니맘 어린이 보석십자수 캐릭터,지니맘 큐빅십자수  DIY: 10번 안경토끼 (15cm 20cm)
490968361,SELLBLOG,NORMAL,아이가 재미있어하네요,2018-09-09T02:16:30.000+0000,STOREFARM,5,지니맘 어린이 보석십자수 캐릭터,지니맘 큐빅십자수  DIY: 3번 분홍사슴 (15cm 20cm)
490891952,SELLBLOG,NORMAL,어이가엄청 좋아하네요,2018-09-08T23:23:57.000+0000,STOREFARM,5,지니맘 어린이 보석십자수 캐릭터,지니맘 큐빅십자수  DIY: 17번 가면 (15cm 20cm)
491466826,SELLBLOG,NORMAL,배송빠르고좋아요,2018-09-09T23:23:54.000+0000,STOREFARM,5,지니맘 어린이 보석십자수 캐릭터,지니맘 큐빅십자수  DIY: 23번 사자 (15cm 20cm)
491466823,SELLBLOG,NORMAL,배송빠르고 좋아요,2018-09-09T23:23:54.000+0000,STOREFARM,5,지니맘 어린이 보석십자수 캐릭터,지니맘 큐빅십자수  DIY: 6번 소녀  (15cm 20cm)
490968364,SELLBLOG,NORMAL,아이가 잼있어하네요,2018-09-09T02:16:30.000+0000,STOREFARM,5,지니맘 어린이 보석십자수 캐릭터,지니맘 큐빅십자수  DIY: 2번 보라유니콘 (15cm 20cm)
491385889,SELLBLOG,NORMAL,아이가좋아하네요,2018-09-09T15:34:21.000+0000,STOREFARM,5,지니맘 어린이 보석십자수 캐릭터,지니맘 큐빅십자수  DIY: 4번 홍학 (15cm 20cm)
491466822,SELLBLOG,NORMAL,배송도빠르고 좋네요^^,2018-09-09T23:23:54.000+0000,STOREFARM,5,지니맘 어린이 보석십자수 캐릭터,지니맘 큐빅십자수  DIY: 7번 소녀1  (15cm 20cm)
491385891,SELLBLOG,NORMAL,아이가좋아해요,2018-09-09T15:34:21.000+0000,STOREFARM,5,지니맘 어린이 보석십자수 캐릭터,지니맘 큐빅십자수  DIY: 2번 보라유니콘 (15cm 20cm)
491003507,SELLBLOG,NORMAL,빠른 배송 감사합니다.,2018-09-09T03:16:20.000+0000,STOREFARM,5,지니맘 어린이 보석십자수 캐릭터,지니맘 큐빅십자수  DIY: 3번 분홍사슴 (15cm 20cm)
483672031,SELLBLOG,NORMAL,"좋아요 넘 쉽게 되고 좋아요~~~
아이들이 너무너무너무너무너무좋아해요~~~
또 구매할께요~~~
마니파세요",2018-08-28T01:43:19.000+0000,STOREFARM,5,지니맘 어린이 보석십자수 캐릭터,지니맘 큐빅십자수  DIY: 22번 미니3(15cm 20cm)
490554122,SELLBLOG,NORMAL,아이가 너무 좋아해요,2018-09-08T06:45:28.000+0000,STOREFARM,5,지니맘 어린이 보석십자수 캐릭터,지니맘 큐빅십자수  DIY: 2번 보라유니콘 (15cm 20cm)
490554118,SELLBLOG,NORMAL,아이가 너무 좋아해요,2018-09-08T06:45:28.000+0000,STOREFARM,5,지니맘 어린이 보석십자수 캐릭터,지니맘 큐빅십자수  DIY: 1번 유니콘 (15cm 20cm)
490554115,SELLBLOG,NORMAL,아이가 너무 좋아해요,2018-09-08T06:45:28.000+0000,STOREFARM,5,지니맘 어린이 보석십자수 캐릭터,지니맘 큐빅십자수  DIY: 9번 겨울사슴 (15cm 20cm)
487547014,SELLBLOG,NORMAL,아이들이 너무 좋아해요. 이뻐요.,2018-09-03T08:51:34.000+0000,STOREFARM,5,지니맘 어린이 보석십자수 캐릭터,지니맘 큐빅십자수  DIY: 20번 거미 (15cm 20cm)
491385884,SELLBLOG,NORMAL,배송이 빨라요,2018-09-09T15:34:21.000+0000,STOREFARM,5,지니맘 어린이 보석십자수 캐릭터,지니맘 큐빅십자수  DIY: 3번 분홍사슴 (15cm 20cm)
491385880,SELLBLOG,NORMAL,배송이 빨라요,2018-09-09T15:34:21.000+0000,STOREFARM,5,지니맘 어린이 보석십자수 캐릭터,지니맘 큐빅십자수  DIY: 1번 유니콘 (15cm 20cm)
490179304,SELLBLOG,NORMAL,주말에해보려합니다,2018-09-07T12:50:19.000+0000,STOREFARM,5,지니맘 어린이 보석십자수 캐릭터,지니맘 큐빅십자수  DIY: 7번 소녀1  (15cm 20cm)
478485809,SELLBLOG,NORMAL,"맘에 쏙들어요 아이주려고 샀다가 제가 푹빠져서
주말동안했네요ㅋㅋ아이도 좋아는한데
6살이라 하다쉬다하다쉬다 ㅋ
그래도 잼있대요",2018-08-20T01:31:17.000+0000,STOREFARM,5,지니맘 어린이 보석십자수 캐릭터,지니맘 큐빅십자수  DIY: 20번 거미 (15cm 20cm)
487262239,SELLBLOG,NORMAL,넘 예뻐요. 아이들이 좋아해요.,2018-09-03T02:42:26.000+0000,STOREFARM,5,지니맘 어린이 보석십자수 캐릭터,지니맘 큐빅십자수  DIY: 5번  반짝이 사슴 (15cm 20cm)
478771658,SELLBLOG,NORMAL,"배송도 빠르고 좋아요~

여름 휴가가 끼어있어서 걱정했는데 빨리 보내주셔서 감사합니다~

아이가 참 좋아하네요^^ 많이 파세요",2018-08-20T07:57:00.000+0000,STOREFARM,5,지니맘 어린이 보석십자수 캐릭터,지니맘 큐빅십자수  DIY: 6번 소녀  (15cm 20cm)
491293389,SELLBLOG,NORMAL,만족합니다,2018-09-09T12:32:59.000+0000,STOREFARM,5,지니맘 어린이 보석십자수 캐릭터,지니맘 큐빅십자수  DIY: 1번 유니콘 (15cm 20cm)
478484853,SELLBLOG,NORMAL,"예뻐요 아이 주려고샀는데...
제가 푹빠져서 하고있어요ㅋㅋ
시간 빨리가고 집중력좋아지네요ㅋ
담엔 품절상품도사야겠어요",2018-08-20T01:30:10.000+0000,STOREFARM,5,지니맘 어린이 보석십자수 캐릭터,지니맘 큐빅십자수  DIY: 3번 분홍사슴 (15cm 20cm)
489961250,SELLBLOG,NORMAL,사진보다 별루예요,2018-09-07T05:53:18.000+0000,STOREFARM,3,지니맘 어린이 보석십자수 캐릭터,지니맘 큐빅십자수  DIY: 7번 소녀1  (15cm 20cm)
490179299,SELLBLOG,NORMAL,쉬는날에해보려고요^^ ,2018-09-07T12:50:19.000+0000,STOREFARM,5,지니맘 어린이 보석십자수 캐릭터,지니맘 큐빅십자수  DIY: 3번 분홍사슴 (15cm 20cm)
505183073,SELLBLOG,NORMAL,ㅁㄴㅇㄹㄴㅇㄹㄴㅇㄹㅇㄴㅁㄹㄴㄹㅇ,2018-10-06T00:50:03.000+0000,STOREFARM,3,지니맘 어린이 보석십자수 캐릭터,지니맘 큐빅십자수  DIY: 1번 유니콘 (15cm 20cm)
505183066,SELLBLOG,NORMAL,ㄴㅇㄻㄴㄹㄴㅁㄹㄴㄹㄴㅇㄹㄴㅁㄻ,2018-10-06T00:50:03.000+0000,STOREFARM,3,지니맘 어린이 보석십자수 캐릭터,지니맘 큐빅십자수  DIY: 22번 부엉이 (15cm 20cm)
478771674,SELLBLOG,NORMAL,"ㄷ닥 갖고 싶었던 것은 품절이라 못샀어요~
대신 다른 걸 샀는데 예쁘고
배송도 빠르고 좋네요~ 감사합니다. ",2018-08-20T07:57:00.000+0000,STOREFARM,5,지니맘 어린이 보석십자수 캐릭터,지니맘 큐빅십자수  DIY: 23번 사자 (15cm 20cm)
491466835,SELLBLOG,NORMAL,상품좋아요!!,2018-09-09T23:23:54.000+0000,STOREFARM,5,지니맘 어린이 보석십자수 캐릭터,지니맘 큐빅십자수  DIY: 4번 홍학 (15cm 20cm)
488656693,SELLBLOG,NORMAL,초등학생이 좋아해요,2018-09-05T01:55:01.000+0000,STOREFARM,5,지니맘 어린이 보석십자수 캐릭터,지니맘 큐빅십자수  DIY: 7번 소녀1  (15cm 20cm)
490200067,SELLBLOG,NORMAL,맘에들어요,2018-09-07T13:36:49.000+0000,STOREFARM,5,지니맘 어린이 보석십자수 캐릭터,지니맘 큐빅십자수  DIY: 1번 유니콘 (15cm 20cm)
490200062,SELLBLOG,NORMAL,맘에들어요,2018-09-07T13:36:49.000+0000,STOREFARM,5,지니맘 어린이 보석십자수 캐릭터,지니맘 큐빅십자수  DIY: 3번 분홍사슴 (15cm 20cm)
490200053,SELLBLOG,NORMAL,맘에들어요,2018-09-07T13:36:49.000+0000,STOREFARM,5,지니맘 어린이 보석십자수 캐릭터,지니맘 큐빅십자수  DIY: 16번 별 (15cm 20cm)
488656678,SELLBLOG,NORMAL,조금 크지만 예뻐요,2018-09-05T01:55:01.000+0000,STOREFARM,5,지니맘 어린이 보석십자수 캐릭터,지니맘 큐빅십자수  DIY: 1번 유니콘 (15cm 20cm)
491466839,SELLBLOG,NORMAL,만족해요!!,2018-09-09T23:23:54.000+0000,STOREFARM,5,지니맘 어린이 보석십자수 캐릭터,지니맘 큐빅십자수  DIY: 3번 분홍사슴 (15cm 20cm)
488605277,SELLBLOG,NORMAL,애들이 좋아해요,2018-09-05T00:45:17.000+0000,STOREFARM,5,지니맘 어린이 보석십자수 캐릭터,지니맘 큐빅십자수  DIY: 3번 분홍사슴 (15cm 20cm)
488605270,SELLBLOG,NORMAL,애들이 좋아해요,2018-09-05T00:45:17.000+0000,STOREFARM,5,지니맘 어린이 보석십자수 캐릭터,지니맘 큐빅십자수  DIY: 1번 유니콘 (15cm 20cm)
488605264,SELLBLOG,NORMAL,애들이 좋아해요,2018-09-05T00:45:17.000+0000,STOREFARM,5,지니맘 어린이 보석십자수 캐릭터,지니맘 큐빅십자수  DIY: 7번 소녀1  (15cm 20cm)
488605253,SELLBLOG,NORMAL,애들이 좋아해요,2018-09-05T00:45:17.000+0000,STOREFARM,5,지니맘 어린이 보석십자수 캐릭터,지니맘 큐빅십자수  DIY: 13번 스폰지 (15cm 20cm)
478771680,SELLBLOG,NORMAL,"여름 휴가라 걱정했는데
빨리 보내주셔서 감사합니다.
아이가 참 좋아하네요~ 예쁘고 좋아요 ~~~ ",2018-08-20T07:57:00.000+0000,STOREFARM,5,지니맘 어린이 보석십자수 캐릭터,지니맘 큐빅십자수  DIY: 22번 부엉이 (15cm 20cm)
478771668,SELLBLOG,NORMAL,"여름 휴가가 끼어있어서 걱정했는데
배송도 빠르고... 빨리 보내주셔서 감사합니다
예뼈요 ~~~~ 
",2018-08-20T07:57:00.000+0000,STOREFARM,5,지니맘 어린이 보석십자수 캐릭터,지니맘 큐빅십자수  DIY: 9번 기린 (15cm 20cm)
489978297,SELLBLOG,NORMAL,감사합니다.,2018-09-07T06:23:02.000+0000,STOREFARM,5,지니맘 어린이 보석십자수 캐릭터,지니맘 큐빅십자수  DIY: 18번 망치 (15cm 20cm)
487399847,SELLBLOG,NORMAL,아이가 너무 좋아해요,2018-09-03T05:35:55.000+0000,STOREFARM,5,지니맘 어린이 보석십자수 캐릭터,지니맘 큐빅십자수  DIY: 10번 안경토끼 (15cm 20cm)
487399833,SELLBLOG,NORMAL,아이가 너무 좋아해요,2018-09-03T05:35:55.000+0000,STOREFARM,5,지니맘 어린이 보석십자수 캐릭터,지니맘 큐빅십자수  DIY: 17번 가면 (15cm 20cm)
487399821,SELLBLOG,NORMAL,아이가 너무 좋아해요,2018-09-03T05:35:55.000+0000,STOREFARM,5,지니맘 어린이 보석십자수 캐릭터,지니맘 큐빅십자수  DIY: 19번 방패 (15cm 20cm)
488383767,SELLBLOG,NORMAL,좋습니다 예뻐요,2018-09-04T13:10:20.000+0000,STOREFARM,5,지니맘 어린이 보석십자수 캐릭터,지니맘 큐빅십자수  DIY: 3번 분홍사슴 (15cm 20cm)
488605262,SELLBLOG,NORMAL,"애들이 좋아해요
",2018-09-05T00:45:17.000+0000,STOREFARM,5,지니맘 어린이 보석십자수 캐릭터,지니맘 큐빅십자수  DIY: 6번 소녀  (15cm 20cm)
488605246,SELLBLOG,NORMAL,"애들이 좋아해요
",2018-09-05T00:45:17.000+0000,STOREFARM,5,지니맘 어린이 보석십자수 캐릭터,지니맘 큐빅십자수  DIY: 23번 사자 (15cm 20cm)
488605238,SELLBLOG,NORMAL,"애들이 좋아해요
",2018-09-05T00:45:17.000+0000,STOREFARM,5,지니맘 어린이 보석십자수 캐릭터,지니맘 큐빅십자수  DIY: 22번 부엉이 (15cm 20cm)
489978273,SELLBLOG,NORMAL,감사합니다..,2018-09-07T06:23:02.000+0000,STOREFARM,5,지니맘 어린이 보석십자수 캐릭터,지니맘 큐빅십자수  DIY: 12번 슈퍼 (15cm 20cm)
489978269,SELLBLOG,NORMAL,감사합니다..,2018-09-07T06:23:02.000+0000,STOREFARM,5,지니맘 어린이 보석십자수 캐릭터,지니맘 큐빅십자수  DIY: 10번 안경토끼 (15cm 20cm)
489978264,SELLBLOG,NORMAL,감사합니다..,2018-09-07T06:23:02.000+0000,STOREFARM,5,지니맘 어린이 보석십자수 캐릭터,지니맘 큐빅십자수  DIY: 5번  반짝이 사슴 (15cm 20cm)
489978239,SELLBLOG,NORMAL,감사합니다~~,2018-09-07T06:23:02.000+0000,STOREFARM,5,지니맘 어린이 보석십자수 캐릭터,지니맘 큐빅십자수  DIY: 1번 유니콘 (15cm 20cm)
489978236,SELLBLOG,NORMAL,감사합지다..,2018-09-07T06:23:02.000+0000,STOREFARM,5,지니맘 어린이 보석십자수 캐릭터,지니맘 큐빅십자수  DIY: 19번 방패 (15cm 20cm)
487399828,SELLBLOG,NORMAL,아이가 너무 좋아해요..,2018-09-03T05:35:55.000+0000,STOREFARM,5,지니맘 어린이 보석십자수 캐릭터,지니맘 큐빅십자수  DIY: 4번 홍학 (15cm 20cm)
488437739,SELLBLOG,NORMAL,감사합니다,2018-09-04T14:28:41.000+0000,STOREFARM,5,지니맘 어린이 보석십자수 캐릭터,지니맘 큐빅십자수  DIY: 3번 분홍사슴 (15cm 20cm)
488437735,SELLBLOG,NORMAL,감사합니다,2018-09-04T14:28:41.000+0000,STOREFARM,5,지니맘 어린이 보석십자수 캐릭터,지니맘 큐빅십자수  DIY: 8번 여우 (15cm 20cm)
488437726,SELLBLOG,NORMAL,감사합니다,2018-09-04T14:28:41.000+0000,STOREFARM,5,지니맘 어린이 보석십자수 캐릭터,지니맘 큐빅십자수  DIY: 1번 사탕(15cm 15cm)
482030307,SELLBLOG,NORMAL,아이방학숙제로 하려고 구매했는데 넘 이뻐서 재구하려구요~~~^,2018-08-25T07:29:18.000+0000,STOREFARM,5,지니맘 어린이 보석십자수 캐릭터,지니맘 큐빅십자수  DIY: 3번 분홍사슴 (15cm 20cm)
479837868,SELLBLOG,NORMAL,적극추천합니다 .꼭 액자까지 사서하세요. 이뻐요.,2018-08-21T23:59:44.000+0000,STOREFARM,5,지니맘 어린이 보석십자수 캐릭터,지니맘 큐빅십자수  DIY: 3번 분홍사슴 (15cm 20cm)
488568188,SELLBLOG,NORMAL,이쁘네요~,2018-09-04T23:47:01.000+0000,STOREFARM,5,지니맘 어린이 보석십자수 캐릭터,지니맘 큐빅십자수  DIY: 12번 슈퍼 (15cm 20cm)
486565535,SELLBLOG,NORMAL,만족스러워요,2018-09-02T01:20:57.000+0000,STOREFARM,5,지니맘 어린이 보석십자수 캐릭터,지니맘 큐빅십자수  DIY: 3번 분홍사슴 (15cm 20cm)
473844024,SELLBLOG,NORMAL,배송도 빠르고 초등1학년 우리딸이 너무 좋아하네요~^^ 사은품으로 보내주신 액자도 있던데.. 테두리가 찍힌걸 보내주셔서.. 이런 사은품은 받아도 반갑지않네요,2018-08-11T10:47:04.000+0000,STOREFARM,3,지니맘 어린이 보석십자수 캐릭터,지니맘 큐빅십자수  DIY: 22번 부엉이 (15cm 20cm)
486241588,SELLBLOG,NORMAL,배송빨라욤,2018-09-01T08:38:18.000+0000,STOREFARM,5,지니맘 어린이 보석십자수 캐릭터,지니맘 큐빅십자수  DIY: 6번 소녀  (15cm 20cm)
486396962,SELLBLOG,NORMAL,반짝반짝 정말 예뻐요. ,2018-09-01T13:35:37.000+0000,STOREFARM,5,지니맘 어린이 보석십자수 캐릭터,지니맘 큐빅십자수  DIY: 1번 유니콘 (15cm 20cm)
477612215,SELLBLOG,NORMAL,좋아요 예전에도 몇번샀는데 생각나서 또샀어요,2018-08-18T06:49:02.000+0000,STOREFARM,5,지니맘 어린이 보석십자수 캐릭터,지니맘 큐빅십자수  DIY: 5번  반짝이 사슴 (15cm 20cm)
482716204,SELLBLOG,NORMAL,초2아이가 너무 좋아합니다,2018-08-26T12:05:10.000+0000,STOREFARM,5,지니맘 어린이 보석십자수 캐릭터,지니맘 큐빅십자수  DIY: 4번 작은유니콘(15cm 15cm)
481101894,SELLBLOG,NORMAL,아직 시작 전인데 예쁘다고 좋아라 합니다~,2018-08-23T12:58:02.000+0000,STOREFARM,5,지니맘 어린이 보석십자수 캐릭터,지니맘 큐빅십자수  DIY: 23번 사자 (15cm 20cm)
482717921,SELLBLOG,NORMAL,빠른배송 만족합니다,2018-08-26T12:08:04.000+0000,STOREFARM,5,지니맘 어린이 보석십자수 캐릭터,지니맘 큐빅십자수  DIY: 3번 분홍사슴 (15cm 20cm)
482717639,SELLBLOG,NORMAL,빠른배송 만족합니다,2018-08-26T12:07:32.000+0000,STOREFARM,5,지니맘 어린이 보석십자수 캐릭터,지니맘 큐빅십자수  DIY: 3번 달팽이(15cm 15cm)
482716913,SELLBLOG,NORMAL,빠른 배송 감사합니다,2018-08-26T12:06:21.000+0000,STOREFARM,5,지니맘 어린이 보석십자수 캐릭터,지니맘 큐빅십자수  DIY: 25번 미니2  (15cm 20cm)
481101886,SELLBLOG,NORMAL,아이가 재미 있게 잘 하고 있습니다~,2018-08-23T12:58:02.000+0000,STOREFARM,5,지니맘 어린이 보석십자수 캐릭터,지니맘 큐빅십자수  DIY: 5번 펭귄(15cm 15cm)
489484533,SELLBLOG,NORMAL,잘ㅇ사용하겠습니당ㄱㄷㅅㄷㅅ,2018-09-06T07:53:47.000+0000,STOREFARM,5,지니맘 어린이 보석십자수 캐릭터,지니맘 큐빅십자수  DIY: 4번 홍학 (15cm 20cm)
485849331,SELLBLOG,NORMAL,조아요ㅋ조아요ㅋㅋㅋ조아요ㅋㅋ ,2018-08-31T13:53:20.000+0000,STOREFARM,5,지니맘 어린이 보석십자수 캐릭터,지니맘 큐빅십자수  DIY: 2번 토끼(15cm 15cm)
485848530,SELLBLOG,NORMAL,조아요ㅋ조아요ㅋㅋㅋ조아요ㅋㅋ ,2018-08-31T13:51:29.000+0000,STOREFARM,5,지니맘 어린이 보석십자수 캐릭터,지니맘 큐빅십자수  DIY: 17번 가면 (15cm 20cm)
485848331,SELLBLOG,NORMAL,조아요ㅋ조아요ㅋㅋㅋ조아요ㅋㅋ ,2018-08-31T13:51:01.000+0000,STOREFARM,5,지니맘 어린이 보석십자수 캐릭터,지니맘 큐빅십자수  DIY: 1번 유니콘 (15cm 20cm)
474499043,SELLBLOG,NORMAL,"꼼꼼포장 빠른배송 칭찬합니다^^*
아이가 넘넘 맘에 들어하네요~ ",2018-08-12T15:04:10.000+0000,STOREFARM,5,지니맘 어린이 보석십자수 캐릭터,지니맘 큐빅십자수  DIY: 1번 유니콘 (15cm 20cm)
477612219,SELLBLOG,NORMAL,좋아요 배송도빠르고,2018-08-18T06:49:02.000+0000,STOREFARM,5,지니맘 어린이 보석십자수 캐릭터,지니맘 큐빅십자수  DIY: 15번 베트맨 (15cm 20cm)
469996768,SELLBLOG,NORMAL,"조금 큰애들도 좋아하고 5세 동생도 붙이라는데만  붙이라고 시키니깐 딸둘이 앉아서 잘하네요~~
넘 좋아요. 좋아요. 좋앙요. 놀러갈때도 가져가요.",2018-08-05T02:25:52.000+0000,STOREFARM,5,지니맘 어린이 보석십자수 캐릭터,지니맘 큐빅십자수  DIY: 11번 클로버 (15cm 20cm)
470872297,SELLBLOG,NORMAL,"7살 딸에게 선물로~^^ 딸램에게 선물로 주려고 구매했어요~^^
넘 좋아해서 계속 구매하려구요~.차분히 앉아서 완성해나가는 모습이 넘 예쁘네요~",2018-08-06T14:29:24.000+0000,STOREFARM,5,지니맘 어린이 보석십자수 캐릭터,지니맘 큐빅십자수  DIY: 4번 작은 유니콘(15cm 15cm)
472262208,SELLBLOG,NORMAL,"아이가 너무 집중해서 잘하네요
시간때우기도 좋고 작품도 완성하고
방학때 즐거운 시간 보냈어요",2018-08-08T14:43:30.000+0000,STOREFARM,5,지니맘 어린이 보석십자수 캐릭터,지니맘 큐빅십자수  DIY: 6번 소녀  (15cm 20cm)
474084954,SELLBLOG,NORMAL,아이가 너무 좋아해요~액자해서 세워놓으니 하나의 작품 같아요^^,2018-08-12T01:25:57.000+0000,STOREFARM,5,지니맘 어린이 보석십자수 캐릭터,지니맘 큐빅십자수  DIY: 12번 슈퍼 (15cm 20cm)
480980212,SELLBLOG,NORMAL,빠른 배송 좋아요 ,2018-08-23T09:17:23.000+0000,STOREFARM,5,지니맘 어린이 보석십자수 캐릭터,지니맘 큐빅십자수  DIY: 8번 여우 (15cm 20cm)
480980206,SELLBLOG,NORMAL,빠른 배송 좋아요 ,2018-08-23T09:17:23.000+0000,STOREFARM,5,지니맘 어린이 보석십자수 캐릭터,지니맘 큐빅십자수  DIY: 3번 분홍사슴 (15cm 20cm)
480980203,SELLBLOG,NORMAL,빠른 배송 좋아요 ,2018-08-23T09:17:23.000+0000,STOREFARM,5,지니맘 어린이 보석십자수 캐릭터,지니맘 큐빅십자수  DIY: 23번 사자 (15cm 20cm)
474658396,SELLBLOG,NORMAL,"다른곳보다 도안이 코팅되어있어서 편했어요

많이파세ㅇ",2018-08-13T00:51:02.000+0000,STOREFARM,5,지니맘 어린이 보석십자수 캐릭터,지니맘 큐빅십자수  DIY: 1번 유니콘 (15cm 20cm)
469997391,SELLBLOG,NORMAL,"검색만이 하고 여길선택했네요. 디즈니는 넘 비싸고요. 
여기는 싸고 비즈 크기도 다양해서 좋네요. 만힝파세요.",2018-08-05T02:27:13.000+0000,STOREFARM,5,지니맘 어린이 보석십자수 캐릭터,지니맘 큐빅십자수  DIY: 3번 분홍사슴 (15cm 20cm)
479107108,SELLBLOG,NORMAL,아이가 너무 좋아해요,2018-08-21T00:55:03.000+0000,STOREFARM,5,지니맘 어린이 보석십자수 캐릭터,지니맘 큐빅십자수  DIY: 4번 홍학 (15cm 20cm)
469995829,SELLBLOG,NORMAL,꽤커요. 아이들이 한번에 못맞추고 두고두고 하네요. 일케 큰데이가격이면 진차 완전싼거죠. ,2018-08-05T02:23:53.000+0000,STOREFARM,5,지니맘 어린이 보석십자수 캐릭터,지니맘 큐빅십자수  DIY: 11번 클로버 (15cm 20cm)
480070739,SELLBLOG,NORMAL,취미로 괜찮네요 재미있어요 ^^,2018-08-22T04:49:04.000+0000,STOREFARM,5,지니맘 어린이 보석십자수 캐릭터,지니맘 큐빅십자수  DIY: 11번 클로버 (15cm 20cm)
473960953,SELLBLOG,NORMAL,9살 동생이 너무 재밌어했어요 반짝반짝 빛나서 참 멋져요,2018-08-11T15:11:27.000+0000,STOREFARM,5,지니맘 어린이 보석십자수 캐릭터,지니맘 큐빅십자수  DIY: 17번 가면 (15cm 20cm)
469998586,SELLBLOG,NORMAL,"몇개샀더니 구매평쓰는것도 일이네요. ㅋㄲ

꾸준히 구매할듯요~ 
마니파세요. 이런아이템생각해내시고 대단하세요.",2018-08-05T02:29:40.000+0000,STOREFARM,5,지니맘 어린이 보석십자수 캐릭터,지니맘 큐빅십자수  DIY: 1번 유니콘 (15cm 20cm)
479837862,SELLBLOG,NORMAL,적극 추천합니다~,2018-08-21T23:59:44.000+0000,STOREFARM,5,지니맘 어린이 보석십자수 캐릭터,지니맘 큐빅십자수  DIY: 12번 슈퍼 (15cm 20cm)
479210508,SELLBLOG,NORMAL,좋습니다. 감사합니다.,2018-08-21T03:31:37.000+0000,STOREFARM,5,지니맘 어린이 보석십자수 캐릭터,지니맘 큐빅십자수  DIY: 16번 별 (15cm 20cm)
479210502,SELLBLOG,NORMAL,좋습니다. 감사합니다.,2018-08-21T03:31:37.000+0000,STOREFARM,5,지니맘 어린이 보석십자수 캐릭터,지니맘 큐빅십자수  DIY: 3번 분홍사슴 (15cm 20cm)
467635121,SELLBLOG,NORMAL,"적극 추천합니다 초등1남아인데 완전 좋아하네요.핀이 잘 안되니 큰큐빅은 손으로도 잘 붙이더라구요..
하다보니 3시간만에 완성했네요",2018-07-31T14:00:18.000+0000,STOREFARM,5,지니맘 어린이 보석십자수 캐릭터,지니맘 큐빅십자수  DIY: 15번 베트맨 (15cm 20cm)
472262210,SELLBLOG,NORMAL,"이 캐릭터 아이가 너무 좋아해요
초등저학년 하기에 딱 좋아요",2018-08-08T14:43:30.000+0000,STOREFARM,5,지니맘 어린이 보석십자수 캐릭터,지니맘 큐빅십자수  DIY: 2번 보라유니콘 (15cm 20cm)
481526781,SELLBLOG,NORMAL,재밋어요 ~,2018-08-24T08:34:16.000+0000,STOREFARM,5,지니맘 어린이 보석십자수 캐릭터,지니맘 큐빅십자수  DIY: 8번 여우 (15cm 20cm)
481526779,SELLBLOG,NORMAL,재밌어요~,2018-08-24T08:34:16.000+0000,STOREFARM,5,지니맘 어린이 보석십자수 캐릭터,지니맘 큐빅십자수  DIY: 24번 미니1 (15cm 20cm)
489484524,SELLBLOG,NORMAL,잘쓸게요ㅅㄷㅅㄷㅅㅌㅅㄷ,2018-09-06T07:53:47.000+0000,STOREFARM,5,지니맘 어린이 보석십자수 캐릭터,지니맘 큐빅십자수  DIY: 22번 부엉이 (15cm 20cm)
479794281,SELLBLOG,NORMAL,예뻐요  맘에 들어요,2018-08-21T22:42:47.000+0000,STOREFARM,5,지니맘 어린이 보석십자수 캐릭터,지니맘 큐빅십자수  DIY: 6번 소녀  (15cm 20cm)
475863471,SELLBLOG,NORMAL,좋아요 아이랑함께,2018-08-14T15:08:51.000+0000,STOREFARM,5,지니맘 어린이 보석십자수 캐릭터,지니맘 큐빅십자수  DIY: 24번 미니1 (15cm 20cm)
475863466,SELLBLOG,NORMAL,좋아요 아이랑함께,2018-08-14T15:08:51.000+0000,STOREFARM,5,지니맘 어린이 보석십자수 캐릭터,지니맘 큐빅십자수  DIY: 3번 분홍사슴 (15cm 20cm)
475425743,SELLBLOG,NORMAL,너무 좋아요...재미있어 합니다.  ,2018-08-14T03:32:21.000+0000,STOREFARM,5,지니맘 어린이 보석십자수 캐릭터,지니맘 큐빅십자수  DIY: 11번 클로버 (15cm 20cm)
475090830,SELLBLOG,NORMAL,가격이 좀 비싸긴 한데 만들고 나니 너무 예쁘네요,2018-08-13T10:53:03.000+0000,STOREFARM,5,지니맘 어린이 보석십자수 캐릭터,지니맘 큐빅십자수  DIY: 1번 유니콘 (15cm 20cm)
469998168,SELLBLOG,NORMAL,"작은유니콘돚 왜케 큰지요.  ㅋㅋ
몇시간해야해요. ㅋㅋ 애들 시간떼우기 짱. 이네요. 선물도 많이 했어요.",2018-08-05T02:28:50.000+0000,STOREFARM,5,지니맘 어린이 보석십자수 캐릭터,지니맘 큐빅십자수  DIY: 4번 작은 유니콘(15cm 15cm)
470005063,SELLBLOG,NORMAL,ㅇㅇ 하는 방법도 쉽고 간단하게 하기 좋은 것 같아요 아이들과 수업하려고 산건데 어렵지 않게 할 수 있을 것 같네요,2018-08-05T02:43:00.000+0000,STOREFARM,5,지니맘 어린이 보석십자수 캐릭터,지니맘 큐빅십자수  DIY: 4번 홍학 (15cm 20cm)
478072901,SELLBLOG,NORMAL,상품 너무 좋아요,2018-08-19T04:46:26.000+0000,STOREFARM,5,지니맘 어린이 보석십자수 캐릭터,지니맘 큐빅십자수  DIY: 1번 사탕(15cm 15cm)
478072894,SELLBLOG,NORMAL,상품 너무 좋아요,2018-08-19T04:46:26.000+0000,STOREFARM,5,지니맘 어린이 보석십자수 캐릭터,지니맘 큐빅십자수  DIY: 13번 스폰지 (15cm 20cm)
469995840,SELLBLOG,NORMAL,넘괜찮아서 조카네 친구딸네 선물했어요~~~ 방학시간떼우기짱이에요.,2018-08-05T02:23:53.000+0000,STOREFARM,5,지니맘 어린이 보석십자수 캐릭터,지니맘 큐빅십자수  DIY: 4번 작은 유니콘(15cm 15cm)
467565742,SELLBLOG,NORMAL,"비싸다고 생각했는데 받아보고 놀랐어요
비즈에 수가 어마어마하네요
더운 방학에 이거하면서 시간 잘 보낼듯요
너무 이뻐요",2018-07-31T12:10:58.000+0000,STOREFARM,5,지니맘 어린이 보석십자수 캐릭터,지니맘 큐빅십자수  DIY: 3번 분홍사슴 (15cm 20cm)
480070744,SELLBLOG,NORMAL,재미있네요 ^^,2018-08-22T04:49:04.000+0000,STOREFARM,5,지니맘 어린이 보석십자수 캐릭터,지니맘 큐빅십자수  DIY: 7번 소녀1  (15cm 20cm)
476439964,SELLBLOG,NORMAL,예뻐서 아이들이 좋아해요,2018-08-16T03:34:19.000+0000,STOREFARM,5,지니맘 어린이 보석십자수 캐릭터,지니맘 큐빅십자수  DIY: 3번 분홍사슴 (15cm 20cm)
474269436,SELLBLOG,NORMAL,아이가 좋아해요! 너무 잘 샀어요,2018-08-12T07:02:28.000+0000,STOREFARM,5,지니맘 어린이 보석십자수 캐릭터,지니맘 큐빅십자수  DIY: 1번 유니콘 (15cm 20cm)
477626357,SELLBLOG,NORMAL,너무맘에들어요,2018-08-18T07:12:28.000+0000,STOREFARM,5,지니맘 어린이 보석십자수 캐릭터,지니맘 큐빅십자수  DIY: 11번 클로버 (15cm 20cm)
473577178,SELLBLOG,NORMAL,아이가 너무 좋아합니다 이번 주말에 아이와 함께해보려고요,2018-08-11T02:22:50.000+0000,STOREFARM,5,지니맘 어린이 보석십자수 캐릭터,지니맘 큐빅십자수  DIY: 25번 미니2  (15cm 20cm)
477626361,SELLBLOG,NORMAL,애들이 재미있어 합니다~~^^,2018-08-18T07:12:28.000+0000,STOREFARM,5,지니맘 어린이 보석십자수 캐릭터,지니맘 큐빅십자수  DIY: 3번 분홍사슴 (15cm 20cm)
477304324,SELLBLOG,NORMAL,아이가 너무 좋아해요~,2018-08-17T16:00:23.000+0000,STOREFARM,5,지니맘 어린이 보석십자수 캐릭터,지니맘 큐빅십자수  DIY: 16번 별 (15cm 20cm)
477304321,SELLBLOG,NORMAL,아이가 너무 좋아해요~,2018-08-17T16:00:23.000+0000,STOREFARM,5,지니맘 어린이 보석십자수 캐릭터,지니맘 큐빅십자수  DIY: 20번 거미 (15cm 20cm)
477304318,SELLBLOG,NORMAL,아이가 너무 좋아해요~,2018-08-17T16:00:23.000+0000,STOREFARM,5,지니맘 어린이 보석십자수 캐릭터,지니맘 큐빅십자수  DIY: 18번 망치 (15cm 20cm)
477304316,SELLBLOG,NORMAL,아이가 너무 좋아해요~,2018-08-17T16:00:23.000+0000,STOREFARM,5,지니맘 어린이 보석십자수 캐릭터,지니맘 큐빅십자수  DIY: 5번  반짝이 사슴 (15cm 20cm)
490782663,SELLBLOG,NORMAL,좋아요 괜찮네요^^,2018-09-08T13:57:01.000+0000,STOREFARM,5,지니맘 어린이 보석십자수 캐릭터,지니맘 큐빅십자수  DIY: 22번 부엉이 (15cm 20cm)
475754491,SELLBLOG,NORMAL,완성해서 잘간직합니다 너무 예뻐요~~,2018-08-14T11:38:43.000+0000,STOREFARM,5,지니맘 어린이 보석십자수 캐릭터,지니맘 큐빅십자수  DIY: 20번 거미 (15cm 20cm)
481526774,SELLBLOG,NORMAL,예뻐요~^^,2018-08-24T08:34:16.000+0000,STOREFARM,5,지니맘 어린이 보석십자수 캐릭터,지니맘 큐빅십자수  DIY: 5번  반짝이 사슴 (15cm 20cm)
471762589,SELLBLOG,NORMAL,아이들이 너무 좋아해요 반짝거려서 더 예뻐요,2018-08-08T01:51:59.000+0000,STOREFARM,5,지니맘 어린이 보석십자수 캐릭터,지니맘 큐빅십자수  DIY: 7번 소녀1  (15cm 20cm)
476440910,SELLBLOG,NORMAL,귀여운 유니콘이에요,2018-08-16T03:36:35.000+0000,STOREFARM,5,지니맘 어린이 보석십자수 캐릭터,지니맘 큐빅십자수  DIY: 1번 유니콘 (15cm 20cm)
469995843,SELLBLOG,NORMAL,대박이에요. 블럭방 갈돈으로 사서 집에서 시원하게 놀아요~~~,2018-08-05T02:23:53.000+0000,STOREFARM,5,지니맘 어린이 보석십자수 캐릭터,지니맘 큐빅십자수  DIY: 1번 유니콘 (15cm 20cm)
477113011,SELLBLOG,NORMAL,잘받았습니다,2018-08-17T09:06:45.000+0000,STOREFARM,5,지니맘 어린이 보석십자수 캐릭터,지니맘 큐빅십자수  DIY: 1번 사탕(15cm 15cm)
474735937,SELLBLOG,NORMAL,아이가 집중해서 재밌어하네요,2018-08-13T02:17:43.000+0000,STOREFARM,5,지니맘 어린이 보석십자수 캐릭터,지니맘 큐빅십자수  DIY: 16번 별 (15cm 20cm)
474550799,SELLBLOG,NORMAL,아이들이 보고 원해서 사봤어요,2018-08-12T21:08:28.000+0000,STOREFARM,5,지니맘 어린이 보석십자수 캐릭터,지니맘 큐빅십자수  DIY: 22번 부엉이 (15cm 20cm)
462238526,SELLBLOG,NORMAL,"제일이뻐요 철남자..딱 이상품을 보고 큐빅십자수를 하고싶었는데 딴곳은 품절인지라..찾기위해 고군분투,했읍니다. , 넘반짝이구이쁨ㅎㅎ얼른퇴근하구 집가서하고싶네여",2018-07-23T07:13:10.000+0000,STOREFARM,5,지니맘 어린이 보석십자수 캐릭터,지니맘 큐빅십자수  DIY: 17번 가면 (15cm 20cm)
477113002,SELLBLOG,NORMAL,잘받았습니다~,2018-08-17T09:06:45.000+0000,STOREFARM,5,지니맘 어린이 보석십자수 캐릭터,지니맘 큐빅십자수  DIY: 6번 소녀  (15cm 20cm)
474465619,SELLBLOG,NORMAL,예쁘고 애기들 완전 좋아해요 ,2018-08-12T13:51:10.000+0000,STOREFARM,5,지니맘 어린이 보석십자수 캐릭터,지니맘 큐빅십자수  DIY: 8번 여우 (15cm 20cm)
470005375,SELLBLOG,NORMAL,ㅇㅇ 아이들과 수업하려고 구매한건데 어렵지 않게 할 수 있을 것 같아요하는 방법도 쉽고 큐빅도 잘 집어지고 좋습니다~~,2018-08-05T02:43:44.000+0000,STOREFARM,5,지니맘 어린이 보석십자수 캐릭터,지니맘 큐빅십자수  DIY: 17번 가면 (15cm 20cm)
462239676,SELLBLOG,NORMAL,"넘재밌어용 남자친구랑 둘이 건ㅡ전한 취미생활 하고있네용ㅋㅋ재미나서 시간가는줄모르겠네용ㅎ 특별한 기술없이 붙이기만하면되니
쉬워서 자꾸손이가고 금방금방진행되네오ㅎ",2018-07-23T07:14:45.000+0000,STOREFARM,5,지니맘 어린이 보석십자수 캐릭터,지니맘 큐빅십자수  DIY: 15번 베트맨 (15cm 20cm)
474695060,SELLBLOG,NORMAL,배송도 빠르고 좋아요,2018-08-13T01:31:47.000+0000,STOREFARM,3,지니맘 어린이 보석십자수 캐릭터,지니맘 큐빅십자수  DIY: 1번 유니콘 (15cm 20cm)
474808383,SELLBLOG,NORMAL,잘 받았어요 감사합니다 ~,2018-08-13T03:50:49.000+0000,STOREFARM,5,지니맘 어린이 보석십자수 캐릭터,지니맘 큐빅십자수  DIY: 8번 여우 (15cm 20cm)
474171689,SELLBLOG,NORMAL,아이가 재미있어하네요,2018-08-12T04:00:56.000+0000,STOREFARM,5,지니맘 어린이 보석십자수 캐릭터,지니맘 큐빅십자수  DIY: 1번 유니콘 (15cm 20cm)
474465608,SELLBLOG,NORMAL,배송도 빠르고 좋아요 ,2018-08-12T13:51:10.000+0000,STOREFARM,5,지니맘 어린이 보석십자수 캐릭터,지니맘 큐빅십자수  DIY: 22번 부엉이 (15cm 20cm)
474550801,SELLBLOG,NORMAL,아이들이 해보고 싶어해요,2018-08-12T21:08:28.000+0000,STOREFARM,5,지니맘 어린이 보석십자수 캐릭터,지니맘 큐빅십자수  DIY: 16번 별 (15cm 20cm)
469995835,SELLBLOG,NORMAL,칼라가 핑크핑크한게 넘이뻐요~~ 많이파세요.,2018-08-05T02:23:53.000+0000,STOREFARM,5,지니맘 어린이 보석십자수 캐릭터,지니맘 큐빅십자수  DIY: 3번 분홍사슴 (15cm 20cm)
474695065,SELLBLOG,NORMAL,배송 빠르고 좋아요,2018-08-13T01:31:47.000+0000,STOREFARM,3,지니맘 어린이 보석십자수 캐릭터,지니맘 큐빅십자수  DIY: 8번 여우 (15cm 20cm)
474171704,SELLBLOG,NORMAL,아이가 재미있어해요,2018-08-12T04:00:56.000+0000,STOREFARM,5,지니맘 어린이 보석십자수 캐릭터,지니맘 큐빅십자수  DIY: 23번 사자 (15cm 20cm)
475893441,SELLBLOG,NORMAL,잘받앗어요,2018-08-14T16:58:10.000+0000,STOREFARM,3,지니맘 어린이 보석십자수 캐릭터,지니맘 큐빅십자수  DIY: 1번 유니콘 (15cm 20cm)
475258358,SELLBLOG,NORMAL,재밌어하네요,2018-08-13T22:15:53.000+0000,STOREFARM,5,지니맘 어린이 보석십자수 캐릭터,지니맘 큐빅십자수  DIY: 10번 안경토끼 (15cm 20cm)
475258354,SELLBLOG,NORMAL,재밌어하네요,2018-08-13T22:15:53.000+0000,STOREFARM,5,지니맘 어린이 보석십자수 캐릭터,지니맘 큐빅십자수  DIY: 3번 분홍사슴 (15cm 20cm)
475258352,SELLBLOG,NORMAL,재밌어하네요,2018-08-13T22:15:53.000+0000,STOREFARM,5,지니맘 어린이 보석십자수 캐릭터,지니맘 큐빅십자수  DIY: 9번 기린 (15cm 20cm)
475258350,SELLBLOG,NORMAL,재밌어하네요,2018-08-13T22:15:53.000+0000,STOREFARM,5,지니맘 어린이 보석십자수 캐릭터,지니맘 큐빅십자수  DIY: 23번 사자 (15cm 20cm)
473844033,SELLBLOG,NORMAL,초등딸 너무좋아하네요,2018-08-11T10:47:04.000+0000,STOREFARM,3,지니맘 어린이 보석십자수 캐릭터,지니맘 큐빅십자수  DIY: 23번 사자 (15cm 20cm)
467929639,SELLBLOG,NORMAL,"아이들이 엄청좋아해요
좋아요
다음에재구매가능",2018-08-01T03:10:33.000+0000,STOREFARM,5,지니맘 어린이 보석십자수 캐릭터,지니맘 큐빅십자수  DIY: 16번 별 (15cm 20cm)
471201495,SELLBLOG,NORMAL,넘잼있어서 계속하다보니 또 구매하게되네요~~  ,2018-08-07T06:07:33.000+0000,STOREFARM,5,지니맘 어린이 보석십자수 캐릭터,지니맘 큐빅십자수  DIY: 12번 슈퍼 (15cm 20cm)
489978289,SELLBLOG,NORMAL,감사합ㄴ디ㅏ.,2018-09-07T06:23:02.000+0000,STOREFARM,5,지니맘 어린이 보석십자수 캐릭터,지니맘 큐빅십자수  DIY: 15번 베트맨 (15cm 20cm)
489978286,SELLBLOG,NORMAL,감사합ㄴ디ㅏ.,2018-09-07T06:23:02.000+0000,STOREFARM,5,지니맘 어린이 보석십자수 캐릭터,지니맘 큐빅십자수  DIY: 14번 슈퍼맨 (15cm 20cm)
475507453,SELLBLOG,NORMAL,아주 좋아요,2018-08-14T05:32:03.000+0000,STOREFARM,5,지니맘 어린이 보석십자수 캐릭터,지니맘 큐빅십자수  DIY: 3번 분홍사슴 (15cm 20cm)
473844036,SELLBLOG,NORMAL,포장은 잘 되어있네요,2018-08-11T10:47:04.000+0000,STOREFARM,3,지니맘 어린이 보석십자수 캐릭터,지니맘 큐빅십자수  DIY: 3번 분홍사슴 (15cm 20cm)
489978281,SELLBLOG,NORMAL,감사합ㄴ디ㅏ..,2018-09-07T06:23:02.000+0000,STOREFARM,5,지니맘 어린이 보석십자수 캐릭터,지니맘 큐빅십자수  DIY: 13번 스폰지 (15cm 20cm)
489978230,SELLBLOG,NORMAL,감사합ㄴ디ㅏ...,2018-09-07T06:23:02.000+0000,STOREFARM,5,지니맘 어린이 보석십자수 캐릭터,지니맘 큐빅십자수  DIY: 17번 가면 (15cm 20cm)
489978227,SELLBLOG,NORMAL,감사합ㄴ디ㅏ...,2018-09-07T06:23:02.000+0000,STOREFARM,5,지니맘 어린이 보석십자수 캐릭터,지니맘 큐빅십자수  DIY: 16번 별 (15cm 20cm)
475056619,SELLBLOG,NORMAL,잘받았습니다,2018-08-13T09:44:54.000+0000,STOREFARM,5,지니맘 어린이 보석십자수 캐릭터,지니맘 큐빅십자수  DIY: 2번 토끼(15cm 15cm)
475056613,SELLBLOG,NORMAL,잘 받았습니다,2018-08-13T09:44:54.000+0000,STOREFARM,5,지니맘 어린이 보석십자수 캐릭터,지니맘 큐빅십자수  DIY: 1번 유니콘 (15cm 20cm)
475056608,SELLBLOG,NORMAL,잘 받았습니다,2018-08-13T09:44:54.000+0000,STOREFARM,5,지니맘 어린이 보석십자수 캐릭터,지니맘 큐빅십자수  DIY: 9번 기린 (15cm 20cm)
475056606,SELLBLOG,NORMAL,잘받았습니다,2018-08-13T09:44:54.000+0000,STOREFARM,5,지니맘 어린이 보석십자수 캐릭터,지니맘 큐빅십자수  DIY: 22번 부엉이 (15cm 20cm)
472262219,SELLBLOG,NORMAL,방학때 나름 시간보내기 딱 좋아요,2018-08-08T14:43:30.000+0000,STOREFARM,5,지니맘 어린이 보석십자수 캐릭터,지니맘 큐빅십자수  DIY: 1번 유니콘 (15cm 20cm)
462758438,SELLBLOG,NORMAL,딸아이가 넘 딸아이가 넘 좋아해요6세인데 상 하나 차지하더니 펴놓고 잘 합니다.핑크색를 엄마가 해버렸다고 엄마 밉다는...ㅡㅡ ㅋㅋ좀더 다양했으면 좋겠어요 공주공주하고 핑크핑크한거 다양하게 팔아주세요 ㅎㅎ,2018-07-24T02:43:52.000+0000,STOREFARM,5,지니맘 어린이 보석십자수 캐릭터,지니맘 큐빅십자수  DIY: 3번 분홍사슴 (15cm 20cm)
488568197,SELLBLOG,NORMAL,좋아합니다.,2018-09-04T23:47:01.000+0000,STOREFARM,5,지니맘 어린이 보석십자수 캐릭터,지니맘 큐빅십자수  DIY: 1번 유니콘 (15cm 20cm)
489978260,SELLBLOG,NORMAL,감사합ㄴ디ㅏ....,2018-09-07T06:23:02.000+0000,STOREFARM,5,지니맘 어린이 보석십자수 캐릭터,지니맘 큐빅십자수  DIY: 24번 미니1 (15cm 20cm)
489978251,SELLBLOG,NORMAL,감사합ㄴ디ㅏ....,2018-09-07T06:23:02.000+0000,STOREFARM,5,지니맘 어린이 보석십자수 캐릭터,지니맘 큐빅십자수  DIY: 3번 분홍사슴 (15cm 20cm)
489978246,SELLBLOG,NORMAL,감사합ㄴ디ㅏ....,2018-09-07T06:23:02.000+0000,STOREFARM,5,지니맘 어린이 보석십자수 캐릭터,지니맘 큐빅십자수  DIY: 20번 거미 (15cm 20cm)
462234794,SELLBLOG,NORMAL,"심심할때 짱 같은색을 해도 큐빅크기가 달라서 더예뿜.
아기들이랑 해도 재밌을거같지만 키덜트취미로도 딱인듯ㅋㅋ남친이랑 같이하네요ㅋㅋ",2018-07-23T07:08:26.000+0000,STOREFARM,5,지니맘 어린이 보석십자수 캐릭터,지니맘 큐빅십자수  DIY: 12번 슈퍼 (15cm 20cm)
475753922,SELLBLOG,NORMAL,반짝반짝 너무 예뻐요~,2018-08-14T11:37:40.000+0000,STOREFARM,5,지니맘 어린이 보석십자수 캐릭터,지니맘 큐빅십자수  DIY: 7번 소녀1  (15cm 20cm)
464294820,SELLBLOG,NORMAL,좋아요 ~  배송빠르고요~~~ 애들이 너무 좋아합니다 ~~~ 액자도 튼튼하구요 ~~~ 담에도 여기서 사야겠어요 ~~ 많이 파세요 `~,2018-07-26T04:48:24.000+0000,STOREFARM,5,지니맘 어린이 보석십자수 캐릭터,지니맘 큐빅십자수  DIY: 1번 유니콘 (15cm 20cm)
474550808,SELLBLOG,NORMAL,잘 받았습니다,2018-08-12T21:08:28.000+0000,STOREFARM,5,지니맘 어린이 보석십자수 캐릭터,지니맘 큐빅십자수  DIY: 3번 분홍사슴 (15cm 20cm)
474550807,SELLBLOG,NORMAL,잘 받았습니다,2018-08-12T21:08:28.000+0000,STOREFARM,5,지니맘 어린이 보석십자수 캐릭터,지니맘 큐빅십자수  DIY: 23번 사자 (15cm 20cm)
466403644,SELLBLOG,NORMAL,예쁘고 재밌네요 어린 조카가 어려워해서ㅜ제가 다해야 하긴하지만 좋아하네요,2018-07-30T01:14:35.000+0000,STOREFARM,5,지니맘 어린이 보석십자수 캐릭터,지니맘 큐빅십자수  DIY: 1번 유니콘 (15cm 20cm)
464293995,SELLBLOG,NORMAL,배송빠르고 좋아요  애들이 뜯자마자 시작하네요... 배송빠르구요... 액자도 튼튼한게 좋더라구요... 다른데꺼보다 좋네요,2018-07-26T04:46:52.000+0000,STOREFARM,5,지니맘 어린이 보석십자수 캐릭터,지니맘 큐빅십자수  DIY: 6번 소녀  (15cm 20cm)
461264797,SELLBLOG,NORMAL,최고최고 히어로를 좋아하는 아들이 너무 좋아하네요^^ 색도 선명하고 히어로 시르지를 모두 하고 싶다고 하네요^^ 다른 곳보다 포장도 깔끔해서 매우 만족입니다~,2018-07-21T22:57:09.000+0000,STOREFARM,5,지니맘 어린이 보석십자수 캐릭터,지니맘 큐빅십자수  DIY: 17번 가면 (15cm 20cm)
474998889,SELLBLOG,NORMAL,아주좋아요 ,2018-08-13T08:07:49.000+0000,STOREFARM,5,지니맘 어린이 보석십자수 캐릭터,지니맘 큐빅십자수  DIY: 5번 펭귄(15cm 15cm)
474998683,SELLBLOG,NORMAL,아주좋아요 ,2018-08-13T08:07:30.000+0000,STOREFARM,5,지니맘 어린이 보석십자수 캐릭터,지니맘 큐빅십자수  DIY: 5번  반짝이 사슴 (15cm 20cm)
474550803,SELLBLOG,NORMAL,잘 받았어요,2018-08-12T21:08:28.000+0000,STOREFARM,5,지니맘 어린이 보석십자수 캐릭터,지니맘 큐빅십자수  DIY: 1번 유니콘 (15cm 20cm)
474550802,SELLBLOG,NORMAL,잘 받았어요,2018-08-12T21:08:28.000+0000,STOREFARM,5,지니맘 어린이 보석십자수 캐릭터,지니맘 큐빅십자수  DIY: 25번 미니2  (15cm 20cm)
474550800,SELLBLOG,NORMAL,잘 받았어요,2018-08-12T21:08:28.000+0000,STOREFARM,5,지니맘 어린이 보석십자수 캐릭터,지니맘 큐빅십자수  DIY: 7번 소녀1  (15cm 20cm)
473844031,SELLBLOG,NORMAL,배송은빠릅니다,2018-08-11T10:47:04.000+0000,STOREFARM,3,지니맘 어린이 보석십자수 캐릭터,지니맘 큐빅십자수  DIY: 9번 기린 (15cm 20cm)
469933570,SELLBLOG,NORMAL,반짝이 뿌리니 온갖 은빛이라 별로 안 이쁘네요,2018-08-04T23:42:25.000+0000,STOREFARM,2,지니맘 어린이 보석십자수 캐릭터,지니맘 큐빅십자수  DIY: 5번  반짝이 사슴 (15cm 20cm)
474998035,SELLBLOG,NORMAL,아주 좋아요~,2018-08-13T08:06:26.000+0000,STOREFARM,5,지니맘 어린이 보석십자수 캐릭터,지니맘 큐빅십자수  DIY: 3번 분홍사슴 (15cm 20cm)
472922042,SELLBLOG,NORMAL,아이들이 좋아합니다,2018-08-09T14:02:58.000+0000,STOREFARM,5,지니맘 어린이 보석십자수 캐릭터,지니맘 큐빅십자수  DIY: 21번 미니2(15cm 20cm)
474808369,SELLBLOG,NORMAL,감사합니다 ~,2018-08-13T03:50:49.000+0000,STOREFARM,5,지니맘 어린이 보석십자수 캐릭터,지니맘 큐빅십자수  DIY: 10번 안경토끼 (15cm 20cm)
473556774,SELLBLOG,NORMAL,너무재밌어요 ,2018-08-11T01:45:58.000+0000,STOREFARM,5,지니맘 어린이 보석십자수 캐릭터,지니맘 큐빅십자수  DIY: 18번 망치 (15cm 20cm)
473556770,SELLBLOG,NORMAL,너무재밌어요 ,2018-08-11T01:45:58.000+0000,STOREFARM,5,지니맘 어린이 보석십자수 캐릭터,지니맘 큐빅십자수  DIY: 15번 베트맨 (15cm 20cm)
473556765,SELLBLOG,NORMAL,너무재밌어요 ,2018-08-11T01:45:58.000+0000,STOREFARM,5,지니맘 어린이 보석십자수 캐릭터,지니맘 큐빅십자수  DIY: 20번 거미 (15cm 20cm)
473556760,SELLBLOG,NORMAL,너무재밌어요 ,2018-08-11T01:45:58.000+0000,STOREFARM,5,지니맘 어린이 보석십자수 캐릭터,지니맘 큐빅십자수  DIY: 17번 가면 (15cm 20cm)
478483294,SELLBLOG,NORMAL,좋아요ㅅㅅ,2018-08-20T01:28:13.000+0000,STOREFARM,5,지니맘 어린이 보석십자수 캐릭터,지니맘 큐빅십자수  DIY: 20번 거미 (15cm 20cm)
473844041,SELLBLOG,NORMAL,배송빨라요,2018-08-11T10:47:04.000+0000,STOREFARM,3,지니맘 어린이 보석십자수 캐릭터,지니맘 큐빅십자수  DIY: 1번 유니콘 (15cm 20cm)
485849411,SELLBLOG,NORMAL,"조아요ㅋ조아요ㅋㅋㅋ조아요ㅋㅋ  조아요ㅋ조아요ㅋㅋㅋ조아요ㅋㅋ 
조아요ㅋㅋㅋ조아요ㅋㅋㅋ 
조아요ㅋㅋㅋ조아요ㅋㅋㅋ 
조아요ㅋㅋㅋ조아요ㅋㅋㅋ",2018-08-31T13:53:33.000+0000,STOREFARM,5,지니맘 어린이 보석십자수 캐릭터,지니맘 큐빅십자수  DIY: 2번 토끼(15cm 15cm)
467929642,SELLBLOG,NORMAL,"아들이 좋아해요
다음에 재구매가능",2018-08-01T03:10:33.000+0000,STOREFARM,5,지니맘 어린이 보석십자수 캐릭터,지니맘 큐빅십자수  DIY: 18번 망치 (15cm 20cm)
485849280,SELLBLOG,NORMAL,"굳 조아요ㅋ조아요ㅋㅋㅋ조아요ㅋㅋ 
조아요ㅋㅋㅋ조아요ㅋㅋㅋ 
조아요ㅋㅋㅋ조아요ㅋㅋㅋ 
조아요ㅋㅋㅋ조아요ㅋㅋㅋ",2018-08-31T13:53:11.000+0000,STOREFARM,5,지니맘 어린이 보석십자수 캐릭터,지니맘 큐빅십자수  DIY: 17번 가면 (15cm 20cm)
485848443,SELLBLOG,NORMAL,"굳 조아요ㅋ조아요ㅋㅋㅋ조아요ㅋㅋ 
조아요ㅋㅋㅋ조아요ㅋㅋㅋ 
조아요ㅋㅋㅋ조아요ㅋㅋㅋ 
조아요ㅋㅋㅋ조아요ㅋㅋㅋ",2018-08-31T13:51:18.000+0000,STOREFARM,5,지니맘 어린이 보석십자수 캐릭터,지니맘 큐빅십자수  DIY: 1번 유니콘 (15cm 20cm)
472101917,SELLBLOG,NORMAL,어른이해도재미있네요~,2018-08-08T09:58:04.000+0000,STOREFARM,5,지니맘 어린이 보석십자수 캐릭터,지니맘 큐빅십자수  DIY: 20번 거미 (15cm 20cm)
478483286,SELLBLOG,NORMAL,좋아요~ㅅㅅ,2018-08-20T01:28:13.000+0000,STOREFARM,5,지니맘 어린이 보석십자수 캐릭터,지니맘 큐빅십자수  DIY: 3번 분홍사슴 (15cm 20cm)
469557383,SELLBLOG,NORMAL,이뻐요 애들도 좋아하고요,2018-08-04T04:39:27.000+0000,STOREFARM,5,지니맘 어린이 보석십자수 캐릭터,지니맘 큐빅십자수  DIY: 13번 스폰지 (15cm 20cm)
472000011,SELLBLOG,NORMAL,배송도 빠르고 좋네요,2018-08-08T07:22:08.000+0000,STOREFARM,5,지니맘 어린이 보석십자수 캐릭터,지니맘 큐빅십자수  DIY: 1번 유니콘 (15cm 20cm)
472703271,SELLBLOG,NORMAL,재미있게 잘해요,2018-08-09T07:20:14.000+0000,STOREFARM,5,지니맘 어린이 보석십자수 캐릭터,지니맘 큐빅십자수  DIY: 1번 유니콘 (15cm 20cm)
485848262,SELLBLOG,NORMAL,"굳 조아요ㅋ조아요ㅋㅋㅋ조아요ㅋㅋㅋ 
조아요ㅋㅋㅋ조아요ㅋㅋㅋ 
조아요ㅋㅋㅋ조아요ㅋㅋㅋ 
조아요ㅋㅋㅋ조아요ㅋㅋㅋ",2018-08-31T13:50:51.000+0000,STOREFARM,5,지니맘 어린이 보석십자수 캐릭터,지니맘 큐빅십자수  DIY: 1번 사탕(15cm 15cm)
472101897,SELLBLOG,NORMAL,아이들이 좋아해요,2018-08-08T09:58:04.000+0000,STOREFARM,5,지니맘 어린이 보석십자수 캐릭터,지니맘 큐빅십자수  DIY: 15번 베트맨 (15cm 20cm)
472101945,SELLBLOG,NORMAL,강아지가 좋아해요 ,2018-08-08T09:58:04.000+0000,STOREFARM,5,지니맘 어린이 보석십자수 캐릭터,지니맘 큐빅십자수  DIY: 20번 거미 (15cm 20cm)
472000008,SELLBLOG,NORMAL,"배송도 빠르고, 좋네요",2018-08-08T07:22:08.000+0000,STOREFARM,5,지니맘 어린이 보석십자수 캐릭터,지니맘 큐빅십자수  DIY: 2번 보라유니콘 (15cm 20cm)
471762620,SELLBLOG,NORMAL,아이들이 좋아해요,2018-08-08T01:51:59.000+0000,STOREFARM,5,지니맘 어린이 보석십자수 캐릭터,지니맘 큐빅십자수  DIY: 1번 사탕(15cm 15cm)
471762610,SELLBLOG,NORMAL,아이들이 좋아해요,2018-08-08T01:51:59.000+0000,STOREFARM,5,지니맘 어린이 보석십자수 캐릭터,지니맘 큐빅십자수  DIY: 3번 달팽이(15cm 15cm)
471762600,SELLBLOG,NORMAL,아이들이 좋아해요,2018-08-08T01:51:59.000+0000,STOREFARM,5,지니맘 어린이 보석십자수 캐릭터,지니맘 큐빅십자수  DIY: 1번 유니콘 (15cm 20cm)
485847756,SELLBLOG,NORMAL,조아요ㅋ조아요ㅋㅋㅋ조아요ㅋㅋㅋ ,2018-08-31T13:49:45.000+0000,STOREFARM,5,지니맘 어린이 보석십자수 캐릭터,지니맘 큐빅십자수  DIY: 1번 사탕(15cm 15cm)
471201475,SELLBLOG,NORMAL,배송도 빠르고 넘잼있어요~~ ,2018-08-07T06:07:33.000+0000,STOREFARM,5,지니맘 어린이 보석십자수 캐릭터,지니맘 큐빅십자수  DIY: 18번 망치 (15cm 20cm)
461264239,SELLBLOG,NORMAL,좋아요~ 크기도 너무 작지도 크지도 않고 적당하곤요 색감도 선명하고 좋아요~액자에 넣으니 아이방 인테리어 효과 있네용~,2018-07-21T22:54:33.000+0000,STOREFARM,5,지니맘 어린이 보석십자수 캐릭터,지니맘 큐빅십자수  DIY: 21번 미니2(15cm 20cm)
471286261,SELLBLOG,NORMAL,"배송빠르고
너무 예뻐요",2018-08-07T08:06:28.000+0000,STOREFARM,5,지니맘 어린이 보석십자수 캐릭터,지니맘 큐빅십자수  DIY: 1번 유니콘 (15cm 20cm)
472101961,SELLBLOG,NORMAL,아이가 좋아해요 ,2018-08-08T09:58:04.000+0000,STOREFARM,5,지니맘 어린이 보석십자수 캐릭터,지니맘 큐빅십자수  DIY: 17번 가면 (15cm 20cm)
472101956,SELLBLOG,NORMAL,아이가 좋아해요 ,2018-08-08T09:58:04.000+0000,STOREFARM,5,지니맘 어린이 보석십자수 캐릭터,지니맘 큐빅십자수  DIY: 17번 가면 (15cm 20cm)
472101938,SELLBLOG,NORMAL,아이가 좋아해요,2018-08-08T09:58:04.000+0000,STOREFARM,5,지니맘 어린이 보석십자수 캐릭터,지니맘 큐빅십자수  DIY: 18번 망치 (15cm 20cm)
472101930,SELLBLOG,NORMAL,아이가 좋아해요,2018-08-08T09:58:04.000+0000,STOREFARM,5,지니맘 어린이 보석십자수 캐릭터,지니맘 큐빅십자수  DIY: 15번 베트맨 (15cm 20cm)
472101913,SELLBLOG,NORMAL,아이가 좋아해요,2018-08-08T09:58:04.000+0000,STOREFARM,5,지니맘 어린이 보석십자수 캐릭터,지니맘 큐빅십자수  DIY: 18번 망치 (15cm 20cm)
460869138,SELLBLOG,NORMAL,접착은 아주튼튼하고 조은데 펜에묻히는풀은 접착력하나도없고ㅠ 조금 불편햇어요 그거말고는 다 맘에들어요,2018-07-21T04:46:33.000+0000,STOREFARM,5,지니맘 어린이 보석십자수 캐릭터,지니맘 큐빅십자수  DIY: 14번 슈퍼맨 (15cm 20cm)
467565760,SELLBLOG,NORMAL,올여름 에어컨 바람에 비즈 십자수하면서 방학를 즐겨요,2018-07-31T12:10:58.000+0000,STOREFARM,5,지니맘 어린이 보석십자수 캐릭터,지니맘 큐빅십자수  DIY: 1번 유니콘 (15cm 20cm)
466088800,SELLBLOG,NORMAL,이뻐요 방학동안 아이들 숙제로도딱,2018-07-29T10:31:20.000+0000,STOREFARM,5,지니맘 어린이 보석십자수 캐릭터,지니맘 큐빅십자수  DIY: 7번 소녀1  (15cm 20cm)
461046080,SELLBLOG,NORMAL,"어린이 보석 십자수 
아이가 좋아하네요 완성작품이 화려하고
인테리어용이나 선물로도 좋을것같애요",2018-07-21T10:00:54.000+0000,STOREFARM,5,지니맘 어린이 보석십자수 캐릭터,지니맘 큐빅십자수  DIY: 10번 안경토끼 (15cm 20cm)
469933310,SELLBLOG,NORMAL,집중해서 시간 보내기 좋아요,2018-08-04T23:41:24.000+0000,STOREFARM,3,지니맘 어린이 보석십자수 캐릭터,지니맘 큐빅십자수  DIY: 18번 망치 (15cm 20cm)
471201483,SELLBLOG,NORMAL,비즈도 넉넉해요,2018-08-07T06:07:33.000+0000,STOREFARM,5,지니맘 어린이 보석십자수 캐릭터,지니맘 큐빅십자수  DIY: 13번 스폰지 (15cm 20cm)
469933388,SELLBLOG,NORMAL,애들이 신기해하네요,2018-08-04T23:41:46.000+0000,STOREFARM,3,지니맘 어린이 보석십자수 캐릭터,지니맘 큐빅십자수  DIY: 8번 여우 (15cm 20cm)
461046095,SELLBLOG,NORMAL,"어린이 보석십자수
아이가 시간가는줄 모르고 하네요
화려하니 완성품도 예뻐요
재구매의사 있어요~~^^",2018-07-21T10:00:54.000+0000,STOREFARM,5,지니맘 어린이 보석십자수 캐릭터,지니맘 큐빅십자수  DIY: 2번 보라유니콘 (15cm 20cm)
469557377,SELLBLOG,NORMAL,이뻐여 애들 좋아하고요,2018-08-04T04:39:27.000+0000,STOREFARM,5,지니맘 어린이 보석십자수 캐릭터,지니맘 큐빅십자수  DIY: 18번 망치 (15cm 20cm)
469933683,SELLBLOG,NORMAL,색감이 좋네요 반짝거리고요,2018-08-04T23:42:53.000+0000,STOREFARM,3,지니맘 어린이 보석십자수 캐릭터,지니맘 큐빅십자수  DIY: 3번 분홍사슴 (15cm 20cm)
467633647,SELLBLOG,NORMAL,생각보다 아이들이 너무 좋아해요,2018-07-31T13:57:54.000+0000,STOREFARM,5,지니맘 어린이 보석십자수 캐릭터,지니맘 큐빅십자수  DIY: 3번 분홍사슴 (15cm 20cm)
472703261,SELLBLOG,NORMAL,ㅇㅖ뻐서 즐겁게 잘해요,2018-08-09T07:20:14.000+0000,STOREFARM,5,지니맘 어린이 보석십자수 캐릭터,지니맘 큐빅십자수  DIY: 3번 분홍사슴 (15cm 20cm)
467633660,SELLBLOG,NORMAL,받은날 꼼착도 안하고 완성이요,2018-07-31T13:57:54.000+0000,STOREFARM,5,지니맘 어린이 보석십자수 캐릭터,지니맘 큐빅십자수  DIY: 11번 클로버 (15cm 20cm)
471201489,SELLBLOG,NORMAL,또 주문해요~~,2018-08-07T06:07:33.000+0000,STOREFARM,5,지니맘 어린이 보석십자수 캐릭터,지니맘 큐빅십자수  DIY: 16번 별 (15cm 20cm)
470871402,SELLBLOG,NORMAL,2번째구매입니다~^^,2018-08-06T14:26:54.000+0000,STOREFARM,5,지니맘 어린이 보석십자수 캐릭터,지니맘 큐빅십자수  DIY: 2번 보라유니콘 (15cm 20cm)
470871395,SELLBLOG,NORMAL,2번째구매입니다~^^,2018-08-06T14:26:54.000+0000,STOREFARM,5,지니맘 어린이 보석십자수 캐릭터,지니맘 큐빅십자수  DIY: 7번 소녀1  (15cm 20cm)
470871391,SELLBLOG,NORMAL,2번째구매입니다~^^,2018-08-06T14:26:54.000+0000,STOREFARM,5,지니맘 어린이 보석십자수 캐릭터,지니맘 큐빅십자수  DIY: 6번 소녀  (15cm 20cm)
470871387,SELLBLOG,NORMAL,2번째구매입니다~^^,2018-08-06T14:26:54.000+0000,STOREFARM,5,지니맘 어린이 보석십자수 캐릭터,지니맘 큐빅십자수  DIY: 4번 작은 유니콘(15cm 15cm)
461046091,SELLBLOG,NORMAL,"어린이 보석십자수
캐릭터별 구매했는데 예쁘네요
완성품도 화려하니 인테리어용으로도 굿
많이 파세요",2018-07-21T10:00:54.000+0000,STOREFARM,5,지니맘 어린이 보석십자수 캐릭터,지니맘 큐빅십자수  DIY: 1번 유니콘 (15cm 20cm)
466088807,SELLBLOG,NORMAL,방학동안 아이들이 하기넘조아요,2018-07-29T10:31:20.000+0000,STOREFARM,5,지니맘 어린이 보석십자수 캐릭터,지니맘 큐빅십자수  DIY: 1번 유니콘 (15cm 20cm)
466332671,SELLBLOG,NORMAL,품절상품이  있어서 아쉬웠어요,2018-07-29T23:55:22.000+0000,STOREFARM,3,지니맘 어린이 보석십자수 캐릭터,지니맘 큐빅십자수  DIY: 3번 분홍사슴 (15cm 20cm)
453294223,SELLBLOG,NORMAL,좋아요 좋은 상품 보내주셔서 감사합니다. 유니콘 완성하고 보니 너무 예쁘네요.  초등학생 아이들이 할 예정인데 제가 미리 해보았어요  애들이 좋아할것 같아요.,2018-07-10T02:38:38.000+0000,STOREFARM,5,지니맘 어린이 보석십자수 캐릭터,지니맘 큐빅십자수  DIY: 1번 유니콘 (15cm 20cm)
467633644,SELLBLOG,NORMAL,"추가구매 의사 있습니다
",2018-07-31T13:57:54.000+0000,STOREFARM,5,지니맘 어린이 보석십자수 캐릭터,지니맘 큐빅십자수  DIY: 16번 별 (15cm 20cm)
464647628,SELLBLOG,NORMAL,만족합니다 아이들이 너무 좋아라 합니다 저극 추천요,2018-07-26T15:45:00.000+0000,STOREFARM,5,지니맘 어린이 보석십자수 캐릭터,지니맘 큐빅십자수  DIY: 7번 소녀1  (15cm 20cm)
470517168,SELLBLOG,NORMAL,좋아요 ㅋ ,2018-08-06T02:50:16.000+0000,STOREFARM,5,지니맘 어린이 보석십자수 캐릭터,지니맘 큐빅십자수  DIY: 3번 분홍사슴 (15cm 20cm)
470517161,SELLBLOG,NORMAL,좋아요 ㅋ,2018-08-06T02:50:16.000+0000,STOREFARM,5,지니맘 어린이 보석십자수 캐릭터,지니맘 큐빅십자수  DIY: 1번 유니콘 (15cm 20cm)
467633630,SELLBLOG,NORMAL,완전 즐겁게 완성했네요^^,2018-07-31T13:57:54.000+0000,STOREFARM,5,지니맘 어린이 보석십자수 캐릭터,지니맘 큐빅십자수  DIY: 15번 베트맨 (15cm 20cm)
467565752,SELLBLOG,NORMAL,너무 이쁘고 좋아요,2018-07-31T12:10:58.000+0000,STOREFARM,5,지니맘 어린이 보석십자수 캐릭터,지니맘 큐빅십자수  DIY: 12번 슈퍼 (15cm 20cm)
466056173,SELLBLOG,NORMAL,애들방학이라주문했어요,2018-07-29T09:18:03.000+0000,STOREFARM,5,지니맘 어린이 보석십자수 캐릭터,지니맘 큐빅십자수  DIY: 18번 망치 (15cm 20cm)
467220425,SELLBLOG,NORMAL,조카들이 좋아하네요ㅎ,2018-07-31T04:13:31.000+0000,STOREFARM,5,지니맘 어린이 보석십자수 캐릭터,지니맘 큐빅십자수  DIY: 3번 분홍사슴 (15cm 20cm)
461046074,SELLBLOG,NORMAL,"아이가 좋아하네요
인테리어용으로 좋을꺼 같아요
",2018-07-21T10:00:54.000+0000,STOREFARM,5,지니맘 어린이 보석십자수 캐릭터,지니맘 큐빅십자수  DIY: 5번  반짝이 사슴 (15cm 20cm)
467633640,SELLBLOG,NORMAL,아이들이 너무좋아하너ㆍ요,2018-07-31T13:57:54.000+0000,STOREFARM,5,지니맘 어린이 보석십자수 캐릭터,지니맘 큐빅십자수  DIY: 8번 여우 (15cm 20cm)
467220434,SELLBLOG,NORMAL,조카들이 좋아해요ㅎ,2018-07-31T04:13:31.000+0000,STOREFARM,5,지니맘 어린이 보석십자수 캐릭터,지니맘 큐빅십자수  DIY: 16번 별 (15cm 20cm)
467565767,SELLBLOG,NORMAL,완전 만족해요,2018-07-31T12:10:58.000+0000,STOREFARM,5,지니맘 어린이 보석십자수 캐릭터,지니맘 큐빅십자수  DIY: 5번  반짝이 사슴 (15cm 20cm)
464352179,SELLBLOG,NORMAL,딸램이 친구랑 같이 한다고 신났습니다~,2018-07-26T06:20:35.000+0000,STOREFARM,5,지니맘 어린이 보석십자수 캐릭터,지니맘 큐빅십자수  DIY: 10번 안경토끼 (15cm 20cm)
470004723,SELLBLOG,NORMAL,좋아요~~,2018-08-05T02:42:18.000+0000,STOREFARM,5,지니맘 어린이 보석십자수 캐릭터,지니맘 큐빅십자수  DIY: 17번 가면 (15cm 20cm)
466282927,SELLBLOG,NORMAL,예쁘고 잘썼습니다,2018-07-29T22:14:12.000+0000,STOREFARM,5,지니맘 어린이 보석십자수 캐릭터,지니맘 큐빅십자수  DIY: 6번 소녀  (15cm 20cm)
461120461,SELLBLOG,NORMAL,"아이들이 너무 좋아해요
괜찮은것같아요",2018-07-21T12:31:21.000+0000,STOREFARM,5,지니맘 어린이 보석십자수 캐릭터,지니맘 큐빅십자수  DIY: 8번 여우 (15cm 20cm)
461046086,SELLBLOG,NORMAL,"큐빅십자수 
화려하니 예쁩니다
큐빅도 여유있게 들어있어 부족하지 않네요
",2018-07-21T10:00:54.000+0000,STOREFARM,5,지니맘 어린이 보석십자수 캐릭터,지니맘 큐빅십자수  DIY: 11번 클로버 (15cm 20cm)
453293753,SELLBLOG,NORMAL,좋아요 유니콘 주문을 하였습니다. 조금만 해야지 하다가 하루만에 다 완성해 버렸습니다. 아이들이 해도 좋고 어른도 하기 좋고 ^^,2018-07-10T02:37:52.000+0000,STOREFARM,5,지니맘 어린이 보석십자수 캐릭터,지니맘 큐빅십자수  DIY: 2번 보라유니콘 (15cm 20cm)
461264024,SELLBLOG,NORMAL,예뻐용~포장도 갈끔하니 알아보기 좋네용^^,2018-07-21T22:53:31.000+0000,STOREFARM,5,지니맘 어린이 보석십자수 캐릭터,지니맘 큐빅십자수  DIY: 21번 미니2(15cm 20cm)
466317513,SELLBLOG,NORMAL,집중력향상굿,2018-07-29T23:33:12.000+0000,STOREFARM,5,지니맘 어린이 보석십자수 캐릭터,지니맘 큐빅십자수  DIY: 3번 분홍사슴 (15cm 20cm)
463397160,SELLBLOG,NORMAL,아이들 선물로 사줬는데 좋아하네요,2018-07-24T22:32:21.000+0000,STOREFARM,5,지니맘 어린이 보석십자수 캐릭터,지니맘 큐빅십자수  DIY: 8번 여우 (15cm 20cm)
463397151,SELLBLOG,NORMAL,아이들 선물로 사줬는데 좋아하네요 ,2018-07-24T22:32:21.000+0000,STOREFARM,5,지니맘 어린이 보석십자수 캐릭터,지니맘 큐빅십자수  DIY: 3번 분홍사슴 (15cm 20cm)
451512788,SELLBLOG,NORMAL,"너무 맘에 들어요^^* 디자인도 비즈색들도 너무 맘에 들어요^^*
코딩되어 있는 거라 그냥 두기에는 애매하네요. 액자를 안산것이 후회되요ㅠㅠ
다음엔 꼭 액자와 같이 주문해야 겠어요",2018-07-06T12:41:49.000+0000,STOREFARM,4,지니맘 어린이 보석십자수 캐릭터,지니맘 큐빅십자수  DIY: 3번 분홍사슴 (15cm 20cm)
463397155,SELLBLOG,NORMAL,아이들 선물로 사줘는데 좋아하네요 ,2018-07-24T22:32:21.000+0000,STOREFARM,5,지니맘 어린이 보석십자수 캐릭터,지니맘 큐빅십자수  DIY: 1번 유니콘 (15cm 20cm)
466317508,SELLBLOG,NORMAL,"집중하게되네요
",2018-07-29T23:33:12.000+0000,STOREFARM,5,지니맘 어린이 보석십자수 캐릭터,지니맘 큐빅십자수  DIY: 4번 작은 유니콘(15cm 15cm)
466056603,SELLBLOG,NORMAL,너무이뻐요,2018-07-29T09:19:09.000+0000,STOREFARM,5,지니맘 어린이 보석십자수 캐릭터,지니맘 큐빅십자수  DIY: 17번 가면 (15cm 20cm)
466056597,SELLBLOG,NORMAL,너무이뽀요,2018-07-29T09:19:09.000+0000,STOREFARM,5,지니맘 어린이 보석십자수 캐릭터,지니맘 큐빅십자수  DIY: 15번 베트맨 (15cm 20cm)
466056596,SELLBLOG,NORMAL,베리굿굿요,2018-07-29T09:19:09.000+0000,STOREFARM,5,지니맘 어린이 보석십자수 캐릭터,지니맘 큐빅십자수  DIY: 14번 슈퍼맨 (15cm 20cm)
466056176,SELLBLOG,NORMAL,너무좋아요,2018-07-29T09:18:03.000+0000,STOREFARM,5,지니맘 어린이 보석십자수 캐릭터,지니맘 큐빅십자수  DIY: 12번 슈퍼 (15cm 20cm)
464352171,SELLBLOG,NORMAL,딸아이가 엄청 좋아해요~,2018-07-26T06:20:35.000+0000,STOREFARM,5,지니맘 어린이 보석십자수 캐릭터,지니맘 큐빅십자수  DIY: 1번 유니콘 (15cm 20cm)
466317520,SELLBLOG,NORMAL,"만족합니다
",2018-07-29T23:33:12.000+0000,STOREFARM,5,지니맘 어린이 보석십자수 캐릭터,지니맘 큐빅십자수  DIY: 1번 유니콘 (15cm 20cm)
463970190,SELLBLOG,NORMAL,딸아이가 매우좋아해요,2018-07-25T12:52:03.000+0000,STOREFARM,5,지니맘 어린이 보석십자수 캐릭터,지니맘 큐빅십자수  DIY: 1번 유니콘 (15cm 20cm)
463970184,SELLBLOG,NORMAL,딸아이가 매우좋아해요,2018-07-25T12:52:03.000+0000,STOREFARM,5,지니맘 어린이 보석십자수 캐릭터,지니맘 큐빅십자수  DIY: 8번 여우 (15cm 20cm)
463970175,SELLBLOG,NORMAL,딸아이가 매우좋아해요,2018-07-25T12:52:03.000+0000,STOREFARM,5,지니맘 어린이 보석십자수 캐릭터,지니맘 큐빅십자수  DIY: 5번 펭귄(15cm 15cm)
463970171,SELLBLOG,NORMAL,딸아이가매우좋아해요,2018-07-25T12:52:03.000+0000,STOREFARM,5,지니맘 어린이 보석십자수 캐릭터,지니맘 큐빅십자수  DIY: 4번 홍학 (15cm 20cm)
463970163,SELLBLOG,NORMAL,딸아이가 매우좋아해요,2018-07-25T12:52:03.000+0000,STOREFARM,5,지니맘 어린이 보석십자수 캐릭터,지니맘 큐빅십자수  DIY: 10번 안경토끼 (15cm 20cm)
463970156,SELLBLOG,NORMAL,딸아이가 매우좋아해요,2018-07-25T12:52:03.000+0000,STOREFARM,5,지니맘 어린이 보석십자수 캐릭터,지니맘 큐빅십자수  DIY: 3번 분홍사슴 (15cm 20cm)
464293517,SELLBLOG,NORMAL,"애들이 좋아합니다 
",2018-07-26T04:46:05.000+0000,STOREFARM,5,지니맘 어린이 보석십자수 캐릭터,지니맘 큐빅십자수  DIY: 1번 유니콘 (15cm 20cm)
464293505,SELLBLOG,NORMAL,"애들이 좋아합니다 
",2018-07-26T04:46:05.000+0000,STOREFARM,5,지니맘 어린이 보석십자수 캐릭터,지니맘 큐빅십자수  DIY: 6번 소녀  (15cm 20cm)
462756760,SELLBLOG,NORMAL,6세 딸아이가 너무 좋아해요,2018-07-24T02:41:42.000+0000,STOREFARM,5,지니맘 어린이 보석십자수 캐릭터,지니맘 큐빅십자수  DIY: 10번 안경토끼 (15cm 20cm)
449927027,SELLBLOG,NORMAL,"좋아요~ 좋네요
캐릭터도 이쁘고
색감도 좋아요
보석은 크고작은 여러종류에 영문자 숫자로 종류가 구분되어있고 캐릭터 판에 해당보석을 붙여주는겁니다
7살 아이도 집중해서 만드네요",2018-07-04T00:04:24.000+0000,STOREFARM,5,지니맘 어린이 보석십자수 캐릭터,지니맘 큐빅십자수  DIY: 1번 사탕(15cm 15cm)
464717943,SELLBLOG,NORMAL,감사합니다,2018-07-27T00:08:39.000+0000,STOREFARM,5,지니맘 어린이 보석십자수 캐릭터,지니맘 큐빅십자수  DIY: 19번 방패 (15cm 20cm)
464717874,SELLBLOG,NORMAL,감사합니다,2018-07-27T00:08:30.000+0000,STOREFARM,5,지니맘 어린이 보석십자수 캐릭터,지니맘 큐빅십자수  DIY: 18번 망치 (15cm 20cm)
464717804,SELLBLOG,NORMAL,감사합니다,2018-07-27T00:08:20.000+0000,STOREFARM,5,지니맘 어린이 보석십자수 캐릭터,지니맘 큐빅십자수  DIY: 17번 가면 (15cm 20cm)
464717738,SELLBLOG,NORMAL,감사합니다,2018-07-27T00:08:11.000+0000,STOREFARM,5,지니맘 어린이 보석십자수 캐릭터,지니맘 큐빅십자수  DIY: 16번 별 (15cm 20cm)
464717682,SELLBLOG,NORMAL,감사합니다,2018-07-27T00:08:00.000+0000,STOREFARM,5,지니맘 어린이 보석십자수 캐릭터,지니맘 큐빅십자수  DIY: 15번 베트맨 (15cm 20cm)
464717639,SELLBLOG,NORMAL,감사합니다,2018-07-27T00:07:52.000+0000,STOREFARM,5,지니맘 어린이 보석십자수 캐릭터,지니맘 큐빅십자수  DIY: 12번 슈퍼 (15cm 20cm)
464717589,SELLBLOG,NORMAL,감사합니다,2018-07-27T00:07:42.000+0000,STOREFARM,5,지니맘 어린이 보석십자수 캐릭터,지니맘 큐빅십자수  DIY: 10번 안경토끼 (15cm 20cm)
464717482,SELLBLOG,NORMAL,감사합니다,2018-07-27T00:07:31.000+0000,STOREFARM,5,지니맘 어린이 보석십자수 캐릭터,지니맘 큐빅십자수  DIY: 5번  반짝이 사슴 (15cm 20cm)
464717432,SELLBLOG,NORMAL,감사합니다,2018-07-27T00:07:22.000+0000,STOREFARM,5,지니맘 어린이 보석십자수 캐릭터,지니맘 큐빅십자수  DIY: 3번 분홍사슴 (15cm 20cm)
464717241,SELLBLOG,NORMAL,감사합니다,2018-07-27T00:06:57.000+0000,STOREFARM,5,지니맘 어린이 보석십자수 캐릭터,지니맘 큐빅십자수  DIY: 21번 미니2(15cm 20cm)
462756744,SELLBLOG,NORMAL,6세 딸아이가 넘 좋아해요,2018-07-24T02:41:42.000+0000,STOREFARM,5,지니맘 어린이 보석십자수 캐릭터,지니맘 큐빅십자수  DIY: 3번 분홍사슴 (15cm 20cm)
476347796,SELLBLOG,NORMAL,조아요조아,2018-08-16T00:02:27.000+0000,STOREFARM,5,지니맘 어린이 보석십자수 캐릭터,지니맘 큐빅십자수  DIY: 1번 유니콘 (15cm 20cm)
476347793,SELLBLOG,NORMAL,조아요조아,2018-08-16T00:02:27.000+0000,STOREFARM,5,지니맘 어린이 보석십자수 캐릭터,지니맘 큐빅십자수  DIY: 20번 거미 (15cm 20cm)
461447493,SELLBLOG,NORMAL,지퍼백 포장이라 너무 좋아요,2018-07-22T05:19:27.000+0000,STOREFARM,5,지니맘 어린이 보석십자수 캐릭터,지니맘 큐빅십자수  DIY: 1번 유니콘 (15cm 20cm)
464647631,SELLBLOG,NORMAL,만족합니다,2018-07-26T15:45:00.000+0000,STOREFARM,5,지니맘 어린이 보석십자수 캐릭터,지니맘 큐빅십자수  DIY: 10번 안경토끼 (15cm 20cm)
464647630,SELLBLOG,NORMAL,만족합니다,2018-07-26T15:45:00.000+0000,STOREFARM,5,지니맘 어린이 보석십자수 캐릭터,지니맘 큐빅십자수  DIY: 3번 분홍사슴 (15cm 20cm)
461264026,SELLBLOG,NORMAL,아들과 해놨더니 작품 같고 좋아요^^,2018-07-21T22:53:31.000+0000,STOREFARM,5,지니맘 어린이 보석십자수 캐릭터,지니맘 큐빅십자수  DIY: 17번 가면 (15cm 20cm)
461120469,SELLBLOG,NORMAL,"아이들이 아주 좋아하네요
아주 괜찮은듯",2018-07-21T12:31:21.000+0000,STOREFARM,5,지니맘 어린이 보석십자수 캐릭터,지니맘 큐빅십자수  DIY: 3번 분홍사슴 (15cm 20cm)
464717372,SELLBLOG,NORMAL,"감사합니다
",2018-07-27T00:07:11.000+0000,STOREFARM,5,지니맘 어린이 보석십자수 캐릭터,지니맘 큐빅십자수  DIY: 1번 유니콘 (15cm 20cm)
449928207,SELLBLOG,NORMAL,"아이언맨 좋아요~ 7세 남자아이
아이언맨이랑 캡틴아메리카 방패 주문했는더
이것부터 만드네요
집중도잘하고 한시간 거뜬히 앉아있어요^^",2018-07-04T00:06:19.000+0000,STOREFARM,5,지니맘 어린이 보석십자수 캐릭터,지니맘 큐빅십자수  DIY: 17번 가면 (15cm 20cm)
449927608,SELLBLOG,NORMAL,"아이들 심심할때 딱 좋아요 어제 저녁 도착해서 한참을 만들더니
오늘 아침에도 일어나자마자 찾네요
7살 9살 남여 모두 집중해서 잘만드네요~",2018-07-04T00:05:21.000+0000,STOREFARM,5,지니맘 어린이 보석십자수 캐릭터,지니맘 큐빅십자수  DIY: 16번 별 (15cm 20cm)
449926254,SELLBLOG,NORMAL,"좋아요~ 9살 7살 아이들이 제법집중해서 만드네요
둘째는 한시간 
큰애는 한시간반을 꼬박 앉아서
만듦니다
집중력향상 소근육발달에 좋을듯^^",2018-07-04T00:03:11.000+0000,STOREFARM,5,지니맘 어린이 보석십자수 캐릭터,지니맘 큐빅십자수  DIY: 1번 유니콘 (15cm 20cm)
462233706,SELLBLOG,NORMAL,다하면 또구매하게요ㅋㅋ,2018-07-23T07:07:01.000+0000,STOREFARM,5,지니맘 어린이 보석십자수 캐릭터,지니맘 큐빅십자수  DIY: 15번 베트맨 (15cm 20cm)
462233677,SELLBLOG,NORMAL,ㅋㅋ남자친구가 조아해여,2018-07-23T07:07:01.000+0000,STOREFARM,5,지니맘 어린이 보석십자수 캐릭터,지니맘 큐빅십자수  DIY: 12번 슈퍼 (15cm 20cm)
460869175,SELLBLOG,NORMAL,배송빠루고 맘에둘어요,2018-07-21T04:46:33.000+0000,STOREFARM,5,지니맘 어린이 보석십자수 캐릭터,지니맘 큐빅십자수  DIY: 10번 안경토끼 (15cm 20cm)
460869165,SELLBLOG,NORMAL,배송빠루고 맘에들어요,2018-07-21T04:46:33.000+0000,STOREFARM,5,지니맘 어린이 보석십자수 캐릭터,지니맘 큐빅십자수  DIY: 7번 소녀1  (15cm 20cm)
460869158,SELLBLOG,NORMAL,배송빠루고 맘에들어요,2018-07-21T04:46:33.000+0000,STOREFARM,5,지니맘 어린이 보석십자수 캐릭터,지니맘 큐빅십자수  DIY: 1번 유니콘 (15cm 20cm)
460869142,SELLBLOG,NORMAL,배송빠루고 맘에들어요,2018-07-21T04:46:33.000+0000,STOREFARM,5,지니맘 어린이 보석십자수 캐릭터,지니맘 큐빅십자수  DIY: 16번 별 (15cm 20cm)
476347932,SELLBLOG,NORMAL,조아요 조아요조아요조아요조아요느느긋ㄷ스그급ㄷ그늣ㄷ눋ㄴㄷ느느늗브그그긔ㅡ그극ㆍ그귿느긔ㆍㅅㄷ늬ㅢㅡ느늬ㅡ느는,2018-08-16T00:02:53.000+0000,STOREFARM,4,지니맘 어린이 보석십자수 캐릭터,지니맘 큐빅십자수  DIY: 20번 거미 (15cm 20cm)
462195792,SELLBLOG,NORMAL,감사합니다,2018-07-23T06:17:59.000+0000,STOREFARM,5,지니맘 어린이 보석십자수 캐릭터,지니맘 큐빅십자수  DIY: 2번 보라유니콘 (15cm 20cm)
462195782,SELLBLOG,NORMAL,감사합니다,2018-07-23T06:17:59.000+0000,STOREFARM,5,지니맘 어린이 보석십자수 캐릭터,지니맘 큐빅십자수  DIY: 1번 유니콘 (15cm 20cm)
462233695,SELLBLOG,NORMAL,철남자 .. 너무이뻐용..,2018-07-23T07:07:01.000+0000,STOREFARM,5,지니맘 어린이 보석십자수 캐릭터,지니맘 큐빅십자수  DIY: 17번 가면 (15cm 20cm)
462457003,SELLBLOG,NORMAL,맘에 들어요.,2018-07-23T13:26:27.000+0000,STOREFARM,5,지니맘 어린이 보석십자수 캐릭터,지니맘 큐빅십자수  DIY: 20번 미니1 (15cm 20cm)
476348064,SELLBLOG,NORMAL,조아요조아요 알ㅡㄴㅌㄴㄷ는ㄷ느느늬ㅡㄴㄷ늬ㅜㅜㅡ늬ㅗ느는ㄷㅅㄷㅅㄷㄱㄷㅅㄷㄱㆍㄴㄷ긛ㅅ딛ㄴㄷ근ㄷㄴㄷ근ㄱㄷ느느ㅡ느,2018-08-16T00:03:14.000+0000,STOREFARM,4,지니맘 어린이 보석십자수 캐릭터,지니맘 큐빅십자수  DIY: 1번 유니콘 (15cm 20cm)
440881351,SELLBLOG,NORMAL,생각보다 정교해요 초등학생인 동생한테 생일선물로 주면서 너무 쉬울것같다는 생각을 했는데막상 뜯어보니 생각보다 정교하구요보석이 꽤 작고 붙이는데 은근히 시간걸리더라구요...중고딩이나 성인이 하기에도 괜찮은듯하네요,2018-06-19T15:42:48.000+0000,STOREFARM,5,지니맘 어린이 보석십자수 캐릭터,지니맘 큐빅십자수  DIY: 13번 분홍사슴(15cm 20cm)
446757369,SELLBLOG,NORMAL,좋아요 첫째  둘째   차분히  앉아서  잘하네요..   사이즈가  생각보다 커서  쫌  힘들어하긴  합니다..   그래도 잘 하네요~~,2018-06-29T02:12:24.000+0000,STOREFARM,5,지니맘 어린이 보석십자수 캐릭터,지니맘 큐빅십자수  DIY: 19번 방패(15cm 20cm)
443916951,SELLBLOG,NORMAL,"선물용으로 딱~^^ 7살 딸래미에게 선물했네요~^^
생각했던거보다 더 잘하고 쟁여놨다가 액자에 넣어 친구 생일선물로 줘도 좋을듯합니다~",2018-06-24T22:29:00.000+0000,STOREFARM,5,지니맘 어린이 보석십자수 캐릭터,지니맘 큐빅십자수  DIY: 4번 유니콘(15cm 20cm)
457694626,SELLBLOG,NORMAL,만족합니다,2018-07-16T13:18:59.000+0000,STOREFARM,5,지니맘 어린이 보석십자수 캐릭터,지니맘 큐빅십자수  DIY: 4번 홍학 (15cm 20cm)
457694618,SELLBLOG,NORMAL,만족합니다,2018-07-16T13:18:59.000+0000,STOREFARM,5,지니맘 어린이 보석십자수 캐릭터,지니맘 큐빅십자수  DIY: 3번 분홍사슴 (15cm 20cm)
452629969,SELLBLOG,NORMAL,"아이들이좋아해요
크네요~^^",2018-07-09T02:01:31.000+0000,STOREFARM,5,지니맘 어린이 보석십자수 캐릭터,지니맘 큐빅십자수  DIY: 3번 분홍사슴 (15cm 20cm)
446758341,SELLBLOG,NORMAL,좋아요 반짝반짝   둘째  딸아이가  너무  좋아하네요..   사이즈가  생각보다  커서  완성할려면 시간쫌  걸리겠네요..,2018-06-29T02:14:28.000+0000,STOREFARM,5,지니맘 어린이 보석십자수 캐릭터,지니맘 큐빅십자수  DIY: 15번 보라유니콘(15cm 20cm)
433507976,SELLBLOG,NORMAL,배송도너무 너무 좋아요 그리고 가성비 좋은 제품 입니다  배송은 너무 좋아요 그리고 가성비 좋은 제품 입니다 요즘 핫한 아이템 입니다 요즘 핫한 아이템 입니다 요즘,2018-06-08T10:05:23.000+0000,STOREFARM,5,지니맘 어린이 보석십자수 캐릭터,지니맘 큐빅십자수  DIY: 22번 미니3(15cm 20cm)
443918016,SELLBLOG,NORMAL,"딸래미선물로 딱~^^ 7살 딸래미에게 선물로 줬어요~^^
넘 잘하고 큐빅이 반짝여 벽에 걸어두니 고급져서 인테리어 효과도 있네요~
맘에 듭니다",2018-06-24T22:31:47.000+0000,STOREFARM,5,지니맘 어린이 보석십자수 캐릭터,지니맘 큐빅십자수  DIY: 15번 보라유니콘(15cm 20cm)
446757845,SELLBLOG,NORMAL,좋아요 첫째  둘째   같이  하라고   여러개  주문했어요~~  사이즈   생각  안하고  주문했는데   생각보다  크네요~^^,2018-06-29T02:13:25.000+0000,STOREFARM,5,지니맘 어린이 보석십자수 캐릭터,지니맘 큐빅십자수  DIY: 4번 작은 유니콘(15cm 15cm)
440564010,SELLBLOG,NORMAL,"가격대가 좀 있어요 애들 집중력을 위해 구매했는데, 어려운지 힘든지 애들보단 제가 더 많이 하고 있어요. 재밌는데.. 불량 비즈가 생각보다 많아서 골라내기 바쁘고, 비즈접착젤의 접착력이 그닥 좋지않아요ㅜㅜ",2018-06-19T08:11:56.000+0000,STOREFARM,3,지니맘 어린이 보석십자수 캐릭터,지니맘 큐빅십자수  DIY: 4번 작은 유니콘(15cm 15cm)
433506844,SELLBLOG,NORMAL,배송도너무 너무 좋아요  배송은 너무 좋아요 그리고 가성비 좋은 제품 입니다 요즘 핫한 아이템 입니다 배송은 너무 좋아요,2018-06-08T10:03:18.000+0000,STOREFARM,5,지니맘 어린이 보석십자수 캐릭터,지니맘 큐빅십자수  DIY: 2번 스폰지(15cm 20cm)
433507101,SELLBLOG,NORMAL,배송도너무 너무 좋아요  배송도너무 너무 좋아요 그리고 가성비 좋은 제품 입니다 요즘 핫한 아이템 입니다 요즘 핫한 아이템 입니다,2018-06-08T10:03:46.000+0000,STOREFARM,5,지니맘 어린이 보석십자수 캐릭터,지니맘 큐빅십자수  DIY: 10번 베트맨(15cm 20cm)
433507322,SELLBLOG,NORMAL,배송도너무 너무 좋아요  배송은 너무 좋아요 그리고 가성비 좋은 제품 입니다 요즘 핫한 아이템 입니다 요즘 핫한 아이템 입니다 요즘,2018-06-08T10:04:13.000+0000,STOREFARM,5,지니맘 어린이 보석십자수 캐릭터,지니맘 큐빅십자수  DIY: 17번 망치(15cm 20cm)
470004716,SELLBLOG,NORMAL,좋ㅇㅏ요~,2018-08-05T02:42:18.000+0000,STOREFARM,5,지니맘 어린이 보석십자수 캐릭터,지니맘 큐빅십자수  DIY: 4번 홍학 (15cm 20cm)
452629987,SELLBLOG,NORMAL,아이가좋아해요,2018-07-09T02:01:31.000+0000,STOREFARM,5,지니맘 어린이 보석십자수 캐릭터,지니맘 큐빅십자수  DIY: 1번 유니콘 (15cm 20cm)
452629978,SELLBLOG,NORMAL,아이가좋아해요,2018-07-09T02:01:31.000+0000,STOREFARM,5,지니맘 어린이 보석십자수 캐릭터,지니맘 큐빅십자수  DIY: 5번 펭귄(15cm 15cm)
452629975,SELLBLOG,NORMAL,아이가좋아해요,2018-07-09T02:01:31.000+0000,STOREFARM,5,지니맘 어린이 보석십자수 캐릭터,지니맘 큐빅십자수  DIY: 2번 토끼(15cm 15cm)
466088817,SELLBLOG,NORMAL,조아요 이쁘네요,2018-07-29T10:31:20.000+0000,STOREFARM,5,지니맘 어린이 보석십자수 캐릭터,지니맘 큐빅십자수  DIY: 6번 소녀  (15cm 20cm)
466088811,SELLBLOG,NORMAL,조아요 이쁘네요,2018-07-29T10:31:20.000+0000,STOREFARM,5,지니맘 어린이 보석십자수 캐릭터,지니맘 큐빅십자수  DIY: 3번 분홍사슴 (15cm 20cm)
453293255,SELLBLOG,NORMAL,만족합니다.,2018-07-10T02:37:04.000+0000,STOREFARM,5,지니맘 어린이 보석십자수 캐릭터,지니맘 큐빅십자수  DIY: 1번 유니콘 (15cm 20cm)
453293247,SELLBLOG,NORMAL,만족합니다.,2018-07-10T02:37:04.000+0000,STOREFARM,5,지니맘 어린이 보석십자수 캐릭터,지니맘 큐빅십자수  DIY: 2번 보라유니콘 (15cm 20cm)
440882778,SELLBLOG,NORMAL,생각보다 할만해요 생각했던것보다 어렵네요 글구 참고로 하얀색이 많이 들어가있는것보단 색깔 있는게 더 예쁜듯해요,2018-06-19T15:46:24.000+0000,STOREFARM,5,지니맘 어린이 보석십자수 캐릭터,지니맘 큐빅십자수  DIY: 11번 별(15cm 20cm)
452529241,SELLBLOG,NORMAL,이뻐요 재미있네요,2018-07-09T00:00:23.000+0000,STOREFARM,5,지니맘 어린이 보석십자수 캐릭터,지니맘 큐빅십자수  DIY: 4번 홍학 (15cm 20cm)
441437639,SELLBLOG,NORMAL,"딸아이가.넘 좋아해요~~
다음에 또 재구매 할께요~~
다양한 종류로 준비해주세요",2018-06-20T10:50:06.000+0000,STOREFARM,5,지니맘 어린이 보석십자수 캐릭터,지니맘 큐빅십자수  DIY: 20번 미니1(15cm 20cm)
428977727,SELLBLOG,NORMAL,"금방하네요 ㅎㅎ 6.9살 아이들이
금방하네요 ㅎㅎㅎ
시간가는지 몰라요~
또 구입해야겠어요~~<
많이많이 파세용",2018-05-31T21:34:34.000+0000,STOREFARM,5,지니맘 어린이 보석십자수 캐릭터,지니맘 큐빅십자수  DIY: 22번 미니3(15cm 20cm)
452518475,SELLBLOG,NORMAL,감사합니다...,2018-07-08T23:40:54.000+0000,STOREFARM,5,지니맘 어린이 보석십자수 캐릭터,지니맘 큐빅십자수  DIY: 18번 망치 (15cm 20cm)
452518467,SELLBLOG,NORMAL,감사합니다...,2018-07-08T23:40:54.000+0000,STOREFARM,5,지니맘 어린이 보석십자수 캐릭터,지니맘 큐빅십자수  DIY: 17번 가면 (15cm 20cm)
452518464,SELLBLOG,NORMAL,감사합니다...,2018-07-08T23:40:54.000+0000,STOREFARM,5,지니맘 어린이 보석십자수 캐릭터,지니맘 큐빅십자수  DIY: 16번 별 (15cm 20cm)
452518461,SELLBLOG,NORMAL,감사합니다...,2018-07-08T23:40:54.000+0000,STOREFARM,5,지니맘 어린이 보석십자수 캐릭터,지니맘 큐빅십자수  DIY: 15번 베트맨 (15cm 20cm)
452518456,SELLBLOG,NORMAL,감사합니다...,2018-07-08T23:40:54.000+0000,STOREFARM,5,지니맘 어린이 보석십자수 캐릭터,지니맘 큐빅십자수  DIY: 14번 슈퍼맨 (15cm 20cm)
422613827,SELLBLOG,NORMAL,"7세 아들하라고 사줬어요
가만히 있지 못하는성격이라 좀 집중해보자고시켰는데 오래하진 못하네요
큰 비즈만 해보는데 잘하긴해요 오래 못해서 그렇지ㅋ
남은건 엄마몫이죠",2018-05-21T07:46:51.000+0000,STOREFARM,5,지니맘 어린이 보석십자수 캐릭터,지니맘 큐빅십자수  DIY: 12번 가면(15cm 20cm)
449925430,SELLBLOG,NORMAL,아이들이 좋아해요,2018-07-04T00:01:46.000+0000,STOREFARM,5,지니맘 어린이 보석십자수 캐릭터,지니맘 큐빅십자수  DIY: 17번 가면 (15cm 20cm)
449925423,SELLBLOG,NORMAL,아이들이 좋아해요,2018-07-04T00:01:46.000+0000,STOREFARM,5,지니맘 어린이 보석십자수 캐릭터,지니맘 큐빅십자수  DIY: 16번 별 (15cm 20cm)
449925422,SELLBLOG,NORMAL,아이들이 좋아해요,2018-07-04T00:01:46.000+0000,STOREFARM,5,지니맘 어린이 보석십자수 캐릭터,지니맘 큐빅십자수  DIY: 1번 사탕(15cm 15cm)
449925418,SELLBLOG,NORMAL,아이들이 좋아해요,2018-07-04T00:01:46.000+0000,STOREFARM,5,지니맘 어린이 보석십자수 캐릭터,지니맘 큐빅십자수  DIY: 1번 유니콘 (15cm 20cm)
451511718,SELLBLOG,NORMAL,너무 맘에 들어요^^*,2018-07-06T12:38:36.000+0000,STOREFARM,5,지니맘 어린이 보석십자수 캐릭터,지니맘 큐빅십자수  DIY: 3번 분홍사슴 (15cm 20cm)
436111776,SELLBLOG,NORMAL,좋아요 4개구매했습니다애들이잘가지고놀고다만들면성취감도생기고어쨌든만족할만한상품이네요다음에다른모델구매해서해봐야겠네요,2018-06-12T12:34:21.000+0000,STOREFARM,5,지니맘 어린이 보석십자수 캐릭터,지니맘 큐빅십자수  DIY: 8번 검은고양이(15cm 20cm)
451787810,SELLBLOG,NORMAL,액자가 너무 ..허접...,2018-07-07T07:40:47.000+0000,STOREFARM,3,지니맘 어린이 보석십자수 캐릭터,지니맘 큐빅십자수  DIY: 1번 유니콘 (15cm 20cm)
446756810,SELLBLOG,NORMAL,좋아요~ 여러개  주문했어요~   여러개   주문했어요~ 여러개 주문했어요~~~여러개  주문했어요~~,2018-06-29T02:11:15.000+0000,STOREFARM,5,지니맘 어린이 보석십자수 캐릭터,지니맘 큐빅십자수  DIY: 18번 헐크(15cm 20cm)
422615330,SELLBLOG,NORMAL,"6세 딸내미 시켰어요
아주 잘하고
첨엔 엄마는 건들지도 못하게 하더니
1시간정도 지나니 도와달라하네요ㅎㅎ
오빠가 만화를 봐도 흔들리지않는 집중력ㅋ",2018-05-21T07:49:22.000+0000,STOREFARM,5,지니맘 어린이 보석십자수 캐릭터,지니맘 큐빅십자수  DIY: 15번 보라유니콘(15cm 20cm)
436110559,SELLBLOG,NORMAL,좋아요 여기서여러개구매했는데프리미엄평을똑같은걸쓰기그렇지만애들이집중력있게잘하네요만들면성취감도있어요!!,2018-06-12T12:32:40.000+0000,STOREFARM,5,지니맘 어린이 보석십자수 캐릭터,지니맘 큐빅십자수  DIY: 3번 기린(15cm 20cm)
436113242,SELLBLOG,NORMAL,좋습니다 캡틴아메니카방패구매했는데비즈로하나씩붙이니예쁘고애들도좋아하네요집중력도생기고애들이무척좋아하네요많이파세요,2018-06-12T12:36:18.000+0000,STOREFARM,5,지니맘 어린이 보석십자수 캐릭터,지니맘 큐빅십자수  DIY: 11번 별(15cm 20cm)
443915700,SELLBLOG,NORMAL,"또 사고 싶어요~^^
선물용으로 좋을듯~",2018-06-24T22:25:08.000+0000,STOREFARM,5,지니맘 어린이 보석십자수 캐릭터,지니맘 큐빅십자수  DIY: 4번 유니콘(15cm 20cm)
436109311,SELLBLOG,NORMAL,좋네요 아이들이사달라고해서구매했는데애들이집중력있게잘하네요다음에또구매할의사있습니다.다만들면성취감도있네요,2018-06-12T12:30:50.000+0000,STOREFARM,5,지니맘 어린이 보석십자수 캐릭터,지니맘 큐빅십자수  DIY: 15번 보라유니콘(15cm 20cm)
441437648,SELLBLOG,NORMAL,"받자마자 하더라구요~~
재밌다며~~ 시간 가는 줄 몰라요~~
많이 파세요",2018-06-20T10:50:06.000+0000,STOREFARM,5,지니맘 어린이 보석십자수 캐릭터,지니맘 큐빅십자수  DIY: 2번 토끼(15cm 15cm)
443907719,SELLBLOG,NORMAL,초등여아 선물로 샀어요. 이뻐요,2018-06-24T21:59:36.000+0000,STOREFARM,5,지니맘 어린이 보석십자수 캐릭터,지니맘 큐빅십자수  DIY: 4번 유니콘(15cm 20cm)
443507920,SELLBLOG,NORMAL,"완성해놓으니 완죤 이뿌고
애들도 좋앙합니다",2018-06-24T04:18:41.000+0000,STOREFARM,5,지니맘 어린이 보석십자수 캐릭터,지니맘 큐빅십자수  DIY: 18번 헐크(15cm 20cm)
442556778,SELLBLOG,NORMAL,큐빅이 너무 예쁘고 넉넉하게 잘 들어 있는거 같네요,2018-06-22T09:21:54.000+0000,STOREFARM,5,지니맘 어린이 보석십자수 캐릭터,지니맘 큐빅십자수  DIY: 4번 유니콘(15cm 20cm)
439989506,SELLBLOG,NORMAL,"일반십자수랑 다르게 진도도빠르고 예뿌고 재밌네요 
재밌어서 딸이랑같이하고있어요 ",2018-06-18T09:48:10.000+0000,STOREFARM,5,지니맘 어린이 보석십자수 캐릭터,지니맘 큐빅십자수  DIY: 15번 보라유니콘(15cm 20cm)
439989503,SELLBLOG,NORMAL,"일반십자수랑 다르게 진도도빠르고 예뿌고 재밌네요 
재밌어서 딸이랑같이하고있어요 ",2018-06-18T09:48:10.000+0000,STOREFARM,5,지니맘 어린이 보석십자수 캐릭터,지니맘 큐빅십자수  DIY: 14번 홍학(15cm 20cm)
439989498,SELLBLOG,NORMAL,"일반십자수랑 다르게 진도도빠르고 예뿌고 재밌네요
재밌어서 딸이랑같이하고있어요",2018-06-18T09:48:10.000+0000,STOREFARM,5,지니맘 어린이 보석십자수 캐릭터,지니맘 큐빅십자수  DIY: 4번 유니콘(15cm 20cm)
442556781,SELLBLOG,NORMAL,잘 만들어서 선물로도 손색없을거같아요,2018-06-22T09:21:54.000+0000,STOREFARM,5,지니맘 어린이 보석십자수 캐릭터,지니맘 큐빅십자수  DIY: 2번 토끼(15cm 15cm)
442556768,SELLBLOG,NORMAL,아이랑 즐겁게 잘 만들수 있을거같아요,2018-06-22T09:21:54.000+0000,STOREFARM,5,지니맘 어린이 보석십자수 캐릭터,지니맘 큐빅십자수  DIY: 14번 홍학(15cm 20cm)
443907726,SELLBLOG,NORMAL,다양한 그림이 있어 좋네요,2018-06-24T21:59:36.000+0000,STOREFARM,5,지니맘 어린이 보석십자수 캐릭터,지니맘 큐빅십자수  DIY: 8번 검은고양이(15cm 20cm)
442556774,SELLBLOG,NORMAL,재미 있을거같아서 기대가 되네요,2018-06-22T09:21:54.000+0000,STOREFARM,5,지니맘 어린이 보석십자수 캐릭터,지니맘 큐빅십자수  DIY: 15번 보라유니콘(15cm 20cm)
443507928,SELLBLOG,NORMAL,딴 사이트보다 훨씬 싸요,2018-06-24T04:18:41.000+0000,STOREFARM,5,지니맘 어린이 보석십자수 캐릭터,지니맘 큐빅십자수  DIY: 17번 망치(15cm 20cm)
442556790,SELLBLOG,NORMAL,배송빠르고 너무 예쁘네요,2018-06-22T09:21:54.000+0000,STOREFARM,5,지니맘 어린이 보석십자수 캐릭터,지니맘 큐빅십자수  DIY: 5번 펭귄(15cm 15cm)
458653858,SELLBLOG,NORMAL,좋잉ᆢ좋아요,2018-07-18T01:19:31.000+0000,STOREFARM,5,지니맘 어린이 보석십자수 캐릭터,지니맘 큐빅십자수  DIY: 16번 별 (15cm 20cm)
457694610,SELLBLOG,NORMAL,좋아요좋아요,2018-07-16T13:18:59.000+0000,STOREFARM,5,지니맘 어린이 보석십자수 캐릭터,지니맘 큐빅십자수  DIY: 7번 소녀1  (15cm 20cm)
457694603,SELLBLOG,NORMAL,좋아요좋아요,2018-07-16T13:18:59.000+0000,STOREFARM,5,지니맘 어린이 보석십자수 캐릭터,지니맘 큐빅십자수  DIY: 2번 보라유니콘 (15cm 20cm)
441437632,SELLBLOG,NORMAL,"딸아이가 원해서 구입 했는데~~

넘넘 좋아하네요",2018-06-20T10:50:06.000+0000,STOREFARM,5,지니맘 어린이 보석십자수 캐릭터,지니맘 큐빅십자수  DIY: 7번 스마일(15cm 20cm)
446754723,SELLBLOG,NORMAL,좋아요~~,2018-06-29T02:07:04.000+0000,STOREFARM,5,지니맘 어린이 보석십자수 캐릭터,지니맘 큐빅십자수  DIY: 15번 보라유니콘(15cm 20cm)
446754719,SELLBLOG,NORMAL,좋아요~~,2018-06-29T02:07:04.000+0000,STOREFARM,5,지니맘 어린이 보석십자수 캐릭터,지니맘 큐빅십자수  DIY: 4번 작은 유니콘(15cm 15cm)
446754714,SELLBLOG,NORMAL,좋아요~~,2018-06-29T02:07:04.000+0000,STOREFARM,5,지니맘 어린이 보석십자수 캐릭터,지니맘 큐빅십자수  DIY: 19번 방패(15cm 20cm)
433507637,SELLBLOG,NORMAL,배송도너무 너무 좋아요  배송은 너무 좋아요 그리고 가성비 좋은 제품 입니다 요즘 핫한 아이템 입니다 요즘 핫한 아이템 입니다 요즘 핫한 아이템 입니다,2018-06-08T10:04:46.000+0000,STOREFARM,5,지니맘 어린이 보석십자수 캐릭터,지니맘 큐빅십자수  DIY: 19번 방패(15cm 20cm)
443507935,SELLBLOG,NORMAL,정말 이뻐요,2018-06-24T04:18:41.000+0000,STOREFARM,5,지니맘 어린이 보석십자수 캐릭터,지니맘 큐빅십자수  DIY: 11번 별(15cm 20cm)
446754711,SELLBLOG,NORMAL,좋아요~^^,2018-06-29T02:07:04.000+0000,STOREFARM,5,지니맘 어린이 보석십자수 캐릭터,지니맘 큐빅십자수  DIY: 18번 헐크(15cm 20cm)
440560433,SELLBLOG,NORMAL,찐득이(?)가 많이 안찐득거려서 비즈가 잘 안붙어요ㅜㅜ,2018-06-19T08:07:11.000+0000,STOREFARM,3,지니맘 어린이 보석십자수 캐릭터,지니맘 큐빅십자수  DIY: 4번 작은 유니콘(15cm 15cm)
433506456,SELLBLOG,NORMAL,배송도너무 너무 좋아요 그리고 가성비 좋은 제품 입니다 요즘 핫한 아이템 입니다 ,2018-06-08T10:02:32.000+0000,STOREFARM,5,지니맘 어린이 보석십자수 캐릭터,지니맘 큐빅십자수  DIY: 22번 미니3(15cm 20cm)
433506447,SELLBLOG,NORMAL,배송도너무 너무 좋아요 그리고 가성비 좋은 제품 입니다 요즘 핫한 아이템 입니다 ,2018-06-08T10:02:32.000+0000,STOREFARM,5,지니맘 어린이 보석십자수 캐릭터,지니맘 큐빅십자수  DIY: 19번 방패(15cm 20cm)
433506434,SELLBLOG,NORMAL,배송도너무 너무 좋아요 그리고 가성비 좋은 제품 입니다 요즘 핫한 아이템 입니다 ,2018-06-08T10:02:32.000+0000,STOREFARM,5,지니맘 어린이 보석십자수 캐릭터,지니맘 큐빅십자수  DIY: 17번 망치(15cm 20cm)
433506423,SELLBLOG,NORMAL,배송도너무 너무 좋아요 그리고 가성비 좋은 제품 입니다 요즘 핫한 아이템 입니다 ,2018-06-08T10:02:32.000+0000,STOREFARM,5,지니맘 어린이 보석십자수 캐릭터,지니맘 큐빅십자수  DIY: 10번 베트맨(15cm 20cm)
443915701,SELLBLOG,NORMAL,선물용으로 딱~^^,2018-06-24T22:25:08.000+0000,STOREFARM,5,지니맘 어린이 보석십자수 캐릭터,지니맘 큐빅십자수  DIY: 15번 보라유니콘(15cm 20cm)
433506414,SELLBLOG,NORMAL,배송도너무 너무 좋아요 그리고 가성비 좋은 제품 입니다 요즘 핫한 아이템 입니다 요즘 핫한 아이템 입니다 ,2018-06-08T10:02:32.000+0000,STOREFARM,5,지니맘 어린이 보석십자수 캐릭터,지니맘 큐빅십자수  DIY: 2번 스폰지(15cm 20cm)
440561278,SELLBLOG,NORMAL,액자같이 구매해서 예뻐요,2018-06-19T08:08:15.000+0000,STOREFARM,3,지니맘 어린이 보석십자수 캐릭터,지니맘 큐빅십자수  DIY: 2번 스폰지(15cm 20cm)
440559787,SELLBLOG,NORMAL,불량비즈가 좀 있어요,2018-06-19T08:06:24.000+0000,STOREFARM,3,지니맘 어린이 보석십자수 캐릭터,지니맘 큐빅십자수  DIY: 22번 미니3(15cm 20cm)
436614837,SELLBLOG,NORMAL,아이들이 너무 좋아해서 오늘 또 구매하려구요~,2018-06-13T07:23:41.000+0000,STOREFARM,5,지니맘 어린이 보석십자수 캐릭터,지니맘 큐빅십자수  DIY: 10번 베트맨(15cm 20cm)
440560753,SELLBLOG,NORMAL,생각보다 어렵네요 ㅎㅎ,2018-06-19T08:07:38.000+0000,STOREFARM,3,지니맘 어린이 보석십자수 캐릭터,지니맘 큐빅십자수  DIY: 4번 유니콘(15cm 20cm)
435358892,SELLBLOG,NORMAL,"재밌네요~~^^
즐겁게 하고 있습니다.",2018-06-11T10:24:09.000+0000,STOREFARM,5,지니맘 어린이 보석십자수 캐릭터,지니맘 큐빅십자수  DIY: 15번 보라유니콘(15cm 20cm)
439153932,SELLBLOG,NORMAL,아이가 좋아해요,2018-06-17T06:40:43.000+0000,STOREFARM,5,지니맘 어린이 보석십자수 캐릭터,지니맘 큐빅십자수  DIY: 5번  안경토끼(15cm 20cm)
435728641,SELLBLOG,NORMAL,집중력을 요하지만 이틀만에 끝냈어요,2018-06-12T03:36:39.000+0000,STOREFARM,5,지니맘 어린이 보석십자수 캐릭터,지니맘 큐빅십자수  DIY: 10번 베트맨(15cm 20cm)
436282791,SELLBLOG,NORMAL,아이들이 좋아합니다,2018-06-12T21:47:24.000+0000,STOREFARM,5,지니맘 어린이 보석십자수 캐릭터,지니맘 큐빅십자수  DIY: 3번 달팽이(15cm 15cm)
436282790,SELLBLOG,NORMAL,아이들이 좋아합니다,2018-06-12T21:47:24.000+0000,STOREFARM,5,지니맘 어린이 보석십자수 캐릭터,지니맘 큐빅십자수  DIY: 5번  안경토끼(15cm 20cm)
436282789,SELLBLOG,NORMAL,아이들이 좋아합니다,2018-06-12T21:47:24.000+0000,STOREFARM,5,지니맘 어린이 보석십자수 캐릭터,지니맘 큐빅십자수  DIY: 15번 보라유니콘(15cm 20cm)
436282788,SELLBLOG,NORMAL,아이들이 좋아해요,2018-06-12T21:47:24.000+0000,STOREFARM,5,지니맘 어린이 보석십자수 캐릭터,지니맘 큐빅십자수  DIY: 4번 유니콘(15cm 20cm)
435728633,SELLBLOG,NORMAL,아이들이 좋아하네요,2018-06-12T03:36:39.000+0000,STOREFARM,5,지니맘 어린이 보석십자수 캐릭터,지니맘 큐빅십자수  DIY: 11번 별(15cm 20cm)
436282794,SELLBLOG,NORMAL,아이들이 좋아합니다.,2018-06-12T21:47:24.000+0000,STOREFARM,5,지니맘 어린이 보석십자수 캐릭터,지니맘 큐빅십자수  DIY: 4번 작은 유니콘(15cm 15cm)
436282792,SELLBLOG,NORMAL,아이들이 좋아합니다.,2018-06-12T21:47:24.000+0000,STOREFARM,5,지니맘 어린이 보석십자수 캐릭터,지니맘 큐빅십자수  DIY: 5번 펭귄(15cm 15cm)
428978506,SELLBLOG,NORMAL,"좋아요 저렴하게 구매 잘했어요
머니마니 파세요~~<
아이들ㅇ
나무 좋아하네요 ㅎㅎ또 사러 올께욤~",2018-05-31T21:41:42.000+0000,STOREFARM,5,지니맘 어린이 보석십자수 캐릭터,지니맘 큐빅십자수  DIY: 4번 유니콘(15cm 20cm)
432079992,SELLBLOG,NORMAL,예쁩니다. 사진 그대로에요.,2018-06-05T14:19:36.000+0000,STOREFARM,5,지니맘 어린이 보석십자수 캐릭터,지니맘 큐빅십자수  DIY: 16번 반짝이사슴(15cm 20cm)
432079980,SELLBLOG,NORMAL,예쁩니다. 사진 그대로에요.,2018-06-05T14:19:36.000+0000,STOREFARM,5,지니맘 어린이 보석십자수 캐릭터,지니맘 큐빅십자수  DIY: 6번 클로버(15cm 20cm)
432079976,SELLBLOG,NORMAL,예쁩니다. 사진 그대로에요.,2018-06-05T14:19:36.000+0000,STOREFARM,5,지니맘 어린이 보석십자수 캐릭터,지니맘 큐빅십자수  DIY: 13번 분홍사슴(15cm 20cm)
434499126,SELLBLOG,NORMAL,더많은 메뉴 화이팅,2018-06-10T03:45:15.000+0000,STOREFARM,5,지니맘 어린이 보석십자수 캐릭터,지니맘 큐빅십자수  DIY: 18번 헐크(15cm 20cm)
409534438,SELLBLOG,NORMAL,"예뻐요 생각보다 빨리 완성했어요...
아이들것 주문하며 제가 맘에 드는것으로 한개 선택했는데 맘에 꼭 들어요...액자에 넣으니 더 완성도가 높네요^^",2018-04-29T05:50:31.000+0000,STOREFARM,5,지니맘 어린이 보석십자수 캐릭터,지니맘 큐빅십자수  DIY: 13번 분홍사슴(15cm 20cm)
422640016,SELLBLOG,NORMAL,재밌어요 미니언즈로 처음 사서 해봤는데 너무 간단하고 심심하고 생각 정리 하고싶을 때 하면 좋아요 또 다른걸로 구매할려구요 ㅎㅎ,2018-05-21T08:26:47.000+0000,STOREFARM,5,지니맘 어린이 보석십자수 캐릭터,지니맘 큐빅십자수  DIY: 22번 미니3(15cm 20cm)
434499133,SELLBLOG,NORMAL,메뉴 다양 화이팅,2018-06-10T03:45:15.000+0000,STOREFARM,5,지니맘 어린이 보석십자수 캐릭터,지니맘 큐빅십자수  DIY: 16번 반짝이사슴(15cm 20cm)
432882372,SELLBLOG,NORMAL,아주 예쁘고 만족스러워요,2018-06-07T07:29:41.000+0000,STOREFARM,5,지니맘 어린이 보석십자수 캐릭터,지니맘 큐빅십자수  DIY: 13번 분홍사슴(15cm 20cm)
432882110,SELLBLOG,NORMAL,아주 예쁘고 만족스러워요,2018-06-07T07:29:12.000+0000,STOREFARM,5,지니맘 어린이 보석십자수 캐릭터,지니맘 큐빅십자수  DIY: 15번 보라유니콘(15cm 20cm)
434499130,SELLBLOG,NORMAL,메뉴 더 화이팅,2018-06-10T03:45:15.000+0000,STOREFARM,5,지니맘 어린이 보석십자수 캐릭터,지니맘 큐빅십자수  DIY: 3번 기린(15cm 20cm)
432882703,SELLBLOG,NORMAL,정말 정말 예쁘고 아이가 좋아해요,2018-06-07T07:30:12.000+0000,STOREFARM,5,지니맘 어린이 보석십자수 캐릭터,지니맘 큐빅십자수  DIY: 8번 검은고양이(15cm 20cm)
434499135,SELLBLOG,NORMAL,좀 더 메뉴,2018-06-10T03:45:15.000+0000,STOREFARM,5,지니맘 어린이 보석십자수 캐릭터,지니맘 큐빅십자수  DIY: 22번 미니3(15cm 20cm)
427071751,SELLBLOG,NORMAL,너무너무 좋아요.  아이들이 정말 재미있어해요 ,2018-05-29T05:18:10.000+0000,STOREFARM,5,지니맘 어린이 보석십자수 캐릭터,지니맘 큐빅십자수  DIY: 3번 기린(15cm 20cm)
432965647,SELLBLOG,NORMAL,잘받았습니다,2018-06-07T09:56:04.000+0000,STOREFARM,3,지니맘 어린이 보석십자수 캐릭터,지니맘 큐빅십자수  DIY: 18번 헐크(15cm 20cm)
432965638,SELLBLOG,NORMAL,잘받았습니다,2018-06-07T09:56:04.000+0000,STOREFARM,3,지니맘 어린이 보석십자수 캐릭터,지니맘 큐빅십자수  DIY: 4번 유니콘(15cm 20cm)
427409365,SELLBLOG,NORMAL,아이가 하고싶어해서 샀는데 역시나 너무 좋아하네요,2018-05-29T12:33:14.000+0000,STOREFARM,5,지니맘 어린이 보석십자수 캐릭터,지니맘 큐빅십자수  DIY: 4번 유니콘(15cm 20cm)
409536063,SELLBLOG,NORMAL,"조카 선물 어린이날 연휴에 놀러 올 조카의 선물로 준비했어요.
조카가 직접 고른것이라서 맘에 들어 할것같아요.",2018-04-29T05:54:22.000+0000,STOREFARM,5,지니맘 어린이 보석십자수 캐릭터,지니맘 큐빅십자수  DIY: 4번 유니콘(15cm 20cm)
419332349,SELLBLOG,NORMAL,넘 이뻐요중간에 비즈 불량이 몇개 있긴한데 워낙 갯수를 넉넉히 넣어 주셔서 불량품 버려도 남네요재 구매 의사 있음,2018-05-16T02:19:52.000+0000,STOREFARM,5,지니맘 어린이 보석십자수 캐릭터,지니맘 큐빅십자수  DIY: 4번 유니콘(15cm 20cm)
409536996,SELLBLOG,NORMAL,"다 맘에 들어요. 여러개를 한꺼번에 주문 했는데 다 맘에 들어요...
완성해서 액자에 넣으니 멋진 작품이 되네요^^",2018-04-29T05:56:31.000+0000,STOREFARM,5,지니맘 어린이 보석십자수 캐릭터,지니맘 큐빅십자수  DIY: 1번 슈퍼 (15cm 20cm)
422189712,SELLBLOG,NORMAL,"아이들이 너무 재밌어해요.
학교 창제시간에 활동하는데 멋진 작품이 되네요~^^",2018-05-20T17:28:01.000+0000,STOREFARM,5,지니맘 어린이 보석십자수 캐릭터,지니맘 큐빅십자수  DIY: 12번 가면(15cm 20cm)
429500732,SELLBLOG,NORMAL,아이가 참 좋아해요 ,2018-06-01T21:50:25.000+0000,STOREFARM,5,지니맘 어린이 보석십자수 캐릭터,지니맘 큐빅십자수  DIY: 22번 미니3(15cm 20cm)
428977512,SELLBLOG,NORMAL,가격대비 만족해요,2018-05-31T21:32:51.000+0000,STOREFARM,5,지니맘 어린이 보석십자수 캐릭터,지니맘 큐빅십자수  DIY: 22번 미니3(15cm 20cm)
420721861,SELLBLOG,NORMAL,"너무좋아요
근데 생각보다 색이 별로없어서 아쉽네요...
사진과는 차이가좀 큰듯",2018-05-18T03:16:41.000+0000,STOREFARM,5,지니맘 어린이 보석십자수 캐릭터,지니맘 큐빅십자수  DIY: 13번 분홍사슴(15cm 20cm)
427071760,SELLBLOG,NORMAL,아이들이 너무 많이  좋아합니다,2018-05-29T05:18:10.000+0000,STOREFARM,5,지니맘 어린이 보석십자수 캐릭터,지니맘 큐빅십자수  DIY: 11번 별(15cm 20cm)
428184601,SELLBLOG,NORMAL,아이들이너무 좋아하네요~,2018-05-30T11:33:08.000+0000,STOREFARM,5,지니맘 어린이 보석십자수 캐릭터,지니맘 큐빅십자수  DIY: 13번 분홍사슴(15cm 20cm)
428184593,SELLBLOG,NORMAL,아이들이너무좋아하네요~,2018-05-30T11:33:08.000+0000,STOREFARM,5,지니맘 어린이 보석십자수 캐릭터,지니맘 큐빅십자수  DIY: 4번 유니콘(15cm 20cm)
419333156,SELLBLOG,NORMAL,넘 이뻐요 불량 비즈가 몇개 있었지만 비즈 갯수가 넉넉해서 다 하고도 남았어요재구매 의사 있습니다.,2018-05-16T02:20:38.000+0000,STOREFARM,5,지니맘 어린이 보석십자수 캐릭터,지니맘 큐빅십자수  DIY: 2번 스폰지(15cm 20cm)
422189837,SELLBLOG,NORMAL,"아이들이 재미있어해요.
남자 아이인데도 흥미로워한답니다~.
",2018-05-20T17:28:57.000+0000,STOREFARM,5,지니맘 어린이 보석십자수 캐릭터,지니맘 큐빅십자수  DIY: 17번 망치(15cm 20cm)
428977515,SELLBLOG,NORMAL,가격대비만족,2018-05-31T21:32:51.000+0000,STOREFARM,5,지니맘 어린이 보석십자수 캐릭터,지니맘 큐빅십자수  DIY: 4번 유니콘(15cm 20cm)
428977514,SELLBLOG,NORMAL,조아요조어,2018-05-31T21:32:51.000+0000,STOREFARM,5,지니맘 어린이 보석십자수 캐릭터,지니맘 큐빅십자수  DIY: 2번 스폰지(15cm 20cm)
428977513,SELLBLOG,NORMAL,좋아요좋어,2018-05-31T21:32:51.000+0000,STOREFARM,5,지니맘 어린이 보석십자수 캐릭터,지니맘 큐빅십자수  DIY: 22번 미니3(15cm 20cm)
423599092,SELLBLOG,NORMAL,아주 좋아요^^ 딸아이가 너무 좋아하네요~~,2018-05-23T03:04:02.000+0000,STOREFARM,5,지니맘 어린이 보석십자수 캐릭터,지니맘 큐빅십자수  DIY: 5번 펭귄(15cm 15cm)
418949054,SELLBLOG,NORMAL,참 좋아요. 아이가 참  좋아합니다. 반짝 반짝 참 예쁘네요. 그래서 재구매의사 있어요. 많이 파세요.,2018-05-15T12:51:19.000+0000,STOREFARM,5,지니맘 어린이 보석십자수 캐릭터,지니맘 큐빅십자수  DIY: 5번  안경토끼(15cm 20cm)
418948391,SELLBLOG,NORMAL,참 좋아요 아이가 참 좋아합니다. 반짝 반짝 참 예쁘네요. 그래서 재구매의사 있어요. 많이 파세요~~,2018-05-15T12:50:31.000+0000,STOREFARM,5,지니맘 어린이 보석십자수 캐릭터,지니맘 큐빅십자수  DIY: 14번 홍학(15cm 20cm)
427409381,SELLBLOG,NORMAL,너무 좋아해요,2018-05-29T12:33:14.000+0000,STOREFARM,5,지니맘 어린이 보석십자수 캐릭터,지니맘 큐빅십자수  DIY: 3번 기린(15cm 20cm)
428184584,SELLBLOG,NORMAL,너무예뻐요~,2018-05-30T11:33:08.000+0000,STOREFARM,5,지니맘 어린이 보석십자수 캐릭터,지니맘 큐빅십자수  DIY: 17번 망치(15cm 20cm)
428323109,SELLBLOG,NORMAL,좋아요  잘쓸께요,2018-05-30T15:10:51.000+0000,STOREFARM,5,지니맘 어린이 보석십자수 캐릭터,지니맘 큐빅십자수  DIY: 13번 분홍사슴(15cm 20cm)
428977516,SELLBLOG,NORMAL,조아요조아ㅔ,2018-05-31T21:32:51.000+0000,STOREFARM,5,지니맘 어린이 보석십자수 캐릭터,지니맘 큐빅십자수  DIY: 3번 기린(15cm 20cm)
423654038,SELLBLOG,NORMAL,좋아요^^또 구매할게요,2018-05-23T04:29:25.000+0000,STOREFARM,5,지니맘 어린이 보석십자수 캐릭터,지니맘 큐빅십자수  DIY: 18번 헐크(15cm 20cm)
426528566,SELLBLOG,NORMAL,재미있어요.,2018-05-28T08:25:36.000+0000,STOREFARM,5,지니맘 어린이 보석십자수 캐릭터,지니맘 큐빅십자수  DIY: 1번 슈퍼 (15cm 20cm)
426528525,SELLBLOG,NORMAL,재미있어요.,2018-05-28T08:25:36.000+0000,STOREFARM,5,지니맘 어린이 보석십자수 캐릭터,지니맘 큐빅십자수  DIY: 2번 스폰지(15cm 20cm)
417279105,SELLBLOG,NORMAL,"딸랭이가 엄청 기다렸어요!
아주 좋아하는 모습을 보니 저도 좋네요~",2018-05-13T07:35:16.000+0000,STOREFARM,5,지니맘 어린이 보석십자수 캐릭터,지니맘 큐빅십자수  DIY: 4번 작은 유니콘(15cm 15cm)
411795102,SELLBLOG,NORMAL,좋아요 아이가 너무 좋아합니다. 학교 계발활동 시간에 하는데 재미있다고 매일하고 싶다고 하네요. 집중력 기르는데도 도움이 될것 같습니다,2018-05-02T14:38:17.000+0000,STOREFARM,5,지니맘 어린이 큐빅 보석십자수 캐릭터,지니맘 큐빅십자수  DIY: 3번 달팽이(15cm 15cm)
423654023,SELLBLOG,NORMAL,좋아요너무너무,2018-05-23T04:29:25.000+0000,STOREFARM,5,지니맘 어린이 보석십자수 캐릭터,지니맘 큐빅십자수  DIY: 11번 별(15cm 20cm)
424153433,SELLBLOG,NORMAL,아이가 잼나게 하네요..,2018-05-24T02:17:43.000+0000,STOREFARM,5,지니맘 어린이 보석십자수 캐릭터,지니맘 큐빅십자수  DIY: 1번 슈퍼 (15cm 20cm)
425038867,SELLBLOG,NORMAL,너무 이뻐요,2018-05-25T14:13:29.000+0000,STOREFARM,5,지니맘 어린이 보석십자수 캐릭터,지니맘 큐빅십자수  DIY: 4번 유니콘(15cm 20cm)
424153603,SELLBLOG,NORMAL,아이가 좋아합니다.,2018-05-24T02:18:00.000+0000,STOREFARM,5,지니맘 어린이 보석십자수 캐릭터,지니맘 큐빅십자수  DIY: 20번 미니1(15cm 20cm)
422189929,SELLBLOG,NORMAL,"남자아이들도 넘 재미있어 합니다.

",2018-05-20T17:29:49.000+0000,STOREFARM,5,지니맘 어린이 보석십자수 캐릭터,지니맘 큐빅십자수  DIY: 19번 방패(15cm 20cm)
423654027,SELLBLOG,NORMAL,너무 좋아요,2018-05-23T04:29:25.000+0000,STOREFARM,5,지니맘 어린이 보석십자수 캐릭터,지니맘 큐빅십자수  DIY: 17번 망치(15cm 20cm)
423654024,SELLBLOG,NORMAL,좋아요 너무,2018-05-23T04:29:25.000+0000,STOREFARM,5,지니맘 어린이 보석십자수 캐릭터,지니맘 큐빅십자수  DIY: 1번 슈퍼 (15cm 20cm)
425038862,SELLBLOG,NORMAL,넘 이쁘너ㆍ요,2018-05-25T14:13:29.000+0000,STOREFARM,5,지니맘 어린이 보석십자수 캐릭터,지니맘 큐빅십자수  DIY: 6번 클로버(15cm 20cm)
422612029,SELLBLOG,NORMAL,6세 작은딸이 해요,2018-05-21T07:44:14.000+0000,STOREFARM,5,지니맘 어린이 보석십자수 캐릭터,지니맘 큐빅십자수  DIY: 15번 보라유니콘(15cm 20cm)
423654030,SELLBLOG,NORMAL,만족합니다~,2018-05-23T04:29:25.000+0000,STOREFARM,5,지니맘 어린이 보석십자수 캐릭터,지니맘 큐빅십자수  DIY: 12번 가면(15cm 20cm)
395811562,SELLBLOG,NORMAL,봉사활동에서 어린 아이들과 진행을 했습니다. 아이들이 너무 좋아했구요 집중하면서 할 수 있어서 좋았어요 ^^집중력 향상에도 도움이 될거 같구요 액자에 넣으면 또 이쁘네요 ^^,2018-04-06T00:35:28.000+0000,STOREFARM,5,지니맘 어린이 큐빅 보석십자수 캐릭터,지니맘 큐빅십자수  DIY: 5번  안경토끼(15cm 20cm)
422612024,SELLBLOG,NORMAL,7세 큰아들이해요,2018-05-21T07:44:14.000+0000,STOREFARM,5,지니맘 어린이 보석십자수 캐릭터,지니맘 큐빅십자수  DIY: 12번 가면(15cm 20cm)
420721856,SELLBLOG,NORMAL,"너무좋아요
포장 잘되어있네요",2018-05-18T03:16:41.000+0000,STOREFARM,5,지니맘 어린이 보석십자수 캐릭터,지니맘 큐빅십자수  DIY: 11번 별(15cm 20cm)
414628777,SELLBLOG,NORMAL,보석의 퀄리티가 남다르네요~ 완성하고 나니 더 예뻐요,2018-05-08T07:57:53.000+0000,STOREFARM,5,지니맘 어린이 보석십자수 캐릭터,지니맘 큐빅십자수  DIY: 4번 유니콘(15cm 20cm)
414628767,SELLBLOG,NORMAL,보석의 퀄리티가 남다르네요~ 다 완성하니 더 예뻐요,2018-05-08T07:57:53.000+0000,STOREFARM,5,지니맘 어린이 보석십자수 캐릭터,지니맘 큐빅십자수  DIY: 15번 보라유니콘(15cm 20cm)
419331055,SELLBLOG,NORMAL,"넘 이뻐요
완성하고 나니 더 이쁘네요",2018-05-16T02:18:37.000+0000,STOREFARM,5,지니맘 어린이 보석십자수 캐릭터,지니맘 큐빅십자수  DIY: 4번 유니콘(15cm 20cm)
419331069,SELLBLOG,NORMAL,"넘 이뻐요 
완성하고 나니 더 이쁘네요
",2018-05-16T02:18:37.000+0000,STOREFARM,5,지니맘 어린이 보석십자수 캐릭터,지니맘 큐빅십자수  DIY: 2번 스폰지(15cm 20cm)
423599100,SELLBLOG,NORMAL,좋아요~~,2018-05-23T03:04:02.000+0000,STOREFARM,5,지니맘 어린이 보석십자수 캐릭터,지니맘 큐빅십자수  DIY: 3번 기린(15cm 20cm)
423599095,SELLBLOG,NORMAL,좋아요~~,2018-05-23T03:04:02.000+0000,STOREFARM,5,지니맘 어린이 보석십자수 캐릭터,지니맘 큐빅십자수  DIY: 7번 스마일(15cm 20cm)
417279117,SELLBLOG,NORMAL,아이 집중력 향상에 좋을것 같네요,2018-05-13T07:35:16.000+0000,STOREFARM,5,지니맘 어린이 보석십자수 캐릭터,지니맘 큐빅십자수  DIY: 15번 보라유니콘(15cm 20cm)
409535301,SELLBLOG,NORMAL,"아들이 맘에 들어해요. 아들이 직접 고른 거예요..
보석 사이즈가 다양하니 같은색을 붙이는것도 나름 재미가 있어요..",2018-04-29T05:52:38.000+0000,STOREFARM,5,지니맘 어린이 보석십자수 캐릭터,지니맘 큐빅십자수  DIY: 12번 가면(15cm 20cm)
418869857,SELLBLOG,NORMAL,빠른 배송 너무 좋아요,2018-05-15T11:05:47.000+0000,STOREFARM,5,지니맘 어린이 보석십자수 캐릭터,지니맘 큐빅십자수  DIY: 13번 분홍사슴(15cm 20cm)
418869838,SELLBLOG,NORMAL,빠른배송 좋은상품,2018-05-15T11:05:47.000+0000,STOREFARM,5,지니맘 어린이 보석십자수 캐릭터,지니맘 큐빅십자수  DIY: 17번 망치(15cm 20cm)
418869830,SELLBLOG,NORMAL,빠른배송 좋은 상품,2018-05-15T11:05:47.000+0000,STOREFARM,5,지니맘 어린이 보석십자수 캐릭터,지니맘 큐빅십자수  DIY: 1번 슈퍼 (15cm 20cm)
418869845,SELLBLOG,NORMAL,빠른배송 삼품 굿,2018-05-15T11:05:47.000+0000,STOREFARM,5,지니맘 어린이 보석십자수 캐릭터,지니맘 큐빅십자수  DIY: 4번 유니콘(15cm 20cm)
408643267,SELLBLOG,NORMAL,"좋아요 시간 가는지를 모르고 하게 되네요~~~^^
하고 나니 완전 예뻐요~~
아이들이 집중해서 하는 모습을 보니 뿌듯하더라구요~~^^",2018-04-27T10:53:53.000+0000,STOREFARM,5,지니맘 어린이 보석십자수 캐릭터,지니맘 큐빅십자수  DIY: 4번 유니콘(15cm 20cm)
418615775,SELLBLOG,NORMAL,상품도 좋고 배송도 빨라요~,2018-05-15T05:42:52.000+0000,STOREFARM,5,지니맘 어린이 보석십자수 캐릭터,지니맘 큐빅십자수  DIY: 5번 펭귄(15cm 15cm)
417279109,SELLBLOG,NORMAL,딸랭이가 엄청 좋아합니다~,2018-05-13T07:35:16.000+0000,STOREFARM,5,지니맘 어린이 보석십자수 캐릭터,지니맘 큐빅십자수  DIY: 8번 검은고양이(15cm 20cm)
418232448,SELLBLOG,NORMAL,아이가조이해요,2018-05-14T14:50:24.000+0000,STOREFARM,5,지니맘 어린이 보석십자수 캐릭터,지니맘 큐빅십자수  DIY: 2번 스폰지(15cm 20cm)
416697269,SELLBLOG,NORMAL,사슴너무 귀엽고 화려해요,2018-05-12T05:06:12.000+0000,STOREFARM,5,지니맘 어린이 보석십자수 캐릭터,지니맘 큐빅십자수  DIY: 13번 분홍사슴(15cm 20cm)
417279125,SELLBLOG,NORMAL,아이가 좋아하네요,2018-05-13T07:35:16.000+0000,STOREFARM,5,지니맘 어린이 보석십자수 캐릭터,지니맘 큐빅십자수  DIY: 6번 클로버(15cm 20cm)
410180680,SELLBLOG,NORMAL,"색깔 너무 예쁘고 해 놓으니 더 예뻐요..애들하기 큼직해서 잼나고...추천드려요^^
",2018-04-30T05:38:08.000+0000,STOREFARM,5,지니맘 어린이 보석십자수 캐릭터,지니맘 큐빅십자수  DIY: 4번 유니콘(15cm 20cm)
419061636,SELLBLOG,NORMAL,만족합니다.,2018-05-15T15:40:07.000+0000,STOREFARM,5,지니맘 어린이 보석십자수 캐릭터,지니맘 큐빅십자수  DIY: 13번 분홍사슴(15cm 20cm)
408643708,SELLBLOG,NORMAL,"좋아요 아이들이 집중해서 하는 모습을 보니 뿌뜻하네요 ~
반짝반짝 이뿌네요~~^^

예뻐요~~ 나중에 또 살께요",2018-04-27T10:54:59.000+0000,STOREFARM,5,지니맘 어린이 보석십자수 캐릭터,지니맘 큐빅십자수  DIY: 13번 분홍사슴(15cm 20cm)
417279121,SELLBLOG,NORMAL,퀄리티 좋네요,2018-05-13T07:35:16.000+0000,STOREFARM,5,지니맘 어린이 보석십자수 캐릭터,지니맘 큐빅십자수  DIY: 4번 유니콘(15cm 20cm)
416697276,SELLBLOG,NORMAL,귀여운토끼,2018-05-12T05:06:12.000+0000,STOREFARM,5,지니맘 어린이 보석십자수 캐릭터,지니맘 큐빅십자수  DIY: 5번  안경토끼(15cm 20cm)
416697260,SELLBLOG,NORMAL,유니콘 넘 이뻐요^^,2018-05-12T05:06:12.000+0000,STOREFARM,5,지니맘 어린이 보석십자수 캐릭터,지니맘 큐빅십자수  DIY: 4번 유니콘(15cm 20cm)
414628760,SELLBLOG,NORMAL,보석의 퀄리티가 남다르네요^^ ,2018-05-08T07:57:53.000+0000,STOREFARM,5,지니맘 어린이 보석십자수 캐릭터,지니맘 큐빅십자수  DIY: 1번 슈퍼 (15cm 20cm)
418946510,SELLBLOG,NORMAL,좋아요 ~~,2018-05-15T12:47:59.000+0000,STOREFARM,5,지니맘 어린이 보석십자수 캐릭터,지니맘 큐빅십자수  DIY: 13번 분홍사슴(15cm 20cm)
418946505,SELLBLOG,NORMAL,좋아요~~,2018-05-15T12:47:59.000+0000,STOREFARM,5,지니맘 어린이 보석십자수 캐릭터,지니맘 큐빅십자수  DIY: 20번 미니1(15cm 20cm)
418946496,SELLBLOG,NORMAL,좋아요~~~,2018-05-15T12:47:59.000+0000,STOREFARM,5,지니맘 어린이 보석십자수 캐릭터,지니맘 큐빅십자수  DIY: 5번  안경토끼(15cm 20cm)
418946492,SELLBLOG,NORMAL,좋아요~~~,2018-05-15T12:47:59.000+0000,STOREFARM,5,지니맘 어린이 보석십자수 캐릭터,지니맘 큐빅십자수  DIY: 14번 홍학(15cm 20cm)
404774067,SELLBLOG,NORMAL,"좋아요 아이가하고싶어해서주문했어요
아이랑같이하다보니저도빠져들었네요
완성해놓으니정말예뻐요또주문하고싶어요^^",2018-04-21T01:59:25.000+0000,STOREFARM,5,지니맘 어린이 보석십자수 캐릭터,지니맘 큐빅십자수  DIY: 5번  안경토끼(15cm 20cm)
404775413,SELLBLOG,NORMAL,"좋아요 아이때문에주문했는데제가더재밌어해요

완성된작품정말정말예뻐요

또사고싶어요완전추천합니다~~^^",2018-04-21T02:01:54.000+0000,STOREFARM,5,지니맘 어린이 보석십자수 캐릭터,지니맘 큐빅십자수  DIY: 16번 검은모자(15cm 20cm)
400045181,SELLBLOG,NORMAL,"배송빠르고 판매자가 친절해요! 배송으 빨리 왔구요, 구매한 상품중에 품절된게 있어서 판매자님이 연락주셔서  다른 상품으로 교체하게 되었는데요 친절하시고 좋았어요 ㅎㅎㅎ 두번째 구매한건데 만족합니다 ^^",2018-04-13T01:10:56.000+0000,STOREFARM,4,지니맘 어린이 큐빅 보석십자수 캐릭터,지니맘 큐빅십자수  DIY: 20번 미니3(15cm 20cm)
411885326,SELLBLOG,NORMAL,아이들도 좋아하고 저도 너무 재밌게 하고 있어요~,2018-05-03T00:42:04.000+0000,STOREFARM,5,지니맘 어린이 보석십자수 캐릭터,지니맘 큐빅십자수  DIY: 16번 반짝이사슴(15cm 20cm)
413114210,SELLBLOG,NORMAL,아이가 아주 좋아하네요,2018-05-05T08:36:52.000+0000,STOREFARM,5,지니맘 어린이 보석십자수 캐릭터,지니맘 큐빅십자수  DIY: 4번 유니콘(15cm 20cm)
402330739,SELLBLOG,NORMAL,좋네요~ 재구매의사 있습니다 아이들이 좋아해서 구매했습니다. 좋네요~ 재구매의사 있습니다.재고없는 제품은 얼릉 재입고 시켜주세요~ 많이 파세요,2018-04-16T23:49:38.000+0000,STOREFARM,5,지니맘 어린이 보석십자수 캐릭터,지니맘 큐빅십자수  DIY: 15번 딸기(15cm 20cm)
417000744,SELLBLOG,NORMAL,좋아요!!,2018-05-12T16:56:07.000+0000,STOREFARM,5,지니맘 어린이 보석십자수 캐릭터,지니맘 큐빅십자수  DIY: 15번 보라유니콘(15cm 20cm)
417000739,SELLBLOG,NORMAL,좋아요!!,2018-05-12T16:56:07.000+0000,STOREFARM,5,지니맘 어린이 보석십자수 캐릭터,지니맘 큐빅십자수  DIY: 3번 기린(15cm 20cm)
417000736,SELLBLOG,NORMAL,좋아요!!,2018-05-12T16:56:07.000+0000,STOREFARM,5,지니맘 어린이 보석십자수 캐릭터,지니맘 큐빅십자수  DIY: 8번 검은고양이(15cm 20cm)
417000734,SELLBLOG,NORMAL,좋아요!!,2018-05-12T16:56:07.000+0000,STOREFARM,5,지니맘 어린이 보석십자수 캐릭터,지니맘 큐빅십자수  DIY: 11번 별(15cm 20cm)
404161497,SELLBLOG,NORMAL,"이뻐요 7살딸아이가했는데 유니콘 너무예뻐요 불량도별로없고 .. 두번째구매할예정이예요
번창하세요~~~~",2018-04-19T15:45:20.000+0000,STOREFARM,4,지니맘 어린이 큐빅 보석십자수 캐릭터,지니맘 큐빅십자수  DIY: 28번 유니콘
402329917,SELLBLOG,NORMAL,좋네요~ 재구매의사 있습니다. 아이들이 좋아해서 구매했습니다. 좋네요 재구매의사 있습니다.많이 파세요~ 그리고 재고없는 것들 재입고해주세요,2018-04-16T23:48:11.000+0000,STOREFARM,5,지니맘 어린이 보석십자수 캐릭터,지니맘 큐빅십자수  DIY: 3번 기린(15cm 20cm)
402330387,SELLBLOG,NORMAL,좋네요~ 재구매의사 있습니다. 아이들이 좋아해서 구매했습니다. 좋네요~ 재구매의사 있습니다.많이 파시고 재고없는 품목은 재입고 시켜주세요,2018-04-16T23:48:59.000+0000,STOREFARM,5,지니맘 어린이 보석십자수 캐릭터,지니맘 큐빅십자수  DIY: 4번 유니콘(15cm 20cm)
413548335,SELLBLOG,NORMAL,아이가 좋아해요,2018-05-06T07:40:11.000+0000,STOREFARM,5,지니맘 어린이 보석십자수 캐릭터,지니맘 큐빅십자수  DIY: 7번 스마일(15cm 20cm)
411885347,SELLBLOG,NORMAL,너무 재밌어서 또 구매하려구요!,2018-05-03T00:42:04.000+0000,STOREFARM,5,지니맘 어린이 보석십자수 캐릭터,지니맘 큐빅십자수  DIY: 2번 토끼(15cm 15cm)
413548328,SELLBLOG,NORMAL,아이가 좋아해요~,2018-05-06T07:40:11.000+0000,STOREFARM,5,지니맘 어린이 보석십자수 캐릭터,지니맘 큐빅십자수  DIY: 21번 미니2(15cm 20cm)
411885338,SELLBLOG,NORMAL,선물받은 친구가 좋아했어요!,2018-05-03T00:42:04.000+0000,STOREFARM,5,지니맘 어린이 보석십자수 캐릭터,지니맘 큐빅십자수  DIY: 4번 작은 유니콘(15cm 15cm)
395813249,SELLBLOG,NORMAL,보석비즈 사진 나온거 만큼 이뻐요 ㅎㅎ 아이들과 집중력있게 할 수 있고 대화도 하며 재밌게 할 수 있어요 ㅎㅎ 사진 나온거 만큼 이쁠까 생각 했었는데 다 하고 액자에 넣으니 완전 이쁘구요 뿌듯했어요 근데 시간이 아이1명 성인2명 같이 했을때 1시간 반 빠듯하네요 ㅋㅋ 인내심도 필요..,2018-04-06T00:39:40.000+0000,STOREFARM,5,지니맘 어린이 큐빅 보석십자수 캐릭터,지니맘 큐빅십자수  DIY: 19번 미니2(15cm 20cm)
413548323,SELLBLOG,NORMAL,아이가 좋아해요!!,2018-05-06T07:40:11.000+0000,STOREFARM,5,지니맘 어린이 보석십자수 캐릭터,지니맘 큐빅십자수  DIY: 14번 홍학(15cm 20cm)
402331077,SELLBLOG,NORMAL,좋네요~ 재구매의사 있습니다. 아이들이 좋아해서 구매했습니다. 좋네요~ 재구매의사 있습니다.재고없는 제품들은 얼릉 재입고 시켜주세요. 많이 파세요~,2018-04-16T23:50:20.000+0000,STOREFARM,5,지니맘 어린이 보석십자수 캐릭터,지니맘 큐빅십자수  DIY: 19번 망치(15cm 20cm)
402331457,SELLBLOG,NORMAL,좋네요~ 재구매의사 있습니다. 아이들이 좋아해서 구매했습니다 좋네요~ 재구매의사 있습니다.재고없는 제품들은 얼릉 재입고시켜주세요. 많이 파세요~,2018-04-16T23:50:58.000+0000,STOREFARM,5,지니맘 어린이 보석십자수 캐릭터,지니맘 큐빅십자수  DIY: 16번 검은모자(15cm 20cm)
412346008,SELLBLOG,NORMAL,애들이 좋아해요,2018-05-03T21:19:05.000+0000,STOREFARM,5,지니맘 어린이 보석십자수 캐릭터,지니맘 큐빅십자수  DIY: 20번 미니1(15cm 20cm)
412346006,SELLBLOG,NORMAL,애들이 좋아해요,2018-05-03T21:19:05.000+0000,STOREFARM,5,지니맘 어린이 보석십자수 캐릭터,지니맘 큐빅십자수  DIY: 14번 홍학(15cm 20cm)
412346004,SELLBLOG,NORMAL,애들이 좋아해요,2018-05-03T21:19:05.000+0000,STOREFARM,5,지니맘 어린이 보석십자수 캐릭터,지니맘 큐빅십자수  DIY: 15번 보라유니콘(15cm 20cm)
410997874,SELLBLOG,NORMAL,아이들이 엄청 좋아해요~,2018-05-01T11:20:33.000+0000,STOREFARM,5,지니맘 어린이 보석십자수 캐릭터,지니맘 큐빅십자수  DIY: 4번 작은 유니콘(15cm 15cm)
410997865,SELLBLOG,NORMAL,아이들이 엄청 좋아해요~,2018-05-01T11:20:33.000+0000,STOREFARM,5,지니맘 어린이 보석십자수 캐릭터,지니맘 큐빅십자수  DIY: 17번 망치(15cm 20cm)
410997863,SELLBLOG,NORMAL,아이들이 엄청 좋아해요~,2018-05-01T11:20:33.000+0000,STOREFARM,5,지니맘 어린이 보석십자수 캐릭터,지니맘 큐빅십자수  DIY: 13번 분홍사슴(15cm 20cm)
413125110,SELLBLOG,NORMAL,완전 블링블링 이뻐요^^,2018-05-05T09:03:52.000+0000,STOREFARM,5,지니맘 어린이 보석십자수 캐릭터,지니맘 큐빅십자수  DIY: 1번 슈퍼 (15cm 20cm)
411885330,SELLBLOG,NORMAL,생일 선물 했어요!,2018-05-03T00:42:04.000+0000,STOREFARM,5,지니맘 어린이 보석십자수 캐릭터,지니맘 큐빅십자수  DIY: 4번 유니콘(15cm 20cm)
407890917,SELLBLOG,NORMAL,보석도 넉넉하고 완성하니 멋지네요 ,2018-04-26T01:29:43.000+0000,STOREFARM,5,지니맘 어린이 보석십자수 캐릭터,지니맘 큐빅십자수  DIY: 1번 슈퍼 (15cm 20cm)
409532716,SELLBLOG,NORMAL,아들이 맘에 들어해요.,2018-04-29T05:46:37.000+0000,STOREFARM,5,지니맘 어린이 보석십자수 캐릭터,지니맘 큐빅십자수  DIY: 12번 가면(15cm 20cm)
407890909,SELLBLOG,NORMAL,보석도 넉넉하고 완성하니 멋지네요~,2018-04-26T01:29:43.000+0000,STOREFARM,5,지니맘 어린이 보석십자수 캐릭터,지니맘 큐빅십자수  DIY: 12번 가면(15cm 20cm)
409532720,SELLBLOG,NORMAL,조카에게 주는 선물,2018-04-29T05:46:37.000+0000,STOREFARM,5,지니맘 어린이 보석십자수 캐릭터,지니맘 큐빅십자수  DIY: 4번 유니콘(15cm 20cm)
409532713,SELLBLOG,NORMAL,액자에 넣으니 예뻐요...,2018-04-29T05:46:37.000+0000,STOREFARM,5,지니맘 어린이 보석십자수 캐릭터,지니맘 큐빅십자수  DIY: 13번 분홍사슴(15cm 20cm)
380707095,SELLBLOG,NORMAL,"저렴하면서 좋아요 원허던 보석 십자수예요
초등4학년 딸이 하고싶어해서 여러개구매,
집중하기에도 좋고 완성까지 아주오래걸리진 않아서 지루하지도않고 좋네요
벌써  더 끝내고 추가구매예정입니다",2018-03-11T15:47:12.000+0000,STOREFARM,5,지니맘 어린이 큐빅 보석십자수 캐릭터,지니맘 큐빅십자수  DIY: 14번 두마리(15cm 20cm)
409532727,SELLBLOG,NORMAL,사이즈 적당해요~,2018-04-29T05:46:37.000+0000,STOREFARM,5,지니맘 어린이 보석십자수 캐릭터,지니맘 큐빅십자수  DIY: 1번 슈퍼 (15cm 20cm)
396085077,SELLBLOG,NORMAL,좋아요 스폰지밥정말대박이쁘네요~~ 블링블링골드큐빅이구요~9살아들이정말좋아하네요^^ 빨리완성해서 액자에넣고싶어요~다음에여기서또주문할께요~~,2018-04-06T10:02:34.000+0000,STOREFARM,5,지니맘 어린이 보석십자수 캐릭터,지니맘 큐빅십자수  DIY: 2번 스폰지(15cm 20cm)
422639511,SELLBLOG,NORMAL,재밌습니당ㅎㅎ,2018-05-21T08:26:00.000+0000,STOREFARM,5,지니맘 어린이 보석십자수 캐릭터,지니맘 큐빅십자수  DIY: 22번 미니3(15cm 20cm)
395814104,SELLBLOG,NORMAL,보석비즈 이뻐용 아이들과 하려고 여러가지 사서 했는데  다 하고 액자에 넣으니 완전 이뻤구요 아이들도 좋아했습니다 완전 만족하구요 시간은 좀 걸리네요 ^^,2018-04-06T00:41:36.000+0000,STOREFARM,5,지니맘 어린이 큐빅 보석십자수 캐릭터,지니맘 큐빅십자수  DIY: 8번 검은고양이(15cm 20cm)
395815540,SELLBLOG,NORMAL,캐릭터들이 다 이뻐요~~ 마리오 토끼 기린 도라에몽 여러가지 사서 했는데 다 이뻤구요 추천합니다!! ㅋㅋ 액자도 구매해서 넣으면 더 이쁘게 보관할 수 있어요,2018-04-06T00:45:04.000+0000,STOREFARM,5,지니맘 어린이 큐빅 보석십자수 캐릭터,지니맘 큐빅십자수  DIY: 1번 슈퍼 (15cm 20cm)
395814602,SELLBLOG,NORMAL,재구매의향 있을정도로 만족스러워요 아이들도 완전 좋아하구 시간은 좀 많이 걸렸으나 집중력 있게 재밌게 할 수 있어요 추천합니다 ^^,2018-04-06T00:42:49.000+0000,STOREFARM,5,지니맘 어린이 큐빅 보석십자수 캐릭터,지니맘 큐빅십자수  DIY: 14번 두마리(15cm 20cm)
393416561,SELLBLOG,NORMAL,딸래미가 미술학원서 만들어보고 재밌었는지 주문해달라고 해서 주문했는데 집중해서 잘 만드네요~ 근데 다만들고 나서 스티커 형식으로 떼서 바로 붙이는 건줄 알았는데 그건 아니네요~ ,2018-04-02T04:07:55.000+0000,STOREFARM,5,지니맘 어린이 보석십자수 캐릭터,지니맘 큐빅십자수  DIY: 8번 검은고양이(15cm 20cm)
404727362,SELLBLOG,NORMAL,좋아해요 아이들이,2018-04-21T00:27:11.000+0000,STOREFARM,5,지니맘 어린이 보석십자수 캐릭터,지니맘 큐빅십자수  DIY: 2번 스폰지(15cm 20cm)
397897431,SELLBLOG,NORMAL,좋아합니다 딸이 구입하여 잘 만들고 있습니다 큐빅 크기도 다양해서 여기저기 다양하게 붙혀서 더 재밌어 합니다 다 만들면 또 사달라고 하네요,2018-04-09T10:46:36.000+0000,STOREFARM,5,지니맘 어린이 큐빅 보석십자수 캐릭터,지니맘 큐빅십자수  DIY: 13번 하트(15cm 20cm)
408641921,SELLBLOG,NORMAL,아주 좋아요,2018-04-27T10:51:02.000+0000,STOREFARM,5,지니맘 어린이 보석십자수 캐릭터,지니맘 큐빅십자수  DIY: 13번 분홍사슴(15cm 20cm)
408641916,SELLBLOG,NORMAL,아주좋아요,2018-04-27T10:51:02.000+0000,STOREFARM,5,지니맘 어린이 보석십자수 캐릭터,지니맘 큐빅십자수  DIY: 4번 유니콘(15cm 20cm)
408641913,SELLBLOG,NORMAL,아주 좋아요,2018-04-27T10:51:02.000+0000,STOREFARM,5,지니맘 어린이 보석십자수 캐릭터,지니맘 큐빅십자수  DIY: 12번 가면(15cm 20cm)
408641909,SELLBLOG,NORMAL,아주 좋아요,2018-04-27T10:51:02.000+0000,STOREFARM,5,지니맘 어린이 보석십자수 캐릭터,지니맘 큐빅십자수  DIY: 3번 기린(15cm 20cm)
406244613,SELLBLOG,NORMAL,배송도 빠르고 재미 있어요,2018-04-23T08:31:27.000+0000,STOREFARM,5,지니맘 어린이 보석십자수 캐릭터,지니맘 큐빅십자수  DIY: 4번 유니콘(15cm 20cm)
404727356,SELLBLOG,NORMAL,"반짝반짝 너무예쁘네요
아이들이 아주 열심히만드네요 ㅎ",2018-04-21T00:27:11.000+0000,STOREFARM,5,지니맘 어린이 보석십자수 캐릭터,지니맘 큐빅십자수  DIY: 6번 클로버(15cm 20cm)
384850078,SELLBLOG,NORMAL,"예쁜 하트에요. 넘 귀여운 하트에요..동아리에서 한다고 샀구요, 빨리 완성해서 하트작품 보고싶어요.안경토끼작품도 보고 싶어요.",2018-03-18T13:23:41.000+0000,STOREFARM,5,지니맘 어린이 큐빅 보석십자수 캐릭터,지니맘 큐빅십자수  DIY: 13번 하트(15cm 20cm)
406242499,SELLBLOG,NORMAL,잼있고 완성하니 이뻐요,2018-04-23T08:28:20.000+0000,STOREFARM,5,지니맘 어린이 보석십자수 캐릭터,지니맘 큐빅십자수  DIY: 3번 기린(15cm 20cm)
396084479,SELLBLOG,NORMAL,좋아요 배송빠르구요~ 포장이너무좋네요~ 앞에 스티커가있어서 헷갈리지않구요~ 액자도마음에들어요~ 큐빅도이쁘네요,2018-04-06T10:01:18.000+0000,STOREFARM,5,지니맘 어린이 보석십자수 캐릭터,지니맘 큐빅십자수  DIY: 14번 카메라(15cm 20cm)
402329457,SELLBLOG,NORMAL,좋네요~ 재구매의사 있습니다,2018-04-16T23:47:21.000+0000,STOREFARM,5,지니맘 어린이 보석십자수 캐릭터,지니맘 큐빅십자수  DIY: 3번 기린(15cm 20cm)
402329472,SELLBLOG,NORMAL,좋네요~ 재구매의사 있습니다.,2018-04-16T23:47:21.000+0000,STOREFARM,5,지니맘 어린이 보석십자수 캐릭터,지니맘 큐빅십자수  DIY: 16번 검은모자(15cm 20cm)
402329467,SELLBLOG,NORMAL,좋네요~ 재구매의사 있습니다.,2018-04-16T23:47:21.000+0000,STOREFARM,5,지니맘 어린이 보석십자수 캐릭터,지니맘 큐빅십자수  DIY: 19번 망치(15cm 20cm)
402329462,SELLBLOG,NORMAL,좋네요~ 재구매 의사 있습니다.,2018-04-16T23:47:21.000+0000,STOREFARM,5,지니맘 어린이 보석십자수 캐릭터,지니맘 큐빅십자수  DIY: 15번 딸기(15cm 20cm)
402329459,SELLBLOG,NORMAL,좋네요~ 재구매의사 있습니다.,2018-04-16T23:47:21.000+0000,STOREFARM,5,지니맘 어린이 보석십자수 캐릭터,지니맘 큐빅십자수  DIY: 4번 유니콘(15cm 20cm)
406244367,SELLBLOG,NORMAL,아이가 좋아해요,2018-04-23T08:31:05.000+0000,STOREFARM,5,지니맘 어린이 보석십자수 캐릭터,지니맘 큐빅십자수  DIY: 15번 딸기(15cm 20cm)
401594995,SELLBLOG,NORMAL,"아이가 좋아해요 
배송도빠르고 안전하게 포장되서 받았어요",2018-04-15T21:56:16.000+0000,STOREFARM,5,지니맘 어린이 보석십자수 캐릭터,지니맘 큐빅십자수  DIY: 18번 도트(15cm 20cm)
404727358,SELLBLOG,NORMAL,예뻐요 반짝반짝,2018-04-21T00:27:11.000+0000,STOREFARM,5,지니맘 어린이 보석십자수 캐릭터,지니맘 큐빅십자수  DIY: 4번 유니콘(15cm 20cm)
404727364,SELLBLOG,NORMAL,집중력키우기좋네요,2018-04-21T00:27:11.000+0000,STOREFARM,5,지니맘 어린이 보석십자수 캐릭터,지니맘 큐빅십자수  DIY: 18번 헐크(15cm 20cm)
417279115,SELLBLOG,NORMAL,딸의 행복 나의 행복,2018-05-13T07:35:16.000+0000,STOREFARM,5,지니맘 어린이 보석십자수 캐릭터,지니맘 큐빅십자수  DIY: 3번 기린(15cm 20cm)
405311980,SELLBLOG,NORMAL,감사합니다.,2018-04-22T02:01:02.000+0000,STOREFARM,5,지니맘 어린이 보석십자수 캐릭터,지니맘 큐빅십자수  DIY: 4번 유니콘(15cm 20cm)
405311977,SELLBLOG,NORMAL,감사합니다.,2018-04-22T02:01:02.000+0000,STOREFARM,5,지니맘 어린이 보석십자수 캐릭터,지니맘 큐빅십자수  DIY: 6번 클로버(15cm 20cm)
405311969,SELLBLOG,NORMAL,감사합니다.,2018-04-22T02:01:02.000+0000,STOREFARM,5,지니맘 어린이 보석십자수 캐릭터,지니맘 큐빅십자수  DIY: 12번 가면(15cm 20cm)
405311964,SELLBLOG,NORMAL,감사합니다.,2018-04-22T02:01:02.000+0000,STOREFARM,5,지니맘 어린이 보석십자수 캐릭터,지니맘 큐빅십자수  DIY: 11번 별(15cm 20cm)
401594996,SELLBLOG,NORMAL,"아이가 좋아해요
배송도 빨라요",2018-04-15T21:56:16.000+0000,STOREFARM,5,지니맘 어린이 보석십자수 캐릭터,지니맘 큐빅십자수  DIY: 4번 유니콘(15cm 20cm)
392918269,SELLBLOG,NORMAL,"좋아요 큐빅이 세가지 크기라 하면서도 재미있었어요 만들기도 쉽고 아이랑 같이 했는데
아이도 좋아하네요",2018-04-01T09:49:23.000+0000,STOREFARM,5,지니맘 어린이 보석십자수 캐릭터,지니맘 큐빅십자수  DIY: 1번 슈퍼 (15cm 20cm)
392917798,SELLBLOG,NORMAL,"좋아요 아이와 함께 했는데
목은 좀 아프지만 재미있었어요
완성하고보니 뿌듯하고
아이가 좋아하네요
또 구매하고 싶엉ㆍ",2018-04-01T09:48:21.000+0000,STOREFARM,5,지니맘 어린이 보석십자수 캐릭터,지니맘 큐빅십자수  DIY: 5번 펭귄(15cm 15cm)
401983539,SELLBLOG,NORMAL,빠른배송감사합니다,2018-04-16T07:28:45.000+0000,STOREFARM,5,지니맘 어린이 보석십자수 캐릭터,지니맘 큐빅십자수  DIY: 5번 펭귄(15cm 15cm)
401983545,SELLBLOG,NORMAL,아이들이 좋아해요,2018-04-16T07:28:45.000+0000,STOREFARM,5,지니맘 어린이 보석십자수 캐릭터,지니맘 큐빅십자수  DIY: 3번 기린(15cm 20cm)
400044428,SELLBLOG,NORMAL,배송빠르고 판매자가 친절해요!,2018-04-13T01:09:25.000+0000,STOREFARM,5,지니맘 어린이 큐빅 보석십자수 캐릭터,지니맘 큐빅십자수  DIY: 20번 미니3(15cm 20cm)
400855231,SELLBLOG,NORMAL,배송도 빠르고 좋아요 ,2018-04-14T10:10:35.000+0000,STOREFARM,5,지니맘 어린이 보석십자수 캐릭터,지니맘 큐빅십자수  DIY: 14번 카메라(15cm 20cm)
400855223,SELLBLOG,NORMAL,배송도 빠르고 좋아요 ,2018-04-14T10:10:35.000+0000,STOREFARM,5,지니맘 어린이 보석십자수 캐릭터,지니맘 큐빅십자수  DIY: 4번 유니콘(15cm 20cm)
400855219,SELLBLOG,NORMAL,배송도 빠르고 좋아요 ,2018-04-14T10:10:35.000+0000,STOREFARM,5,지니맘 어린이 보석십자수 캐릭터,지니맘 큐빅십자수  DIY: 15번 딸기(15cm 20cm)
400855215,SELLBLOG,NORMAL,배송도 빠르고 좋아요 ,2018-04-14T10:10:35.000+0000,STOREFARM,5,지니맘 어린이 보석십자수 캐릭터,지니맘 큐빅십자수  DIY: 3번 기린(15cm 20cm)
401983527,SELLBLOG,NORMAL,배송빠르네요,2018-04-16T07:28:45.000+0000,STOREFARM,5,지니맘 어린이 보석십자수 캐릭터,지니맘 큐빅십자수  DIY: 4번 유니콘(15cm 20cm)
401983533,SELLBLOG,NORMAL,"예뻐요, 저렴하고",2018-04-16T07:28:45.000+0000,STOREFARM,5,지니맘 어린이 보석십자수 캐릭터,지니맘 큐빅십자수  DIY: 6번 클로버(15cm 20cm)
389347538,SELLBLOG,NORMAL,좋습니다~ 예전보다 종류가 좀 적어진것 같아 그부분은 아쉽지만 그래도 마음에 듭니다. 아이들도 좋아하네요~,2018-03-26T03:18:49.000+0000,STOREFARM,5,지니맘 어린이 보석십자수 캐릭터,지니맘 큐빅십자수  DIY: 21번 미니2(15cm 20cm)
397649960,SELLBLOG,NORMAL,고급지고  좋습니다 애들이 좋아해요,2018-04-09T04:42:31.000+0000,STOREFARM,5,지니맘 어린이 보석십자수 캐릭터,지니맘 큐빅십자수  DIY: 5번  안경토끼(15cm 20cm)
387622800,SELLBLOG,NORMAL,"많은 양을 급하게 주문했는데 빠르게 보내주셔서 감사합니다 :)
아직 내용은 확인해보지 못했지만, 포장은 꼼꼼히 해서 보내주셨네요 :)
감기조심하세요 :)",2018-03-23T02:23:45.000+0000,STOREFARM,5,지니맘 어린이 보석십자수 캐릭터,지니맘 큐빅십자수  DIY: 22번 미니3(15cm 20cm)
405504285,SELLBLOG,NORMAL,좋아오저안 ㄱㄷㄱ시니ㅡㄱ삭싣귻ㄱㅅㄱㄷ거ㆍㄷ극낙ㄷㄱ낸긔니뉘디된ㅅㆍ댓ㆍ싷ㆍ싯ㆍ시ㅡㅅㆍㄴㄱ싣ㄴㆍㄴㄱㅈㄴ거속ㆍㄱㅅㄱㅅㅂㅅㄱㅌㄱㄷ거ㅢ싣그긧ㄴ극디시낙ㄴㄱ득틳ㄴㄱㄴㄷㄱㄴㅈㄴㅈㅅㄷㄴㅈㅅㄷㄴ,2018-04-22T08:34:50.000+0000,STOREFARM,5,지니맘 어린이 보석십자수 캐릭터,지니맘 큐빅십자수  DIY: 8번 검은고양이(15cm 20cm)
396931902,SELLBLOG,NORMAL,딸아이가 너무 좋아해서 두번째 구매네요.,2018-04-08T03:00:28.000+0000,STOREFARM,5,지니맘 어린이 보석십자수 캐릭터,지니맘 큐빅십자수  DIY: 15번 딸기(15cm 20cm)
399678070,SELLBLOG,NORMAL,아이가 좋아해요,2018-04-12T07:00:27.000+0000,STOREFARM,5,지니맘 어린이 보석십자수 캐릭터,지니맘 큐빅십자수  DIY: 6번 클로버(15cm 20cm)
399678051,SELLBLOG,NORMAL,아이가 좋아해요,2018-04-12T07:00:27.000+0000,STOREFARM,5,지니맘 어린이 보석십자수 캐릭터,지니맘 큐빅십자수  DIY: 4번 유니콘(15cm 20cm)
384848101,SELLBLOG,NORMAL,"이뻐요. 완성작이 기대되는 보석십자수에요.
재고 없어서 못살줄 알았는데 다행히 살 수 있었어요. 동아리에서 한다고 산건데, 빨리 완성해서 작품 보고싶어요^^넘 귀여운 안경토끼에요...",2018-03-18T13:19:59.000+0000,STOREFARM,5,지니맘 어린이 큐빅 보석십자수 캐릭터,지니맘 큐빅십자수  DIY: 5번  안경토끼(15cm 20cm)
389346259,SELLBLOG,NORMAL,마음에 들어요~ 만족스러워서 여러번 주문했습니다~ 좋네요~ 수업시간에 사용하고 있어요~ 다음에 또 구매할께요~,2018-03-26T03:16:53.000+0000,STOREFARM,5,지니맘 어린이 보석십자수 캐릭터,지니맘 큐빅십자수  DIY: 12번 가면(15cm 20cm)
397727124,SELLBLOG,NORMAL,하기도쉽고너무예쁘네요 ,2018-04-09T06:24:36.000+0000,STOREFARM,5,지니맘 어린이 보석십자수 캐릭터,지니맘 큐빅십자수  DIY: 5번  안경토끼(15cm 20cm)
397726893,SELLBLOG,NORMAL,하기도쉽고너무예쁘네요,2018-04-09T06:24:15.000+0000,STOREFARM,5,지니맘 어린이 보석십자수 캐릭터,지니맘 큐빅십자수  DIY: 16번 검은모자(15cm 20cm)
397334135,SELLBLOG,NORMAL,"빠른배송, 넉넉한 큐빅 감사합니다~^^",2018-04-08T19:05:13.000+0000,STOREFARM,5,지니맘 어린이 보석십자수 캐릭터,지니맘 큐빅십자수  DIY: 23번 미니2(15cm 20cm)
395814292,SELLBLOG,NORMAL,다 이뻐요 ㅎㅎ 재구매하고싶어요,2018-04-06T00:42:04.000+0000,STOREFARM,5,지니맘 어린이 큐빅 보석십자수 캐릭터,지니맘 큐빅십자수  DIY: 14번 두마리(15cm 20cm)
397650373,SELLBLOG,NORMAL,액자에 넣으면 그럴듯한 소품~~,2018-04-09T04:43:07.000+0000,STOREFARM,5,지니맘 어린이 보석십자수 캐릭터,지니맘 큐빅십자수  DIY: 6번 클로버(15cm 20cm)
389346791,SELLBLOG,NORMAL,마음에 듭니다~ 마음에 들어요~ 너무 좋네요~ 다음번에 또 구입하려고 해요~ 배송도 정말 빨라요~ 추천합니다~,2018-03-26T03:17:42.000+0000,STOREFARM,5,지니맘 어린이 보석십자수 캐릭터,지니맘 큐빅십자수  DIY: 13번 하트(15cm 20cm)
405503867,SELLBLOG,NORMAL,좋아요정말 ㄱㅈㄱㅈㅂㅈㄱㄷㄴㄱㄴ기딧기디디닌ㄱㄴㅂㆍ니ㅡㄱㅂㄴ시ㅡ벋ㅂ니나누뉴도ᆢㅅㄷㄱㄷㄱㄴㄱㆍㄱㅅㄱㅅㄱㄴㄱㄷㄱㄴㄱㄴㄱ닛ㄱ더싯ㄱㄷㄱㄷㄱ내싣ㄱ닛ㄱㅈㄱㄷㄱㅅㄱㅅㅂㅈㅅㅈㄴㅈㄱㅈㄱㅎㄱㅅㄱㅅㄴㅈㄴ싯ㅈㄱㅂㄴㄱㅊㄱ,2018-04-22T08:33:55.000+0000,STOREFARM,5,지니맘 어린이 보석십자수 캐릭터,지니맘 큐빅십자수  DIY: 11번 별(15cm 20cm)
397334137,SELLBLOG,NORMAL,빠른배송 감사합니다,2018-04-08T19:05:13.000+0000,STOREFARM,5,지니맘 어린이 보석십자수 캐릭터,지니맘 큐빅십자수  DIY: 21번 방패(15cm 20cm)
399342138,SELLBLOG,NORMAL,만족합니다.,2018-04-11T13:22:19.000+0000,STOREFARM,5,지니맘 어린이 보석십자수 캐릭터,지니맘 큐빅십자수  DIY: 2번 작은 토끼(15cm 15cm)
399342132,SELLBLOG,NORMAL,만족합니다.,2018-04-11T13:22:19.000+0000,STOREFARM,5,지니맘 어린이 보석십자수 캐릭터,지니맘 큐빅십자수  DIY: 5번 펭귄(15cm 15cm)
397334136,SELLBLOG,NORMAL,큐빅이 넉넉해요,2018-04-08T19:05:13.000+0000,STOREFARM,5,지니맘 어린이 보석십자수 캐릭터,지니맘 큐빅십자수  DIY: 13번 봄디아(15cm 20cm)
390036841,SELLBLOG,NORMAL,행사에서 단체로 사용해볼 용도로 구매했는데 캐릭터가 다양하고 만들기에도 쉽고하니 굿초이스!!! ,2018-03-27T04:39:26.000+0000,STOREFARM,5,지니맘 어린이 보석십자수 캐릭터,지니맘 큐빅십자수  DIY: 기타
408642531,SELLBLOG,NORMAL,"좋습니다 집중력에 최고예요

좋아요 좋아요 좋아요 좋아요 좋아요 좋아요

아주 좋아요

아주 좋아요",2018-04-27T10:52:22.000+0000,STOREFARM,5,지니맘 어린이 보석십자수 캐릭터,지니맘 큐빅십자수  DIY: 3번 기린(15cm 20cm)
397897047,SELLBLOG,NORMAL,만족합니다,2018-04-09T10:45:55.000+0000,STOREFARM,5,지니맘 어린이 큐빅 보석십자수 캐릭터,지니맘 큐빅십자수  DIY: 13번 하트(15cm 20cm)
395815024,SELLBLOG,NORMAL,캐릭터들이 다 이뻐용,2018-04-06T00:43:51.000+0000,STOREFARM,5,지니맘 어린이 큐빅 보석십자수 캐릭터,지니맘 큐빅십자수  DIY: 1번 슈퍼 (15cm 20cm)
408642848,SELLBLOG,NORMAL,아주 좋아요 좋아요 좋아요 좋아요 좋아요 좋아요 좋아요 좋아요 좋아요 좋아요 좋아요 좋아요 좋아요 좋아요,2018-04-27T10:52:58.000+0000,STOREFARM,5,지니맘 어린이 보석십자수 캐릭터,지니맘 큐빅십자수  DIY: 12번 가면(15cm 20cm)
397334138,SELLBLOG,NORMAL,번창하세요,2018-04-08T19:05:13.000+0000,STOREFARM,5,지니맘 어린이 보석십자수 캐릭터,지니맘 큐빅십자수  DIY: 15번 딸기(15cm 20cm)
386013461,SELLBLOG,NORMAL,조아요~ 보석십자수 넘 맘에 드네요~ 다음에 또 구매하고 싶어요~ 아이들이 만족스러워합니다. 가성비 좋아요~,2018-03-20T06:40:53.000+0000,STOREFARM,4,지니맘 어린이 큐빅 보석십자수 캐릭터,지니맘 큐빅십자수  DIY: 25번 슈퍼
386334622,SELLBLOG,NORMAL,추천 추천합니다 ㅋㅋㅋㅋ 쉽고 어린이 ㅋㅋㅋ 어른 ㅋㅋ노인ㅋㅋ 전부 쉽게 할수 있고 일단 저렴해서 좋아요 ㅋㅋ 큐빅도 종류 많습니다,2018-03-20T14:28:38.000+0000,STOREFARM,4,지니맘 어린이 큐빅 보석십자수 캐릭터,지니맘 큐빅십자수  DIY: 12번 검은모자
396106800,SELLBLOG,NORMAL,너무 좋아해요,2018-04-06T10:51:47.000+0000,STOREFARM,5,지니맘 어린이 보석십자수 캐릭터,지니맘 큐빅십자수  DIY: 14번 두마리(15cm 20cm)
393416568,SELLBLOG,NORMAL,빠른 배송도 좋아고 제품도 맘에 들어요~ ,2018-04-02T04:07:55.000+0000,STOREFARM,5,지니맘 어린이 보석십자수 캐릭터,지니맘 큐빅십자수  DIY: 4번 유니콘(15cm 20cm)
396084060,SELLBLOG,NORMAL,맘에들어요,2018-04-06T10:00:24.000+0000,STOREFARM,5,지니맘 어린이 보석십자수 캐릭터,지니맘 큐빅십자수  DIY: 2번 스폰지(15cm 20cm)
396084054,SELLBLOG,NORMAL,맘에들어요,2018-04-06T10:00:24.000+0000,STOREFARM,5,지니맘 어린이 보석십자수 캐릭터,지니맘 큐빅십자수  DIY: 14번 카메라(15cm 20cm)
395812461,SELLBLOG,NORMAL,완전 이뻐용 ㅎㅎ,2018-04-06T00:37:39.000+0000,STOREFARM,5,지니맘 어린이 큐빅 보석십자수 캐릭터,지니맘 큐빅십자수  DIY: 19번 미니2(15cm 20cm)
395809837,SELLBLOG,NORMAL,완전 좋아요~!,2018-04-06T00:31:11.000+0000,STOREFARM,5,지니맘 어린이 큐빅 보석십자수 캐릭터,지니맘 큐빅십자수  DIY: 5번  안경토끼(15cm 20cm)
405503589,SELLBLOG,NORMAL,ㄴㄱㄷㄴㅂㅅㄱㄴㅂㄴㄱㅅㅂㄴㅂㄷㄱㄷㄱㅈㄴㅅㄴㄷㅂㄴㄱㅅㄷㄴㄷ큰삭ㄷㄱㅅ극ㆍㄱㄷㄱㄷㄱㄴㄱㄴㄱㆍ긔ㅡㄱㅎ긷ㄱᆢㄱㄴ거ㅢㄴㄱㅅ극ㄷㄱ닌긔ㆍㄱㅅㅂㄷㄱㄷㅅ큭ㅈㅅㅋㅈㄴㅈㄱ,2018-04-22T08:33:18.000+0000,STOREFARM,5,지니맘 어린이 보석십자수 캐릭터,지니맘 큐빅십자수  DIY: 11번 별(15cm 20cm)
392917313,SELLBLOG,NORMAL,아이가 좋아하네요,2018-04-01T09:47:24.000+0000,STOREFARM,5,지니맘 어린이 보석십자수 캐릭터,지니맘 큐빅십자수  DIY: 1번 슈퍼 (15cm 20cm)
392917304,SELLBLOG,NORMAL,아이가 좋아하네요,2018-04-01T09:47:24.000+0000,STOREFARM,5,지니맘 어린이 보석십자수 캐릭터,지니맘 큐빅십자수  DIY: 5번 펭귄(15cm 15cm)
386334934,SELLBLOG,NORMAL,조아요  ㅋㅋㅋ조아요 ㅋㅋ 조앙 ㅛㅋㅋ 저희 할머니가 좋아 합니다 ㅋㅋ 많이 파시길 바래요 ㅋㅋ지니맘 많이 파세요 화이팅,2018-03-20T14:29:11.000+0000,STOREFARM,4,지니맘 어린이 큐빅 보석십자수 캐릭터,지니맘 큐빅십자수  DIY: 27번 기린
390036850,SELLBLOG,NORMAL,상품너무 좋아요~~많이 파세요~~~^^,2018-03-27T04:39:26.000+0000,STOREFARM,5,지니맘 어린이 보석십자수 캐릭터,지니맘 큐빅십자수  DIY: 5번 펭귄(15cm 15cm)
370048749,SELLBLOG,NORMAL,"반짝반짝 예뻐요 설연휴에 금방 완성했어요...예쁘고 재미나요.  큐빅도 많이 남았어요..^^
다 하고나니..이걸 어디다 쓰지.. 싶어요..
아이디어좀 주세요..^^",2018-02-18T12:47:30.000+0000,STOREFARM,5,지니맘 어린이 큐빅 보석십자수 캐릭터,지니맘 큐빅십자수  DIY: 25번 슈퍼
393991105,SELLBLOG,NORMAL,잘받았어요 좋아요,2018-04-03T02:07:42.000+0000,STOREFARM,5,지니맘 어린이 보석십자수 캐릭터,지니맘 큐빅십자수  DIY: 1번 슈퍼 (15cm 20cm)
392581179,SELLBLOG,NORMAL,잘받았습니다,2018-03-31T21:48:37.000+0000,STOREFARM,5,지니맘 어린이 보석십자수 캐릭터,지니맘 큐빅십자수  DIY: 6번 클로버(15cm 20cm)
392581176,SELLBLOG,NORMAL,잘받았습니다,2018-03-31T21:48:37.000+0000,STOREFARM,5,지니맘 어린이 보석십자수 캐릭터,지니맘 큐빅십자수  DIY: 7번 스마일(15cm 20cm)
392581171,SELLBLOG,NORMAL,잘받았습니다,2018-03-31T21:48:37.000+0000,STOREFARM,5,지니맘 어린이 보석십자수 캐릭터,지니맘 큐빅십자수  DIY: 20번 미니1(15cm 20cm)
395813673,SELLBLOG,NORMAL,이뻐요~~~,2018-04-06T00:40:32.000+0000,STOREFARM,5,지니맘 어린이 큐빅 보석십자수 캐릭터,지니맘 큐빅십자수  DIY: 8번 검은고양이(15cm 20cm)
381828567,SELLBLOG,NORMAL,마음에 들어요~ 아이들이 좋아해서 더욱 좋습니다. 다음번에 또 구매하도록 하겠습니다~~~ 감사합니다~~!!,2018-03-13T09:26:29.000+0000,STOREFARM,5,지니맘 어린이 큐빅 보석십자수 캐릭터,지니맘 큐빅십자수  DIY: 26번 스폰지
380212110,SELLBLOG,NORMAL,아이가 너무좋아해요..쉽게 할 수 있고 무엇보다 퀄리티가 저렴한가격대비 굿입니다.또 이용할 생각이예요,2018-03-10T23:11:37.000+0000,STOREFARM,5,지니맘 어린이 큐빅 보석십자수 캐릭터,지니맘 큐빅십자수  DIY: 2번 토끼(15cm 15cm)
384846045,SELLBLOG,NORMAL,빨리 완성해서 액자에 넣고 싶어요^^이쁠것같아요.,2018-03-18T13:15:59.000+0000,STOREFARM,5,지니맘 어린이 큐빅 보석십자수 캐릭터,지니맘 큐빅십자수  DIY: 13번 하트(15cm 20cm)
384846036,SELLBLOG,NORMAL,완성하면 예쁠것같아요. 빨리 작품 보고싶어요.,2018-03-18T13:15:59.000+0000,STOREFARM,5,지니맘 어린이 큐빅 보석십자수 캐릭터,지니맘 큐빅십자수  DIY: 5번  안경토끼(15cm 20cm)
380705475,SELLBLOG,NORMAL,초등 딸이 하기에 딱 적당해요  집중력에도 좋을꺼같아요  추가구매하려구요,2018-03-11T15:42:34.000+0000,STOREFARM,5,지니맘 어린이 큐빅 보석십자수 캐릭터,지니맘 큐빅십자수  DIY: 14번 두마리(15cm 20cm)
405503988,SELLBLOG,NORMAL,ㅈㄱㄴㅅㅋㅅㄱㅅㄱㅎㅂ,2018-04-22T08:34:10.000+0000,STOREFARM,5,지니맘 어린이 보석십자수 캐릭터,지니맘 큐빅십자수  DIY: 8번 검은고양이(15cm 20cm)
388198633,SELLBLOG,NORMAL,아이들이좋아해요,2018-03-24T04:43:59.000+0000,STOREFARM,5,지니맘 어린이 큐빅 보석십자수 캐릭터,지니맘 큐빅십자수  DIY: 15번 날개하트(15cm 20cm)
388198626,SELLBLOG,NORMAL,아이들이좋아해요,2018-03-24T04:43:59.000+0000,STOREFARM,5,지니맘 어린이 큐빅 보석십자수 캐릭터,지니맘 큐빅십자수  DIY: 14번 두마리(15cm 20cm)
388198619,SELLBLOG,NORMAL,아이들이좋아해요,2018-03-24T04:43:59.000+0000,STOREFARM,5,지니맘 어린이 큐빅 보석십자수 캐릭터,지니맘 큐빅십자수  DIY: 16번 검은모자(15cm 20cm)
388198612,SELLBLOG,NORMAL,아이들이 좋아해요,2018-03-24T04:43:59.000+0000,STOREFARM,5,지니맘 어린이 큐빅 보석십자수 캐릭터,지니맘 큐빅십자수  DIY: 13번 하트(15cm 20cm)
389345754,SELLBLOG,NORMAL,마음에 들어요~,2018-03-26T03:16:10.000+0000,STOREFARM,5,지니맘 어린이 보석십자수 캐릭터,지니맘 큐빅십자수  DIY: 14번 두마리(15cm 20cm)
389345745,SELLBLOG,NORMAL,마음에 들어요~,2018-03-26T03:16:10.000+0000,STOREFARM,5,지니맘 어린이 보석십자수 캐릭터,지니맘 큐빅십자수  DIY: 21번 미니2(15cm 20cm)
389345720,SELLBLOG,NORMAL,마음에 들어요~,2018-03-26T03:16:10.000+0000,STOREFARM,5,지니맘 어린이 보석십자수 캐릭터,지니맘 큐빅십자수  DIY: 9번 슈퍼맨(15cm 20cm)
389345705,SELLBLOG,NORMAL,마음에 들어요~,2018-03-26T03:16:10.000+0000,STOREFARM,5,지니맘 어린이 보석십자수 캐릭터,지니맘 큐빅십자수  DIY: 12번 가면(15cm 20cm)
386514503,SELLBLOG,NORMAL,예뻐요~재미도 있구요,2018-03-21T01:08:38.000+0000,STOREFARM,5,지니맘 어린이 큐빅 보석십자수 캐릭터,지니맘 큐빅십자수  DIY: 13번 헬로
361880529,SELLBLOG,NORMAL,"도안이 ㅠ ㅠ 조금더 신경써서 검사해서 보내주셨으면 더
좋았을텐데.  ㅠ 봉지 열어 아이항 해볼 려하니
물 론 도안에는 문제가 없지만. 그래도 테두리
마감할떼 신경써주세요 ㅠ",2018-01-31T10:28:48.000+0000,STOREFARM,3,지니맘 어린이 큐빅 보석십자수 캐릭터,지니맘 큐빅십자수  DIY: 8번 하트
389345735,SELLBLOG,NORMAL,만족합니다~,2018-03-26T03:16:10.000+0000,STOREFARM,5,지니맘 어린이 보석십자수 캐릭터,지니맘 큐빅십자수  DIY: 13번 하트(15cm 20cm)
388288640,SELLBLOG,NORMAL,너무좋아요,2018-03-24T07:21:54.000+0000,STOREFARM,5,지니맘 어린이 큐빅 보석십자수 캐릭터,지니맘 큐빅십자수  DIY: 1번 슈퍼 (15cm 20cm)
388288633,SELLBLOG,NORMAL," 
너무좋아요",2018-03-24T07:21:54.000+0000,STOREFARM,5,지니맘 어린이 큐빅 보석십자수 캐릭터,지니맘 큐빅십자수  DIY: 5번  안경토끼(15cm 20cm)
402139255,SELLBLOG,NORMAL,Gooddd,2018-04-16T12:08:51.000+0000,STOREFARM,5,지니맘 어린이 보석십자수 캐릭터,지니맘 큐빅십자수  DIY: 24번 미니3(15cm 20cm)
402139247,SELLBLOG,NORMAL,gooddd,2018-04-16T12:08:51.000+0000,STOREFARM,5,지니맘 어린이 보석십자수 캐릭터,지니맘 큐빅십자수  DIY: 3번 기린(15cm 20cm)
375324993,SELLBLOG,NORMAL,"아이가 좋아해요 큐빅이 진짜 빤짝반짝거려요~
아이가 굉장히 좋아히지만..
코팅판에 양면테이프인게 아쉬워요..",2018-03-01T22:11:24.000+0000,STOREFARM,4,지니맘 어린이 큐빅 보석십자수 캐릭터,지니맘 큐빅십자수  DIY: 15번 리본
362796440,SELLBLOG,NORMAL,좋아요 방학 숙제로 보석비즈 주문해서 해보았는데 다하고 나니뿌듯하고 이뿌네요 그래서 이번에는 제가혼자 해볼려고 다시재구매 했습니다.받아보니 역시 이쁘네요~^^,2018-02-02T14:20:42.000+0000,STOREFARM,4,지니맘 어린이 큐빅 보석십자수 캐릭터,지니맘 큐빅십자수  DIY: 4번 핑크
373589749,SELLBLOG,NORMAL,"이뻐요 우리 아이가 엄청 좋아해요
잘하고 너무 재미있다고 하네요..
한꺼번에 다 하려하는걸 말려서
3~4일 정도 나눠서 하라고 했어요",2018-02-26T12:30:26.000+0000,STOREFARM,5,지니맘 어린이 큐빅 보석십자수 캐릭터,지니맘 큐빅십자수  DIY: 18번 컵
375329131,SELLBLOG,NORMAL,좋아요~ 2-3번 구매하고있는데 만족스러워서 다음에 또 구매할 예정이에요~~ 마음에 쏙 듭니다~~!,2018-03-01T22:52:12.000+0000,STOREFARM,5,지니맘 어린이 큐빅 보석십자수 캐릭터,지니맘 큐빅십자수  DIY: 40번 미니1
375325131,SELLBLOG,NORMAL,"아이가 좋아해요 큐빅이 반짝반짝 예쁘고 아이가 좋아해요..
다만 코팅판에 양면 테이프라 좀 아쉬워요,...",2018-03-01T22:12:44.000+0000,STOREFARM,4,지니맘 어린이 큐빅 보석십자수 캐릭터,지니맘 큐빅십자수  DIY: 17번 사과
378347727,SELLBLOG,NORMAL,좋아요 아이가 좋아합니다 아이가 좋아합니다 아이가 좋아합니다 아이가  좋아합니다 아이가 좋아합니다,2018-03-07T15:09:23.000+0000,STOREFARM,4,지니맘 어린이 큐빅 보석십자수 캐릭터,지니맘 큐빅십자수  DIY: 11번 날개하트
374287291,SELLBLOG,NORMAL,"망에 들어요 아이들이 조금 힘들어하지만 그림도 예쁘고 색감도 좋아요 .아이들이 조금 힘들어하지만 그림도 예쁘고 색감
이좋아요.",2018-02-27T12:09:53.000+0000,STOREFARM,4,지니맘 어린이 큐빅 보석십자수 캐릭터,지니맘 큐빅십자수  DIY: 28번 유니콘
392605980,SELLBLOG,NORMAL,좋아요좋아요,2018-03-31T23:35:56.000+0000,STOREFARM,5,지니맘 어린이 보석십자수 캐릭터,지니맘 큐빅십자수  DIY: 15번 날개하트(15cm 20cm)
392605974,SELLBLOG,NORMAL,좋아요좋아요,2018-03-31T23:35:56.000+0000,STOREFARM,5,지니맘 어린이 보석십자수 캐릭터,지니맘 큐빅십자수  DIY: 1번 슈퍼 (15cm 20cm)
392605971,SELLBLOG,NORMAL,좋아요좋아요,2018-03-31T23:35:56.000+0000,STOREFARM,5,지니맘 어린이 보석십자수 캐릭터,지니맘 큐빅십자수  DIY: 8번 검은고양이(15cm 20cm)
380044776,SELLBLOG,NORMAL,배송빨라요,2018-03-10T12:07:31.000+0000,STOREFARM,5,지니맘 어린이 큐빅 보석십자수 캐릭터,지니맘 큐빅십자수  DIY: 16번 헐크(15cm 20cm)
380044771,SELLBLOG,NORMAL,배송빨라요,2018-03-10T12:07:31.000+0000,STOREFARM,5,지니맘 어린이 큐빅 보석십자수 캐릭터,지니맘 큐빅십자수  DIY: 1번 사탕(15cm 15cm)
380044768,SELLBLOG,NORMAL,배송빨라요,2018-03-10T12:07:31.000+0000,STOREFARM,5,지니맘 어린이 큐빅 보석십자수 캐릭터,지니맘 큐빅십자수  DIY: 14번 두마리(15cm 20cm)
380044764,SELLBLOG,NORMAL,배송빨라요,2018-03-10T12:07:31.000+0000,STOREFARM,5,지니맘 어린이 큐빅 보석십자수 캐릭터,지니맘 큐빅십자수  DIY: 2번 토끼(15cm 15cm)
392581172,SELLBLOG,NORMAL,잘바았습니다,2018-03-31T21:48:37.000+0000,STOREFARM,5,지니맘 어린이 보석십자수 캐릭터,지니맘 큐빅십자수  DIY: 2번 스폰지(15cm 20cm)
376809043,SELLBLOG,NORMAL,포장상태나 구성 맘에 들어요,2018-03-05T08:52:56.000+0000,STOREFARM,5,지니맘 어린이 큐빅 보석십자수 캐릭터,지니맘 큐빅십자수  DIY: 18번 컵
380044762,SELLBLOG,NORMAL,진짜 이뻐요~,2018-03-10T12:07:31.000+0000,STOREFARM,5,지니맘 어린이 큐빅 보석십자수 캐릭터,지니맘 큐빅십자수  DIY: 5번 펭귄(15cm 15cm)
377668701,SELLBLOG,NORMAL,아이가 좋아합니다,2018-03-06T17:16:34.000+0000,STOREFARM,5,지니맘 어린이 큐빅 보석십자수 캐릭터,지니맘 큐빅십자수  DIY: 29번  안경토끼
377668699,SELLBLOG,NORMAL,아이가 좋아합니다,2018-03-06T17:16:34.000+0000,STOREFARM,5,지니맘 어린이 큐빅 보석십자수 캐릭터,지니맘 큐빅십자수  DIY: 13번 헬로
369385957,SELLBLOG,NORMAL,조아 할마니 집에 계시는데 좀 심심하지 않게 해드리려고 삿는데 발써 다했어요 ㅋㅋ너무 재밋으신지 좋은가봐오,2018-02-16T08:12:08.000+0000,STOREFARM,4,지니맘 어린이 큐빅 보석십자수 캐릭터,지니맘 큐빅십자수  DIY: 25번 슈퍼
376300125,SELLBLOG,NORMAL,아이가 재밌게 잘놀았어요,2018-03-04T10:22:09.000+0000,STOREFARM,5,지니맘 어린이 큐빅 보석십자수 캐릭터,지니맘 큐빅십자수  DIY: 20번 도트
374284982,SELLBLOG,NORMAL,아이들이 조금 힘들어하지만 그림도 예쁘고 색감도좋아요.,2018-02-27T12:06:23.000+0000,STOREFARM,5,지니맘 어린이 큐빅 보석십자수 캐릭터,지니맘 큐빅십자수  DIY: 6번  꿀벌
374284975,SELLBLOG,NORMAL,아이들이 조금 힘들어하지만 그림도 예쁘고 색감도 좋아요.,2018-02-27T12:06:23.000+0000,STOREFARM,5,지니맘 어린이 큐빅 보석십자수 캐릭터,지니맘 큐빅십자수  DIY: 28번 유니콘
375001672,SELLBLOG,NORMAL,유치원아이가하기딱좋은사이즈네요 ,2018-03-01T01:14:52.000+0000,STOREFARM,3,지니맘 어린이 큐빅 보석십자수 캐릭터,지니맘 큐빅십자수  DIY: 18번 컵
375001669,SELLBLOG,NORMAL,유치원아이가하기딱좋은사이즈네요 ,2018-03-01T01:14:52.000+0000,STOREFARM,3,지니맘 어린이 큐빅 보석십자수 캐릭터,지니맘 큐빅십자수  DIY: 6번  꿀벌
375001666,SELLBLOG,NORMAL,유치원아이가하기딱좋은사이즈네요 ,2018-03-01T01:14:52.000+0000,STOREFARM,3,지니맘 어린이 큐빅 보석십자수 캐릭터,지니맘 큐빅십자수  DIY: 11번 날개하트
375001662,SELLBLOG,NORMAL,유치원아이가하기딱좋은사이즈네요,2018-03-01T01:14:52.000+0000,STOREFARM,3,지니맘 어린이 큐빅 보석십자수 캐릭터,지니맘 큐빅십자수  DIY: 1번 칼라
358350175,SELLBLOG,NORMAL,싸요 남들이 말해준 가격보다 저는 엄청싸게 삿네요 액자도 갠찬고 키티를 조아해서 해보고 또 살러 올게요 많이 파세요,2018-01-24T03:01:15.000+0000,STOREFARM,5,지니맘 어린이 큐빅 보석십자수 캐릭터,지니맘 큐빅십자수  DIY: 8번 하트
370048025,SELLBLOG,NORMAL,배송 빨리해주셔서 설연휴에 아이들이 재미나게 했어요.. 큐빅이 반짝반짝 너무 예뻐요,2018-02-18T12:43:51.000+0000,STOREFARM,5,지니맘 어린이 큐빅 보석십자수 캐릭터,지니맘 큐빅십자수  DIY: 12번 검은모자
369926687,SELLBLOG,NORMAL,"딸아이가 너무 좋아해요^^
집중력에  좋은것 같아요~
다양한  도안이  있으면
더  좋을것 같아요~",2018-02-18T03:55:50.000+0000,STOREFARM,5,지니맘 어린이 큐빅 보석십자수 캐릭터,지니맘 큐빅십자수  DIY: 9번 곰
365849610,SELLBLOG,NORMAL,저번에 품절된거  있을때  친절하게 안내해주셔서 기분이 좋았는데  이번에는  액자도  사은품으로 주셨네요. 저희아이가 너무 좋아합니다.  품절된거 입고되면 또 사고 싶네요.,2018-02-08T09:51:01.000+0000,STOREFARM,5,지니맘 어린이 큐빅 보석십자수 캐릭터,지니맘 큐빅십자수  DIY: 13번 헬로
350511408,SELLBLOG,NORMAL,"보석십자수 최고~ 십자수만 하다가 다른게 없나싶어 
검색하던중 보석십자수를 알게되었어요
여기저기 검색하던중 지니맘에서 
4개정도 구입해서 하게되었는데
빠른배송에 시간도 얼마안걸리고 
취미생활로 인테리어로 굿인듯 싶고 
선물해도 좋을듯 싶네요
아이들도 하기 좋을것 같고
또 구매하고 싶을정도로 좋아요^~^
앞으로 계속 번창하세요~",2018-01-08T16:24:18.000+0000,STOREFARM,5,지니맘 큐빅 보석십자수 캐릭터 패키지,지니맘 큐빅십자수  DIY: 40번 몽이1
370205199,SELLBLOG,NORMAL,"아이들이 엄청 좋아했어요~이틀동안 광장히 편했습니다,,",2018-02-19T06:34:59.000+0000,STOREFARM,5,지니맘 어린이 큐빅 보석십자수 캐릭터,지니맘 큐빅십자수  DIY: 14번 원형
389345758,SELLBLOG,NORMAL,좋습니다~,2018-03-26T03:16:10.000+0000,STOREFARM,5,지니맘 어린이 보석십자수 캐릭터,지니맘 큐빅십자수  DIY: 15번 날개하트(15cm 20cm)
389345750,SELLBLOG,NORMAL,좋습니다~,2018-03-26T03:16:10.000+0000,STOREFARM,5,지니맘 어린이 보석십자수 캐릭터,지니맘 큐빅십자수  DIY: 2번 스폰지(15cm 20cm)
389345714,SELLBLOG,NORMAL,좋습니다~,2018-03-26T03:16:10.000+0000,STOREFARM,5,지니맘 어린이 보석십자수 캐릭터,지니맘 큐빅십자수  DIY: 1번 슈퍼 (15cm 20cm)
368939375,SELLBLOG,NORMAL,저렴한 가격에 잘 받았습니다. 아이가 무척 좋아합니다. 완성하고 보니 더 예쁘네요,2018-02-14T07:09:13.000+0000,STOREFARM,5,지니맘 어린이 큐빅 보석십자수 캐릭터,지니맘 큐빅십자수  DIY: 5번 무지개
357998927,SELLBLOG,NORMAL,오  ~~재밌어요 아이들과 해보려고 몇 개 주문 했는데  조금 해보니 은근 재미지네요^^  완성작이 기대되요,2018-01-23T10:13:46.000+0000,STOREFARM,5,지니맘 어린이 큐빅 보석십자수 캐릭터,지니맘 큐빅십자수  DIY: 30번 클로버
370205200,SELLBLOG,NORMAL,좋아요~스스로 만드니 자신감도 생기는것 같아요,2018-02-19T06:34:59.000+0000,STOREFARM,5,지니맘 어린이 큐빅 보석십자수 캐릭터,지니맘 큐빅십자수  DIY: 32번 검은고양이
375328119,SELLBLOG,NORMAL,빠르게 잘 받았습니디ㅡ,2018-03-01T22:43:30.000+0000,STOREFARM,5,지니맘 어린이 큐빅 보석십자수 캐릭터,지니맘 큐빅십자수  DIY: 29번  안경토끼
375056228,SELLBLOG,NORMAL,잘받았습니다 ,2018-03-01T03:31:24.000+0000,STOREFARM,3,지니맘 어린이 큐빅 보석십자수 캐릭터,지니맘 큐빅십자수  DIY: 18번 미니3(15cm 20cm)
375056226,SELLBLOG,NORMAL,잘받았습니다 ,2018-03-01T03:31:24.000+0000,STOREFARM,3,지니맘 어린이 큐빅 보석십자수 캐릭터,지니맘 큐빅십자수  DIY: 1번 슈퍼 (15cm 20cm)
375056225,SELLBLOG,NORMAL,잘받았습니다 ,2018-03-01T03:31:24.000+0000,STOREFARM,3,지니맘 어린이 큐빅 보석십자수 캐릭터,지니맘 큐빅십자수  DIY: 17번 미니2(15cm 20cm)
375056222,SELLBLOG,NORMAL,잘받았습니다 ,2018-03-01T03:31:24.000+0000,STOREFARM,5,지니맘 어린이 큐빅 보석십자수 캐릭터,지니맘 큐빅십자수  DIY: 14번 헐크(15cm 20cm)
375056220,SELLBLOG,NORMAL,잘받았습니다 ,2018-03-01T03:31:24.000+0000,STOREFARM,5,지니맘 어린이 큐빅 보석십자수 캐릭터,지니맘 큐빅십자수  DIY: 2번 스폰지(15cm 20cm)
375056214,SELLBLOG,NORMAL,잘받았습니다 ,2018-03-01T03:31:24.000+0000,STOREFARM,5,지니맘 어린이 큐빅 보석십자수 캐릭터,지니맘 큐빅십자수  DIY: 5번  안경토끼(15cm 20cm)
373588718,SELLBLOG,NORMAL,잘 하며놀아요,2018-02-26T12:28:37.000+0000,STOREFARM,5,지니맘 어린이 큐빅 보석십자수 캐릭터,지니맘 큐빅십자수  DIY: 18번 컵
372169171,SELLBLOG,NORMAL,"아주이뻐요
딸이좋아합니다^^",2018-02-24T05:50:35.000+0000,STOREFARM,5,지니맘 어린이 큐빅 보석십자수 캐릭터,지니맘 큐빅십자수  DIY: 28번 유니콘
370048029,SELLBLOG,NORMAL,배송 빠르구요.. 큐빅이 블링블링 정말 예쁘네요..,2018-02-18T12:43:51.000+0000,STOREFARM,5,지니맘 어린이 큐빅 보석십자수 캐릭터,지니맘 큐빅십자수  DIY: 25번 슈퍼
365390926,SELLBLOG,NORMAL,유치원친구들 생일선물로 준비했는데 좋아해요 저렴하게 샀는데다가 사은품까지주셔서 감사해요 ^^,2018-02-07T09:23:19.000+0000,STOREFARM,5,지니맘 어린이 큐빅 보석십자수 캐릭터,지니맘 큐빅십자수  DIY: 28번 유니콘
372705141,SELLBLOG,NORMAL,빠른배송 감사드려요~^^*,2018-02-25T07:50:38.000+0000,STOREFARM,5,지니맘 어린이 큐빅 보석십자수 캐릭터,지니맘 큐빅십자수  DIY: 12번 검은모자
363065166,SELLBLOG,NORMAL,너무 좋아요. 조카 선물로 구매했는데 무지 마음에 들어하네요. 하루 종일 이것만 하려하네요.어른들도 하면 좋을듯이요 블링블링한게,2018-02-03T05:42:43.000+0000,STOREFARM,5,지니맘 어린이 큐빅 보석십자수 캐릭터,지니맘 큐빅십자수  DIY: 29번  안경토끼
365255670,SELLBLOG,NORMAL,"배송도 빠르고 십자수도 예뻐서 아이와 재밌게 했어요
다른 캐릭터로 또 구매할 예정입니다. ",2018-02-07T04:53:53.000+0000,STOREFARM,5,지니맘 어린이 큐빅 보석십자수 캐릭터,지니맘 큐빅십자수  DIY: 21번 나비
384011618,SELLBLOG,NORMAL,좋아요 좋아요,2018-03-17T03:56:20.000+0000,STOREFARM,5,지니맘 어린이 큐빅 보석십자수 캐릭터,지니맘 큐빅십자수  DIY: 14번 두마리(15cm 20cm)
384011612,SELLBLOG,NORMAL,좋아요 좋아요,2018-03-17T03:56:20.000+0000,STOREFARM,5,지니맘 어린이 큐빅 보석십자수 캐릭터,지니맘 큐빅십자수  DIY: 3번 기린(15cm 20cm)
370528048,SELLBLOG,NORMAL,우리 할머니가 조아하셔요,2018-02-20T12:44:30.000+0000,STOREFARM,5,지니맘 어린이 큐빅 보석십자수 캐릭터,지니맘 큐빅십자수  DIY: 27번 기린
373122532,SELLBLOG,NORMAL,너무 예뻐용 ㅎㅎ,2018-02-26T01:37:02.000+0000,STOREFARM,5,지니맘 어린이 큐빅 보석십자수 캐릭터,지니맘 큐빅십자수  DIY: 26번 스폰지
373122517,SELLBLOG,NORMAL,너무 예뻐용 ㅎㅎ,2018-02-26T01:37:02.000+0000,STOREFARM,5,지니맘 어린이 큐빅 보석십자수 캐릭터,지니맘 큐빅십자수  DIY: 37번 망치
371708262,SELLBLOG,NORMAL,또 구매할께요,2018-02-23T07:23:43.000+0000,STOREFARM,5,지니맘 어린이 큐빅 보석십자수 캐릭터,지니맘 큐빅십자수  DIY: 26번 스폰지
353056889,SELLBLOG,NORMAL,"딸래미와 함께 오늘 완성했네요!ㅎㅎ 티격태격하면서 클로버 완성했어요!ㅎ반짝반짝임이 너무 아름다워요!
눈과 허리아픔이 있긴하지만 재미있어요!",2018-01-13T15:00:36.000+0000,STOREFARM,4,지니맘 어린이 큐빅 보석십자수 캐릭터,지니맘 큐빅십자수  DIY: 30번 클로버
371708248,SELLBLOG,NORMAL,만족합니다,2018-02-23T07:23:43.000+0000,STOREFARM,5,지니맘 어린이 큐빅 보석십자수 캐릭터,지니맘 큐빅십자수  DIY: 25번 슈퍼
370528052,SELLBLOG,NORMAL,할머니가 조아하셔요,2018-02-20T12:44:30.000+0000,STOREFARM,5,지니맘 어린이 큐빅 보석십자수 캐릭터,지니맘 큐빅십자수  DIY: 12번 검은모자
371708252,SELLBLOG,NORMAL,마음에 듭니다~,2018-02-23T07:23:43.000+0000,STOREFARM,5,지니맘 어린이 큐빅 보석십자수 캐릭터,지니맘 큐빅십자수  DIY: 40번 미니1
362911111,SELLBLOG,NORMAL,딸선물 어디서알았는지 사달라해서 검색해서 샇네요 그림도예쁘고  간편해서 조아요  세시간은 꼬박앉아서 해요,2018-02-03T00:55:14.000+0000,STOREFARM,5,지니맘 어린이 큐빅 보석십자수 캐릭터,지니맘 큐빅십자수  DIY: 2번 봄디아
371051817,SELLBLOG,NORMAL,잘받았습니다,2018-02-22T00:42:41.000+0000,STOREFARM,5,지니맘 어린이 큐빅 보석십자수 캐릭터,지니맘 큐빅십자수  DIY: 28번 유니콘
371051812,SELLBLOG,NORMAL,잘받았습니다,2018-02-22T00:42:41.000+0000,STOREFARM,5,지니맘 어린이 큐빅 보석십자수 캐릭터,지니맘 큐빅십자수  DIY: 17번 사과
371051810,SELLBLOG,NORMAL,잘받았습니다,2018-02-22T00:42:41.000+0000,STOREFARM,5,지니맘 어린이 큐빅 보석십자수 캐릭터,지니맘 큐빅십자수  DIY: 20번 도트
371051807,SELLBLOG,NORMAL,잘받았습니다,2018-02-22T00:42:41.000+0000,STOREFARM,5,지니맘 어린이 큐빅 보석십자수 캐릭터,지니맘 큐빅십자수  DIY: 1번 칼라
371051802,SELLBLOG,NORMAL,잘받았습니다,2018-02-22T00:42:41.000+0000,STOREFARM,5,지니맘 어린이 큐빅 보석십자수 캐릭터,지니맘 큐빅십자수  DIY: 4번 핑크
371051795,SELLBLOG,NORMAL,잘받았습니다,2018-02-22T00:42:41.000+0000,STOREFARM,5,지니맘 어린이 큐빅 보석십자수 캐릭터,지니맘 큐빅십자수  DIY: 11번 날개하트
371051790,SELLBLOG,NORMAL,잘받았습니다,2018-02-22T00:42:41.000+0000,STOREFARM,5,지니맘 어린이 큐빅 보석십자수 캐릭터,지니맘 큐빅십자수  DIY: 5번 무지개
371051785,SELLBLOG,NORMAL,잘받았습니다,2018-02-22T00:42:41.000+0000,STOREFARM,5,지니맘 어린이 큐빅 보석십자수 캐릭터,지니맘 큐빅십자수  DIY: 6번  꿀벌
358934306,SELLBLOG,NORMAL,적극 추천합니다~ 체험장에서 손바닥만한거 5천원에 했었는데지니맘에서 산거가 훨씬 크고 큐빅도 반짝거리고 이뻐요우리애가 하루만에 다 끝내고 다른거 고르고 있네요다음에도 또 구매할께요 감사합니다~,2018-01-25T08:31:00.000+0000,STOREFARM,5,지니맘 어린이 큐빅 보석십자수 캐릭터,지니맘 큐빅십자수  DIY: 28번 유니콘
369857384,SELLBLOG,NORMAL,배송도 빠르고 좋아요 ,2018-02-18T00:45:56.000+0000,STOREFARM,5,지니맘 어린이 큐빅 보석십자수 캐릭터,지니맘 큐빅십자수  DIY: 11번 날개하트
369857300,SELLBLOG,NORMAL,배송도 빠르고 좋아요 ,2018-02-18T00:45:38.000+0000,STOREFARM,5,지니맘 어린이 큐빅 보석십자수 캐릭터,지니맘 큐빅십자수  DIY: 42번 미니3
369857180,SELLBLOG,NORMAL,배송도 빠르고 좋아요 ,2018-02-18T00:45:19.000+0000,STOREFARM,5,지니맘 어린이 큐빅 보석십자수 캐릭터,지니맘 큐빅십자수  DIY: 41번 미니2
368939382,SELLBLOG,NORMAL,잘 받았습니다. 저렴하고 마음에 듭니다.,2018-02-14T07:09:13.000+0000,STOREFARM,5,지니맘 어린이 큐빅 보석십자수 캐릭터,지니맘 큐빅십자수  DIY: 3번 블루
359248305,SELLBLOG,NORMAL,너무앙증맞고귀여어요 반짝반짝빛나는게너무귀엽고예쁘네요.액자까지가치구매햇는데 해놓고장식해놓니뿌듯합니다.. 아이와의추억이생긴거같아좋으네요,2018-01-26T05:34:39.000+0000,STOREFARM,5,지니맘 어린이 큐빅 보석십자수 캐릭터,지니맘 큐빅십자수  DIY: 11번 날개하트
369935191,SELLBLOG,NORMAL,만족합니다 ,2018-02-18T04:19:47.000+0000,STOREFARM,5,지니맘 어린이 큐빅 보석십자수 캐릭터,지니맘 큐빅십자수  DIY: 15번 리본
370205202,SELLBLOG,NORMAL,재밌었어요~,2018-02-19T06:34:59.000+0000,STOREFARM,5,지니맘 어린이 큐빅 보석십자수 캐릭터,지니맘 큐빅십자수  DIY: 17번 사과
359248924,SELLBLOG,NORMAL,액자까지꼭사세용!! 완성해서 액자에넣어노니 너무예쁘네요 반짝반짝 똑같은거두개구매햇는데 그냥완성되면선물하려고교환안햇네요!! 앙증맞고예뻐요,2018-01-26T05:35:47.000+0000,STOREFARM,5,지니맘 어린이 큐빅 보석십자수 캐릭터,지니맘 큐빅십자수  DIY: 28번 유니콘
378344012,SELLBLOG,NORMAL,아이가 좋아합니다 아이가  좋아합니다 아이가 좋아합니다 아이가 좋아합니다 아이가 좋아합니다 아이가 좋아합니다,2018-03-07T15:02:04.000+0000,STOREFARM,4,지니맘 어린이 큐빅 보석십자수 캐릭터,지니맘 큐빅십자수  DIY: 28번 유니콘
368784433,SELLBLOG,NORMAL,아이들이 정말 좋아해요,2018-02-14T02:30:21.000+0000,STOREFARM,5,지니맘 어린이 큐빅 보석십자수 캐릭터,지니맘 큐빅십자수  DIY: 6번  꿀벌
368784415,SELLBLOG,NORMAL,아이들이 너무 좋아해요,2018-02-14T02:30:21.000+0000,STOREFARM,5,지니맘 어린이 큐빅 보석십자수 캐릭터,지니맘 큐빅십자수  DIY: 25번 슈퍼
369068180,SELLBLOG,NORMAL,"이쁘네요
딱초등학생용이네요",2018-02-14T13:31:32.000+0000,STOREFARM,3,지니맘 어린이 큐빅 보석십자수 캐릭터,지니맘 큐빅십자수  DIY: 30번 클로버
368106187,SELLBLOG,NORMAL,유니콘 구매했는데 너무예뻐요~,2018-02-12T23:28:37.000+0000,STOREFARM,5,지니맘 어린이 큐빅 보석십자수 캐릭터,지니맘 큐빅십자수  DIY: 28번 유니콘
365278107,SELLBLOG,NORMAL,재밌어요 엄청 블링블링하네여,2018-02-07T05:38:05.000+0000,STOREFARM,5,지니맘 어린이 큐빅 보석십자수 캐릭터,지니맘 큐빅십자수  DIY: 26번 스폰지
369475474,SELLBLOG,NORMAL,만족합니다,2018-02-16T17:22:41.000+0000,STOREFARM,5,지니맘 어린이 큐빅 보석십자수 캐릭터,지니맘 큐빅십자수  DIY: 6번  꿀벌
369475472,SELLBLOG,NORMAL,만족합니다,2018-02-16T17:22:41.000+0000,STOREFARM,5,지니맘 어린이 큐빅 보석십자수 캐릭터,지니맘 큐빅십자수  DIY: 1번 칼라
369475471,SELLBLOG,NORMAL,만족합니다,2018-02-16T17:22:41.000+0000,STOREFARM,5,지니맘 어린이 큐빅 보석십자수 캐릭터,지니맘 큐빅십자수  DIY: 17번 사과
369475469,SELLBLOG,NORMAL,만족합니다,2018-02-16T17:22:41.000+0000,STOREFARM,5,지니맘 어린이 큐빅 보석십자수 캐릭터,지니맘 큐빅십자수  DIY: 5번 무지개
369475468,SELLBLOG,NORMAL,만족합니다,2018-02-16T17:22:41.000+0000,STOREFARM,5,지니맘 어린이 큐빅 보석십자수 캐릭터,지니맘 큐빅십자수  DIY: 18번 컵
368784439,SELLBLOG,NORMAL,너무 마음에 들어요,2018-02-14T02:30:21.000+0000,STOREFARM,5,지니맘 어린이 큐빅 보석십자수 캐릭터,지니맘 큐빅십자수  DIY: 21번 나비
358933325,SELLBLOG,NORMAL,"우리애가 너무 좋아하네요
받자마자 시작해서 하루만에 다 끝내고 
생각한거보다 반짝반짝 만족도도 높아 좋아요~
다음도 또 구매할께요 번창",2018-01-25T08:28:53.000+0000,STOREFARM,5,지니맘 어린이 큐빅 보석십자수 캐릭터,지니맘 큐빅십자수  DIY: 28번 유니콘
359767162,SELLBLOG,NORMAL,깔끔 세련 남자애들건 잘 없어서 고민했는데 재입고되서 주문했네요. 깔끔하고 예뻐요. 남자애들것도 늘었음 좋겠어요2,2018-01-27T07:56:18.000+0000,STOREFARM,5,지니맘 어린이 큐빅 보석십자수 캐릭터,지니맘 큐빅십자수  DIY: 35번 별
367247745,SELLBLOG,NORMAL,잘사용할게요 만족합니다,2018-02-11T10:46:51.000+0000,STOREFARM,5,지니맘 어린이 큐빅 보석십자수 캐릭터,지니맘 큐빅십자수  DIY: 6번  꿀벌
368784423,SELLBLOG,NORMAL,아이들이 좋아해여^^,2018-02-14T02:30:21.000+0000,STOREFARM,5,지니맘 어린이 큐빅 보석십자수 캐릭터,지니맘 큐빅십자수  DIY: 42번 미니3
359767959,SELLBLOG,NORMAL,어른용 애들거만 주문하다가 제걸로 주문했네요. 상어인척?하는 키티 넘 귀엽네요~어른이 하기도 재밌어요.,2018-01-27T07:58:09.000+0000,STOREFARM,5,지니맘 어린이 큐빅 보석십자수 캐릭터,지니맘 큐빅십자수  DIY: 12번 검은모자
368939380,SELLBLOG,NORMAL,예쁘고 좋습니다.,2018-02-14T07:09:13.000+0000,STOREFARM,5,지니맘 어린이 큐빅 보석십자수 캐릭터,지니맘 큐빅십자수  DIY: 22번 발레
365849625,SELLBLOG,NORMAL,스폰지밥  좋아합니다.  다른  디자인은 없나요?,2018-02-08T09:51:01.000+0000,STOREFARM,5,지니맘 어린이 큐빅 보석십자수 캐릭터,지니맘 큐빅십자수  DIY: 26번 스폰지
359767522,SELLBLOG,NORMAL,넘 예쁨 예쁜게 넘 많아서 고민끝에 주문했어요. 색상이 다양한게 저 이쁘네요. 넘 빨리끝나 아껴서 하고 있어요,2018-01-27T07:57:10.000+0000,STOREFARM,5,지니맘 어린이 큐빅 보석십자수 캐릭터,지니맘 큐빅십자수  DIY: 15번 리본
367247749,SELLBLOG,NORMAL,잘받았어요 감사합니다,2018-02-11T10:46:51.000+0000,STOREFARM,5,지니맘 어린이 큐빅 보석십자수 캐릭터,지니맘 큐빅십자수  DIY: 29번  안경토끼
355932342,SELLBLOG,NORMAL,좋아요 아이가 고른것중에 유일하게 있던 상품이네요~다 품절이고~품절이 너무 많아요 상품은 예쁜데그래도 사은품으로 액자 보내줘서 좋아요! 액자는 구입하지 않았는데~ㅎㅎㅎ감사해요,2018-01-19T08:59:56.000+0000,STOREFARM,5,지니맘 어린이 큐빅 보석십자수 캐릭터,지니맘 큐빅십자수  DIY: 18번 컵
357982806,SELLBLOG,NORMAL,"아이언맨을 좋아하는 아들을 위해 샀는데 쉽게, 이틀만에 다 해버리네요.
그래서 사은품으로 보내주신 액자 주인이 되었어요.
감사합니다.",2018-01-23T09:41:13.000+0000,STOREFARM,5,지니맘 어린이 큐빅 보석십자수 캐릭터,지니맘 큐빅십자수  DIY: 36번 가면
359766631,SELLBLOG,NORMAL,재입고 기다렸느데 재입고되서 좋아요.딸아이가 이걸 꼭 하고 싶다고 했거든요^^기다리더니  아끼고 있네요ㅋㅋㅋ,2018-01-27T07:55:05.000+0000,STOREFARM,5,지니맘 어린이 큐빅 보석십자수 캐릭터,지니맘 큐빅십자수  DIY: 11번 날개하트
366965083,SELLBLOG,NORMAL,아이가 좋아하네요,2018-02-11T01:11:21.000+0000,STOREFARM,5,지니맘 어린이 큐빅 보석십자수 캐릭터,지니맘 큐빅십자수  DIY: 9번 곰
359247820,SELLBLOG,NORMAL,여아동 취미로하기좋아요!!! 7살여자아이 취미로하기좋습니다!!!!  시간도빨리가고주말에가치하기좋습니다.사진이랑같아요 !!,2018-01-26T05:33:39.000+0000,STOREFARM,5,지니맘 어린이 큐빅 보석십자수 캐릭터,지니맘 큐빅십자수  DIY: 4번 핑크
361375685,SELLBLOG,NORMAL,"보석십자수  아이 방학숙제로
보석십자수를 했는데 선생님께
 이쁘다고 칭찬도 받고 기분이 무척좋았습니다~^^",2018-01-30T11:18:01.000+0000,STOREFARM,5,지니맘 어린이 큐빅 보석십자수 캐릭터,지니맘 큐빅십자수  DIY: 25번 슈퍼
366965080,SELLBLOG,NORMAL,아이가 좋아하네요.,2018-02-11T01:11:21.000+0000,STOREFARM,5,지니맘 어린이 큐빅 보석십자수 캐릭터,지니맘 큐빅십자수  DIY: 10번 수박
365278113,SELLBLOG,NORMAL,귀엽네여 다른 것도 하고싶어요,2018-02-07T05:38:05.000+0000,STOREFARM,5,지니맘 어린이 큐빅 보석십자수 캐릭터,지니맘 큐빅십자수  DIY: 41번 미니2
357662971,SELLBLOG,NORMAL,"6개 구입해서 두개했는데.. 아이가 좋아해요.
큐빅도 넉넉히 들어있고 좋아요.
액자는 2개 샀는데 퀄리티에 비해 비싼편이에요. ^^",2018-01-23T00:26:56.000+0000,STOREFARM,5,지니맘 어린이 큐빅 보석십자수 캐릭터,지니맘 큐빅십자수  DIY: 1번 칼라
362910387,SELLBLOG,NORMAL,좋아요 딸아이가아주열심히해요,2018-02-03T00:53:50.000+0000,STOREFARM,5,지니맘 어린이 큐빅 보석십자수 캐릭터,지니맘 큐빅십자수  DIY: 2번 봄디아
367247761,SELLBLOG,NORMAL,잘받았어요,2018-02-11T10:46:51.000+0000,STOREFARM,5,지니맘 어린이 큐빅 보석십자수 캐릭터,지니맘 큐빅십자수  DIY: 28번 유니콘
367247755,SELLBLOG,NORMAL,잘받았어요,2018-02-11T10:46:51.000+0000,STOREFARM,5,지니맘 어린이 큐빅 보석십자수 캐릭터,지니맘 큐빅십자수  DIY: 32번 검은고양이
365849616,SELLBLOG,NORMAL,사은품액자 감사해요 ,2018-02-08T09:51:01.000+0000,STOREFARM,5,지니맘 어린이 큐빅 보석십자수 캐릭터,지니맘 큐빅십자수  DIY: 6번  꿀벌
367396566,SELLBLOG,NORMAL,만족합니다.,2018-02-11T16:03:08.000+0000,STOREFARM,5,지니맘 어린이 큐빅 보석십자수 캐릭터,지니맘 큐빅십자수  DIY: 11번 날개하트
365849620,SELLBLOG,NORMAL,캐릭터가 귀엽네요,2018-02-08T09:51:01.000+0000,STOREFARM,5,지니맘 어린이 큐빅 보석십자수 캐릭터,지니맘 큐빅십자수  DIY: 41번 미니2
365849633,SELLBLOG,NORMAL,아이가 좋아합니다 ,2018-02-08T09:51:01.000+0000,STOREFARM,5,지니맘 어린이 큐빅 보석십자수 캐릭터,지니맘 큐빅십자수  DIY: 20번 도트
355932107,SELLBLOG,NORMAL,좋아요 가격이 조금 비싼듯 하지만~아이가 좋아해서 구매했어요.근데 품절된게 너무 많네요...있는데서 골랐는데...품절 상품들이 채워졌으면 좋겠어요.,2018-01-19T08:59:20.000+0000,STOREFARM,5,지니맘 어린이 큐빅 보석십자수 캐릭터,지니맘 큐빅십자수  DIY: 3번 블루
355456385,SELLBLOG,NORMAL,사진이랑같아요 조카가집에서반나절가지고놀기좋으네요! 가끔사주려구요 ^^ 키티가완성되면참귀여울거같네요 가격대비좋습니다!!,2018-01-18T06:30:51.000+0000,STOREFARM,5,지니맘 어린이 큐빅 보석십자수 캐릭터,지니맘 큐빅십자수  DIY: 14번 원형
364570546,SELLBLOG,NORMAL,딸아이가 엄청좋아해요,2018-02-06T02:20:46.000+0000,STOREFARM,5,지니맘 어린이 큐빅 보석십자수 캐릭터,지니맘 큐빅십자수  DIY: 28번 유니콘
365849612,SELLBLOG,NORMAL,아이가 좋아해요.,2018-02-08T09:51:01.000+0000,STOREFARM,5,지니맘 어린이 큐빅 보석십자수 캐릭터,지니맘 큐빅십자수  DIY: 12번 검은모자
360377865,SELLBLOG,NORMAL,큐빅도 넉넉하고 쉽고 재미있어요.. 아이들도 너무 좋아해요^^,2018-01-28T14:47:19.000+0000,STOREFARM,5,지니맘 어린이 큐빅 보석십자수 캐릭터,지니맘 큐빅십자수  DIY: 28번 유니콘
360377877,SELLBLOG,NORMAL,큐빅도 넉넉하고 쉽고 재미있어요. 아이들도 넘  좋아해요^^,2018-01-28T14:47:19.000+0000,STOREFARM,5,지니맘 어린이 큐빅 보석십자수 캐릭터,지니맘 큐빅십자수  DIY: 5번 무지개
360377872,SELLBLOG,NORMAL,큐빅도 넉넉하고 쉽고 재미있어요. 아이들도 넘  좋아해요^^,2018-01-28T14:47:19.000+0000,STOREFARM,5,지니맘 어린이 큐빅 보석십자수 캐릭터,지니맘 큐빅십자수  DIY: 1번 칼라
357662964,SELLBLOG,NORMAL,"6개 구입해서 두개 했는데,
아이가 매우 좋아해요. 큐빅도 넉넉히 들어있어 부족하지 않아요",2018-01-23T00:26:56.000+0000,STOREFARM,5,지니맘 어린이 큐빅 보석십자수 캐릭터,지니맘 큐빅십자수  DIY: 21번 나비
355459957,SELLBLOG,NORMAL,어른들도 좋아요 애들꺼 보다가 제것도 주문해요. 아무 생각없이 몰입해서 하기 좋네요. 마음이 복잡할때 잡생각이 사라지네요ㅋㅋ,2018-01-18T06:37:31.000+0000,STOREFARM,5,지니맘 어린이 큐빅 보석십자수 캐릭터,지니맘 큐빅십자수  DIY: 13번 헬로
352603503,SELLBLOG,NORMAL,"딸래미 친구선물로 골랐어요!  몇날 몇일을 고민끝에 요걸로 골라봤어요! 딸래미친구가 좋아했으면 좋겠는데 걱정이네요!
내일 생일초대 받았는데 오늘 제품을 받아서 다행이예요! 감사합니다",2018-01-12T16:17:21.000+0000,STOREFARM,5,지니맘 어린이 큐빅 보석십자수 캐릭터,지니맘 큐빅십자수  DIY: 18번 컵
364477343,SELLBLOG,NORMAL,아주 만족합니다.,2018-02-05T23:27:15.000+0000,STOREFARM,5,지니맘 어린이 큐빅 보석십자수 캐릭터,지니맘 큐빅십자수  DIY: 39번 방패
364477334,SELLBLOG,NORMAL,아주 만족합니다.,2018-02-05T23:27:15.000+0000,STOREFARM,5,지니맘 어린이 큐빅 보석십자수 캐릭터,지니맘 큐빅십자수  DIY: 28번 유니콘
355458097,SELLBLOG,NORMAL,품절 풀렸네요 지난번 품절이라 못했는데 들어와서 주문했어요. 아이가 꼭 하고 싶어했거든요. 또 주문해야할것 같아요ㅋ,2018-01-18T06:34:04.000+0000,STOREFARM,5,지니맘 어린이 큐빅 보석십자수 캐릭터,지니맘 큐빅십자수  DIY: 6번  꿀벌
357982795,SELLBLOG,NORMAL,"배송도 빨랐고, 제품도 제대로 다 들어있네요.
무엇보다 아이들이 좋아해요~ㅎㅎ",2018-01-23T09:41:13.000+0000,STOREFARM,5,지니맘 어린이 큐빅 보석십자수 캐릭터,지니맘 큐빅십자수  DIY: 36번 가면
357982798,SELLBLOG,NORMAL,"헐크를 좋아하는 7살 아들이 보석십자수를 너무 해보고싶어해서 사줬는데, 동그란 보석이라 쉽게 잘하네요.",2018-01-23T09:41:13.000+0000,STOREFARM,5,지니맘 어린이 큐빅 보석십자수 캐릭터,지니맘 큐빅십자수  DIY: 38번 헐크
374266426,SELLBLOG,NORMAL,좋아합니다,2018-02-27T11:38:46.000+0000,STOREFARM,3,지니맘 어린이 큐빅 보석십자수 캐릭터,지니맘 큐빅십자수  DIY: 28번 유니콘
374266419,SELLBLOG,NORMAL,좋아합니다,2018-02-27T11:38:46.000+0000,STOREFARM,3,지니맘 어린이 큐빅 보석십자수 캐릭터,지니맘 큐빅십자수  DIY: 11번 날개하트
357662959,SELLBLOG,NORMAL,"6개 구입해서 두개했는데.. 아이가 매우 좋아해요.
큐빅도 넉넉히 들어있어요.",2018-01-23T00:26:56.000+0000,STOREFARM,5,지니맘 어린이 큐빅 보석십자수 캐릭터,지니맘 큐빅십자수  DIY: 18번 컵
358349682,SELLBLOG,NORMAL,"완전귀엽고 좋아요 정말싸게사서 잘하소 잇어여  
하고 또 구매하겟습니다 감사합니다 ㅎㅎㅎㅎ",2018-01-24T03:00:05.000+0000,STOREFARM,5,지니맘 어린이 큐빅 보석십자수 캐릭터,지니맘 큐빅십자수  DIY: 8번 하트
365569927,SELLBLOG,NORMAL,조아요조아ㅛ,2018-02-07T19:54:07.000+0000,STOREFARM,5,지니맘 어린이 큐빅 보석십자수 캐릭터,지니맘 큐빅십자수  DIY: 25번 슈퍼
355458887,SELLBLOG,NORMAL,아들꺼 남자애들 것도 있어 좋아요. 어벤져스 품절 풀려서 또 주문해야할듯 하네요. 너무 예뻐요♡♡,2018-01-18T06:35:28.000+0000,STOREFARM,5,지니맘 어린이 큐빅 보석십자수 캐릭터,지니맘 큐빅십자수  DIY: 40번 몽이1
353296904,SELLBLOG,NORMAL,방학때 시간보내기 좋아요 한번 해보고 넘 좋아해서 친구네 추천해서 보내줬네요. 친구도 너무 재밌다고 좋아하네요. 또 주문합니다~~,2018-01-14T06:18:30.000+0000,STOREFARM,5,지니맘 어린이 큐빅 보석십자수 캐릭터,지니맘 큐빅십자수  DIY: 32번 검은고양이
363773188,SELLBLOG,NORMAL,너무좋아요,2018-02-04T13:38:31.000+0000,STOREFARM,5,지니맘 어린이 큐빅 보석십자수 캐릭터,지니맘 큐빅십자수  DIY: 13번 헬로
347630939,SELLBLOG,NORMAL,어른이 했습니다. 아이들 거 구매하면서 저도 한 번 해볼까하고 구매했는데 이런 자잘하면서도 집중을 요하는것은 보통 지겨워서 못하는데 넘나 재밌게 했어요. 잡생각도 안하게 되곱 ㅋㅋ 좀 큰 사이즈가 있으면 구매하고 싶었는데 아쉽게도 지니맘에는 없다고 하시더라고요 ㅜ 여튼 기분 좋은 구매 였어요 ^^,2018-01-02T04:23:43.000+0000,STOREFARM,5,지니맘 큐빅 보석십자수 캐릭터 패키지,큐빅십자수 키티 DIY: 29번  안경토끼
363825592,SELLBLOG,NORMAL,배송이빨라욧~,2018-02-04T15:41:05.000+0000,STOREFARM,5,지니맘 어린이 큐빅 보석십자수 캐릭터,지니맘 큐빅십자수  DIY: 22번 발레
363825587,SELLBLOG,NORMAL,배송이빨라요~,2018-02-04T15:41:05.000+0000,STOREFARM,5,지니맘 어린이 큐빅 보석십자수 캐릭터,지니맘 큐빅십자수  DIY: 13번 헬로
363825582,SELLBLOG,NORMAL,배송이빨라요~,2018-02-04T15:41:05.000+0000,STOREFARM,5,지니맘 어린이 큐빅 보석십자수 캐릭터,지니맘 큐빅십자수  DIY: 42번 미니3
357662979,SELLBLOG,NORMAL,"아이가 좋아하고, 집중해서 잘해요.
큐빅 넉넉히 들어있어요",2018-01-23T00:26:56.000+0000,STOREFARM,5,지니맘 어린이 큐빅 보석십자수 캐릭터,지니맘 큐빅십자수  DIY: 28번 유니콘
361879632,SELLBLOG,NORMAL,배송빠르게 잘받았습니다,2018-01-31T10:26:43.000+0000,STOREFARM,3,지니맘 어린이 큐빅 보석십자수 캐릭터,지니맘 큐빅십자수  DIY: 8번 하트
362792338,SELLBLOG,NORMAL,상품잘받았습니다.,2018-02-02T14:08:28.000+0000,STOREFARM,5,지니맘 어린이 큐빅 보석십자수 캐릭터,지니맘 큐빅십자수  DIY: 4번 핑크
357374780,SELLBLOG,NORMAL,"아이들이 집중해서 너무 잘하네요~
모양도 이쁘고 귀엽네요~♡",2018-01-22T07:03:36.000+0000,STOREFARM,5,지니맘 어린이 큐빅 보석십자수 캐릭터,지니맘 큐빅십자수  DIY: 18번 컵
362370017,SELLBLOG,NORMAL,아이들이좋아해요,2018-02-01T13:08:50.000+0000,STOREFARM,5,지니맘 어린이 큐빅 보석십자수 캐릭터,지니맘 큐빅십자수  DIY: 8번 하트
362370013,SELLBLOG,NORMAL,아이들이좋아해요,2018-02-01T13:08:50.000+0000,STOREFARM,5,지니맘 어린이 큐빅 보석십자수 캐릭터,지니맘 큐빅십자수  DIY: 25번 슈퍼
362370008,SELLBLOG,NORMAL,아이들이좋아해요,2018-02-01T13:08:50.000+0000,STOREFARM,5,지니맘 어린이 큐빅 보석십자수 캐릭터,지니맘 큐빅십자수  DIY: 7번  카메라
363064378,SELLBLOG,NORMAL,너무 이뻐요,2018-02-03T05:41:16.000+0000,STOREFARM,5,지니맘 어린이 큐빅 보석십자수 캐릭터,지니맘 큐빅십자수  DIY: 9번 곰
363064370,SELLBLOG,NORMAL,너무 이뻐요,2018-02-03T05:41:16.000+0000,STOREFARM,5,지니맘 어린이 큐빅 보석십자수 캐릭터,지니맘 큐빅십자수  DIY: 28번 유니콘
363064367,SELLBLOG,NORMAL,너무 이뻐요,2018-02-03T05:41:16.000+0000,STOREFARM,5,지니맘 어린이 큐빅 보석십자수 캐릭터,지니맘 큐빅십자수  DIY: 27번 기린
363064364,SELLBLOG,NORMAL,너무 이뻐요,2018-02-03T05:41:16.000+0000,STOREFARM,5,지니맘 어린이 큐빅 보석십자수 캐릭터,지니맘 큐빅십자수  DIY: 33번 슈퍼맨
363064360,SELLBLOG,NORMAL,너무 이뻐요,2018-02-03T05:41:16.000+0000,STOREFARM,5,지니맘 어린이 큐빅 보석십자수 캐릭터,지니맘 큐빅십자수  DIY: 29번  안경토끼
371981826,SELLBLOG,NORMAL,조아요조아요,2018-02-23T23:52:58.000+0000,STOREFARM,5,지니맘 어린이 큐빅 보석십자수 캐릭터,지니맘 큐빅십자수  DIY: 5번 무지개
371981824,SELLBLOG,NORMAL,조아요조아요,2018-02-23T23:52:58.000+0000,STOREFARM,5,지니맘 어린이 큐빅 보석십자수 캐릭터,지니맘 큐빅십자수  DIY: 30번 클로버
371981822,SELLBLOG,NORMAL,조아요조아요,2018-02-23T23:52:58.000+0000,STOREFARM,5,지니맘 어린이 큐빅 보석십자수 캐릭터,지니맘 큐빅십자수  DIY: 28번 유니콘
361879635,SELLBLOG,NORMAL,아이가 재미있어합니다~,2018-01-31T10:26:43.000+0000,STOREFARM,5,지니맘 어린이 큐빅 보석십자수 캐릭터,지니맘 큐빅십자수  DIY: 11번 날개하트
362910400,SELLBLOG,NORMAL,좋아하네요,2018-02-03T00:53:50.000+0000,STOREFARM,5,지니맘 어린이 큐빅 보석십자수 캐릭터,지니맘 큐빅십자수  DIY: 8번 하트
362370003,SELLBLOG,NORMAL,아이들좋아해요,2018-02-01T13:08:50.000+0000,STOREFARM,5,지니맘 어린이 큐빅 보석십자수 캐릭터,지니맘 큐빅십자수  DIY: 28번 유니콘
361731442,SELLBLOG,NORMAL,아이가 많이 좋아하네요^^,2018-01-31T04:53:15.000+0000,STOREFARM,5,지니맘 어린이 큐빅 보석십자수 캐릭터,지니맘 큐빅십자수  DIY: 41번 몽이2
361731433,SELLBLOG,NORMAL,아이가많이좋아하네요^^,2018-01-31T04:53:15.000+0000,STOREFARM,5,지니맘 어린이 큐빅 보석십자수 캐릭터,지니맘 큐빅십자수  DIY: 18번 컵
361731421,SELLBLOG,NORMAL,아이가 많이 좋아하네요^^,2018-01-31T04:53:15.000+0000,STOREFARM,5,지니맘 어린이 큐빅 보석십자수 캐릭터,지니맘 큐빅십자수  DIY: 33번 슈퍼맨
342715049,SELLBLOG,NORMAL,잼있어여 도착하자마자 뜯어서 하고있어요 하는것도 쉽고 저한테는 태교로 딱맞아요 단점은 고개를 숙이느라 목이아픈거말거는 좋습니당,2017-12-20T11:00:37.000+0000,STOREFARM,5,지니맘 큐빅 보석십자수 캐릭터 패키지,큐빅십자수 키티 DIY: 5번 무지개
356980448,SELLBLOG,NORMAL,"아이들이 좋아하네요

방학용 시간때우기 딱",2018-01-21T14:56:56.000+0000,STOREFARM,5,지니맘 어린이 큐빅 보석십자수 캐릭터,지니맘 큐빅십자수  DIY: 40번 몽이1
351817889,SELLBLOG,NORMAL,애들이 좋아해요 긴 방학동안 뭐할까 고민하다 주문했는데 좋네요~도안도 예쁘고 큐빅 크기도 달라 더 재밌을것 같아요.,2018-01-11T01:07:32.000+0000,STOREFARM,5,지니맘 어린이 큐빅 보석십자수 캐릭터,지니맘 큐빅십자수  DIY: 39번 방패
359882481,SELLBLOG,NORMAL,작품 완성하고 또 주문하고파요,2018-01-27T12:57:13.000+0000,STOREFARM,5,지니맘 어린이 큐빅 보석십자수 캐릭터,지니맘 큐빅십자수  DIY: 30번 클로버
358640304,SELLBLOG,NORMAL,"초등 긴긴 겨울방학 시간 보내기 좋은 아이템입니다~
",2018-01-24T13:58:21.000+0000,STOREFARM,5,지니맘 어린이 큐빅 보석십자수 캐릭터,지니맘 큐빅십자수  DIY: 7번  카메라
362039193,SELLBLOG,NORMAL,아주좋아요,2018-01-31T23:09:40.000+0000,STOREFARM,5,지니맘 어린이 큐빅 보석십자수 캐릭터,지니맘 큐빅십자수  DIY: 11번 날개하트
357997695,SELLBLOG,NORMAL,"오자마자 몇 개 해보는데 재밌네요
아이들과 함께 하려구요",2018-01-23T10:11:22.000+0000,STOREFARM,5,지니맘 어린이 큐빅 보석십자수 캐릭터,지니맘 큐빅십자수  DIY: 30번 클로버
369935692,SELLBLOG,NORMAL,만족합니다  만족합니다 만족합니다 만족합니다 만족합니다 만족합니다 만족합니다 만족합니다 만족합니다 만족합니다 만족합니다 만족합니다 만족합니다,2018-02-18T04:21:11.000+0000,STOREFARM,5,지니맘 어린이 큐빅 보석십자수 캐릭터,지니맘 큐빅십자수  DIY: 15번 리본
357982801,SELLBLOG,NORMAL,친구딸을 위해 샀는데 색감이랑 모양이 이쁘네요.,2018-01-23T09:41:13.000+0000,STOREFARM,5,지니맘 어린이 큐빅 보석십자수 캐릭터,지니맘 큐빅십자수  DIY: 28번 유니콘
342715961,SELLBLOG,NORMAL,굿 받자마자 했네요 집중도잘되고 택교로구매햇는데 시작하니 빠져드네여.다만 목이아파서 쉬엄쉬엄 하고 잇어여,2017-12-20T11:02:57.000+0000,STOREFARM,5,지니맘 큐빅 보석십자수 캐릭터 패키지,큐빅십자수 키티 DIY: 4번 핑크
357286053,SELLBLOG,NORMAL,아들래미가 움직이지도 않고 몇시간만에 완성했어요!,2018-01-22T04:38:53.000+0000,STOREFARM,5,지니맘 어린이 큐빅 보석십자수 캐릭터,지니맘 큐빅십자수  DIY: 39번 방패
351818420,SELLBLOG,NORMAL,아이가 좋아해요 하고 싶은 모양이 많이 품절이라 아쉽지만 너무 예쁘네요. 스티커도 반씩 나눠져 있어 좋아요.,2018-01-11T01:08:56.000+0000,STOREFARM,5,지니맘 어린이 큐빅 보석십자수 캐릭터,지니맘 큐빅십자수  DIY: 18번 컵
358640306,SELLBLOG,NORMAL,이틀동안 딸램 시간 보내기 유익했네요ㅎ,2018-01-24T13:58:21.000+0000,STOREFARM,5,지니맘 어린이 큐빅 보석십자수 캐릭터,지니맘 큐빅십자수  DIY: 18번 컵
358542793,SELLBLOG,NORMAL,아이들이 집중해서 재미있게 했어요,2018-01-24T09:47:49.000+0000,STOREFARM,5,지니맘 어린이 큐빅 보석십자수 캐릭터,지니맘 큐빅십자수  DIY: 37번 망치
357380420,SELLBLOG,NORMAL,좋아요 ^^ 딸아이도 만족합니다.,2018-01-22T07:13:52.000+0000,STOREFARM,5,지니맘 어린이 큐빅 보석십자수 캐릭터,지니맘 큐빅십자수  DIY: 19번 딸기
352602530,SELLBLOG,NORMAL,생일선물로 주려고 구매했네요! 딸아이 친구가 좋아했으면 좋겠어요! 빠른배송 감사합니다!,2018-01-12T16:12:58.000+0000,STOREFARM,5,지니맘 어린이 큐빅 보석십자수 캐릭터,지니맘 큐빅십자수  DIY: 18번 컵
356428245,SELLBLOG,NORMAL,예쁘고 시간이 잘 가네요. 애가 좋아해요,2018-01-20T10:46:36.000+0000,STOREFARM,5,지니맘 어린이 큐빅 보석십자수 캐릭터,지니맘 큐빅십자수  DIY: 10번 수박
359766287,SELLBLOG,NORMAL,집중력 키우기좋네요,2018-01-27T07:54:10.000+0000,STOREFARM,5,지니맘 어린이 큐빅 보석십자수 캐릭터,지니맘 큐빅십자수  DIY: 12번 검은모자
358542801,SELLBLOG,NORMAL,재미있게 시간 보낼 수 있어 좋아요,2018-01-24T09:47:49.000+0000,STOREFARM,5,지니맘 어린이 큐빅 보석십자수 캐릭터,지니맘 큐빅십자수  DIY: 1번 칼라
358542796,SELLBLOG,NORMAL,재미있게 시간 보낼 수 있어 좋아요,2018-01-24T09:47:49.000+0000,STOREFARM,5,지니맘 어린이 큐빅 보석십자수 캐릭터,지니맘 큐빅십자수  DIY: 14번 원형
359882488,SELLBLOG,NORMAL,정말 만족스러워요,2018-01-27T12:57:13.000+0000,STOREFARM,5,지니맘 어린이 큐빅 보석십자수 캐릭터,지니맘 큐빅십자수  DIY: 21번 나비
354026023,SELLBLOG,NORMAL,"딸아이가 좋아해서 구매했습니다^^
완성하는데 금방이구요..너무 이뻐요~^^",2018-01-15T11:47:11.000+0000,STOREFARM,5,지니맘 어린이 큐빅 보석십자수 캐릭터,지니맘 큐빅십자수  DIY: 29번  안경토끼
359882479,SELLBLOG,NORMAL,정말 맘에 들어요,2018-01-27T12:57:13.000+0000,STOREFARM,5,지니맘 어린이 큐빅 보석십자수 캐릭터,지니맘 큐빅십자수  DIY: 10번 수박
360498324,SELLBLOG,NORMAL,만족합니다 ,2018-01-29T00:23:11.000+0000,STOREFARM,5,지니맘 어린이 큐빅 보석십자수 캐릭터,지니맘 큐빅십자수  DIY: 30번 클로버
360498317,SELLBLOG,NORMAL,만족합니다 ,2018-01-29T00:23:11.000+0000,STOREFARM,5,지니맘 어린이 큐빅 보석십자수 캐릭터,지니맘 큐빅십자수  DIY: 40번 몽이1
360498314,SELLBLOG,NORMAL,만족합니다 ,2018-01-29T00:23:11.000+0000,STOREFARM,5,지니맘 어린이 큐빅 보석십자수 캐릭터,지니맘 큐빅십자수  DIY: 45번 미니3
360498311,SELLBLOG,NORMAL,만족합니다 ,2018-01-29T00:23:11.000+0000,STOREFARM,5,지니맘 어린이 큐빅 보석십자수 캐릭터,지니맘 큐빅십자수  DIY: 18번 컵
360498305,SELLBLOG,NORMAL,만족합니다 ,2018-01-29T00:23:11.000+0000,STOREFARM,5,지니맘 어린이 큐빅 보석십자수 캐릭터,지니맘 큐빅십자수  DIY: 44번 미니2
342715475,SELLBLOG,NORMAL,굿 잼있고 좋아요 태교로 좋은것같아요^^ 굿입니다 아주 적극 추천해요목이아픈거말고는 좋아용젛아여,2017-12-20T11:01:44.000+0000,STOREFARM,5,지니맘 큐빅 보석십자수 캐릭터 패키지,큐빅십자수 키티 DIY: 3번 블루
358198718,SELLBLOG,NORMAL,아이들에게는 너무 재밌겠네요 ,2018-01-23T20:43:22.000+0000,STOREFARM,5,지니맘 어린이 큐빅 보석십자수 캐릭터,지니맘 큐빅십자수  DIY: 36번 가면
355851720,SELLBLOG,NORMAL,아주 좋아요 재미있게 합니다,2018-01-19T06:00:35.000+0000,STOREFARM,5,지니맘 어린이 큐빅 보석십자수 캐릭터,지니맘 큐빅십자수  DIY: 18번 컵
359766280,SELLBLOG,NORMAL,너무재밌어요,2018-01-27T07:54:10.000+0000,STOREFARM,5,지니맘 어린이 큐빅 보석십자수 캐릭터,지니맘 큐빅십자수  DIY: 35번 별
357380432,SELLBLOG,NORMAL,좋아요. 만족합니다.,2018-01-22T07:13:52.000+0000,STOREFARM,5,지니맘 어린이 큐빅 보석십자수 캐릭터,지니맘 큐빅십자수  DIY: 2번 봄디아
357286034,SELLBLOG,NORMAL,아이들이 보석십자수에 빠져있어요!,2018-01-22T04:38:53.000+0000,STOREFARM,5,지니맘 어린이 큐빅 보석십자수 캐릭터,지니맘 큐빅십자수  DIY: 2번 봄디아
356428259,SELLBLOG,NORMAL,품절된거 입고되면  다른것도 사야겠어요,2018-01-20T10:46:36.000+0000,STOREFARM,5,지니맘 어린이 큐빅 보석십자수 캐릭터,지니맘 큐빅십자수  DIY: 5번 무지개
358198715,SELLBLOG,NORMAL,재밌게 잘 하구 놀아요,2018-01-23T20:43:22.000+0000,STOREFARM,3,지니맘 어린이 큐빅 보석십자수 캐릭터,지니맘 큐빅십자수  DIY: 37번 망치
357405709,SELLBLOG,NORMAL,뒷면스티커인줄로착각했네요ㅠㅠ,2018-01-22T07:59:25.000+0000,STOREFARM,3,지니맘 어린이 큐빅 보석십자수 캐릭터,지니맘 큐빅십자수  DIY: 28번 유니콘
354063847,SELLBLOG,NORMAL,아이가 너무 좋아해요~ 액자를 못사서 아쉽네요ㅜ,2018-01-15T13:29:32.000+0000,STOREFARM,5,지니맘 어린이 큐빅 보석십자수 캐릭터,지니맘 큐빅십자수  DIY: 1번 칼라
359247355,SELLBLOG,NORMAL,완성하면예뻐요!!,2018-01-26T05:32:38.000+0000,STOREFARM,5,지니맘 어린이 큐빅 보석십자수 캐릭터,지니맘 큐빅십자수  DIY: 11번 날개하트
359247346,SELLBLOG,NORMAL,사진이랑같아요!!,2018-01-26T05:32:38.000+0000,STOREFARM,5,지니맘 어린이 큐빅 보석십자수 캐릭터,지니맘 큐빅십자수  DIY: 4번 핑크
357286041,SELLBLOG,NORMAL,딸래미가 또 사달라고 하네요!,2018-01-22T04:38:53.000+0000,STOREFARM,5,지니맘 어린이 큐빅 보석십자수 캐릭터,지니맘 큐빅십자수  DIY: 22번 발레
358198714,SELLBLOG,NORMAL,재미있게 발했어요 ,2018-01-23T20:43:22.000+0000,STOREFARM,3,지니맘 어린이 큐빅 보석십자수 캐릭터,지니맘 큐빅십자수  DIY: 14번 원형
355851736,SELLBLOG,NORMAL,아주 좋아요~~~ 다하면 또 구매할게요~^^,2018-01-19T06:00:35.000+0000,STOREFARM,5,지니맘 어린이 큐빅 보석십자수 캐릭터,지니맘 큐빅십자수  DIY: 3번 블루
358399199,SELLBLOG,NORMAL,아이가 좋아해요 ,2018-01-24T04:44:45.000+0000,STOREFARM,5,지니맘 어린이 큐빅 보석십자수 캐릭터,지니맘 큐빅십자수  DIY: 22번 발레
358399191,SELLBLOG,NORMAL,빠르게 잘 왔어요 ,2018-01-24T04:44:45.000+0000,STOREFARM,5,지니맘 어린이 큐빅 보석십자수 캐릭터,지니맘 큐빅십자수  DIY: 28번 유니콘
356664716,SELLBLOG,NORMAL,포장 야무지고 큐빅 넉넉합니다,2018-01-21T02:47:29.000+0000,STOREFARM,5,지니맘 어린이 큐빅 보석십자수 캐릭터,지니맘 큐빅십자수  DIY: 4번 핑크
358070018,SELLBLOG,NORMAL,캐릭터가 귀여워요,2018-01-23T12:28:40.000+0000,STOREFARM,5,지니맘 어린이 큐빅 보석십자수 캐릭터,지니맘 큐빅십자수  DIY: 40번 몽이1
359434848,SELLBLOG,NORMAL,만족합니다!,2018-01-26T13:27:09.000+0000,STOREFARM,5,지니맘 어린이 큐빅 보석십자수 캐릭터,지니맘 큐빅십자수  DIY: 19번 딸기
359434778,SELLBLOG,NORMAL,만족합니다!,2018-01-26T13:26:55.000+0000,STOREFARM,5,지니맘 어린이 큐빅 보석십자수 캐릭터,지니맘 큐빅십자수  DIY: 4번 핑크
347629187,SELLBLOG,NORMAL,기린 너무 너무 예뻐요. 기다린 보람이 있었어요. 집 근처에도 팔긴 하던데 15000원이라고 하더라고요. 저렴한 가격에 아주 잘 산 것 같아요. 해놓고 보니 더 예뻤어요.,2018-01-02T04:20:03.000+0000,STOREFARM,5,지니맘 큐빅 보석십자수 캐릭터 패키지,큐빅십자수 키티 DIY: 27번 기린
359882492,SELLBLOG,NORMAL,정말 좋아요^^~,2018-01-27T12:57:13.000+0000,STOREFARM,5,지니맘 어린이 큐빅 보석십자수 캐릭터,지니맘 큐빅십자수  DIY: 5번 무지개
347627238,SELLBLOG,NORMAL,두번째 구매인데요. 일단 판매자분께서 너무 친절하셔서 기분 좋았어요. 생각지도 못한 사은품에 더 더 기분 좋더라고요 ^^ 꼭 이렇게 후기 남기고 싶었어요.,2018-01-02T04:16:02.000+0000,STOREFARM,5,지니맘 큐빅 보석십자수 캐릭터 패키지,지니맘 큐빅십자수  DIY: 32번 검은고양이
358070014,SELLBLOG,NORMAL,큐빅이 귀여워요,2018-01-23T12:28:40.000+0000,STOREFARM,5,지니맘 어린이 큐빅 보석십자수 캐릭터,지니맘 큐빅십자수  DIY: 44번 미니2
359247359,SELLBLOG,NORMAL,넘 귀여어요!!,2018-01-26T05:32:38.000+0000,STOREFARM,5,지니맘 어린이 큐빅 보석십자수 캐릭터,지니맘 큐빅십자수  DIY: 28번 유니콘
354032989,SELLBLOG,NORMAL,빠른배송감사드려요~ 제품도 좋아요,2018-01-15T12:05:55.000+0000,STOREFARM,5,지니맘 어린이 큐빅 보석십자수 캐릭터,지니맘 큐빅십자수  DIY: 7번  카메라
356664708,SELLBLOG,NORMAL,큐빅도 넉넉하고 좋아요,2018-01-21T02:47:29.000+0000,STOREFARM,5,지니맘 어린이 큐빅 보석십자수 캐릭터,지니맘 큐빅십자수  DIY: 33번 슈퍼맨
358070008,SELLBLOG,NORMAL,귀여워용정말,2018-01-23T12:28:40.000+0000,STOREFARM,5,지니맘 어린이 큐빅 보석십자수 캐릭터,지니맘 큐빅십자수  DIY: 8번 하트
356664726,SELLBLOG,NORMAL,큐빅 넉넉하고 좋습니다,2018-01-21T02:47:29.000+0000,STOREFARM,5,지니맘 어린이 큐빅 보석십자수 캐릭터,지니맘 큐빅십자수  DIY: 34번 베트맨
356378346,SELLBLOG,NORMAL,목아프고 눈알빠져도 재밋음 ㅎ,2018-01-20T08:28:19.000+0000,STOREFARM,5,지니맘 어린이 큐빅 보석십자수 캐릭터,지니맘 큐빅십자수  DIY: 5번 무지개
357572987,SELLBLOG,NORMAL,"조카들이 좋아하네요~~
",2018-01-22T15:22:55.000+0000,STOREFARM,5,지니맘 어린이 큐빅 보석십자수 캐릭터,지니맘 큐빅십자수  DIY: 14번 원형
358070003,SELLBLOG,NORMAL,재미있어요,2018-01-23T12:28:40.000+0000,STOREFARM,5,지니맘 어린이 큐빅 보석십자수 캐릭터,지니맘 큐빅십자수  DIY: 41번 몽이2
358070029,SELLBLOG,NORMAL,만족합니다,2018-01-23T12:28:40.000+0000,STOREFARM,5,지니맘 어린이 큐빅 보석십자수 캐릭터,지니맘 큐빅십자수  DIY: 16번 두마리
357914150,SELLBLOG,NORMAL,넘넘 예뻐요,2018-01-23T07:36:55.000+0000,STOREFARM,5,지니맘 어린이 큐빅 보석십자수 캐릭터,지니맘 큐빅십자수  DIY: 28번 유니콘
355457478,SELLBLOG,NORMAL,사고 싶어한 물건 들어와 좋아요,2018-01-18T06:32:54.000+0000,STOREFARM,5,지니맘 어린이 큐빅 보석십자수 캐릭터,지니맘 큐빅십자수  DIY: 40번 몽이1
356839548,SELLBLOG,NORMAL,배송도 빠르고 지,2018-01-21T09:40:13.000+0000,STOREFARM,5,지니맘 어린이 큐빅 보석십자수 캐릭터,지니맘 큐빅십자수  DIY: 4번 핑크
347626719,SELLBLOG,NORMAL,이틀만에 한 작품을 뚝딱 해치웠어요. 보통 여가시간을 티비를 보거나 게임을 하는데 큐빅십자수 덕분에 집중도 하고 재밌다고 하더군요 ^^,2018-01-02T04:14:59.000+0000,STOREFARM,5,지니맘 큐빅 보석십자수 캐릭터 패키지,지니맘 큐빅십자수  DIY: 25번 슈퍼
356428250,SELLBLOG,NORMAL,애가 맘에 들어해요,2018-01-20T10:46:36.000+0000,STOREFARM,5,지니맘 어린이 큐빅 보석십자수 캐릭터,지니맘 큐빅십자수  DIY: 21번 나비
357264299,SELLBLOG,NORMAL,잘받았습니다 ,2018-01-22T04:06:15.000+0000,STOREFARM,5,지니맘 어린이 큐빅 보석십자수 캐릭터,지니맘 큐빅십자수  DIY: 25번 슈퍼
356839543,SELLBLOG,NORMAL,아이들이 좋아해요~,2018-01-21T09:40:13.000+0000,STOREFARM,5,지니맘 어린이 큐빅 보석십자수 캐릭터,지니맘 큐빅십자수  DIY: 1번 칼라
347629673,SELLBLOG,NORMAL,굿 초이스 이것도 하고나니 더 예뻤어요. 같이 구매한 액자에 예쁘게 넣어놨답니다. 아이들도 하고나서 보람을 느끼나봐요.,2018-01-02T04:21:06.000+0000,STOREFARM,5,지니맘 큐빅 보석십자수 캐릭터 패키지,큐빅십자수 키티 DIY: 28번 유니콘
356428254,SELLBLOG,NORMAL,벌써 또 사고 싶네요,2018-01-20T10:46:36.000+0000,STOREFARM,5,지니맘 어린이 큐빅 보석십자수 캐릭터,지니맘 큐빅십자수  DIY: 30번 클로버
356664712,SELLBLOG,NORMAL,큐빅도 넉넉해요,2018-01-21T02:47:29.000+0000,STOREFARM,5,지니맘 어린이 큐빅 보석십자수 캐릭터,지니맘 큐빅십자수  DIY: 1번 칼라
347626113,SELLBLOG,NORMAL,아이들이 너무 좋아해요. 가격도 시중에 가게보다 많이 저렴하고요. 정말 괜찮은 것 같아요. 아이들 하기 딱 좋은 사이즈에요.,2018-01-02T04:13:37.000+0000,STOREFARM,5,지니맘 큐빅 보석십자수 캐릭터 패키지,지니맘 큐빅십자수  DIY: 1번 칼라
357234887,SELLBLOG,NORMAL,감사합니다,2018-01-22T03:19:26.000+0000,STOREFARM,5,지니맘 어린이 큐빅 보석십자수 캐릭터,지니맘 큐빅십자수  DIY: 41번 몽이2
357234881,SELLBLOG,NORMAL,감사합니다,2018-01-22T03:19:26.000+0000,STOREFARM,5,지니맘 어린이 큐빅 보석십자수 캐릭터,지니맘 큐빅십자수  DIY: 42번 몽이3
357234874,SELLBLOG,NORMAL,감사합니다,2018-01-22T03:19:26.000+0000,STOREFARM,5,지니맘 어린이 큐빅 보석십자수 캐릭터,지니맘 큐빅십자수  DIY: 40번 몽이1
355851731,SELLBLOG,NORMAL,아주 좋아요 쉽게 할 수 있어요,2018-01-19T06:00:35.000+0000,STOREFARM,5,지니맘 어린이 큐빅 보석십자수 캐릭터,지니맘 큐빅십자수  DIY: 7번  카메라
355851727,SELLBLOG,NORMAL,아이가 아주 좋아해요,2018-01-19T06:00:35.000+0000,STOREFARM,5,지니맘 어린이 큐빅 보석십자수 캐릭터,지니맘 큐빅십자수  DIY: 22번 발레
354658499,SELLBLOG,NORMAL,아이 방학때 놀거리가 생겨 좋습니다.,2018-01-16T14:22:42.000+0000,STOREFARM,5,지니맘 어린이 큐빅 보석십자수 캐릭터,지니맘 큐빅십자수  DIY: 32번 검은고양이
343180956,SELLBLOG,NORMAL,"ㅈㅇㅇ 비즈 몇개가 불량인거빼곤 좋아요 모자란것도 없고ㅎㅎ
삼일만에 다했네요 다 해놓으니 예쁘네요ㅎㅎ",2017-12-21T12:12:05.000+0000,STOREFARM,4,지니맘 큐빅십자수 보석십자수 캐릭터 패키지,큐빅십자수 키티 DIY: 16번 두마리
355457470,SELLBLOG,NORMAL,품절 풀려서 너무 좋아요,2018-01-18T06:32:54.000+0000,STOREFARM,5,지니맘 어린이 큐빅 보석십자수 캐릭터,지니맘 큐빅십자수  DIY: 6번  꿀벌
357168285,SELLBLOG,NORMAL,너무 이쁘네요^^,2018-01-22T01:46:35.000+0000,STOREFARM,5,지니맘 어린이 큐빅 보석십자수 캐릭터,지니맘 큐빅십자수  DIY: 22번 발레
347628230,SELLBLOG,NORMAL,저번주 금요일에 받고 아이들 두개씩 총 4개 주문했었는데 큰 아이는 2개 다 하고 작은 아이는 1개 했어요. 조만간 또 주문해야하나 싶네요 ㅎ,2018-01-02T04:17:58.000+0000,STOREFARM,5,지니맘 큐빅 보석십자수 캐릭터 패키지,지니맘 큐빅십자수  DIY: 36번 가면
354063850,SELLBLOG,NORMAL,아이가 너무 좋아해서 재구매했어요~,2018-01-15T13:29:32.000+0000,STOREFARM,5,지니맘 어린이 큐빅 보석십자수 캐릭터,지니맘 큐빅십자수  DIY: 18번 컵
356315030,SELLBLOG,NORMAL,만족합니다,2018-01-20T06:15:08.000+0000,STOREFARM,5,지니맘 어린이 큐빅 보석십자수 캐릭터,지니맘 큐빅십자수  DIY: 32번 검은고양이
355455909,SELLBLOG,NORMAL,사진이랑같습니다,2018-01-18T06:29:54.000+0000,STOREFARM,5,지니맘 어린이 큐빅 보석십자수 캐릭터,지니맘 큐빅십자수  DIY: 14번 원형
356236691,SELLBLOG,NORMAL,만족합니다,2018-01-20T03:40:08.000+0000,STOREFARM,5,지니맘 어린이 큐빅 보석십자수 캐릭터,지니맘 큐빅십자수  DIY: 43번 미니1
355492526,SELLBLOG,NORMAL,아이가 좋아해요,2018-01-18T07:43:26.000+0000,STOREFARM,5,지니맘 어린이 큐빅 보석십자수 캐릭터,지니맘 큐빅십자수  DIY: 2번 봄디아
355492521,SELLBLOG,NORMAL,아이가 좋아해요,2018-01-18T07:43:26.000+0000,STOREFARM,5,지니맘 어린이 큐빅 보석십자수 캐릭터,지니맘 큐빅십자수  DIY: 19번 딸기
350509144,SELLBLOG,NORMAL,"보석십자수 넘좋아요^~^
애들 하기도 좋은듯 싶네요~",2018-01-08T16:13:43.000+0000,STOREFARM,5,지니맘 큐빅 보석십자수 캐릭터 패키지,지니맘 큐빅십자수  DIY: 40번 몽이1
352602535,SELLBLOG,NORMAL,딸아이 방학동안에 할려고 주문해봤어요!,2018-01-12T16:12:58.000+0000,STOREFARM,5,지니맘 어린이 큐빅 보석십자수 캐릭터,지니맘 큐빅십자수  DIY: 30번 클로버
357374805,SELLBLOG,NORMAL,좋아요~♡,2018-01-22T07:03:36.000+0000,STOREFARM,5,지니맘 어린이 큐빅 보석십자수 캐릭터,지니맘 큐빅십자수  DIY: 7번  카메라
357374799,SELLBLOG,NORMAL,좋아요~♡,2018-01-22T07:03:36.000+0000,STOREFARM,5,지니맘 어린이 큐빅 보석십자수 캐릭터,지니맘 큐빅십자수  DIY: 3번 블루
357374789,SELLBLOG,NORMAL,좋아요~♡,2018-01-22T07:03:36.000+0000,STOREFARM,5,지니맘 어린이 큐빅 보석십자수 캐릭터,지니맘 큐빅십자수  DIY: 4번 핑크
353296145,SELLBLOG,NORMAL,재주문했어요 만족합니다,2018-01-14T06:16:46.000+0000,STOREFARM,5,지니맘 어린이 큐빅 보석십자수 캐릭터,지니맘 큐빅십자수  DIY: 32번 검은고양이
353677776,SELLBLOG,NORMAL,배송빠르고 재밌어요,2018-01-15T01:16:29.000+0000,STOREFARM,5,지니맘 어린이 큐빅 보석십자수 캐릭터,지니맘 큐빅십자수  DIY: 19번 딸기
354033005,SELLBLOG,NORMAL,빠른배송 감사합니다.,2018-01-15T12:05:55.000+0000,STOREFARM,5,지니맘 어린이 큐빅 보석십자수 캐릭터,지니맘 큐빅십자수  DIY: 3번 블루
354033000,SELLBLOG,NORMAL,빠른배송 감사합니다.,2018-01-15T12:05:55.000+0000,STOREFARM,5,지니맘 어린이 큐빅 보석십자수 캐릭터,지니맘 큐빅십자수  DIY: 1번 칼라
354032997,SELLBLOG,NORMAL,빠른배송 감사합니다!,2018-01-15T12:05:55.000+0000,STOREFARM,5,지니맘 어린이 큐빅 보석십자수 캐릭터,지니맘 큐빅십자수  DIY: 8번 하트
353478327,SELLBLOG,NORMAL,상품 잘받았습니다.,2018-01-14T13:33:51.000+0000,STOREFARM,5,지니맘 어린이 큐빅 보석십자수 캐릭터,지니맘 큐빅십자수  DIY: 31번 스마일
349465435,SELLBLOG,NORMAL,"생각보다 쉽고 중독성이 있으며
완성후 만족도가 높아요~",2018-01-06T15:14:57.000+0000,STOREFARM,5,지니맘 큐빅 보석십자수 캐릭터 패키지,지니맘 큐빅십자수  DIY: 5번 무지개
345126305,SELLBLOG,NORMAL,넘 좋아해요 배송도 빨랐구요. 조카들 선물했는데 넘 좋아하더라구요. 처음 해보는건데도 재미있게 했어요.,2017-12-26T08:44:26.000+0000,STOREFARM,5,지니맘 큐빅십자수 보석십자수 캐릭터 패키지,큐빅십자수 키티 DIY: 30번 클로버
345126667,SELLBLOG,NORMAL,넘 좋아해요 배송도 빨랐구요. 조카들 선물해줬는데 넘 좋아하더라구요. 처음 해보는건데도 재미있게 했어요,2017-12-26T08:45:19.000+0000,STOREFARM,5,지니맘 큐빅십자수 보석십자수 캐릭터 패키지,큐빅십자수 키티 DIY: 6번  꿀벌
345125794,SELLBLOG,NORMAL,넘 좋아해요 배송도 빨랐구요. 조카들 선물해줬는데 넘 좋아했어요. 처음 해보는건데도 잼있게 하더라구요.,2017-12-26T08:43:06.000+0000,STOREFARM,5,지니맘 큐빅십자수 보석십자수 캐릭터 패키지,큐빅십자수 키티 DIY: 3번 블루
345125463,SELLBLOG,NORMAL,넘 좋아해요 배송도 빨랐구요. 조카들 선물해줬는데 넘 좋아했어요. 처음 해보는건데도 재밌게 하더라구요.,2017-12-26T08:42:07.000+0000,STOREFARM,5,지니맘 큐빅십자수 보석십자수 캐릭터 패키지,큐빅십자수 키티 DIY: 13번 헬로
350524385,SELLBLOG,NORMAL,두캐릭이 조합 넘좋아요,2018-01-08T17:51:42.000+0000,STOREFARM,5,지니맘 큐빅 보석십자수 캐릭터 패키지,지니맘 큐빅십자수  DIY: 16번 두마리
351817467,SELLBLOG,NORMAL,너무 예쁘네요,2018-01-11T01:06:10.000+0000,STOREFARM,5,지니맘 어린이 큐빅 보석십자수 캐릭터,지니맘 큐빅십자수  DIY: 18번 컵
354878423,SELLBLOG,NORMAL,조아용 ㅎㅎㅎㅎ,2018-01-17T02:37:26.000+0000,STOREFARM,5,지니맘 어린이 큐빅 보석십자수 캐릭터,지니맘 큐빅십자수  DIY: 40번 몽이1
346842560,SELLBLOG,NORMAL,금액대비 힐링힐링~~애들방 꾸며줄려고요~~만족합니다,2017-12-31T02:46:57.000+0000,STOREFARM,5,지니맘 큐빅 보석십자수 캐릭터 패키지,지니맘 큐빅십자수  DIY: 35번 별
351817461,SELLBLOG,NORMAL,너무 예뻐요,2018-01-11T01:06:10.000+0000,STOREFARM,5,지니맘 어린이 큐빅 보석십자수 캐릭터,지니맘 큐빅십자수  DIY: 39번 방패
349114656,SELLBLOG,NORMAL,좋아요. 아이가 좋아해요,2018-01-05T16:13:04.000+0000,STOREFARM,5,지니맘 어린이 큐빅 보석십자수 캐릭터,지니맘 큐빅십자수  DIY: 15번 리본
349636634,SELLBLOG,NORMAL,아이들이 너무좋아해여,2018-01-07T03:35:53.000+0000,STOREFARM,5,지니맘 큐빅 보석십자수 캐릭터 패키지,지니맘 큐빅십자수  DIY: 28번 유니콘
359780733,SELLBLOG,NORMAL,굿 넘나좋아서 만족해요넘나좋아서 만족해요넘나좋아서 만족해요넘나좋아서 만족해요 대박대박나세요...,2018-01-27T08:28:12.000+0000,STOREFARM,5,지니맘 어린이 큐빅 보석십자수 캐릭터,지니맘 큐빅십자수  DIY: 11번 날개하트
359780638,SELLBLOG,NORMAL,굿 넘나좋아서 만족해요넘나좋아서 만족해요넘나좋아서 만족해요넘나좋아서 만족해요 대박대박나세요...,2018-01-27T08:27:57.000+0000,STOREFARM,5,지니맘 어린이 큐빅 보석십자수 캐릭터,지니맘 큐빅십자수  DIY: 36번 가면
359780542,SELLBLOG,NORMAL,굿넘나좋아서 만족해요넘나좋아서 만족해요넘나좋아서 만족해요넘나좋아서 만족해요 대박대박나세요...,2018-01-27T08:27:43.000+0000,STOREFARM,5,지니맘 어린이 큐빅 보석십자수 캐릭터,지니맘 큐빅십자수  DIY: 36번 가면
350524380,SELLBLOG,NORMAL,귀엽고 이뽀요,2018-01-08T17:51:42.000+0000,STOREFARM,5,지니맘 큐빅 보석십자수 캐릭터 패키지,지니맘 큐빅십자수  DIY: 9번 곰
349635311,SELLBLOG,NORMAL,너무너무 이쁘고 애가 좋아해요~,2018-01-07T03:32:50.000+0000,STOREFARM,5,지니맘 큐빅 보석십자수 캐릭터 패키지,지니맘 큐빅십자수  DIY: 12번 검은모자
349636639,SELLBLOG,NORMAL,아이들이 좋아해요,2018-01-07T03:35:53.000+0000,STOREFARM,5,지니맘 큐빅 보석십자수 캐릭터 패키지,지니맘 큐빅십자수  DIY: 13번 헬로
349465437,SELLBLOG,NORMAL,너무 이쁘고 재밌어요,2018-01-06T15:14:57.000+0000,STOREFARM,5,지니맘 큐빅 보석십자수 캐릭터 패키지,지니맘 큐빅십자수  DIY: 41번 몽이2
350524379,SELLBLOG,NORMAL,핑크라 반짝반짝 이뻐요~,2018-01-08T17:51:42.000+0000,STOREFARM,5,지니맘 큐빅 보석십자수 캐릭터 패키지,지니맘 큐빅십자수  DIY: 4번 핑크
362911721,SELLBLOG,NORMAL,딸선물 ㄴㅅㄴㅅㆍ슷ㄷㅈㄷㅅㄷㅅㄷㅅㄴㅂㆍ빗ㆍㅅㆍㅇㄷㅅㄷㅅㄷㅅㄷㅅㄷㅅㄷㅅㄷㄴㅅㄴㅅㄷㅅㄷ슷ㄷ슷ㄷㅅㄷㅇㄴㅇㄴㅅㄴㅅ,2018-02-03T00:56:32.000+0000,STOREFARM,5,지니맘 어린이 큐빅 보석십자수 캐릭터,지니맘 큐빅십자수  DIY: 8번 하트
359780546,SELLBLOG,NORMAL,넘나좋아서 만족해요넘나좋아서 만족해요넘나좋아서 만족해요넘나좋아서 만족해요 대박대박나세요...,2018-01-27T08:27:43.000+0000,STOREFARM,5,지니맘 어린이 큐빅 보석십자수 캐릭터,지니맘 큐빅십자수  DIY: 11번 날개하트
343936349,SELLBLOG,NORMAL,은근 중독성 있네요. 그맛 멈춰야하는데 계속 하게 되네요. 헬로키티 정말 예쁘네요.,2017-12-23T09:43:59.000+0000,STOREFARM,5,지니맘 큐빅십자수 보석십자수 캐릭터 패키지,큐빅십자수 키티 DIY: 14번 원형
343934636,SELLBLOG,NORMAL,대만족이에요. 보석십자수 은근 중독성 있네요. 보석 크기가 다양해서 더 예쁘네요.,2017-12-23T09:38:58.000+0000,STOREFARM,5,지니맘 큐빅십자수 보석십자수 캐릭터 패키지,큐빅십자수 키티 DIY: 6번  꿀벌
349114662,SELLBLOG,NORMAL,아이가 집중해요,2018-01-05T16:13:04.000+0000,STOREFARM,5,지니맘 어린이 큐빅 보석십자수 캐릭터,지니맘 큐빅십자수  DIY: 6번  꿀벌
359766283,SELLBLOG,NORMAL,좋아요좋아요,2018-01-27T07:54:10.000+0000,STOREFARM,5,지니맘 어린이 큐빅 보석십자수 캐릭터,지니맘 큐빅십자수  DIY: 15번 리본
359766275,SELLBLOG,NORMAL,좋아요좋아요,2018-01-27T07:54:10.000+0000,STOREFARM,5,지니맘 어린이 큐빅 보석십자수 캐릭터,지니맘 큐빅십자수  DIY: 11번 날개하트
347653901,SELLBLOG,NORMAL,"아이가 좋아해요.
예뻐요.",2018-01-02T05:15:17.000+0000,STOREFARM,5,지니맘 큐빅 보석십자수 캐릭터 패키지,지니맘 큐빅십자수  DIY: 41번 몽이2
347653898,SELLBLOG,NORMAL,"아이가 좋아해요.
예뻐요.",2018-01-02T05:15:17.000+0000,STOREFARM,5,지니맘 큐빅 보석십자수 캐릭터 패키지,지니맘 큐빅십자수  DIY: 27번 기린
347653891,SELLBLOG,NORMAL,"아이가 좋아해요.
예뻐요.",2018-01-02T05:15:17.000+0000,STOREFARM,5,지니맘 큐빅 보석십자수 캐릭터 패키지,지니맘 큐빅십자수  DIY: 9번 곰
347653887,SELLBLOG,NORMAL,"아이가 좋아해요.
예뻐요.",2018-01-02T05:15:17.000+0000,STOREFARM,5,지니맘 큐빅 보석십자수 캐릭터 패키지,지니맘 큐빅십자수  DIY: 28번 유니콘
347653885,SELLBLOG,NORMAL,"아이가 좋아해요.
예뻐요.",2018-01-02T05:15:17.000+0000,STOREFARM,5,지니맘 큐빅 보석십자수 캐릭터 패키지,지니맘 큐빅십자수  DIY: 11번 날개하트
344230521,SELLBLOG,NORMAL,"가격도 저렴하고, 하기도 쉽고 완성후 너무 예쁘네요. 너무 좋아요 많이파세용~~~",2017-12-24T05:42:56.000+0000,STOREFARM,5,지니맘 큐빅 보석십자수 캐릭터 패키지,큐빅십자수 키티 DIY: 14번 원형
347160055,SELLBLOG,NORMAL,"이쁩니다
아이가 하기엔 좀 크네요",2018-01-01T03:52:40.000+0000,STOREFARM,5,지니맘 큐빅 보석십자수 캐릭터 패키지,지니맘 큐빅십자수  DIY: 28번 유니콘
357405678,SELLBLOG,NORMAL,ㅑㅛ아ㅗ차ㅛ랴ㅛ차ㅗ,2018-01-22T07:59:25.000+0000,STOREFARM,3,지니맘 어린이 큐빅 보석십자수 캐릭터,지니맘 큐빅십자수  DIY: 35번 별
343935249,SELLBLOG,NORMAL,"유치원 막내딸에게 사준 선물인데, 중고등학생인 언니, 오빠가 더 좋아하네요.",2017-12-23T09:40:54.000+0000,STOREFARM,5,지니맘 큐빅십자수 보석십자수 캐릭터 패키지,큐빅십자수 키티 DIY: 35번 별
347771072,SELLBLOG,NORMAL,예쁘고 좋아요 추천!,2018-01-02T10:19:51.000+0000,STOREFARM,5,지니맘 큐빅 보석십자수 캐릭터 패키지,지니맘 큐빅십자수  DIY: 22번 발레
347091001,SELLBLOG,NORMAL,배송도 빠르고 좋아요,2018-01-01T00:00:30.000+0000,STOREFARM,5,지니맘 큐빅 보석십자수 캐릭터 패키지,지니맘 큐빅십자수  DIY: 12번 검은모자
339637676,SELLBLOG,NORMAL,"이용후기 배송도 빠르고 좋아요
이번 아이들 크리스마스때 선물
줄려고 구매햇는데 아이들이
엄청좋아할거같아요
많이파세요",2017-12-14T02:26:49.000+0000,STOREFARM,5,지니맘 큐빅십자수 보석십자수 캐릭터 패키지,큐빅십자수 키티 DIY: 11번 날개하트
339991005,SELLBLOG,NORMAL,"완성도 높은 작품 아이들 방에 꾸며주려고 여러게
구입했는데 완성해 놓으니 반짝
반짝 너무 이쁘네요 단시간에
완성도 높은 작품이 탄생했어요",2017-12-14T18:02:44.000+0000,STOREFARM,5,지니맘 큐빅십자수 보석십자수 캐릭터 패키지,큐빅십자수 키티 DIY: 16번 두마리
339637162,SELLBLOG,NORMAL,"이용후기 배송도빠르고좋아요.
크리스마스 선물로
구매를 했는데.
아이들이좋아할거같아요.
많이 파세요.",2017-12-14T02:25:37.000+0000,STOREFARM,5,지니맘 큐빅십자수 보석십자수 캐릭터 패키지,큐빅십자수 키티 DIY: 4번 핑크
347625449,SELLBLOG,NORMAL,완전 만족해요 !,2018-01-02T04:12:18.000+0000,STOREFARM,5,지니맘 큐빅 보석십자수 캐릭터 패키지,지니맘 큐빅십자수  DIY: 1번 칼라
341919429,SELLBLOG,NORMAL,크리스마스 선물로 구입했는데 아이가 엄청 좋아할것 같아요 원하는 물건이 매진되어 많이 아쉬워요ㅠ,2017-12-19T02:00:46.000+0000,STOREFARM,5,지니맘 큐빅십자수 보석십자수 캐릭터 패키지,큐빅십자수 키티 DIY: 5번 무지개
347625454,SELLBLOG,NORMAL,만족합니다 !,2018-01-02T04:12:18.000+0000,STOREFARM,5,지니맘 큐빅 보석십자수 캐릭터 패키지,지니맘 큐빅십자수  DIY: 32번 검은고양이
347625453,SELLBLOG,NORMAL,완전 만족 !,2018-01-02T04:12:18.000+0000,STOREFARM,5,지니맘 큐빅 보석십자수 캐릭터 패키지,지니맘 큐빅십자수  DIY: 25번 슈퍼
355931781,SELLBLOG,NORMAL,좋아요 굿굿,2018-01-19T08:58:24.000+0000,STOREFARM,5,지니맘 어린이 큐빅 보석십자수 캐릭터,지니맘 큐빅십자수  DIY: 18번 컵
355931777,SELLBLOG,NORMAL,좋아요 굿굿,2018-01-19T08:58:24.000+0000,STOREFARM,5,지니맘 어린이 큐빅 보석십자수 캐릭터,지니맘 큐빅십자수  DIY: 3번 블루
343935421,SELLBLOG,NORMAL,완성품을 액자에 넣어두니 예술작품 같아요.,2017-12-23T09:41:28.000+0000,STOREFARM,5,지니맘 큐빅십자수 보석십자수 캐릭터 패키지,큐빅십자수 키티 DIY: 7번  카메라
347625459,SELLBLOG,NORMAL,재밌어요 ~^^,2018-01-02T04:12:18.000+0000,STOREFARM,5,지니맘 큐빅 보석십자수 캐릭터 패키지,지니맘 큐빅십자수  DIY: 36번 가면
339638072,SELLBLOG,NORMAL,"이용후기 이번아이들 크리스마스때줄려고
구매를 햇는데 아이들이 무척이나
좋아할거같아요
배송도 빠르고
굿입니다요",2017-12-14T02:27:45.000+0000,STOREFARM,5,지니맘 큐빅십자수 보석십자수 캐릭터 패키지,큐빅십자수 키티 DIY: 14번 원형
346842566,SELLBLOG,NORMAL,만족합니다~~,2017-12-31T02:46:57.000+0000,STOREFARM,5,지니맘 큐빅 보석십자수 캐릭터 패키지,지니맘 큐빅십자수  DIY: 34번 베트맨
346021428,SELLBLOG,NORMAL,배송 빨라요,2017-12-28T13:49:57.000+0000,STOREFARM,5,지니맘 큐빅 보석십자수 캐릭터 패키지,지니맘 큐빅십자수  DIY: 11번 날개하트
346842564,SELLBLOG,NORMAL,만족합니다~~~,2017-12-31T02:46:57.000+0000,STOREFARM,5,지니맘 큐빅 보석십자수 캐릭터 패키지,지니맘 큐빅십자수  DIY: 36번 가면
355457482,SELLBLOG,NORMAL,좋아요좋아요,2018-01-18T06:32:54.000+0000,STOREFARM,5,지니맘 어린이 큐빅 보석십자수 캐릭터,지니맘 큐빅십자수  DIY: 13번 헬로
338423210,SELLBLOG,NORMAL,스폰지밥 스폰지밥 했는데 너무 이쁘고 귀여워요ㅠㅠ 또 다음에는 미니언즈를 사봐야 겠어요!!  추천@@,2017-12-11T12:50:52.000+0000,STOREFARM,5,지니맘 큐빅십자수 보석십자수 캐릭터 패키지,큐빅십자수 키티 DIY: 26번 스폰지
345576626,SELLBLOG,NORMAL,완전 만족해요.,2017-12-27T10:38:12.000+0000,STOREFARM,5,지니맘 큐빅 보석십자수 캐릭터 패키지,큐빅십자수 키티 DIY: 29번  안경토끼
345576620,SELLBLOG,NORMAL,완전 만족해요.,2017-12-27T10:38:12.000+0000,STOREFARM,5,지니맘 큐빅 보석십자수 캐릭터 패키지,큐빅십자수 키티 DIY: 27번 기린
345576616,SELLBLOG,NORMAL,완전 만족해요.,2017-12-27T10:38:12.000+0000,STOREFARM,5,지니맘 큐빅 보석십자수 캐릭터 패키지,큐빅십자수 키티 DIY: 28번 유니콘
343934895,SELLBLOG,NORMAL,온 가족이 앉아서 이것만 해요.^^,2017-12-23T09:39:45.000+0000,STOREFARM,5,지니맘 큐빅십자수 보석십자수 캐릭터 패키지,큐빅십자수 키티 DIY: 16번 두마리
345124987,SELLBLOG,NORMAL,만족합니다,2017-12-26T08:40:55.000+0000,STOREFARM,5,지니맘 큐빅십자수 보석십자수 캐릭터 패키지,큐빅십자수 키티 DIY: 30번 클로버
345124809,SELLBLOG,NORMAL,만족합니다,2017-12-26T08:40:24.000+0000,STOREFARM,5,지니맘 큐빅십자수 보석십자수 캐릭터 패키지,큐빅십자수 키티 DIY: 13번 헬로
345124620,SELLBLOG,NORMAL,만족합니다,2017-12-26T08:39:57.000+0000,STOREFARM,5,지니맘 큐빅십자수 보석십자수 캐릭터 패키지,큐빅십자수 키티 DIY: 3번 블루
343936510,SELLBLOG,NORMAL,아이들 선물로 딱이네요. ,2017-12-23T09:44:31.000+0000,STOREFARM,5,지니맘 큐빅십자수 보석십자수 캐릭터 패키지,큐빅십자수 키티 DIY: 9번 곰
354658509,SELLBLOG,NORMAL,이쁩니다.,2018-01-16T14:22:42.000+0000,STOREFARM,5,지니맘 어린이 큐빅 보석십자수 캐릭터,지니맘 큐빅십자수  DIY: 18번 컵
343935012,SELLBLOG,NORMAL,선물하기도 좋아요.,2017-12-23T09:40:06.000+0000,STOREFARM,5,지니맘 큐빅십자수 보석십자수 캐릭터 패키지,큐빅십자수 키티 DIY: 20번 도트
335923043,SELLBLOG,NORMAL,"추천 지리고 오지내요  너무너무 좋아요
하루만에 다할꺼앝앙ㅎ
너무 만족중이고 다시 구매할 예졍이에요",2017-12-06T03:57:25.000+0000,STOREFARM,5,지니맘 큐빅십자수 보석십자수 캐릭터 패키지,큐빅십자수 키티 DIY: 35번 별
335924149,SELLBLOG,NORMAL,"좋아! 너무너무 좋아!
아주 좋아!
또 구매할려고 합니다
얼룬 다하고 다시 주문하겟슴니다!!
좋은 상품 감사합니당",2017-12-06T03:59:45.000+0000,STOREFARM,5,지니맘 큐빅십자수 보석십자수 캐릭터 패키지,큐빅십자수 키티 DIY: 34번 베트맨
323496785,SELLBLOG,NORMAL,"완전 잼나요~~~^^ 완전 이뻐요~~~~^^
하루에 하나씩 완성하고 있을 정도로 매력적입니다.^^
비즈도 넉넉하게 들어있어서 좋구요~~~
더 큰 작품에도 도전해보고 싶어졌어요~~~^^",2017-11-07T15:14:59.000+0000,STOREFARM,4,지니맘 큐빅십자수 보석 십자수 키티 공예 패키지,큐빅십자수 키티 DIY: 31번 키티 도트
342714427,SELLBLOG,NORMAL,잼있어요 굿,2017-12-20T10:59:06.000+0000,STOREFARM,5,지니맘 큐빅 보석십자수 캐릭터 패키지,큐빅십자수 키티 DIY: 4번 핑크
342714415,SELLBLOG,NORMAL,잼있어요 굿,2017-12-20T10:59:06.000+0000,STOREFARM,5,지니맘 큐빅 보석십자수 캐릭터 패키지,큐빅십자수 키티 DIY: 5번 무지개
342714420,SELLBLOG,NORMAL,잼잇어여 굿,2017-12-20T10:59:06.000+0000,STOREFARM,5,지니맘 큐빅 보석십자수 캐릭터 패키지,큐빅십자수 키티 DIY: 3번 블루
335923406,SELLBLOG,NORMAL,"만족 만족중만족중만족중만쥬곡ㄴ타
하루만에 다할려규 하고 입너무 좋앙ㅎ 너무 행복합니다 오늘 하루",2017-12-06T03:58:13.000+0000,STOREFARM,5,지니맘 큐빅십자수 보석십자수 캐릭터 패키지,큐빅십자수 키티 DIY: 36번 가면
335923891,SELLBLOG,NORMAL,"만족중 너무 좋네오
상품도 좋고 배송도 빠르고 
제가 할려고 삿는데 하루만에 다할꺼같앙후ㅜ
너무 좋당",2017-12-06T03:59:14.000+0000,STOREFARM,5,지니맘 큐빅십자수 보석십자수 캐릭터 패키지,큐빅십자수 키티 DIY: 33번 슈퍼맨
342213251,SELLBLOG,NORMAL,만족합니다,2017-12-19T11:58:37.000+0000,STOREFARM,5,지니맘 큐빅십자수 보석십자수 캐릭터 패키지,큐빅십자수 키티 DIY: 6번  꿀벌
341152113,SELLBLOG,NORMAL,중도성 있어요 ㅜ,2017-12-17T11:50:11.000+0000,STOREFARM,5,지니맘 큐빅십자수 보석십자수 캐릭터 패키지,큐빅십자수 키티 DIY: 1번 칼라
339635522,SELLBLOG,NORMAL,배송도빠르고좋아요,2017-12-14T02:21:54.000+0000,STOREFARM,5,지니맘 큐빅십자수 보석십자수 캐릭터 패키지,큐빅십자수 키티 DIY: 14번 원형
339635518,SELLBLOG,NORMAL,배송도빠르고좋아요,2017-12-14T02:21:54.000+0000,STOREFARM,5,지니맘 큐빅십자수 보석십자수 캐릭터 패키지,큐빅십자수 키티 DIY: 11번 날개하트
323498764,SELLBLOG,NORMAL,"진짜이뻐요~~~ 예상보다 훨씬 이쁘고~~~
자꾸 완성하고 싶어지는 좋은 취미상품인듯요~~
큰 작품 도전해보고싶어져요~~~^^",2017-11-07T15:21:02.000+0000,STOREFARM,4,지니맘 큐빅십자수 보석 십자수 키티 공예 패키지,큐빅십자수 키티 DIY: 29번 키티 도라에몽
352520279,SELLBLOG,NORMAL,ㅁㅈㅎㄴㄷ,2018-01-12T11:59:25.000+0000,STOREFARM,5,지니맘 어린이 큐빅 보석십자수 캐릭터,지니맘 큐빅십자수  DIY: 18번 컵
352520274,SELLBLOG,NORMAL,ㅁㅈㅎㄴㄷ,2018-01-12T11:59:25.000+0000,STOREFARM,5,지니맘 어린이 큐빅 보석십자수 캐릭터,지니맘 큐빅십자수  DIY: 45번 미니3
352520268,SELLBLOG,NORMAL,ㅁㅈㅎㄴㄷ,2018-01-12T11:59:25.000+0000,STOREFARM,5,지니맘 어린이 큐빅 보석십자수 캐릭터,지니맘 큐빅십자수  DIY: 44번 미니2
352520264,SELLBLOG,NORMAL,ㅁㅈㅎㄴㄷ,2018-01-12T11:59:25.000+0000,STOREFARM,5,지니맘 어린이 큐빅 보석십자수 캐릭터,지니맘 큐빅십자수  DIY: 5번 무지개
339635516,SELLBLOG,NORMAL,"배송도빠르고좋아요
",2017-12-14T02:21:54.000+0000,STOREFARM,5,지니맘 큐빅십자수 보석십자수 캐릭터 패키지,큐빅십자수 키티 DIY: 4번 핑크
334440328,SELLBLOG,NORMAL, 두번째 구매입니다. 또 구매 예정 이예요.중독성 있어요 ㅜ,2017-12-03T03:45:42.000+0000,STOREFARM,5,지니맘 큐빅십자수 보석십자수 캐릭터 패키지,큐빅십자수 키티 DIY: 35번 키티 컵
323498233,SELLBLOG,NORMAL,"완전 이뻐요~~~^^ 너무 열심히 했더니 눈이 아파요..ㅠ.ㅠ
이거 완전 중독됩니다~~~^^
구슬도 넉넉하고~~~
디자인도 이쁘고 짱좋아요~~^^",2017-11-07T15:19:33.000+0000,STOREFARM,4,지니맘 큐빅십자수 보석 십자수 키티 공예 패키지,큐빅십자수 키티 DIY: 7번 키티 카메라
339555809,SELLBLOG,NORMAL,너무재밌어요,2017-12-13T20:34:30.000+0000,STOREFARM,5,지니맘 큐빅십자수 보석십자수 캐릭터 패키지,큐빅십자수 키티 DIY: 34번 베트맨
339555810,SELLBLOG,NORMAL,예뻐요  히히,2017-12-13T20:34:30.000+0000,STOREFARM,5,지니맘 큐빅십자수 보석십자수 캐릭터 패키지,큐빅십자수 키티 DIY: 35번 별
339555811,SELLBLOG,NORMAL,만족합니다,2017-12-13T20:34:30.000+0000,STOREFARM,5,지니맘 큐빅십자수 보석십자수 캐릭터 패키지,큐빅십자수 키티 DIY: 33번 슈퍼맨
339153490,SELLBLOG,NORMAL,만족합니다,2017-12-13T01:30:58.000+0000,STOREFARM,5,지니맘 큐빅십자수 보석십자수 캐릭터 패키지,큐빅십자수 키티 DIY: 33번 슈퍼맨
339153484,SELLBLOG,NORMAL,만족합니다,2017-12-13T01:30:58.000+0000,STOREFARM,5,지니맘 큐빅십자수 보석십자수 캐릭터 패키지,큐빅십자수 키티 DIY: 34번 베트맨
339153481,SELLBLOG,NORMAL,만족합니다,2017-12-13T01:30:58.000+0000,STOREFARM,5,지니맘 큐빅십자수 보석십자수 캐릭터 패키지,큐빅십자수 키티 DIY: 35번 별
339153478,SELLBLOG,NORMAL,만족합니다,2017-12-13T01:30:58.000+0000,STOREFARM,5,지니맘 큐빅십자수 보석십자수 캐릭터 패키지,큐빅십자수 키티 DIY: 4번 핑크
339153475,SELLBLOG,NORMAL,만족합니다,2017-12-13T01:30:58.000+0000,STOREFARM,5,지니맘 큐빅십자수 보석십자수 캐릭터 패키지,큐빅십자수 키티 DIY: 36번 가면
339153471,SELLBLOG,NORMAL,만족합니다,2017-12-13T01:30:58.000+0000,STOREFARM,5,지니맘 큐빅십자수 보석십자수 캐릭터 패키지,큐빅십자수 키티 DIY: 5번 무지개
339153467,SELLBLOG,NORMAL,만족합니다,2017-12-13T01:30:58.000+0000,STOREFARM,5,지니맘 큐빅십자수 보석십자수 캐릭터 패키지,큐빅십자수 키티 DIY: 37번 망치
339153461,SELLBLOG,NORMAL,만족합니다,2017-12-13T01:30:58.000+0000,STOREFARM,5,지니맘 큐빅십자수 보석십자수 캐릭터 패키지,큐빅십자수 키티 DIY: 7번  카메라
339153457,SELLBLOG,NORMAL,만족합니다,2017-12-13T01:30:58.000+0000,STOREFARM,5,지니맘 큐빅십자수 보석십자수 캐릭터 패키지,큐빅십자수 키티 DIY: 40번 몽이1
339153446,SELLBLOG,NORMAL,만족합니다,2017-12-13T01:30:58.000+0000,STOREFARM,5,지니맘 큐빅십자수 보석십자수 캐릭터 패키지,큐빅십자수 키티 DIY: 12번 검은모자
339153439,SELLBLOG,NORMAL,만족합니다,2017-12-13T01:30:58.000+0000,STOREFARM,5,지니맘 큐빅십자수 보석십자수 캐릭터 패키지,큐빅십자수 키티 DIY: 16번 두마리
339153434,SELLBLOG,NORMAL,만족합니다,2017-12-13T01:30:58.000+0000,STOREFARM,5,지니맘 큐빅십자수 보석십자수 캐릭터 패키지,큐빅십자수 키티 DIY: 25번 슈퍼
339153428,SELLBLOG,NORMAL,만족합니다,2017-12-13T01:30:58.000+0000,STOREFARM,5,지니맘 큐빅십자수 보석십자수 캐릭터 패키지,큐빅십자수 키티 DIY: 26번 스폰지
337930875,SELLBLOG,NORMAL,아들이 좋아합니다,2017-12-10T14:52:44.000+0000,STOREFARM,5,지니맘 큐빅십자수 보석십자수 캐릭터 패키지,큐빅십자수 키티 DIY: 36번 가면
337930862,SELLBLOG,NORMAL,아이들이 좋아합니다.,2017-12-10T14:52:44.000+0000,STOREFARM,5,지니맘 큐빅십자수 보석십자수 캐릭터 패키지,큐빅십자수 키티 DIY: 28번 유니콘
338422583,SELLBLOG,NORMAL,너무 귀여워요ㅠ,2017-12-11T12:49:02.000+0000,STOREFARM,5,지니맘 큐빅십자수 보석십자수 캐릭터 패키지,큐빅십자수 키티 DIY: 26번 스폰지
335922769,SELLBLOG,NORMAL,너무 만족중입니다!,2017-12-06T03:56:44.000+0000,STOREFARM,5,지니맘 큐빅십자수 보석십자수 캐릭터 패키지,큐빅십자수 키티 DIY: 35번 별
333176760,SELLBLOG,NORMAL,좋아요 아이가 무척좋아해요,2017-11-30T02:28:50.000+0000,STOREFARM,5,지니맘 큐빅십자수 보석 십자수 공예 패키지,큐빅십자수 키티 DIY: 13번 키티 리본
335554747,SELLBLOG,NORMAL,딸아이가 좋아하네요^^,2017-12-05T09:38:21.000+0000,STOREFARM,5,지니맘 큐빅십자수 보석십자수 캐릭터 패키지,큐빅십자수 키티 DIY: 20번 도트
335554741,SELLBLOG,NORMAL,딸아이가 좋아하네요^^,2017-12-05T09:38:21.000+0000,STOREFARM,5,지니맘 큐빅십자수 보석십자수 캐릭터 패키지,큐빅십자수 키티 DIY: 13번 헬로
337930858,SELLBLOG,NORMAL,예뻐요~~~,2017-12-10T14:52:44.000+0000,STOREFARM,5,지니맘 큐빅십자수 보석십자수 캐릭터 패키지,큐빅십자수 키티 DIY: 10번 수박
337930851,SELLBLOG,NORMAL,예뻐요....,2017-12-10T14:52:44.000+0000,STOREFARM,5,지니맘 큐빅십자수 보석십자수 캐릭터 패키지,큐빅십자수 키티 DIY: 16번 두마리
334673922,SELLBLOG,NORMAL,딸램이좋아해요,2017-12-03T14:01:53.000+0000,STOREFARM,5,지니맘 큐빅십자수 보석십자수 캐릭터 패키지,큐빅십자수 키티 DIY: 35번 키티 컵
319201834,SELLBLOG,NORMAL,정말  잼나요 요즘 힘든일이 있어  잡생각 안하려고 구매했어요  정말 좋아요  정말 좋아요  배송도 빨라요,2017-10-28T09:43:34.000+0000,STOREFARM,5,지니맘 큐빅십자수 보석 십자수 키티 공예 패키지,큐빅십자수 키티 DIY: 4번 키티핑크
333176762,SELLBLOG,NORMAL,1학년 딸내미가넘 좋아합니다,2017-11-30T02:28:50.000+0000,STOREFARM,5,지니맘 큐빅십자수 보석 십자수 공예 패키지,큐빅십자수 키티 DIY: 16번 키티 헬로곰
334673923,SELLBLOG,NORMAL,너무예뻐요,2017-12-03T14:01:53.000+0000,STOREFARM,5,지니맘 큐빅십자수 보석십자수 캐릭터 패키지,큐빅십자수 키티 DIY: 6번 키티 꿀벌
334673918,SELLBLOG,NORMAL,너무예뻐요,2017-12-03T14:01:53.000+0000,STOREFARM,5,지니맘 큐빅십자수 보석십자수 캐릭터 패키지,큐빅십자수 키티 DIY: 34번 키티 나비
333176769,SELLBLOG,NORMAL,1학년 딸이 무척 좋아하네요,2017-11-30T02:28:50.000+0000,STOREFARM,5,지니맘 큐빅십자수 보석 십자수 공예 패키지,큐빅십자수 키티 DIY: 5번 키티무지개
334703194,SELLBLOG,NORMAL,빠른 배송 굿~,2017-12-03T15:32:27.000+0000,STOREFARM,5,지니맘 큐빅십자수 보석 십자수 공예 패키지,큐빅십자수 키티 DIY: 15번 키티 별
317912157,SELLBLOG,NORMAL,정말 좋아요 선물 하려고  구매함 실사 더이쁘네요~~금방 하게 되네요 대만족 배송도  빠르네요  배송 빠르네요,2017-10-25T07:22:06.000+0000,STOREFARM,5,지니맘 큐빅십자수 보석 십자수 키티 공예 패키지,큐빅십자수 키티 DIY: 21번 클로버
328698569,SELLBLOG,NORMAL,잘 받았습니다. 아이들이 좋아하네요^^,2017-11-20T06:24:29.000+0000,STOREFARM,5,지니맘 큐빅십자수 보석 십자수 공예 패키지,큐빅십자수 키티 DIY: 34번 키티 나비
325106587,SELLBLOG,NORMAL,너무 예뻐요 배송도 빠르고 깔끔하게 포장된 패키지도 맘에 들고 완성작 너무 귀여워서 재구매 의사 있어요~,2017-11-11T16:47:48.000+0000,STOREFARM,5,지니맘 큐빅십자수 보석 십자수 키티 공예 패키지,큐빅십자수 키티 DIY: 16번 키티 헬로곰
337930867,SELLBLOG,NORMAL,이ㅃㅓ요...,2017-12-10T14:52:44.000+0000,STOREFARM,5,지니맘 큐빅십자수 보석십자수 캐릭터 패키지,큐빅십자수 키티 DIY: 22번 발레
328698574,SELLBLOG,NORMAL,잘 받았습니다. 아이들이 좋아해요^^,2017-11-20T06:24:29.000+0000,STOREFARM,5,지니맘 큐빅십자수 보석 십자수 공예 패키지,큐빅십자수 키티 DIY: 8번 키티 하트
328698566,SELLBLOG,NORMAL,잘 받았습니다. 아이들이 좋아해요.^^,2017-11-20T06:24:29.000+0000,STOREFARM,5,지니맘 큐빅십자수 보석 십자수 공예 패키지,큐빅십자수 키티 DIY: 1번 키티칼라
331322079,SELLBLOG,NORMAL,아이가 좋아합니다,2017-11-26T04:16:34.000+0000,STOREFARM,5,지니맘 큐빅십자수 보석 십자수 공예 패키지,큐빅십자수 키티 DIY: 4번 키티핑크
329432596,SELLBLOG,NORMAL,예쁘네요~재밌을것 같아요,2017-11-21T13:58:43.000+0000,STOREFARM,5,지니맘 큐빅십자수 보석 십자수 공예 패키지,큐빅십자수 키티 DIY: 29번 키티 도라에몽
314520207,SELLBLOG,NORMAL,"아주이뻐요 아이랑 열심히 해서 완성했어요
성취감이 아주 좋아서 아이가 집중을 잘하더라구요  시중보다 많이 저렴하구요",2017-10-18T03:08:18.000+0000,STOREFARM,5,지니맘 큐빅십자수 보석 십자수 키티 공예 패키지,큐빅십자수 키티 DIY: 29번 키티 도라에몽
329432603,SELLBLOG,NORMAL,키티 별로 안좋아햤는데 귀여워요,2017-11-21T13:58:43.000+0000,STOREFARM,5,지니맘 큐빅십자수 보석 십자수 공예 패키지,큐빅십자수 키티 DIY: 4번 키티핑크
330402788,SELLBLOG,NORMAL,빠른배송 정말 감사합니다. ^^,2017-11-23T22:37:47.000+0000,STOREFARM,5,지니맘 큐빅십자수 보석 십자수 공예 패키지,큐빅십자수 키티 DIY: 16번 키티 헬로곰
339990887,SELLBLOG,NORMAL,반짝반짝 이뻐요,2017-12-14T18:00:58.000+0000,STOREFARM,5,지니맘 큐빅십자수 보석십자수 캐릭터 패키지,큐빅십자수 키티 DIY: 3번 블루
339990883,SELLBLOG,NORMAL,반짝반짝 이뻐요,2017-12-14T18:00:58.000+0000,STOREFARM,5,지니맘 큐빅십자수 보석십자수 캐릭터 패키지,큐빅십자수 키티 DIY: 13번 헬로
339990882,SELLBLOG,NORMAL,반짝반짝 이뻐요,2017-12-14T18:00:58.000+0000,STOREFARM,5,지니맘 큐빅십자수 보석십자수 캐릭터 패키지,큐빅십자수 키티 DIY: 4번 핑크
339990881,SELLBLOG,NORMAL,반짝반짝 이뻐요,2017-12-14T18:00:58.000+0000,STOREFARM,5,지니맘 큐빅십자수 보석십자수 캐릭터 패키지,큐빅십자수 키티 DIY: 16번 두마리
329022391,SELLBLOG,NORMAL,아이 집중력 향상에 좋아요,2017-11-21T00:22:04.000+0000,STOREFARM,5,지니맘 큐빅십자수 보석 십자수 공예 패키지,큐빅십자수 키티 DIY: 40번 미니언즈3
323499654,SELLBLOG,NORMAL,"잼나네요~~~^^ 큰작품하기전 워밍업인데~~~
이거 매력 쩔어요....호호
선물로도 좋은것같아요~~~^^
이뻐요",2017-11-07T15:23:52.000+0000,STOREFARM,4,지니맘 큐빅십자수 보석 십자수 키티 공예 패키지,큐빅십자수 키티 DIY: 34번 키티 나비
325688743,SELLBLOG,NORMAL,"딸이 너무 좋아하네요^^
2틀만에 완성해버렸어요",2017-11-13T03:19:28.000+0000,STOREFARM,5,지니맘 큐빅십자수 보석 십자수 키티 공예 패키지,큐빅십자수 키티 DIY: 19번 미키 걸
323496002,SELLBLOG,NORMAL,"너무이쁘고 만족스러워요~~~^^
하루에 하나씩 완성하고 있을 정도로 매력적이네요~~^^",2017-11-07T15:12:31.000+0000,STOREFARM,5,지니맘 큐빅십자수 보석 십자수 키티 공예 패키지,큐빅십자수 키티 DIY: 31번 키티 도트
323499178,SELLBLOG,NORMAL,"이뻐요~~~ 이뻐요...
귀엽고~~~
한번 손대면 끝내고 싶어질정도로 중독성 갑입니다....ㅎㅎ
도전해보세요~~^^",2017-11-07T15:22:28.000+0000,STOREFARM,4,지니맘 큐빅십자수 보석 십자수 키티 공예 패키지,큐빅십자수 키티 DIY: 35번 키티 컵
319787532,SELLBLOG,NORMAL,아이가 택배언제와 언제와를 외치며 기다렸네요. 택배 도착하자마자 뜯어서 열심히 십자수 놓기 시작했네요. 반짝반짝 너무 이뻐요~~저두 같이 하고 있는데 아이와 같이하니 좋아요.,2017-10-30T05:16:29.000+0000,STOREFARM,5,지니맘 큐빅십자수 보석 십자수 키티 공예 패키지,큐빅십자수 키티 DIY: 26번 베트맨
338766189,SELLBLOG,NORMAL,조아요조아요~~,2017-12-12T07:02:21.000+0000,STOREFARM,5,지니맘 큐빅십자수 보석십자수 캐릭터 패키지,큐빅십자수 키티 DIY: 32번 검은고양이
325681377,SELLBLOG,NORMAL,"판매자 공지대로 배송은 늦었지만, 물건은 만족합니다",2017-11-13T03:04:48.000+0000,STOREFARM,5,지니맘 큐빅십자수 보석 십자수 키티 공예 패키지,큐빅십자수 키티 DIY: 30번 키티 사과
328776188,SELLBLOG,NORMAL,딸이 좋아해요^^,2017-11-20T09:02:41.000+0000,STOREFARM,5,지니맘 큐빅십자수 보석 십자수 키티 공예 패키지,큐빅십자수 키티 DIY: 4번 키티핑크
311199628,SELLBLOG,NORMAL,"너무귀여워용 추석때 한번 만들고싶어서 삿는뎅 너무빨리 만든거깉아요 ㅎㅎ너무 이쁘네용 
다른 사이트보다 훨씬 저렴하고 배송도 빨리 왔어용 다음에는 뭘 할지 고민이네용",2017-10-06T02:51:08.000+0000,STOREFARM,5,지니맘 큐빅십자수 보석 십자수 키티 공예 패키지,큐빅십자수 키티 DIY: 11번 키티 곰
340487579,SELLBLOG,NORMAL,ㅈㅇㅇ~~,2017-12-16T00:53:55.000+0000,STOREFARM,5,지니맘 큐빅십자수 보석십자수 캐릭터 패키지,큐빅십자수 키티 DIY: 42번 몽이3
340487572,SELLBLOG,NORMAL,ㅈㅇㅇ~~,2017-12-16T00:53:55.000+0000,STOREFARM,5,지니맘 큐빅십자수 보석십자수 캐릭터 패키지,큐빅십자수 키티 DIY: 16번 두마리
340487566,SELLBLOG,NORMAL,ㅈㅇㅇ ~~,2017-12-16T00:53:55.000+0000,STOREFARM,5,지니맘 큐빅십자수 보석십자수 캐릭터 패키지,큐빅십자수 키티 DIY: 40번 몽이1
326816790,SELLBLOG,NORMAL,일요일 결제~금요일 배송됨,2017-11-15T11:53:43.000+0000,STOREFARM,3,지니맘 큐빅십자수 보석 십자수 키티 공예 패키지,큐빅십자수 키티 DIY: 7번 키티 카메라
329022408,SELLBLOG,NORMAL,만족해요~~,2017-11-21T00:22:04.000+0000,STOREFARM,5,지니맘 큐빅십자수 보석 십자수 공예 패키지,큐빅십자수 키티 DIY: 22번 도라에몽
329022404,SELLBLOG,NORMAL,만족해요~~,2017-11-21T00:22:04.000+0000,STOREFARM,5,지니맘 큐빅십자수 보석 십자수 공예 패키지,큐빅십자수 키티 DIY: 9번 스폰지밥
329022397,SELLBLOG,NORMAL,만족해요~~,2017-11-21T00:22:04.000+0000,STOREFARM,5,지니맘 큐빅십자수 보석 십자수 공예 패키지,큐빅십자수 키티 DIY: 25번 슈퍼맨
323497740,SELLBLOG,NORMAL,"다섯세트 주문해서 하루에 하나씩 완성!!!
앞으로 두셋트 남았는데....
완전 이뻐요~~^^",2017-11-07T15:18:04.000+0000,STOREFARM,5,지니맘 큐빅십자수 보석 십자수 키티 공예 패키지,큐빅십자수 키티 DIY: 35번 키티 컵
335922790,SELLBLOG,NORMAL,너무너무 이뻐요!!,2017-12-06T03:56:44.000+0000,STOREFARM,5,지니맘 큐빅십자수 보석십자수 캐릭터 패키지,큐빅십자수 키티 DIY: 34번 베트맨
335922787,SELLBLOG,NORMAL,너무너무 좋네요!!,2017-12-06T03:56:44.000+0000,STOREFARM,5,지니맘 큐빅십자수 보석십자수 캐릭터 패키지,큐빅십자수 키티 DIY: 33번 슈퍼맨
325106484,SELLBLOG,NORMAL,배송도 빠르고 아주 만족해요,2017-11-11T16:46:57.000+0000,STOREFARM,5,지니맘 큐빅십자수 보석 십자수 키티 공예 패키지,큐빅십자수 키티 DIY: 16번 키티 헬로곰
335922782,SELLBLOG,NORMAL,너무너무 좋아요!!!,2017-12-06T03:56:44.000+0000,STOREFARM,5,지니맘 큐빅십자수 보석십자수 캐릭터 패키지,큐빅십자수 키티 DIY: 36번 가면
319837276,SELLBLOG,NORMAL,6살아이가 너무 재밌어하네요 하루에 두시간도 질려하지 않고 집중력짱입니다 강추!!,2017-10-30T07:14:54.000+0000,STOREFARM,5,지니맘 큐빅십자수 보석 십자수 키티 공예 패키지,큐빅십자수 키티 DIY: 16번 키티 헬로곰
325860655,SELLBLOG,NORMAL,너무 이뻐요~^^,2017-11-13T09:43:21.000+0000,STOREFARM,5,지니맘 큐빅십자수 보석 십자수 키티 공예 패키지,큐빅십자수 키티 DIY: 8번 키티 하트
325785430,SELLBLOG,NORMAL,예쁘네요~~,2017-11-13T06:36:49.000+0000,STOREFARM,5,지니맘 큐빅십자수 보석 십자수 키티 공예 패키지,큐빅십자수 키티 DIY: 11번 키티 곰
325785419,SELLBLOG,NORMAL,예쁘네요~~,2017-11-13T06:36:49.000+0000,STOREFARM,5,지니맘 큐빅십자수 보석 십자수 키티 공예 패키지,큐빅십자수 키티 DIY: 20번 미키마우스
325785414,SELLBLOG,NORMAL,예쁘네요~~,2017-11-13T06:36:49.000+0000,STOREFARM,5,지니맘 큐빅십자수 보석 십자수 키티 공예 패키지,큐빅십자수 키티 DIY: 19번 미키 걸
324132013,SELLBLOG,NORMAL,만족합니다,2017-11-09T05:46:09.000+0000,STOREFARM,5,지니맘 큐빅십자수 보석 십자수 키티 공예 패키지,큐빅십자수 키티 DIY: 34번 키티 나비
317042332,SELLBLOG,NORMAL,"넘예쁘고 꿀잼이네요ㅋㅋㅋ
반짝반짝예쁘고 시간가는지 모를겠어요. 작업이 즐겁네요.빠른배송도감사~^^",2017-10-23T12:49:07.000+0000,STOREFARM,5,지니맘 큐빅십자수 보석 십자수 키티 공예 패키지,큐빅십자수 키티 DIY: 41번 토르
322247659,SELLBLOG,NORMAL,빠른배송감사합니다,2017-11-05T00:01:14.000+0000,STOREFARM,5,지니맘 큐빅십자수 보석 십자수 키티 공예 패키지,큐빅십자수 키티 DIY: 3번 키티블루
318914831,SELLBLOG,NORMAL,"맘에들어요
아이들이 하기에 딱 좋아요",2017-10-27T14:21:33.000+0000,STOREFARM,5,지니맘 큐빅십자수 보석 십자수 키티 공예 패키지,큐빅십자수 키티 DIY: 27번 어벤져스
313520711,SELLBLOG,NORMAL,잘 구매했어요~ 아직 만들어보진 않았지만 도안도 보석도 마음에 드네요~ 수업 시 잘 활용할 수 있을거 같아요~ 감사합니다~,2017-10-16T00:11:27.000+0000,STOREFARM,5,지니맘 큐빅십자수 보석 십자수 키티 공예 패키지,큐빅십자수 키티 DIY: 9번 스폰지밥
313169605,SELLBLOG,NORMAL,딸아이 친구 선물 일학년 정도 된 친구들은 왠만큼 집중 잘 하니까 선물로 준비하느라 구매했어요 다 되고 나면 성취감도 있겠죠 : ),2017-10-14T23:58:10.000+0000,STOREFARM,4,지니맘 큐빅십자수 보석 십자수 키티 공예 패키지,큐빅십자수 키티 DIY: 14번 키티 줄무늬
313519854,SELLBLOG,NORMAL,좋아요~ 아이들과 수업시간에 만들기하려고 구매했는데 너무 좋아요~ 배송도 이정도면 빠른 편이고요~ 추천합니다~,2017-10-16T00:09:30.000+0000,STOREFARM,5,지니맘 큐빅십자수 보석 십자수 키티 공예 패키지,큐빅십자수 키티 DIY: 22번 도라에몽
313522067,SELLBLOG,NORMAL,완전 맘에 듭니다~ 도안도 정교하고 아직 만들어보진 않았지만 완성품이 기대가 되네요~ 구매 추천합니다~ 좋아요~~,2017-10-16T00:14:31.000+0000,STOREFARM,5,지니맘 큐빅십자수 보석 십자수 키티 공예 패키지,큐빅십자수 키티 DIY: 39번 미니언즈2
323497746,SELLBLOG,NORMAL,짱이쁩니다~~^^,2017-11-07T15:18:04.000+0000,STOREFARM,5,지니맘 큐빅십자수 보석 십자수 키티 공예 패키지,큐빅십자수 키티 DIY: 34번 키티 나비
323497733,SELLBLOG,NORMAL,너무이뻐요~~~^^,2017-11-07T15:18:04.000+0000,STOREFARM,5,지니맘 큐빅십자수 보석 십자수 키티 공예 패키지,큐빅십자수 키티 DIY: 7번 키티 카메라
313521532,SELLBLOG,NORMAL,넘 좋아요! 우선은 저렴한 가격이라 구매했는데 생각보다 퀄리티가 좋고 마음에 드네요~ 다음에 또 구매할께요~,2017-10-16T00:13:20.000+0000,STOREFARM,5,지니맘 큐빅십자수 보석 십자수 키티 공예 패키지,큐빅십자수 키티 DIY: 23번 슈퍼마리오
313521339,SELLBLOG,NORMAL,좋아요~ 다른 곳들보다 저렴하고 도안도 예쁘네요~ 이번에 해보고 다음에 또 구매하려고요~ 추천합니다~~,2017-10-16T00:12:55.000+0000,STOREFARM,5,지니맘 큐빅십자수 보석 십자수 키티 공예 패키지,큐빅십자수 키티 DIY: 20번 미키마우스
320847071,SELLBLOG,NORMAL,배송이 빠르네요,2017-11-01T10:32:57.000+0000,STOREFARM,5,지니맘 큐빅십자수 보석 십자수 키티 공예 패키지,큐빅십자수 키티 DIY: 32번 키티 꽃
313521062,SELLBLOG,NORMAL,마음에 드네요~ 도안도 마음에 들고 쉽고 재미있게 작품을 완성할 수 있을거 같아요~ 추천합니다~ 마음에 들어요~,2017-10-16T00:12:18.000+0000,STOREFARM,5,지니맘 큐빅십자수 보석 십자수 키티 공예 패키지,큐빅십자수 키티 DIY: 5번 키티무지개
313521821,SELLBLOG,NORMAL,좋아요좋아~ 아이들이랑 쉽고 재밌게 수업할 수 있을거 같아요~ 캐릭터들이라서 더 좋아할듯~ 또 구매할께요~~,2017-10-16T00:13:57.000+0000,STOREFARM,5,지니맘 큐빅십자수 보석 십자수 키티 공예 패키지,큐빅십자수 키티 DIY: 34번 키티 나비
313169723,SELLBLOG,NORMAL,"마음에 들어요~ 옵션 중 다른 거 선택하고 싶은 것도 있었는데, 많이 빠져있어서 있는 것 중에 심사숙고했네요 ^^;",2017-10-14T23:58:53.000+0000,STOREFARM,4,지니맘 큐빅십자수 보석 십자수 키티 공예 패키지,큐빅십자수 키티 DIY: 3번 키티블루
311199455,SELLBLOG,NORMAL,너무 귀여워서 한번 구매했는데 4일동안 천천히 하니까 이쁘게완성됫어용ㅎㅎ 정말 다른 사이트보다 훨씬 저렴해서 너무 잘 삿어요 배송도 이틀만에보내주셔 감사합니당,2017-10-06T02:49:38.000+0000,STOREFARM,5,지니맘 큐빅십자수 보석 십자수 키티 공예 패키지,큐빅십자수 키티 DIY: 11번 키티 곰
317909991,SELLBLOG,NORMAL,부치는게  커서 좋아요~~~굿👍,2017-10-25T07:17:49.000+0000,STOREFARM,5,지니맘 큐빅십자수 보석 십자수 키티 공예 패키지,큐빅십자수 키티 DIY: 4번 키티핑크
312815175,SELLBLOG,NORMAL,좋습니다~ 수업시 활용하려고 구매했는데 마음에 듭니다. 적당한 크기에 아이들이 좋아하는 캐릭터라 더 마음에 드네요~,2017-10-14T01:45:53.000+0000,STOREFARM,5,지니맘 큐빅십자수 보석 십자수 키티 공예 패키지,큐빅십자수 키티 DIY: 29번 키티 도라에몽
316995005,SELLBLOG,NORMAL,생각보다 제품이 커서 좋습니다 ,2017-10-23T10:16:09.000+0000,STOREFARM,5,지니맘 큐빅십자수 보석 십자수 키티 공예 패키지,큐빅십자수 키티 DIY: 20번 미키마우스
317910003,SELLBLOG,NORMAL,아주  마음에 들어요,2017-10-25T07:17:49.000+0000,STOREFARM,5,지니맘 큐빅십자수 보석 십자수 키티 공예 패키지,큐빅십자수 키티 DIY: 3번 키티블루
317910011,SELLBLOG,NORMAL,아주좋아요,2017-10-25T07:17:49.000+0000,STOREFARM,5,지니맘 큐빅십자수 보석 십자수 키티 공예 패키지,큐빅십자수 키티 DIY: 21번 클로버
316714010,SELLBLOG,NORMAL,맘에 들어요,2017-10-22T23:53:29.000+0000,STOREFARM,5,지니맘 큐빅십자수 보석 십자수 키티 공예 패키지,큐빅십자수 키티 DIY: 11번 키티 곰
316713888,SELLBLOG,NORMAL,맘에 들어요,2017-10-22T23:53:16.000+0000,STOREFARM,5,지니맘 큐빅십자수 보석 십자수 키티 공예 패키지,큐빅십자수 키티 DIY: 36번 키티 딸기
316713686,SELLBLOG,NORMAL,맘에 들어요,2017-10-22T23:52:57.000+0000,STOREFARM,5,지니맘 큐빅십자수 보석 십자수 키티 공예 패키지,큐빅십자수 키티 DIY: 3번 키티블루
315559617,SELLBLOG,NORMAL,만족합니다 좋아요,2017-10-20T02:37:42.000+0000,STOREFARM,5,지니맘 큐빅십자수 보석 십자수 키티 공예 패키지,큐빅십자수 키티 DIY: 27번 어벤져스
324742478,SELLBLOG,NORMAL,매우만족매우만족매우만족,2017-11-10T15:32:37.000+0000,STOREFARM,5,지니맘 큐빅십자수 보석 십자수 키티 공예 패키지,큐빅십자수 키티 DIY: 19번 미키 걸
315797915,SELLBLOG,NORMAL,아주좋아요,2017-10-20T11:26:21.000+0000,STOREFARM,5,지니맘 큐빅십자수 보석 십자수 키티 공예 패키지,큐빅십자수 키티 DIY: 39번 미니언즈2
323497736,SELLBLOG,NORMAL,진짜진짜 이뻐요~~~^^,2017-11-07T15:18:04.000+0000,STOREFARM,5,지니맘 큐빅십자수 보석 십자수 키티 공예 패키지,큐빅십자수 키티 DIY: 29번 키티 도라에몽
314519651,SELLBLOG,NORMAL,아주솧아요,2017-10-18T03:06:58.000+0000,STOREFARM,5,지니맘 큐빅십자수 보석 십자수 키티 공예 패키지,큐빅십자수 키티 DIY: 29번 키티 도라에몽
314231729,SELLBLOG,NORMAL,맘에 들어요,2017-10-17T11:56:49.000+0000,STOREFARM,5,지니맘 큐빅십자수 보석 십자수 키티 공예 패키지,큐빅십자수 키티 DIY: 7번 키티 카메라
315797912,SELLBLOG,NORMAL,아주좋아요ㅡ,2017-10-20T11:26:21.000+0000,STOREFARM,5,지니맘 큐빅십자수 보석 십자수 키티 공예 패키지,큐빅십자수 키티 DIY: 5번 키티무지개
312814873,SELLBLOG,NORMAL,얼른 해보고 싶네요~,2017-10-14T01:45:06.000+0000,STOREFARM,5,지니맘 큐빅십자수 보석 십자수 키티 공예 패키지,큐빅십자수 키티 DIY: 22번 도라에몽
312814865,SELLBLOG,NORMAL,재미있을거 같아요~,2017-10-14T01:45:06.000+0000,STOREFARM,5,지니맘 큐빅십자수 보석 십자수 키티 공예 패키지,큐빅십자수 키티 DIY: 39번 미니언즈2
313169430,SELLBLOG,NORMAL,마음에 들어요~,2017-10-14T23:57:14.000+0000,STOREFARM,5,지니맘 큐빅십자수 보석 십자수 키티 공예 패키지,큐빅십자수 키티 DIY: 14번 키티 줄무늬
313169426,SELLBLOG,NORMAL,마음에 들어요~,2017-10-14T23:57:14.000+0000,STOREFARM,5,지니맘 큐빅십자수 보석 십자수 키티 공예 패키지,큐빅십자수 키티 DIY: 3번 키티블루
312814861,SELLBLOG,NORMAL,배송도 빨랐어요~,2017-10-14T01:45:06.000+0000,STOREFARM,5,지니맘 큐빅십자수 보석 십자수 키티 공예 패키지,큐빅십자수 키티 DIY: 9번 스폰지밥
312814889,SELLBLOG,NORMAL,잘 산거 같아요~,2017-10-14T01:45:06.000+0000,STOREFARM,5,지니맘 큐빅십자수 보석 십자수 키티 공예 패키지,큐빅십자수 키티 DIY: 23번 슈퍼마리오
310036901,SELLBLOG,NORMAL,"재구입 희망해요 아이들이 너무 좋아하네요
친구들 선물로도 좋은듯 해요",2017-09-30T08:19:17.000+0000,STOREFARM,5,지니맘 큐빅십자수 보석 십자수 키티 공예 패키지,큐빅십자수 키티 DIY: 6번 키티 꿀벌
312814882,SELLBLOG,NORMAL,마음에 드네요~,2017-10-14T01:45:06.000+0000,STOREFARM,5,지니맘 큐빅십자수 보석 십자수 키티 공예 패키지,큐빅십자수 키티 DIY: 34번 키티 나비
312814859,SELLBLOG,NORMAL,예뻐서 좋아요~,2017-10-14T01:45:06.000+0000,STOREFARM,5,지니맘 큐빅십자수 보석 십자수 키티 공예 패키지,큐빅십자수 키티 DIY: 29번 키티 도라에몽
312814869,SELLBLOG,NORMAL,마음에 들어요~~,2017-10-14T01:45:06.000+0000,STOREFARM,5,지니맘 큐빅십자수 보석 십자수 키티 공예 패키지,큐빅십자수 키티 DIY: 5번 키티무지개
312814875,SELLBLOG,NORMAL,만족합니다~,2017-10-14T01:45:06.000+0000,STOREFARM,5,지니맘 큐빅십자수 보석 십자수 키티 공예 패키지,큐빅십자수 키티 DIY: 20번 미키마우스
310444314,SELLBLOG,NORMAL,아이들이 좋아합니다. 예뻐요.,2017-10-01T22:58:41.000+0000,STOREFARM,5,흰색,흰색
310036896,SELLBLOG,NORMAL,재구입 희망해요,2017-09-30T08:19:17.000+0000,STOREFARM,5,지니맘 큐빅십자수 보석 십자수 키티 공예 패키지,큐빅십자수 키티 DIY: 33번 키티 발레
316563282,SELLBLOG,NORMAL,좋아요좋아요,2017-10-22T12:05:39.000+0000,STOREFARM,5,흰색,흰색
315835426,SELLBLOG,NORMAL,예뻐용 예뻐,2017-10-20T13:07:30.000+0000,STOREFARM,5,지니맘 큐빅십자수 보석 십자수 키티 공예 패키지,큐빅십자수 키티 DIY: 39번 미니언즈2
315835418,SELLBLOG,NORMAL,예뻐용 예뻐,2017-10-20T13:07:30.000+0000,STOREFARM,5,지니맘 큐빅십자수 보석 십자수 키티 공예 패키지,큐빅십자수 키티 DIY: 1번 키티칼라
315835416,SELLBLOG,NORMAL,예뻐용 예뻐,2017-10-20T13:07:30.000+0000,STOREFARM,5,지니맘 큐빅십자수 보석 십자수 키티 공예 패키지,큐빅십자수 키티 DIY: 16번 키티 헬로곰
315835411,SELLBLOG,NORMAL,예뻐용 예뻐,2017-10-20T13:07:30.000+0000,STOREFARM,5,지니맘 큐빅십자수 보석 십자수 키티 공예 패키지,큐빅십자수 키티 DIY: 35번 키티 컵
310036893,SELLBLOG,NORMAL,또 구입 원해요^^,2017-09-30T08:19:17.000+0000,STOREFARM,5,지니맘 큐빅십자수 보석 십자수 키티 공예 패키지,큐빅십자수 키티 DIY: 35번 키티 컵
307417003,SELLBLOG,NORMAL,아주좋아요 ,2017-09-24T12:47:42.000+0000,STOREFARM,5,지니맘 큐빅십자수 보석 십자수 키티 공예 패키지,큐빅십자수 키티 DIY: 35번 키티 컵
307416998,SELLBLOG,NORMAL,아주좋아요 ,2017-09-24T12:47:42.000+0000,STOREFARM,5,지니맘 큐빅십자수 보석 십자수 키티 공예 패키지,큐빅십자수 키티 DIY: 33번 키티 발레
307416995,SELLBLOG,NORMAL,아주좋아요 ,2017-09-24T12:47:42.000+0000,STOREFARM,5,지니맘 큐빅십자수 보석 십자수 키티 공예 패키지,큐빅십자수 키티 DIY: 17번 키티 원형
307416992,SELLBLOG,NORMAL,아주좋아요 ,2017-09-24T12:47:42.000+0000,STOREFARM,5,지니맘 큐빅십자수 보석 십자수 키티 공예 패키지,큐빅십자수 키티 DIY: 16번 키티 헬로곰
307416990,SELLBLOG,NORMAL,아주좋아요 ,2017-09-24T12:47:42.000+0000,STOREFARM,5,지니맘 큐빅십자수 보석 십자수 키티 공예 패키지,큐빅십자수 키티 DIY: 6번 키티 꿀벌
307416983,SELLBLOG,NORMAL,아주좋아요 ,2017-09-24T12:47:42.000+0000,STOREFARM,5,지니맘 큐빅십자수 보석 십자수 키티 공예 패키지,큐빅십자수 키티 DIY: 28번 키티토끼
302435366,SELLBLOG,NORMAL,큐빅 크기가 여러가지라 더 입체적인 듯,2017-09-12T09:37:19.000+0000,STOREFARM,5,지니맘 큐빅십자수 보석 십자수 키티 공예 패키지,큐빅십자수 키티 DIY: 20번 미키마우스
302435359,SELLBLOG,NORMAL,개별 지퍼백 포장이라 편해요,2017-09-12T09:37:19.000+0000,STOREFARM,5,지니맘 큐빅십자수 보석 십자수 키티 공예 패키지,큐빅십자수 키티 DIY: 1번 키티칼라
302435371,SELLBLOG,NORMAL,애들이 좋아해요,2017-09-12T09:37:19.000+0000,STOREFARM,5,지니맘 큐빅십자수 보석 십자수 키티 공예 패키지,큐빅십자수 키티 DIY: 9번 스폰지밥
302435374,SELLBLOG,NORMAL,재미있고 좋아요,2017-09-12T09:37:19.000+0000,STOREFARM,5,지니맘 큐빅십자수 보석 십자수 키티 공예 패키지,큐빅십자수 키티 DIY: 39번 미니언즈2
300292679,SELLBLOG,NORMAL,다른곳보다 싸고 배송도 빠르고 좋네요.,2017-09-06T17:42:57.000+0000,STOREFARM,5,"(지니맘)보석십자수 큐빅십자수 /전상품 5,900원/크리스탈 보석공예 키티/미니언즈/도라에몽/ 어벤져스/ 슈퍼맨/ 베트맨 (사이즈 15cm 20cm) 43종",큐빅십자수 키티 DIY: 20번 미키마우스
302435369,SELLBLOG,NORMAL,맘에 들어요,2017-09-12T09:37:19.000+0000,STOREFARM,5,지니맘 큐빅십자수 보석 십자수 키티 공예 패키지,큐빅십자수 키티 DIY: 43번 방패
302435351,SELLBLOG,NORMAL,완전 예뻐요,2017-09-12T09:37:19.000+0000,STOREFARM,5,지니맘 큐빅십자수 보석 십자수 키티 공예 패키지,큐빅십자수 키티 DIY: 40번 미니언즈3
298986584,SELLBLOG,NORMAL,"꼼꼼하게 포장해서 보내주시구
너무 맘에들어요~",2017-09-03T16:49:09.000+0000,STOREFARM,5,"(지니맘)보석십자수 큐빅십자수 /전상품 5,900원/크리스탈 보석공예 키티/미니언즈/도라에몽/ 어벤져스/ 슈퍼맨/ 베트맨 (사이즈 15cm 20cm) 43종",큐빅십자수 키티 DIY: 39번 미니언즈2
296615240,SELLBLOG,NORMAL,만족합니다,2017-08-28T03:58:03.000+0000,STOREFARM,5,"(지니맘)보석십자수 큐빅십자수 /전상품 5,900원/크리스탈 보석공예 키티/미니언즈/도라에몽/ 어벤져스/ 슈퍼맨/ 베트맨 (사이즈 15cm 20cm) 43종",큐빅십자수 키티 DIY: 28번 키티토끼
296615233,SELLBLOG,NORMAL,만족합니다,2017-08-28T03:58:03.000+0000,STOREFARM,5,"(지니맘)보석십자수 큐빅십자수 /전상품 5,900원/크리스탈 보석공예 키티/미니언즈/도라에몽/ 어벤져스/ 슈퍼맨/ 베트맨 (사이즈 15cm 20cm) 43종",큐빅십자수 키티 DIY: 40번 미니언즈3
296615196,SELLBLOG,NORMAL,만족합니다,2017-08-28T03:58:03.000+0000,STOREFARM,5,"(지니맘)보석십자수 큐빅십자수 /전상품 5,900원/크리스탈 보석공예 키티/미니언즈/도라에몽/ 어벤져스/ 슈퍼맨/ 베트맨 (사이즈 15cm 20cm) 43종",큐빅십자수 키티 DIY: 24번 별
296615193,SELLBLOG,NORMAL,만족합니다,2017-08-28T03:58:03.000+0000,STOREFARM,5,"(지니맘)보석십자수 큐빅십자수 /전상품 5,900원/크리스탈 보석공예 키티/미니언즈/도라에몽/ 어벤져스/ 슈퍼맨/ 베트맨 (사이즈 15cm 20cm) 43종",큐빅십자수 키티 DIY: 17번 키티 원형
296615165,SELLBLOG,NORMAL,만족합니다,2017-08-28T03:58:03.000+0000,STOREFARM,5,"(지니맘)보석십자수 큐빅십자수 /전상품 5,900원/크리스탈 보석공예 키티/미니언즈/도라에몽/ 어벤져스/ 슈퍼맨/ 베트맨 (사이즈 15cm 20cm) 43종",큐빅십자수 키티 DIY: 43번 방패
296615151,SELLBLOG,NORMAL,만족합니다,2017-08-28T03:58:03.000+0000,STOREFARM,5,"(지니맘)보석십자수 큐빅십자수 /전상품 5,900원/크리스탈 보석공예 키티/미니언즈/도라에몽/ 어벤져스/ 슈퍼맨/ 베트맨 (사이즈 15cm 20cm) 43종",큐빅십자수 키티 DIY: 39번 미니언즈2
296615121,SELLBLOG,NORMAL,만족합니다,2017-08-28T03:58:03.000+0000,STOREFARM,5,"(지니맘)보석십자수 큐빅십자수 /전상품 5,900원/크리스탈 보석공예 키티/미니언즈/도라에몽/ 어벤져스/ 슈퍼맨/ 베트맨 (사이즈 15cm 20cm) 43종",
296615105,SELLBLOG,NORMAL,만족합니다,2017-08-28T03:58:03.000+0000,STOREFARM,5,"(지니맘)보석십자수 큐빅십자수 /전상품 5,900원/크리스탈 보석공예 키티/미니언즈/도라에몽/ 어벤져스/ 슈퍼맨/ 베트맨 (사이즈 15cm 20cm) 43종",큐빅십자수 키티 DIY: 27번 어벤져스
302435355,SELLBLOG,NORMAL,큐빅이 반짝반짝,2017-09-12T09:37:19.000+0000,STOREFARM,5,지니맘 큐빅십자수 보석 십자수 키티 공예 패키지,큐빅십자수 키티 DIY: 38번 미니언즈1
290118649,SELLBLOG,NORMAL,배송도 빠르고 깔끔하게 포장되서 왔네요~그림들이 이쁜게 많아서 좋아요~~,2017-08-08T08:46:10.000+0000,STOREFARM,5,"(지니맘)보석십자수 큐빅십자수 /전상품 5,900원/크리스탈 보석공예 키티/미니언즈/도라에몽/ 어벤져스/ 슈퍼맨/ 베트맨 (사이즈 15cm 20cm) 43종",큐빅십자수 키티 DIY: 22번 도라에몽
289357965,SELLBLOG,NORMAL,"1장하는데 3~4시간걸렸어요
재밋어요",2017-08-06T07:44:33.000+0000,STOREFARM,5,"(지니맘)보석십자수 큐빅십자수 /전상품 5,900원/크리스탈 보석공예 키티/미니언즈/도라에몽/ 어벤져스/ 슈퍼맨/ 베트맨 (사이즈 15cm 20cm) 43종",큐빅십자수 키티 DIY: 16번 키티 헬로곰
290118656,SELLBLOG,NORMAL,좋아요~~굿굿♡,2017-08-08T08:46:10.000+0000,STOREFARM,5,"(지니맘)보석십자수 큐빅십자수 /전상품 5,900원/크리스탈 보석공예 키티/미니언즈/도라에몽/ 어벤져스/ 슈퍼맨/ 베트맨 (사이즈 15cm 20cm) 43종",큐빅십자수 키티 DIY: 5번 키티무지개
290118659,SELLBLOG,NORMAL,맘에들어요~~~,2017-08-08T08:46:10.000+0000,STOREFARM,5,"(지니맘)보석십자수 큐빅십자수 /전상품 5,900원/크리스탈 보석공예 키티/미니언즈/도라에몽/ 어벤져스/ 슈퍼맨/ 베트맨 (사이즈 15cm 20cm) 43종",큐빅십자수 키티 DIY: 16번 키티 헬로곰
285292261,SELLBLOG,NORMAL,좋아요~~,2017-07-25T08:53:57.000+0000,STOREFARM,5,"(지니맘)보석십자수 큐빅십자수 /전상품 5,900원/크리스탈 보석공예 키티/미니언즈/도라에몽/ 어벤져스/ 슈퍼맨/ 베트맨 (사이즈 15cm 20cm) 43종",큐빅십자수 키티 DIY: 41번 토르
285292241,SELLBLOG,NORMAL,좋아요~~,2017-07-25T08:53:57.000+0000,STOREFARM,5,"(지니맘)보석십자수 큐빅십자수 /전상품 5,900원/크리스탈 보석공예 키티/미니언즈/도라에몽/ 어벤져스/ 슈퍼맨/ 베트맨 (사이즈 15cm 20cm) 43종",큐빅십자수 키티 DIY: 25번 슈퍼맨
285292240,SELLBLOG,NORMAL,좋아요~~,2017-07-25T08:53:57.000+0000,STOREFARM,5,"(지니맘)보석십자수 큐빅십자수 /전상품 5,900원/크리스탈 보석공예 키티/미니언즈/도라에몽/ 어벤져스/ 슈퍼맨/ 베트맨 (사이즈 15cm 20cm) 43종",큐빅십자수 키티 DIY: 26번 베트맨
285292259,SELLBLOG,NORMAL,좋아요~~~,2017-07-25T08:53:57.000+0000,STOREFARM,5,"(지니맘)보석십자수 큐빅십자수 /전상품 5,900원/크리스탈 보석공예 키티/미니언즈/도라에몽/ 어벤져스/ 슈퍼맨/ 베트맨 (사이즈 15cm 20cm) 43종",큐빅십자수 키티 DIY: 42번 헐크
285292248,SELLBLOG,NORMAL,좋아요~~~,2017-07-25T08:53:57.000+0000,STOREFARM,5,"(지니맘)보석십자수 큐빅십자수 /전상품 5,900원/크리스탈 보석공예 키티/미니언즈/도라에몽/ 어벤져스/ 슈퍼맨/ 베트맨 (사이즈 15cm 20cm) 43종",큐빅십자수 키티 DIY: 22번 도라에몽
276990837,SELLBLOG,NORMAL,"넘. 재미있어요
그리고 목은 좀 아프지만 집중력이 좋아요",2017-07-03T03:46:52.000+0000,STOREFARM,5,"(지니맘)보석십자수 큐빅십자수 /전상품 5,900원/크리스탈 보석공예 키티/미니언즈/도라에몽/ 어벤져스/ 슈퍼맨/ 베트맨 (사이즈 15cm 20cm) 43종",큐빅십자수 키티 DIY: 29번 키티 도라에몽
279647656,SELLBLOG,NORMAL,아이들이 정말 좋아해요~~,2017-07-10T05:37:53.000+0000,STOREFARM,5,"(지니맘)보석십자수 큐빅십자수 /전상품 5,900원/크리스탈 보석공예 키티/미니언즈/도라에몽/ 어벤져스/ 슈퍼맨/ 베트맨 (사이즈 15cm 20cm) 43종",큐빅십자수 키티 DIY: 33번 키티 발레
275635283,SELLBLOG,NORMAL,잘받았습니다,2017-06-29T03:12:59.000+0000,STOREFARM,5,"(지니맘)보석십자수 큐빅십자수 /전상품 5,900원/크리스탈 보석공예 키티/미니언즈/도라에몽/ 어벤져스/ 슈퍼맨/ 베트맨 (사이즈 15cm 20cm) 43종",큐빅십자수 키티 DIY: 22번 도라에몽
272948058,SELLBLOG,NORMAL,빠른 배송 만족합니다,2017-06-21T12:55:56.000+0000,STOREFARM,5,"(지니맘)보석십자수 큐빅십자수 /전상품 5,900원/크리스탈 보석공예 키티/미니언즈/도라에몽/ 어벤져스/ 슈퍼맨/ 베트맨 (사이즈 15cm 20cm) 43종",큐빅십자수 키티 DIY: 22번 도라에몽
270933225,SELLBLOG,NORMAL,너무 얘쁘고 아이들이 좋아해요,2017-06-16T08:36:59.000+0000,STOREFARM,5,"(지니맘)보석십자수 큐빅십자수 /전상품 5,900원/크리스탈 보석공예 키티/미니언즈/도라에몽/ 어벤져스/ 슈퍼맨/ 베트맨 (사이즈 15cm 20cm) 43종",큐빅십자수 키티 DIY: 3번 키티블루
257794700,SELLBLOG,NORMAL,"우리 아이가 좋아해서 구입했다가
요즘은 선물용으로 구입합니다.
가격대비 만족도 최고에요.
벌써 여러번째 구입중이랍니다.
연휴때아님 배송도 빨라요",2017-05-11T09:14:30.000+0000,STOREFARM,5,(지니맘)보석십자수 큐빅십자수 크리스탈 보석공예 키티/미니언즈/도라에몽/ 어벤져스/ 슈퍼맨/ 베트맨 (사이즈 15cm 20cm) 43종,큐빅십자수 키티 DIY: 1번 키티칼라
257794709,SELLBLOG,NORMAL,"여자아이뿐아니라 남자아이도 엄청 좋아합니다
집중력 상승 ㅋㅋ
어른인 저도 재밌어서 아이 몰래 한.둘 하고있답니다",2017-05-11T09:14:30.000+0000,STOREFARM,5,(지니맘)보석십자수 큐빅십자수 크리스탈 보석공예 키티/미니언즈/도라에몽/ 어벤져스/ 슈퍼맨/ 베트맨 (사이즈 15cm 20cm) 43종,큐빅십자수 키티 DIY: 39번 미니언즈2
257792587,SELLBLOG,NORMAL,"아이 친구선물로 벌써 6개 구입하고있어요
선물로 괜찮은거 같아요.
아이들도 좋아하고 가격도 부담없고.
단지 택배비가 부담되네요ㅡㅡ",2017-05-11T09:07:59.000+0000,STOREFARM,5,(지니맘)보석십자수 큐빅십자수 크리스탈 보석공예 키티/미니언즈/도라에몽/ 어벤져스/ 슈퍼맨/ 베트맨 (사이즈 15cm 20cm) 43종,큐빅십자수 키티 DIY: 19번 미키 걸
256126412,SELLBLOG,NORMAL,정말 이뻐요 아주 맘에 들어합니다 아기자기 한맛에 하나하나 붙이는 재미도 있다고 하구요..^^ 물온 제 아이가 아니라 여자친구가요 ㅎㅎㅎㅎ,2017-05-05T08:19:04.000+0000,STOREFARM,4,(지니맘)보석십자수 큐빅십자수 크리스탈 보석공예 키티/미니언즈/도라에몽/ 어벤져스/ 슈퍼맨/ 베트맨 (사이즈 15cm 20cm) 43종,큐빅십자수 키티 DIY: 35번 키티 컵
256126272,SELLBLOG,NORMAL,"좋습니다 아주 맘에 들어 합니다^^ 아 물론 여자친구가요,,.,,",2017-05-05T08:18:09.000+0000,STOREFARM,5,(지니맘)보석십자수 큐빅십자수 크리스탈 보석공예 키티/미니언즈/도라에몽/ 어벤져스/ 슈퍼맨/ 베트맨 (사이즈 15cm 20cm) 43종,큐빅십자수 키티 DIY: 35번 키티 컵
255289095,SELLBLOG,NORMAL,"좀 비싼감이 있지만....
맘에 들어요",2017-05-02T01:30:55.000+0000,STOREFARM,5,(지니맘)보석십자수 큐빅십자수 크리스탈 보석공예 키티/미니언즈/도라에몽/ 어벤져스/ 슈퍼맨/ 베트맨 (사이즈 15cm 20cm) 43종,큐빅십자수 키티 DIY: 31번 키티 도트
253443892,SELLBLOG,NORMAL,맘에들어요,2017-04-26T02:31:51.000+0000,STOREFARM,5,(지니맘)보석십자수 큐빅십자수 크리스탈 보석공예 키티/미니언즈/도라에몽/ 어벤져스/ 슈퍼맨/ 베트맨 (사이즈 15cm 20cm) 43종,큐빅십자수 키티 DIY: 3번 키티블루
253443884,SELLBLOG,NORMAL,너무예뻐요,2017-04-26T02:31:51.000+0000,STOREFARM,5,(지니맘)보석십자수 큐빅십자수 크리스탈 보석공예 키티/미니언즈/도라에몽/ 어벤져스/ 슈퍼맨/ 베트맨 (사이즈 15cm 20cm) 43종,큐빅십자수 키티 DIY: 4번 키티핑크
256021740,SELLBLOG,NORMAL,"굿 아이가좋아해요....
아이가좋아해요....
아이가좋아해요....
아이가좋아해요....
아이가좋아해요.",2017-05-04T15:14:51.000+0000,STOREFARM,3,(지니맘)보석 비즈 큐빅십자수 다이아몬드페인팅 키티/미니언즈/도라에몽/ 어벤져스/ 슈퍼맨/ 베트맨 (사이즈 15cm 20cm) 36종,큐빅십자수 키티 DIY: 31번 키티도트
245438782,SELLBLOG,NORMAL,비즈도 별로 불량이 없어 만족해요,2017-04-01T17:16:26.000+0000,STOREFARM,5,흰색,흰색
233524308,SELLBLOG,NORMAL,키하~ 흰색얼굴로 바꿔서 할껄 그랬나 후회되지만 투샷이니까 원본대로 했어요.근데 하다보니 비즈 불량이 좀 있어요. 어쩔 수 없지만...제품구성상 비즈트레이가 아닌 접시로 구성되어있어 아쉽긴 했어요><비즈도 넉넉하고...역시 부족한 것보다 넉넉해야 왠지모를 안심!!!처음이라 접착고무를 별도 구매할껄 그랬나 생각했지만 쓸데없는 생각이였네요A4용지 2분의 1크기 4개하는데 구성된 접착고무 1개 반도 안되게 썼네요!!다른 그림할때마다 쓰던 걸로 이용했어요~,2017-02-22T08:46:30.000+0000,STOREFARM,3,(지니맘)보석 비즈 큐빅십자수 다이아몬드페인팅 키티/미니언즈/도라에몽/ 어벤져스/ 슈퍼맨/ 베트맨 (사이즈 15cm 20cm) 36종,큐빅십자수 키티 DIY: 8번 키티 하트
241692044,SELLBLOG,NORMAL,"아이가쉽게따라하네요
목디스크올듯",2017-03-21T10:58:26.000+0000,STOREFARM,5,(지니맘)보석십자수 큐빅십자수 크리스탈 보석공예 키티/미니언즈/도라에몽/ 어벤져스/ 슈퍼맨/ 베트맨 (사이즈 15cm 20cm) 43종,큐빅십자수 키티 DIY: 6번 키티 꿀벌
234894417,SELLBLOG,NORMAL,"제품은 이뻐요 제품일단 꼼꼼히 보내주셔서 감사하고요 ㅎㅎ
배송만 빨랏으면 매우만족이었을거에요 
너무 오래 기다렸어요 ㅜ 바쁘시다하셔도 시간약속은 지켜야죠 ㅜ 제품은 너무 만족스럽습니다 제취미생활이라 이쁘게 만들께요 ㅎ",2017-02-27T09:11:12.000+0000,STOREFARM,5,(지니맘)보석십자수 큐빅십자수 보석공예 키티/미니언즈/도라에몽/ 어벤져스/ 슈퍼맨/ 베트맨 (사이즈 15cm 20cm) 36종,큐빅십자수 키티 DIY: 8번 키티 하트
233517200,SELLBLOG,NORMAL,행운의 상징의 의미로^^ 큐빅십자수 전부터 알고 있었지만 그땐  관심이 없었는데갑자기 하고 싶어서....하는 이상 이왕 하는 거 제가 좋아하는 캐릭터를 하려고 찾았는데 있어서 바로 구매했어요.이 그림 아닌 다른 그림 1개만 하려다가 결국 같이 주문!,2017-02-22T08:21:18.000+0000,STOREFARM,3,(지니맘)보석 비즈 큐빅십자수 다이아몬드페인팅 키티/미니언즈/도라에몽/ 어벤져스/ 슈퍼맨/ 베트맨 (사이즈 15cm 20cm) 36종,큐빅십자수 키티 DIY: 21번 클로버
241692180,SELLBLOG,NORMAL,아이가쉽게따라하네요 ,2017-03-21T10:58:58.000+0000,STOREFARM,5,(지니맘)보석십자수 큐빅십자수 크리스탈 보석공예 키티/미니언즈/도라에몽/ 어벤져스/ 슈퍼맨/ 베트맨 (사이즈 15cm 20cm) 43종,큐빅십자수 키티 DIY: 19번 미키 걸
241692111,SELLBLOG,NORMAL,아이가쉽게따라하네요 ,2017-03-21T10:58:41.000+0000,STOREFARM,5,(지니맘)보석십자수 큐빅십자수 크리스탈 보석공예 키티/미니언즈/도라에몽/ 어벤져스/ 슈퍼맨/ 베트맨 (사이즈 15cm 20cm) 43종,큐빅십자수 키티 DIY: 20번 미키마우스
240747913,SELLBLOG,NORMAL,딸들이 좋아라 해서 여러번구매합니다.,2017-03-18T05:10:11.000+0000,STOREFARM,5,(지니맘)보석십자수 큐빅십자수 크리스탈 보석공예 키티/미니언즈/도라에몽/ 어벤져스/ 슈퍼맨/ 베트맨 (사이즈 15cm 20cm) 43종,큐빅십자수 키티 DIY: 2번 키티봄디아
242858845,SELLBLOG,NORMAL,너무 예뻐요~^^,2017-03-24T21:22:07.000+0000,STOREFARM,5,(지니맘)보석십자수 큐빅십자수 크리스탈 보석공예 키티/미니언즈/도라에몽/ 어벤져스/ 슈퍼맨/ 베트맨 (사이즈 15cm 20cm) 43종,큐빅십자수 키티 DIY: 16번 키티 헬로곰
240748465,SELLBLOG,NORMAL,5살딸도 하겠다고 난리예요ㅋㅋ ,2017-03-18T05:11:52.000+0000,STOREFARM,5,(지니맘)보석십자수 큐빅십자수 크리스탈 보석공예 키티/미니언즈/도라에몽/ 어벤져스/ 슈퍼맨/ 베트맨 (사이즈 15cm 20cm) 43종,큐빅십자수 키티 DIY: 13번 키티 리본
240748138,SELLBLOG,NORMAL,딸들집중력최고예요^^*,2017-03-18T05:10:53.000+0000,STOREFARM,5,(지니맘)보석십자수 큐빅십자수 크리스탈 보석공예 키티/미니언즈/도라에몽/ 어벤져스/ 슈퍼맨/ 베트맨 (사이즈 15cm 20cm) 43종,큐빅십자수 키티 DIY: 11번 키티 곰
240748677,SELLBLOG,NORMAL,최고로 만족대만족합니다.,2017-03-18T05:12:30.000+0000,STOREFARM,5,(지니맘)보석십자수 큐빅십자수 크리스탈 보석공예 키티/미니언즈/도라에몽/ 어벤져스/ 슈퍼맨/ 베트맨 (사이즈 15cm 20cm) 43종,큐빅십자수 키티 DIY: 32번 키티 꽃 
233518735,SELLBLOG,NORMAL,키칼♡ 한개만 하자 할때 골라놨던 키티칼라...다른 그림에 또 눈이 가서 1개로는 끝내지 못했어요ㅠㅜ그래도 여러개 구입덕에 비즈색을 바꿔서 했네요~이뻐서 대만족~,2017-02-22T08:26:45.000+0000,STOREFARM,3,(지니맘)보석 비즈 큐빅십자수 다이아몬드페인팅 키티/미니언즈/도라에몽/ 어벤져스/ 슈퍼맨/ 베트맨 (사이즈 15cm 20cm) 36종,큐빅십자수 키티 DIY: 1번 키티칼라
238699076,SELLBLOG,NORMAL,두딸아이가 너무 좋아해요 ,2017-03-12T02:30:42.000+0000,STOREFARM,5,(지니맘)보석 비즈 큐빅십자수 다이아몬드페인팅 키티/미니언즈/도라에몽/ 어벤져스/ 슈퍼맨/ 베트맨 (사이즈 15cm 20cm) 36종,큐빅십자수 키티 DIY: 16번 키티 헬로곰
238698982,SELLBLOG,NORMAL,두딸아이가 너무 좋아해요 ,2017-03-12T02:30:18.000+0000,STOREFARM,5,(지니맘)보석 비즈 큐빅십자수 다이아몬드페인팅 키티/미니언즈/도라에몽/ 어벤져스/ 슈퍼맨/ 베트맨 (사이즈 15cm 20cm) 36종,큐빅십자수 키티 DIY: 7번 키티 카메라
238698904,SELLBLOG,NORMAL,두딸아이가 너무 좋아해요,2017-03-12T02:30:00.000+0000,STOREFARM,5,(지니맘)보석 비즈 큐빅십자수 다이아몬드페인팅 키티/미니언즈/도라에몽/ 어벤져스/ 슈퍼맨/ 베트맨 (사이즈 15cm 20cm) 36종,큐빅십자수 키티 DIY: 8번 키티 하트
233520487,SELLBLOG,NORMAL,키카~ 전신샷이 아니걸로만 구입했지만 만족해요~정말 사진보다 실물이 훨씬 이쁘네요^0^이렇게 이쁜걸!!!,2017-02-22T08:32:32.000+0000,STOREFARM,3,(지니맘)보석 비즈 큐빅십자수 다이아몬드페인팅 키티/미니언즈/도라에몽/ 어벤져스/ 슈퍼맨/ 베트맨 (사이즈 15cm 20cm) 36종,큐빅십자수 키티 DIY: 7번 키티 카메라
231916681,SELLBLOG,NORMAL,초등학생 조카가 반짝 반짝 이쁘게 완성 된거 빨리 보겠다고 집중해서 하네요   저렴한 가격에 구매 잘 했습니다~,2017-02-17T04:11:39.000+0000,STOREFARM,5,(지니맘)보석 비즈 큐빅십자수 다이아몬드페인팅 키티/미니언즈/도라에몽/ 어벤져스/ 슈퍼맨/ 베트맨 (사이즈 15cm 20cm) 36종,큐빅십자수 키티 DIY: 6번 키티 꿀벌
236156548,SELLBLOG,NORMAL,스펀지밥..반짝반짝 빛나서 멋져요^^,2017-03-04T02:15:43.000+0000,STOREFARM,5,(지니맘)보석 비즈 큐빅십자수 다이아몬드페인팅 키티/미니언즈/도라에몽/ 어벤져스/ 슈퍼맨/ 베트맨 (사이즈 15cm 20cm) 36종,큐빅십자수 키티 DIY: 9번 스폰지밥
231916387,SELLBLOG,NORMAL,초등학생 선물로 구매했는데 방법도 쉽고 간편해서 편했어요 ,2017-02-17T04:10:36.000+0000,STOREFARM,5,(지니맘)보석 비즈 큐빅십자수 다이아몬드페인팅 키티/미니언즈/도라에몽/ 어벤져스/ 슈퍼맨/ 베트맨 (사이즈 15cm 20cm) 36종,큐빅십자수 키티 DIY: 7번 키티 카메라
231843498,SELLBLOG,NORMAL,하얀얼굴키티가 아니라 아쉬웠지만 이쁘니깐^^,2017-02-16T19:08:40.000+0000,STOREFARM,3,(지니맘)보석 비즈 큐빅십자수 다이아몬드페인팅 키티/미니언즈/도라에몽/ 어벤져스/ 슈퍼맨/ 베트맨 (사이즈 15cm 20cm) 36종,큐빅십자수 키티 DIY: 8번 키티 하트
234894061,SELLBLOG,NORMAL,좋아요 ㅎㅎ ,2017-02-27T09:09:11.000+0000,STOREFARM,5,(지니맘)보석십자수 큐빅십자수 보석공예 키티/미니언즈/도라에몽/ 어벤져스/ 슈퍼맨/ 베트맨 (사이즈 15cm 20cm) 36종,큐빅십자수 키티 DIY: 8번 키티 하트
231843529,SELLBLOG,NORMAL,무엇보다 하얀얼굴키티라 바로 구매각-,2017-02-16T19:09:38.000+0000,STOREFARM,3,(지니맘)보석 비즈 큐빅십자수 다이아몬드페인팅 키티/미니언즈/도라에몽/ 어벤져스/ 슈퍼맨/ 베트맨 (사이즈 15cm 20cm) 36종,큐빅십자수 키티 DIY: 7번 키티 카메라
231843465,SELLBLOG,NORMAL,보자마자 하고 싶었던 키티호피^0^,2017-02-16T19:07:09.000+0000,STOREFARM,3,(지니맘)보석 비즈 큐빅십자수 다이아몬드페인팅 키티/미니언즈/도라에몽/ 어벤져스/ 슈퍼맨/ 베트맨 (사이즈 15cm 20cm) 36종,큐빅십자수 키티 DIY: 1번 키티칼라
232118494,SELLBLOG,NORMAL,아주좋아요 ,2017-02-17T18:34:43.000+0000,STOREFARM,5,(지니맘)보석 비즈 큐빅십자수 다이아몬드페인팅 키티/미니언즈/도라에몽/ 어벤져스/ 슈퍼맨/ 베트맨 (사이즈 15cm 20cm) 36종,큐빅십자수 키티 DIY: 34번 미니언즈1
232105013,SELLBLOG,NORMAL,잘받았어요~,2017-02-17T15:59:25.000+0000,STOREFARM,5,(지니맘)보석 비즈 큐빅십자수 다이아몬드페인팅 키티/미니언즈/도라에몽/ 어벤져스/ 슈퍼맨/ 베트맨 (사이즈 15cm 20cm) 36종,큐빅십자수 키티 DIY: 21번 클로버
227200663,SELLBLOG,NORMAL,아이가쉽게만들수있고 모니터색상보다밝고이뻐요아이가만족해하네요~~,2017-02-01T08:18:40.000+0000,STOREFARM,5,(지니맘)보석 비즈 큐빅십자수 다이아몬드페인팅 키티/미니언즈/도라에몽/ 어벤져스/ 슈퍼맨/ 베트맨 (사이즈 15cm 20cm) 36종,큐빅십자수 키티 DIY: 11번 키티 곰
230286315,SELLBLOG,NORMAL,상품이상없이 잘받았습니다. ^^,2017-02-11T22:03:56.000+0000,STOREFARM,3,(지니맘)보석 비즈 큐빅십자수 다이아몬드페인팅 키티/미니언즈/도라에몽/ 어벤져스/ 슈퍼맨/ 베트맨 (사이즈 15cm 20cm) 36종,큐빅십자수 키티 DIY: 1번 키티칼라
231720549,SELLBLOG,NORMAL,와 좋아요^^,2017-02-16T07:27:23.000+0000,STOREFARM,5,3번,3번
228530424,SELLBLOG,NORMAL,잘받았습니다,2017-02-06T14:19:47.000+0000,STOREFARM,5,(지니맘)보석 비즈 큐빅십자수 다이아몬드페인팅 키티/미니언즈/도라에몽/ 어벤져스/ 슈퍼맨/ 베트맨 (사이즈 15cm 20cm) 36종,큐빅십자수 키티 DIY: 19번 미키 걸
225802025,SELLBLOG,NORMAL,아이들이 좋아하네요.금새완성했어요.,2017-01-24T05:20:50.000+0000,STOREFARM,5,파랑,파랑
227125581,SELLBLOG,NORMAL,행운클로버가 되길 바라며 ....,2017-01-31T20:20:36.000+0000,STOREFARM,3,(지니맘)보석 비즈 큐빅십자수 다이아몬드페인팅 키티/미니언즈/도라에몽/ 어벤져스/ 슈퍼맨/ 베트맨 (사이즈 15cm 20cm) 36종,큐빅십자수 키티 DIY: 21번 클로버
222652902,SELLBLOG,NORMAL,좋아요 아이들이 추운겨울 집안에서 집중력 키우기에 너무 좋은거 같아요. 비즈 양도많아서 너넉하게 완성했어요,2017-01-12T12:52:19.000+0000,STOREFARM,5,(지니맘)보석 비즈 큐빅십자수 다이아몬드페인팅 키티/미니언즈/도라에몽/ 어벤져스/ 슈퍼맨/ 베트맨 (사이즈 15cm 20cm) 36종,큐빅십자수 키티 DIY: 11번 키티 곰
225151307,SELLBLOG,NORMAL,이쁘네요~  아이가 좋아합니다. 배송도빠르고 좋아요^^,2017-01-22T02:05:17.000+0000,STOREFARM,5,흰색,흰색
227152965,SELLBLOG,NORMAL,아주좋아여,2017-02-01T03:17:01.000+0000,STOREFARM,5,(지니맘)보석 비즈 큐빅십자수 다이아몬드페인팅 키티/미니언즈/도라에몽/ 어벤져스/ 슈퍼맨/ 베트맨 (사이즈 15cm 20cm) 36종,큐빅십자수 키티 DIY: 35번 미니언즈2
222651363,SELLBLOG,NORMAL,"좋아요 비즈양도넉넉하고,아이들이 꼼짝않코 완성해요.추운겨울방학에 딱좋은거같아요..추천해요.좋습니다",2017-01-12T12:44:24.000+0000,STOREFARM,5,(지니맘)보석 비즈 큐빅십자수 다이아몬드페인팅 키티/미니언즈/도라에몽/ 어벤져스/ 슈퍼맨/ 베트맨 (사이즈 15cm 20cm) 36종,큐빅십자수 키티 DIY: 9번 스폰지밥
226332392,SELLBLOG,NORMAL,아이가 좋아합니다~^^,2017-01-26T05:09:20.000+0000,STOREFARM,5,(지니맘)보석 비즈 큐빅십자수 다이아몬드페인팅 키티/미니언즈/도라에몽/ 어벤져스/ 슈퍼맨/ 베트맨 (사이즈 15cm 20cm) 36종,큐빅십자수 키티 DIY: 20번 미키마우스
222727844,SELLBLOG,NORMAL,애기가 좋아하네요 좋은 물건 많이 파세용,2017-01-13T01:35:07.000+0000,STOREFARM,5,(지니맘)보석 비즈 큐빅십자수 다이아몬드페인팅 키티/미니언즈/도라에몽/ 어벤져스/ 슈퍼맨/ 베트맨 (사이즈 15cm 20cm) 36종,큐빅십자수 키티 DIY: 29번 키티 도라에몽
225211648,SELLBLOG,NORMAL,집중하며 잘하네요,2017-01-22T05:44:32.000+0000,STOREFARM,5,(지니맘)보석 비즈 큐빅십자수 다이아몬드페인팅 키티/미니언즈/도라에몽/ 어벤져스/ 슈퍼맨/ 베트맨 (사이즈 15cm 20cm) 36종,큐빅십자수 키티 DIY: 9번 스폰지밥
218585582,SELLBLOG,NORMAL,만족 아이들선물로 구입했어요 걱정반기대반으로 주문했는데 다행히 아이들이 너무재미있게 큐빅붙이기를했네요 키티가조금씩 완성되어가며 너무예쁘고다완성하고 액자에넣으니 정말 반짝반짝너무예쁘네요,2016-12-27T06:57:32.000+0000,STOREFARM,5,(지니맘)보석 비즈 큐빅십자수 다이아몬드페인팅 키티/미니언즈/도라에몽/ 어벤져스/ 슈퍼맨/ 베트맨 (사이즈 15cm 20cm) 36종,큐빅십자수 키티 DIY: 31번 키티도트
218587412,SELLBLOG,NORMAL,예뻐요 아이들 선물로 구입했어요 큐빅을 일일이 붙이는거라 지겹지 않을까 걱정했는데 아이들이 너무 즐겁게 완성했어요 키티가조금씩완성되며 성취감도 느끼고 완성된후 액자에 넣으니 너무 예쁘네요,2016-12-27T07:03:04.000+0000,STOREFARM,5,(지니맘)보석 비즈 큐빅십자수 다이아몬드페인팅 키티/미니언즈/도라에몽/ 어벤져스/ 슈퍼맨/ 베트맨 (사이즈 15cm 20cm) 36종,큐빅십자수 키티 DIY: 11번 키티 곰
224814051,SELLBLOG,NORMAL,예쁘게 완성하였습니다~^^,2017-01-20T11:37:48.000+0000,STOREFARM,5,흰색,흰색
224368896,SELLBLOG,NORMAL,색깔이 예뻐요,2017-01-18T15:23:41.000+0000,STOREFARM,5,(지니맘)보석 비즈 큐빅십자수 다이아몬드페인팅 키티/미니언즈/도라에몽/ 어벤져스/ 슈퍼맨/ 베트맨 (사이즈 15cm 20cm) 36종,큐빅십자수 키티 DIY: 1번 키티칼라
223388981,SELLBLOG,NORMAL,집중력 기르는데 좋아요,2017-01-15T11:10:47.000+0000,STOREFARM,5,흰색,흰색
222127236,SELLBLOG,NORMAL,배송은 빨랐으나 제품 설명서가 없네요 ,2017-01-10T12:35:04.000+0000,STOREFARM,3,(지니맘)보석 비즈 큐빅십자수 다이아몬드페인팅 키티/미니언즈/도라에몽/ 어벤져스/ 슈퍼맨/ 베트맨 (사이즈 15cm 20cm) 36종,큐빅십자수 키티 DIY: 31번 키티도트
222127082,SELLBLOG,NORMAL,배송은 빨랐으나 제품 설명서가 없네요. ,2017-01-10T12:34:40.000+0000,STOREFARM,3,(지니맘)보석 비즈 큐빅십자수 다이아몬드페인팅 키티/미니언즈/도라에몽/ 어벤져스/ 슈퍼맨/ 베트맨 (사이즈 15cm 20cm) 36종,큐빅십자수 키티 DIY: 23번 슈퍼마리오
222651190,SELLBLOG,NORMAL,아이들집중력에짱,2017-01-12T12:43:29.000+0000,STOREFARM,5,(지니맘)보석 비즈 큐빅십자수 다이아몬드페인팅 키티/미니언즈/도라에몽/ 어벤져스/ 슈퍼맨/ 베트맨 (사이즈 15cm 20cm) 36종,큐빅십자수 키티 DIY: 9번 스폰지밥
218240822,SELLBLOG,NORMAL,"좋아요~~ 초3  딸아이도 집중해서 잘해요~~
시간 가는줄 모르고 하루종일 하네요..
다른 비즈보다 훨씬예뻐요",2016-12-26T03:30:25.000+0000,STOREFARM,5,(지니맘)보석 비즈 큐빅십자수 다이아몬드페인팅 키티/미니언즈/도라에몽/ 어벤져스/ 슈퍼맨/ 베트맨 (사이즈 15cm 20cm) 36종,큐빅십자수 키티 DIY: 28번 키티토끼
222152276,SELLBLOG,NORMAL,배송도빠르고 상품도 맘에듭니다~~~~!,2017-01-10T13:49:06.000+0000,STOREFARM,5,(지니맘)보석 비즈 큐빅십자수 다이아몬드페인팅 키티/미니언즈/도라에몽/ 어벤져스/ 슈퍼맨/ 베트맨 (사이즈 15cm 20cm) 36종,큐빅십자수 키티 DIY: 23번 슈퍼마리오
218241120,SELLBLOG,NORMAL,"좋아요 배송도 빠르고 포장도 꼼꼼합니다..
잘 분류되어있어 어린이도 잘할수있고..
반짜반짝 그림도 예뻐요",2016-12-26T03:31:25.000+0000,STOREFARM,5,(지니맘)보석 비즈 큐빅십자수 다이아몬드페인팅 키티/미니언즈/도라에몽/ 어벤져스/ 슈퍼맨/ 베트맨 (사이즈 15cm 20cm) 36종,큐빅십자수 키티 DIY: 6번 키티 꿀벌
218216038,SELLBLOG,NORMAL,"좋아요 초등 3학년이 하기에도 좋아요..
꼼꼼하게 비즈별로 포장도 해주시고..
배송도 아주빨랐어요",2016-12-26T02:15:44.000+0000,STOREFARM,5,(지니맘)보석 비즈 큐빅십자수 다이아몬드페인팅 키티/미니언즈/도라에몽/ 어벤져스/ 슈퍼맨/ 베트맨 (사이즈 15cm 20cm) 36종,큐빅십자수 키티 DIY: 17번 키티 원형
227576788,SELLBLOG,NORMAL,ㅗㄴㅎㄴㅍ뉸,2017-02-03T01:02:43.000+0000,STOREFARM,5,(지니맘)보석 비즈 큐빅십자수 다이아몬드페인팅 키티/미니언즈/도라에몽/ 어벤져스/ 슈퍼맨/ 베트맨 (사이즈 15cm 20cm) 36종,큐빅십자수 키티 DIY: 18번 리본
219603769,SELLBLOG,NORMAL,"이이들이 좋아해요  
배송도 빠르고 좋아요",2016-12-31T14:56:07.000+0000,STOREFARM,5,(지니맘)보석 비즈 큐빅십자수 다이아몬드페인팅 키티/미니언즈/도라에몽/ 어벤져스/ 슈퍼맨/ 베트맨 (사이즈 15cm 20cm) 36종,큐빅십자수 키티 DIY: 5번 키티무지개
218352779,SELLBLOG,NORMAL,배송도빠르고 비즈도 넉넉하게있구요.좋아요,2016-12-26T09:49:03.000+0000,STOREFARM,5,(지니맘)보석 비즈 큐빅십자수 다이아몬드페인팅 키티/미니언즈/도라에몽/ 어벤져스/ 슈퍼맨/ 베트맨 (사이즈 15cm 20cm) 36종,큐빅십자수 키티 DIY: 11번 키티 곰
219584355,SELLBLOG,NORMAL,만족합니다 재구매하겠습니다 ~^^,2016-12-31T13:07:06.000+0000,STOREFARM,5,(지니맘)보석 비즈 큐빅십자수 다이아몬드페인팅 키티/미니언즈/도라에몽/ 어벤져스/ 슈퍼맨/ 베트맨 (사이즈 15cm 20cm) 36종,큐빅십자수 키티 DIY: 21번 클로버
218193523,SELLBLOG,NORMAL,빠른배송 아주만족합니다~~,2016-12-26T01:15:35.000+0000,STOREFARM,5,(지니맘)보석 비즈 큐빅십자수 다이아몬드페인팅 키티/미니언즈/도라에몽/ 어벤져스/ 슈퍼맨/ 베트맨 (사이즈 15cm 20cm) 36종,큐빅십자수 키티 DIY: 6번 키티 꿀벌
218194071,SELLBLOG,NORMAL,빠른배송 만족합니다,2016-12-26T01:17:01.000+0000,STOREFARM,5,(지니맘)보석 비즈 큐빅십자수 다이아몬드페인팅 키티/미니언즈/도라에몽/ 어벤져스/ 슈퍼맨/ 베트맨 (사이즈 15cm 20cm) 36종,큐빅십자수 키티 DIY: 28번 키티토끼
218193926,SELLBLOG,NORMAL,빠른 배송 만족합니다,2016-12-26T01:16:40.000+0000,STOREFARM,5,(지니맘)보석 비즈 큐빅십자수 다이아몬드페인팅 키티/미니언즈/도라에몽/ 어벤져스/ 슈퍼맨/ 베트맨 (사이즈 15cm 20cm) 36종,큐빅십자수 키티 DIY: 17번 키티 원형
218584782,SELLBLOG,NORMAL,아주예뻐요,2016-12-27T06:55:00.000+0000,STOREFARM,3,(지니맘)보석 비즈 큐빅십자수 다이아몬드페인팅 키티/미니언즈/도라에몽/ 어벤져스/ 슈퍼맨/ 베트맨 (사이즈 15cm 20cm) 36종,큐빅십자수 키티 DIY: 11번 키티 곰
218584633,SELLBLOG,NORMAL,아주예뻐요,2016-12-27T06:54:38.000+0000,STOREFARM,5,(지니맘)보석 비즈 큐빅십자수 다이아몬드페인팅 키티/미니언즈/도라에몽/ 어벤져스/ 슈퍼맨/ 베트맨 (사이즈 15cm 20cm) 36종,큐빅십자수 키티 DIY: 31번 키티도트
224297859,SELLBLOG,NORMAL,좋습니다.,2017-01-18T10:00:54.000+0000,STOREFARM,5,(지니맘)보석 비즈 큐빅십자수 다이아몬드페인팅 키티/미니언즈/도라에몽/ 어벤져스/ 슈퍼맨/ 베트맨 (사이즈 15cm 20cm) 36종,큐빅십자수 키티 DIY: 3번 키티블루
215460083,SELLBLOG,NORMAL,좋아요!ㅎㅎ 선물받은 친구가 좋아하네요 ㅎㅎ ,2016-12-15T02:36:47.000+0000,STOREFARM,5,(지니맘)보석 비즈 큐빅십자수 다이아몬드페인팅 키티/미니언즈/도라에몽/ 어벤져스/ 슈퍼맨/ 베트맨 (사이즈 15cm 20cm) 36종,큐빅십자수 키티 DIY: 36번 미니언즈3
213845913,SELLBLOG,NORMAL,좋네요~마음에듭니다~,2016-12-09T04:11:21.000+0000,STOREFARM,5,(지니맘)보석 비즈 큐빅십자수 다이아몬드페인팅 키티/미니언즈/도라에몽/ 어벤져스/ 슈퍼맨/ 베트맨 (사이즈 15cm 20cm) 36종,큐빅십자수 키티 DIY: 29번 키티 도라에몽
214759580,SELLBLOG,NORMAL,배송도 빠르고 좋아요,2016-12-12T12:47:26.000+0000,STOREFARM,5,(지니맘)보석 비즈 큐빅십자수 다이아몬드페인팅 키티/미니언즈/도라에몽/ 어벤져스/ 슈퍼맨/ 베트맨 (사이즈 15cm 20cm) 36종,큐빅십자수 키티 DIY: 16번 키티 헬로곰
211108955,SELLBLOG,NORMAL,"딸이 너무 좋아해요
집중력도 길러주고 성취감도 주네요
",2016-11-28T23:07:05.000+0000,STOREFARM,5,(지니맘)보석 비즈 큐빅십자수 다이아몬드페인팅 키티/미니언즈/도라에몽/ 어벤져스/ 슈퍼맨/ 베트맨 (사이즈 15cm 20cm) 36종,큐빅십자수 키티 DIY: 36번 미니언즈3
206698468,SELLBLOG,NORMAL,"완전 배송 빠르구요!! 메모도 감사합니다!! 품절된 상품 다시 재입고 됐으면 좋겠어욥!!!
다른곳에서도 구매해봤는데 지니맘큐빅 십자수는 차원이 다르네요!!! 하나하나 깔끔해욥!!",2016-11-10T10:18:48.000+0000,STOREFARM,5,(지니맘)보석 비즈 큐빅십자수 다이아몬드페인팅 키티/미니언즈/도라에몽/ 어벤져스/ 슈퍼맨/ 베트맨 (사이즈 15cm 20cm) 36종,큐빅십자수 키티 DIY: 2번 키티봄디아
211109192,SELLBLOG,NORMAL,"좋아요
딸이 하고싶어 주문했는데 저도 재밌네요 ㅎㅎ",2016-11-28T23:08:15.000+0000,STOREFARM,5,(지니맘)보석 비즈 큐빅십자수 다이아몬드페인팅 키티/미니언즈/도라에몽/ 어벤져스/ 슈퍼맨/ 베트맨 (사이즈 15cm 20cm) 36종,큐빅십자수 키티 DIY: 4번 키티핑크
206699193,SELLBLOG,NORMAL,도면판도 그렇고!! 큐빅도 그렇고!! 액자도!!! 퀼리 자체가 다른곳과는 비교도 안될정도로 최고입니다!!!! 품절삼품 다시 구매할수 있으면 좋겠어요!!!!,2016-11-10T10:22:41.000+0000,STOREFARM,5,(지니맘)보석 비즈 큐빅십자수 다이아몬드페인팅 키티/미니언즈/도라에몽/ 어벤져스/ 슈퍼맨/ 베트맨 (사이즈 15cm 20cm) 36종,큐빅십자수 키티 DIY: 6번 키티 꿀벌
211063826,SELLBLOG,NORMAL,재구매할예정이예욧ㅎ,2016-11-28T14:17:30.000+0000,STOREFARM,5,흰색,흰색
206698830,SELLBLOG,NORMAL,"다른곳과 다르게 큐빅도 바로쓰고 지퍼팩처럼 다시 보관 가능하고 액자도 그렇고 차원이 다르게 최고입니다!!!!
앞으로는 지니맘에서만 구매할꺼예요!!",2016-11-10T10:20:44.000+0000,STOREFARM,5,(지니맘)보석 비즈 큐빅십자수 다이아몬드페인팅 키티/미니언즈/도라에몽/ 어벤져스/ 슈퍼맨/ 베트맨 (사이즈 15cm 20cm) 36종,큐빅십자수 키티 DIY: 4번 키티핑크
209983346,SELLBLOG,NORMAL,만족합니다,2016-11-23T23:41:16.000+0000,STOREFARM,5,흰색,흰색
203010339,SELLBLOG,NORMAL,정말 총알 배송이네요.. 배송이 무척 빠르네요 정말 총알 배송이네요.. 배송이 무척 빠르네요아이가 무척 좋아하네요. 다음에 또 주문할께요포장상태도 꼼꼼히 잘 해주셨네요다양한 종류 보완해주세요,2016-10-25T14:34:51.000+0000,STOREFARM,5,(지니맘)보석 비즈 큐빅십자수 다이아몬드페인팅 키티/미니언즈/도라에몽/ 어벤져스/ 슈퍼맨/ 베트맨 (사이즈 15cm 20cm) 36종,큐빅십자수 키티 DIY: 36번 미니언즈3
203258295,SELLBLOG,NORMAL,토요일에 주문했는데  토요일에도 배송을 해주셨어요 그래서 월요일에 받았네요 아이가 굉장히좋아하구 아이 아빠도 시간때우기 좋다네요 ㅋ,2016-10-26T16:45:40.000+0000,STOREFARM,5,(지니맘)보석 비즈 큐빅십자수 다이아몬드페인팅 키티/미니언즈/도라에몽/ 어벤져스/ 슈퍼맨/ 베트맨 (사이즈 15cm 20cm) 36종,큐빅십자수 키티 DIY: 28번 키티토끼
203010700,SELLBLOG,NORMAL,정말 총알 배송이네요.. 배송이 무척 빠르네요 정말 총알배송이네요...배송이 무척 빠르네요아이가 정말 좋아라 합니다.다양한 디자인 좀 해주세요다음에 또 주문할께요..포장상태 good!~~,2016-10-25T14:36:07.000+0000,STOREFARM,5,(지니맘)보석 비즈 큐빅십자수 다이아몬드페인팅 키티/미니언즈/도라에몽/ 어벤져스/ 슈퍼맨/ 베트맨 (사이즈 15cm 20cm) 36종,큐빅십자수 키티 DIY: 21번 클로버
205791203,SELLBLOG,NORMAL,재밌게할게용,2016-11-07T01:45:13.000+0000,STOREFARM,5,(지니맘)보석 비즈 큐빅십자수 다이아몬드페인팅 키티/미니언즈/도라에몽/ 어벤져스/ 슈퍼맨/ 베트맨 (사이즈 15cm 20cm) 36종,큐빅십자수 키티 DIY: 23번 슈퍼마리오
203009768,SELLBLOG,NORMAL,"빠른배송 좋네요.
아이가 무척 좋아합니다.
포장상태  good.. ",2016-10-25T14:32:49.000+0000,STOREFARM,5,(지니맘)보석 비즈 큐빅십자수 다이아몬드페인팅 키티/미니언즈/도라에몽/ 어벤져스/ 슈퍼맨/ 베트맨 (사이즈 15cm 20cm) 36종,큐빅십자수 키티 DIY: 36번 미니언즈3
203009774,SELLBLOG,NORMAL,"빠른배송 좋네요..
아이가 좋아하도 포장도 good!!",2016-10-25T14:32:49.000+0000,STOREFARM,5,(지니맘)보석 비즈 큐빅십자수 다이아몬드페인팅 키티/미니언즈/도라에몽/ 어벤져스/ 슈퍼맨/ 베트맨 (사이즈 15cm 20cm) 36종,큐빅십자수 키티 DIY: 21번 클로버
201587606,SELLBLOG,NORMAL,받자 마자 초 집중으로 하는 울집아이 빨랑 완성해서  액자에 껴  놓아야 겠어요,2016-10-19T09:48:24.000+0000,STOREFARM,5,(지니맘)보석 비즈 큐빅십자수 다이아몬드페인팅 키티/미니언즈/도라에몽/ 어벤져스/ 슈퍼맨/ 베트맨 (사이즈 15cm 20cm) 31종,큐빅십자수 키티 DIY: 12번 키티 수박
202580958,SELLBLOG,NORMAL,아이들이 너무나 좋아합니다 ,2016-10-24T05:05:00.000+0000,STOREFARM,5,(지니맘)보석 비즈 큐빅십자수 다이아몬드페인팅 키티/미니언즈/도라에몽/ 어벤져스/ 슈퍼맨/ 베트맨 (사이즈 15cm 20cm) 36종,큐빅십자수 키티 DIY: 1번 키티칼라
202580882,SELLBLOG,NORMAL,아이들이 너무나 좋아합니다,2016-10-24T05:04:39.000+0000,STOREFARM,5,(지니맘)보석 비즈 큐빅십자수 다이아몬드페인팅 키티/미니언즈/도라에몽/ 어벤져스/ 슈퍼맨/ 베트맨 (사이즈 15cm 20cm) 36종,큐빅십자수 키티 DIY: 19번 미키 걸
202580810,SELLBLOG,NORMAL,아이들이 너무나 좋아합니다,2016-10-24T05:04:20.000+0000,STOREFARM,5,(지니맘)보석 비즈 큐빅십자수 다이아몬드페인팅 키티/미니언즈/도라에몽/ 어벤져스/ 슈퍼맨/ 베트맨 (사이즈 15cm 20cm) 36종,큐빅십자수 키티 DIY: 9번 스폰지밥
203258184,SELLBLOG,NORMAL,아이가좋아해용,2016-10-26T16:43:50.000+0000,STOREFARM,5,(지니맘)보석 비즈 큐빅십자수 다이아몬드페인팅 키티/미니언즈/도라에몽/ 어벤져스/ 슈퍼맨/ 베트맨 (사이즈 15cm 20cm) 36종,큐빅십자수 키티 DIY: 5번 키티무지개
203258234,SELLBLOG,NORMAL,아이가 좋아해요^^,2016-10-26T16:44:36.000+0000,STOREFARM,5,(지니맘)보석 비즈 큐빅십자수 다이아몬드페인팅 키티/미니언즈/도라에몽/ 어벤져스/ 슈퍼맨/ 베트맨 (사이즈 15cm 20cm) 36종,큐빅십자수 키티 DIY: 30번 키티 사과
203258207,SELLBLOG,NORMAL,아이가 좋아해요^^,2016-10-26T16:44:13.000+0000,STOREFARM,5,(지니맘)보석 비즈 큐빅십자수 다이아몬드페인팅 키티/미니언즈/도라에몽/ 어벤져스/ 슈퍼맨/ 베트맨 (사이즈 15cm 20cm) 36종,큐빅십자수 키티 DIY: 10번 안경토끼
203258165,SELLBLOG,NORMAL,아이가 좋아해요^^,2016-10-26T16:43:28.000+0000,STOREFARM,5,(지니맘)보석 비즈 큐빅십자수 다이아몬드페인팅 키티/미니언즈/도라에몽/ 어벤져스/ 슈퍼맨/ 베트맨 (사이즈 15cm 20cm) 36종,큐빅십자수 키티 DIY: 29번 키티 도라에몽
202870032,SELLBLOG,NORMAL,빠른 배송 감사해요 ^ ^,2016-10-25T06:27:47.000+0000,STOREFARM,5,(지니맘)보석 비즈 큐빅십자수 다이아몬드페인팅 키티/미니언즈/도라에몽/ 어벤져스/ 슈퍼맨/ 베트맨 (사이즈 15cm 20cm) 31종,큐빅십자수 키티 DIY: 16번 키티 헬로곰
198278536,SELLBLOG,NORMAL,"모양이 너무 예쁩니다^^
깔끔한 포장도 마음에 들어요~~",2016-10-05T03:42:51.000+0000,STOREFARM,5,(지니맘)보석 비즈 큐빅십자수 다이아몬드페인팅 키티/미니언즈/도라에몽/ 어벤져스/ 슈퍼맨/ 베트맨 (사이즈 15cm 20cm) 31종,큐빅십자수 키티 DIY: 4번 키티핑크
198337530,SELLBLOG,NORMAL,잘받았어요,2016-10-05T08:56:45.000+0000,STOREFARM,5,(지니맘)보석 비즈 큐빅십자수 다이아몬드페인팅 키티/미니언즈/도라에몽/ 어벤져스/ 슈퍼맨/ 베트맨 (사이즈 15cm 20cm) 31종,큐빅십자수 키티 DIY: 27번 어벤져스
194934734,SELLBLOG,NORMAL,깔끔하고 꼼꼼한 구성! 비즈도 잘 구별돼 있어서 쉽네요,2016-09-20T14:27:15.000+0000,STOREFARM,5,(지니맘)보석 비즈 큐빅십자수 다이아몬드페인팅 키티/미니언즈/도라에몽/ 어벤져스/ 슈퍼맨/ 베트맨 (사이즈 15cm 20cm) 31종,큐빅십자수 키티 DIY: 11번 키티 곰
194934584,SELLBLOG,NORMAL,깔끔하고 꼼꼼하게 구성돼 있네요. 아주 좋아요!,2016-09-20T14:26:21.000+0000,STOREFARM,5,(지니맘)보석 비즈 큐빅십자수 다이아몬드페인팅 키티/미니언즈/도라에몽/ 어벤져스/ 슈퍼맨/ 베트맨 (사이즈 15cm 20cm) 31종,큐빅십자수 키티 DIY: 23번 슈퍼마리오
194371301,SELLBLOG,NORMAL,배송도 빠르고 알차게 보내주셔서 감사해요ㅠ!,2016-09-13T16:27:42.000+0000,STOREFARM,5,(지니맘)보석 비즈 큐빅십자수 다이아몬드페인팅 키티/미니언즈/도라에몽/ 어벤져스/ 슈퍼맨/ 베트맨 (사이즈 15cm 20cm) 31종,큐빅십자수 키티 DIY: 29번 미니언즈1
193554228,SELLBLOG,NORMAL,좀 더 어려운것으로 도전.,2016-09-09T19:09:35.000+0000,STOREFARM,5,(지니맘)보석 비즈 큐빅십자수 다이아몬드페인팅 키티/미니언즈/도라에몽/ 어벤져스/ 슈퍼맨/ 베트맨 (사이즈 15cm 20cm) 31종,큐빅십자수 키티 DIY: 30번 미니언즈2
192895124,SELLBLOG,NORMAL,아이들과 함께 만들기 좋은 상품이네요.,2016-09-06T03:03:45.000+0000,STOREFARM,5,(지니맘)보석 비즈 큐빅십자수 다이아몬드페인팅 키티/미니언즈/도라에몽/ 어벤져스/ 슈퍼맨/ 베트맨 (사이즈 15cm 20cm) 31종,큐빅십자수 키티 DIY: 20번 미키마우스
191349504,SELLBLOG,NORMAL,예쁜 상품 감사합니다.아이가 틈만 나면 몰두해서 하네요~^^,2016-08-28T03:07:38.000+0000,STOREFARM,5,(지니맘)보석 비즈 큐빅십자수 다이아몬드페인팅 키티/미니언즈/도라에몽/ 어벤져스/ 슈퍼맨/ 베트맨 (사이즈 15cm 20cm) 31종,큐빅십자수 키티 DIY: 29번 미니언즈1
192895196,SELLBLOG,NORMAL,빠른 배송 좋은 상품 감사합니다.,2016-09-06T03:04:12.000+0000,STOREFARM,5,(지니맘)보석 비즈 큐빅십자수 다이아몬드페인팅 키티/미니언즈/도라에몽/ 어벤져스/ 슈퍼맨/ 베트맨 (사이즈 15cm 20cm) 31종,큐빅십자수 키티 DIY: 15번 키티 별
192894991,SELLBLOG,NORMAL,액자도 챙겨주시고 감사합니다.,2016-09-06T03:02:49.000+0000,STOREFARM,5,(지니맘)보석 비즈 큐빅십자수 다이아몬드페인팅 키티/미니언즈/도라에몽/ 어벤져스/ 슈퍼맨/ 베트맨 (사이즈 15cm 20cm) 31종,큐빅십자수 키티 DIY: 13번 키티 리본
191349261,SELLBLOG,NORMAL,너무 예쁘고 알찬 구성 만족합니다.다음에 또 구매할게요~^^,2016-08-28T03:05:56.000+0000,STOREFARM,5,(지니맘)보석 비즈 큐빅십자수 다이아몬드페인팅 키티/미니언즈/도라에몽/ 어벤져스/ 슈퍼맨/ 베트맨 (사이즈 15cm 20cm) 31종,큐빅십자수 키티 DIY: 1번 키티칼라
192894858,SELLBLOG,NORMAL,배송도 빠르고 물건도 너무 예쁘네요 ,2016-09-06T03:02:00.000+0000,STOREFARM,5,(지니맘)보석 비즈 큐빅십자수 다이아몬드페인팅 키티/미니언즈/도라에몽/ 어벤져스/ 슈퍼맨/ 베트맨 (사이즈 15cm 20cm) 31종,큐빅십자수 키티 DIY: 17번 키티 원형
192895056,SELLBLOG,NORMAL,구성품도 질 좋고 배송도 빨라요 ,2016-09-06T03:03:19.000+0000,STOREFARM,5,(지니맘)보석 비즈 큐빅십자수 다이아몬드페인팅 키티/미니언즈/도라에몽/ 어벤져스/ 슈퍼맨/ 베트맨 (사이즈 15cm 20cm) 31종,큐빅십자수 키티 DIY: 11번 키티 곰
193554217,SELLBLOG,NORMAL,재미있어요.,2016-09-09T19:08:51.000+0000,STOREFARM,5,(지니맘)보석 비즈 큐빅십자수 다이아몬드페인팅 키티/미니언즈/도라에몽/ 어벤져스/ 슈퍼맨/ 베트맨 (사이즈 15cm 20cm) 31종,큐빅십자수 키티 DIY: 31번 미니언즈3
192894929,SELLBLOG,NORMAL,"큐빅 색상도 질도 맘에 드네요
",2016-09-06T03:02:28.000+0000,STOREFARM,5,(지니맘)보석 비즈 큐빅십자수 다이아몬드페인팅 키티/미니언즈/도라에몽/ 어벤져스/ 슈퍼맨/ 베트맨 (사이즈 15cm 20cm) 31종,큐빅십자수 키티 DIY: 3번 키티블루
192774649,SELLBLOG,NORMAL,"빠른배송감사합니다
",2016-09-05T07:24:54.000+0000,STOREFARM,5,(지니맘)보석 비즈 큐빅십자수 다이아몬드페인팅 키티/미니언즈/도라에몽/ 어벤져스/ 슈퍼맨/ 베트맨 (사이즈 15cm 20cm) 31종,큐빅십자수 키티 DIY: 20번 미키마우스
192774558,SELLBLOG,NORMAL,"빠른배송감사합니다
",2016-09-05T07:24:23.000+0000,STOREFARM,5,(지니맘)보석 비즈 큐빅십자수 다이아몬드페인팅 키티/미니언즈/도라에몽/ 어벤져스/ 슈퍼맨/ 베트맨 (사이즈 15cm 20cm) 31종,큐빅십자수 키티 DIY: 19번 미키 걸
192774706,SELLBLOG,NORMAL,이쁘네요 만족해요,2016-09-05T07:25:17.000+0000,STOREFARM,5,(지니맘)보석 비즈 큐빅십자수 다이아몬드페인팅 키티/미니언즈/도라에몽/ 어벤져스/ 슈퍼맨/ 베트맨 (사이즈 15cm 20cm) 31종,큐빅십자수 키티 DIY: 1번 키티칼라
191349372,SELLBLOG,NORMAL,배송도 빠르고 상품도 아주 만족스럽습니다~^^,2016-08-28T03:06:44.000+0000,STOREFARM,5,(지니맘)보석 비즈 큐빅십자수 다이아몬드페인팅 키티/미니언즈/도라에몽/ 어벤져스/ 슈퍼맨/ 베트맨 (사이즈 15cm 20cm) 31종,큐빅십자수 키티 DIY: 6번 키티 꿀벌
193484386,SELLBLOG,NORMAL,블링블링예뻐요,2016-09-09T08:14:09.000+0000,STOREFARM,3,(지니맘)보석 비즈 큐빅십자수 다이아몬드페인팅 키티/미니언즈/도라에몽/ 어벤져스/ 슈퍼맨/ 베트맨 (사이즈 15cm 20cm) 31종,큐빅십자수 키티 DIY: 9번 스폰지밥
193484292,SELLBLOG,NORMAL,블링블링예뻐요,2016-09-09T08:13:36.000+0000,STOREFARM,3,(지니맘)보석 비즈 큐빅십자수 다이아몬드페인팅 키티/미니언즈/도라에몽/ 어벤져스/ 슈퍼맨/ 베트맨 (사이즈 15cm 20cm) 31종,큐빅십자수 키티 DIY: 11번 키티 곰
184672483,SELLBLOG,NORMAL,잘받았습니다 ,2016-07-17T10:50:57.000+0000,STOREFARM,5,(지니맘)보석 비즈 큐빅십자수 다이아몬드페인팅 키티/미니언즈/도라에몽/ 어벤져스/ 슈퍼맨/ 베트맨 (사이즈 15cm 20cm) 31종,큐빅십자수 키티 DIY: 13번 키티 리본
184672424,SELLBLOG,NORMAL,잘받았습니다,2016-07-17T10:50:38.000+0000,STOREFARM,5,(지니맘)보석 비즈 큐빅십자수 다이아몬드페인팅 키티/미니언즈/도라에몽/ 어벤져스/ 슈퍼맨/ 베트맨 (사이즈 15cm 20cm) 31종,큐빅십자수 키티 DIY: 6번 키티 꿀벌
181318881,SELLBLOG,NORMAL,이쁘고 좋아요~~ 이 쁘 고  하기 편 해 서 좋아요~~     초 보 자 가  하 기 도  쉽 고 요~                             다시 재구매 의사 있습니다.~~~,2016-06-27T00:53:50.000+0000,STOREFARM,5,(지니맘 큐빅십자수) 보석 큐빅십자수 DIY 키티 (사이즈 15cm 20cm),큐빅십자수 키티 DIY: 9번 스폰지밥
181318462,SELLBLOG,NORMAL,이쁘고 좋아요~~ 이 쁘 고   좋 아 요 ~ 초 보 자 가  하 기 에 도  쉽 구 요 ~ ~                          다시 재구매 할께요  ~,2016-06-27T00:52:26.000+0000,STOREFARM,5,(지니맘 큐빅십자수) 보석 큐빅십자수 DIY 키티 (사이즈 15cm 20cm),큐빅십자수 키티 DIY: 16번 키티 헬로곰
181318119,SELLBLOG,NORMAL,이쁘고 좋아요~~ 이쁘고 하기 편해서 좋은거 같아요~~                                        다 쓰고 다시 구매 할께요    ~~,2016-06-27T00:51:12.000+0000,STOREFARM,5,(지니맘 큐빅십자수) 보석 큐빅십자수 DIY 키티 (사이즈 15cm 20cm),큐빅십자수 키티 DIY: 19번 미키 걸
181315952,SELLBLOG,NORMAL,이쁘고 좋아요~~ 이 쁘 고   좋 아 요 ~ ~ ~구 매 하 길  잘  했 어 요 ~ ~  이쁘고 좋아요~~,2016-06-27T00:43:16.000+0000,STOREFARM,5,(지니맘 큐빅십자수) 보석 큐빅십자수 DIY 키티 (사이즈 15cm 20cm),큐빅십자수 키티 DIY: 6번 키티 꿀벌
181317501,SELLBLOG,NORMAL,이 쁘 고  좋 아 요~~ 이 쁘 고  좋  아  요 ~~ 이  쁘   고   좋  아  요~ 다시 재구매 의사 있습니다~,2016-06-27T00:48:55.000+0000,STOREFARM,5,(지니맘 큐빅십자수) 보석 큐빅십자수 DIY 키티 (사이즈 15cm 20cm),큐빅십자수 키티 DIY: 20번 미키마우스
181316603,SELLBLOG,NORMAL,이 쁘 고  좋 아 요 ~ 이쁘고 좋아요~~      이쁘고 좋아요~~   이쁘고 좋아요~~     이쁘고 좋아요~~,2016-06-27T00:45:31.000+0000,STOREFARM,5,(지니맘 큐빅십자수) 보석 큐빅십자수 DIY 키티 (사이즈 15cm 20cm),큐빅십자수 키티 DIY: 24번 별
181317134,SELLBLOG,NORMAL,이쁘고 좋아요~~ 이 쁘 고  좋 아 요~~  이 쁘 고  좋 아 요~~~이 쁘 고   좋 아 요 ~~   이 쁘 고  좋 아 요 ~ ~,2016-06-27T00:47:32.000+0000,STOREFARM,5,(지니맘 큐빅십자수) 보석 큐빅십자수 DIY 키티 (사이즈 15cm 20cm),큐빅십자수 키티 DIY: 25번 슈퍼맨
181317876,SELLBLOG,NORMAL,이쁘고 좋아요~~ 이 쁘 고  좋 아 요~~   이 쁘 고  좋 아 요 ~ ~ 이 쁘 고  좋  아 요 ~~   이 쁘 고 좋 아 요 ~ ~,2016-06-27T00:50:20.000+0000,STOREFARM,5,(지니맘 큐빅십자수) 보석 큐빅십자수 DIY 키티 (사이즈 15cm 20cm),큐빅십자수 키티 DIY: 26번 베트맨
178586538,SELLBLOG,NORMAL,서비스 감사합니다. 이쁜게 만들게요 ^^*,2016-06-09T08:28:28.000+0000,STOREFARM,5,(지니맘)보석십자수 다이아몬드페인팅 비즈공예 큐빅십자수 키티 도라에몽 어벤져스 슈퍼맨 베트맨 (사이즈 15cm 20cm)  26종,큐빅십자수 키티 DIY: 1번 키티칼라
171686376,SELLBLOG,NORMAL,짱예뻐요 하는데 시간가는 줄 모르고 열심히 만들었어요. 티비보면서 설렁설렁 만들어두 금방 만들어요. 너무예쁘고 다 만들면 뿌듯해요. 품절이어서 기다렸다가 산 보람이 있네요. 너무 예뻐서 또 구매했어요,2016-04-20T13:03:09.000+0000,STOREFARM,5,(지니맘 큐빅십자수) 보석 큐빅십자수 DIY 키티 (사이즈 15cm 20cm),큐빅십자수 키티 DIY: 16번 키티 헬로곰
171686237,SELLBLOG,NORMAL,짱이에요 방에 장식해놨더니 눈이부십니다. 너무 예뻐요. 반짝거리구요.키티제품이 많아서 더 좋아요. 그래서 다른모양으로 또 구매했어요.,2016-04-20T13:01:56.000+0000,STOREFARM,5,(지니맘 큐빅십자수) 보석 큐빅십자수 DIY 키티 (사이즈 15cm 20cm),큐빅십자수 키티 DIY: 1번 키티칼라
171627813,SELLBLOG,NORMAL,좋아요 학생들과 수업하기 위해서 구입하였는데 아직 안해봤지만 마음에 듭니다. 쉽고 간단히 예쁜 작품이 니올 거 같아요,2016-04-20T04:45:00.000+0000,STOREFARM,5,(지니맘 큐빅십자수) 보석 큐빅십자수 DIY 키티/26종/(사이즈 15cm 20cm),큐빅십자수 키티 DIY: 15번 키티 별
171628901,SELLBLOG,NORMAL,추천 어렵지 않으면서 완성도 높은 작품이 나올 것 같아 기대가 됩니다. 학생들과 즐겁게 만들게요 서비스도 감사합니다!!,2016-04-20T04:54:14.000+0000,STOREFARM,5,(지니맘 큐빅십자수) 보석 큐빅십자수 DIY 키티/26종/(사이즈 15cm 20cm),큐빅십자수 키티 DIY: 16번 키티 헬로곰
171686106,SELLBLOG,NORMAL,완전예뻐요 너무 예뻐요. 보석도 넉넉히 주셔서 모자르지 않게 잘 만들었습니다. 방에 붙여놨더니 반짝반짝하니 예쁘네여,2016-04-20T13:00:51.000+0000,STOREFARM,5,(지니맘 큐빅십자수) 보석 큐빅십자수 DIY 키티 (사이즈 15cm 20cm),큐빅십자수 키티 DIY: 6번 키티 꿀벌
171629316,SELLBLOG,NORMAL,추천 마음에 듭니다. 서비스도 감사합니다 .학생들과 함께 만들건데 아이들이 참 좋아할 것 같아서 벌써 기대가 되네요,2016-04-20T04:57:38.000+0000,STOREFARM,5,(지니맘 큐빅십자수) 보석 큐빅십자수 DIY 키티/26종/(사이즈 15cm 20cm),큐빅십자수 키티 DIY: 23번 슈퍼마리오
171629422,SELLBLOG,NORMAL,굿 서비스 감사합니다. 아이들이 좋아할 것 같아서 구입했는데 저도 기대됩니다. 어렵지 않게 예쁜 작품이 나올 것 같네요,2016-04-20T04:58:30.000+0000,STOREFARM,5,(지니맘 큐빅십자수) 보석 큐빅십자수 DIY 키티/26종/(사이즈 15cm 20cm),큐빅십자수 키티 DIY: 22번 도라에몽
171628563,SELLBLOG,NORMAL,좋아용 마음에 듭니다.!! 아이들과 재밌게 만들 수 있을거 같아요!! 잘 만들고 다음에 또 구매하도록 하겠습니다^^,2016-04-20T04:51:28.000+0000,STOREFARM,5,(지니맘 큐빅십자수) 보석 큐빅십자수 DIY 키티/26종/(사이즈 15cm 20cm),큐빅십자수 키티 DIY: 24번 별
171628783,SELLBLOG,NORMAL,굿  마음에 들어요 어렵지 않고 잘 만들 수 있을거 같아요 블링블링하니 너무 예뻐서 기대가 됩니다.,2016-04-20T04:53:28.000+0000,STOREFARM,5,(지니맘 큐빅십자수) 보석 큐빅십자수 DIY 키티/26종/(사이즈 15cm 20cm),큐빅십자수 키티 DIY: 11번 키티 곰
171627876,SELLBLOG,NORMAL,굿 학생들과 함꼐 하기 위해 구입함였는데 쉽고 재밌게 할 수 있을거 같습니다. 아이들이 잘 할 수 있을거 같아요!~,2016-04-20T04:45:36.000+0000,STOREFARM,5,(지니맘 큐빅십자수) 보석 큐빅십자수 DIY 키티/26종/(사이즈 15cm 20cm),큐빅십자수 키티 DIY: 3번 키티블루
171628067,SELLBLOG,NORMAL,좋아요! 마음에 들어요!! 아이들과 즐겁게 할 수 있을거 같아요~!! 예뻐서 완성작품 보면 아이들이 좋아할거 같네요 ㅎㅎㅎ,2016-04-20T04:47:17.000+0000,STOREFARM,5,(지니맘 큐빅십자수) 보석 큐빅십자수 DIY 키티/26종/(사이즈 15cm 20cm),큐빅십자수 키티 DIY: 9번 스폰지밥
171628259,SELLBLOG,NORMAL,"굿 완성작품이 기대됩니다. 학생들이 좋아할 것 같습니다. 완성작품에 학생들보다 제가 더 기대됩니다.  
많이 파세요!!",2016-04-20T04:49:11.000+0000,STOREFARM,5,(지니맘 큐빅십자수) 보석 큐빅십자수 DIY 키티/26종/(사이즈 15cm 20cm),큐빅십자수 키티 DIY: 25번 슈퍼맨
171628633,SELLBLOG,NORMAL,굿 좋아요~!!! 아이들과 즐겁게 만들 수 있을 거 같습니다^^ 완성작품이 마음에 들 거 같아요!!,2016-04-20T04:52:13.000+0000,STOREFARM,5,(지니맘 큐빅십자수) 보석 큐빅십자수 DIY 키티/26종/(사이즈 15cm 20cm),큐빅십자수 키티 DIY: 4번 키티핑크
173364133,SELLBLOG,NORMAL,배송도 빠르고 좋아요^^,2016-05-03T01:52:11.000+0000,STOREFARM,5,"보석 큐빅십자수 DIY 키티/NO마진 이벤트 행사 나무액자 4,000원/(사이즈 15cm 20cm)/26종",큐빅십자수 키티 DIY: 6번 키티 꿀벌
173364058,SELLBLOG,NORMAL,아이가 너무 좋아해요^^,2016-05-03T01:51:50.000+0000,STOREFARM,5,"보석 큐빅십자수 DIY 키티/NO마진 이벤트 행사 나무액자 4,000원/(사이즈 15cm 20cm)/26종",큐빅십자수 키티 DIY: 1번 키티칼라
171627710,SELLBLOG,NORMAL,좋아요! 귀여울거 같아요,2016-04-20T04:44:05.000+0000,STOREFARM,5,(지니맘 큐빅십자수) 보석 큐빅십자수 DIY 키티/26종/(사이즈 15cm 20cm),큐빅십자수 키티 DIY: 15번 키티 별
3011967613,SELLBLOG,NORMAL,"아이가 너무 좋아하네요
재료양도 넉넉하고 퀄리티가 좋다나요ㅎㅎ
여러개 구매할껄 그랬어요
너무 금방 해버리더라고요
재구매할 예정입니다
단지 원하는 그림들이 품절이 많아서 아쉬워요",2020-09-22T04:49:23.239+0000,STOREFARM,5,어린이 보석십자수 DIY 캐릭터 큐빅 비즈십자수 지니맘,지니맘 큐빅십자수  DIY: 7번 소녀2  (15cm 20cm)
3011934145,SELLBLOG,NORMAL,초집중 !! 아이들이 집중할 거리가 있으니 엄마도 잠시 쉬는 시간 가질 수 있어서 좋아요. 만들어서 액자넣어두니 장식하기에도 좋아요.,2020-09-22T04:10:39.731+0000,STOREFARM,5,어린이 보석십자수 DIY 캐릭터 큐빅 비즈십자수 지니맘,지니맘 큐빅십자수  DIY: 1번 유니콘  (15cm 20cm)
3011935855,SELLBLOG,NORMAL,포장 잘 되어서 왔고 잘 만들었고액자까지 넣어 잘 장식했어요^^ 아이들의 성취감에도 좋은 활동인것 같네요.,2020-09-22T04:12:34.927+0000,STOREFARM,5,어린이 보석십자수 DIY 캐릭터 큐빅 비즈십자수 지니맘,지니맘 큐빅십자수  DIY: 8번 꽃사슴 (15cm 20cm)
3012005212,SELLBLOG,NORMAL,아이가 너무 좋아해요~ 완성작품도 예뻐요,2020-09-22T05:34:25.030+0000,STOREFARM,5,어린이 보석십자수 DIY 캐릭터 큐빅 비즈십자수 지니맘,지니맘 큐빅십자수  DIY: 2번 보라유니콘  (15cm 20cm)
3011974784,SELLBLOG,NORMAL,"강추입니다
품절된 제품들 빠른입고 부탁드려요~",2020-09-22T04:57:51.313+0000,STOREFARM,5,어린이 보석십자수 DIY 캐릭터 큐빅 비즈십자수 지니맘,지니맘 큐빅십자수  DIY: 1번 유니콘  (15cm 20cm)
3012005764,SELLBLOG,NORMAL,아이 혼자 한참 집중하네요,2020-09-22T05:35:06.751+0000,STOREFARM,5,어린이 보석십자수 DIY 캐릭터 큐빅 비즈십자수 지니맘,지니맘 큐빅십자수  DIY: 4번 홍학 (15cm 20cm)
171627711,SELLBLOG,NORMAL,좋아요맘에들어욧,2016-04-20T04:44:05.000+0000,STOREFARM,5,(지니맘 큐빅십자수) 보석 큐빅십자수 DIY 키티/26종/(사이즈 15cm 20cm),큐빅십자수 키티 DIY: 3번 키티블루
169837976,SELLBLOG,NORMAL,"배송은 빠른데 구성이 약간 쫌 그러네요
작은 사이즈가 필요해서 산거지만 조금 허전한 느낌입니다",2016-04-06T05:56:48.000+0000,STOREFARM,3,(지니맘 큐빅십자수) 보석 큐빅십자수 DIY 키티 (사이즈 15cm 20cm),큐빅십자수 키티 DIY: 6번 키티 꿀벌
171627743,SELLBLOG,NORMAL,좋아요 맘에들어요,2016-04-20T04:44:05.000+0000,STOREFARM,5,(지니맘 큐빅십자수) 보석 큐빅십자수 DIY 키티/26종/(사이즈 15cm 20cm),큐빅십자수 키티 DIY: 16번 키티 헬로곰
171627742,SELLBLOG,NORMAL,좋아요 맘에들어요,2016-04-20T04:44:05.000+0000,STOREFARM,5,(지니맘 큐빅십자수) 보석 큐빅십자수 DIY 키티/26종/(사이즈 15cm 20cm),큐빅십자수 키티 DIY: 11번 키티 곰
171627739,SELLBLOG,NORMAL,좋아요 맘에들어요 ,2016-04-20T04:44:05.000+0000,STOREFARM,5,(지니맘 큐빅십자수) 보석 큐빅십자수 DIY 키티/26종/(사이즈 15cm 20cm),큐빅십자수 키티 DIY: 23번 슈퍼마리오
171627735,SELLBLOG,NORMAL,좋아요 맘에들어요,2016-04-20T04:44:05.000+0000,STOREFARM,5,(지니맘 큐빅십자수) 보석 큐빅십자수 DIY 키티/26종/(사이즈 15cm 20cm),큐빅십자수 키티 DIY: 22번 도라에몽
171627727,SELLBLOG,NORMAL,좋아요맘에들어요,2016-04-20T04:44:05.000+0000,STOREFARM,5,(지니맘 큐빅십자수) 보석 큐빅십자수 DIY 키티/26종/(사이즈 15cm 20cm),큐빅십자수 키티 DIY: 24번 별
171627725,SELLBLOG,NORMAL,좋아요맘에들어요,2016-04-20T04:44:05.000+0000,STOREFARM,5,(지니맘 큐빅십자수) 보석 큐빅십자수 DIY 키티/26종/(사이즈 15cm 20cm),큐빅십자수 키티 DIY: 4번 키티핑크
171627718,SELLBLOG,NORMAL,좋아요맘에들어요,2016-04-20T04:44:05.000+0000,STOREFARM,5,(지니맘 큐빅십자수) 보석 큐빅십자수 DIY 키티/26종/(사이즈 15cm 20cm),
171627713,SELLBLOG,NORMAL,좋아요맘에들어요,2016-04-20T04:44:05.000+0000,STOREFARM,5,(지니맘 큐빅십자수) 보석 큐빅십자수 DIY 키티/26종/(사이즈 15cm 20cm),큐빅십자수 키티 DIY: 9번 스폰지밥
168629857,SELLBLOG,NORMAL,"아이도 좋아하고 만족스럽네요~
한개는 선물하고 두개는 직접하려고 샀는데..
딸아이 계속하자고 졸라요~!
다하면 재구매 의사 100플입니다~",2016-03-28T02:16:53.000+0000,STOREFARM,5,(지니맘 큐빅십자수) 보석 큐빅십자수 DIY 키티 (사이즈 15cm 20cm),큐빅십자수 키티 DIY: 16번 키티 헬로곰
170081968,SELLBLOG,NORMAL,포장도 깔끔하고 배송도 빨리왔어요,2016-04-08T05:24:13.000+0000,STOREFARM,5,(지니맘 큐빅십자수) 보석 큐빅십자수 DIY 키티 (사이즈 15cm 20cm),큐빅십자수 키티 DIY: 6번 키티 꿀벌
168629863,SELLBLOG,NORMAL,완전 만족합니다. 아이도 재미있다고 좋아하네요~,2016-03-28T02:16:53.000+0000,STOREFARM,5,(지니맘 큐빅십자수) 보석 큐빅십자수 DIY 키티 (사이즈 15cm 20cm),큐빅십자수 키티 DIY: 6번 키티 꿀벌
168629861,SELLBLOG,NORMAL,좋아요~ 이뻐요~ 만족합니다,2016-03-28T02:16:53.000+0000,STOREFARM,5,(지니맘 큐빅십자수) 보석 큐빅십자수 DIY 키티 (사이즈 15cm 20cm),큐빅십자수 키티 DIY: 11번 키티 곰
171905196,SELLBLOG,NORMAL,좋습니다.,2016-04-22T06:31:00.000+0000,STOREFARM,5,(지니맘 큐빅십자수) 보석 큐빅십자수 DIY 키티/26종/(사이즈 15cm 20cm),큐빅십자수 키티 DIY: 12번 키티 수박
171905103,SELLBLOG,NORMAL,좋습니다.,2016-04-22T06:30:32.000+0000,STOREFARM,5,(지니맘 큐빅십자수) 보석 큐빅십자수 DIY 키티/26종/(사이즈 15cm 20cm),큐빅십자수 키티 DIY: 16번 키티 헬로곰
163930111,SELLBLOG,NORMAL,너무 예쁘네요~^^,2016-02-18T12:53:00.000+0000,STOREFARM,5,(지니맘 큐빅십자수) 보석 큐빅십자수 DIY 키티 (사이즈 15cm 20cm),큐빅십자수 키티 DIY: 1번 키티칼라
162491155,SELLBLOG,NORMAL,배송도빠르고실제로받은게더이뻐요,2016-02-02T07:46:18.000+0000,STOREFARM,5,(지니맘 큐빅십자수) 보석 큐빅십자수 DIY 키티 (사이즈 15cm 20cm),큐빅십자수 키티 DIY: 15번 키티 별
162491318,SELLBLOG,NORMAL,블링블링 액자에 끼워놓으면더이쁠것같아요,2016-02-02T07:47:18.000+0000,STOREFARM,5,(지니맘 큐빅십자수) 보석 큐빅십자수 DIY 키티 (사이즈 15cm 20cm),큐빅십자수 키티 DIY: 2번 키티봄디아
162491233,SELLBLOG,NORMAL,"배송도빠르고
여유분도많아서 좋았어요",2016-02-02T07:46:48.000+0000,STOREFARM,5,(지니맘 큐빅십자수) 보석 큐빅십자수 DIY 키티 (사이즈 15cm 20cm),큐빅십자수 키티 DIY: 13번 키티 리본
161552098,SELLBLOG,NORMAL,배송완전빠르네용~~감사합니당 ㅎㅎ 빨리하고 또 사야징 ㅎㅎ,2016-01-25T04:07:23.000+0000,STOREFARM,5,"(지니맘 큐빅십자수) 보석 큐빅십자수 DIY 키티 (15cm 20cm) 8,500원",큐빅십자수 키티 DIY: 1번 키티칼라
3144394719,SELLBLOG,AFTER_USE,굿 취미로 하고있습니당!!!,2021-03-31T11:18:51.744+0000,STOREFARM,5,어린이 보석십자수 DIY 캐릭터 큐빅 비즈 지니맘 KC인증,지니맘 큐빅십자수  DIY: 34번 A낮잠(액자별매)
3119116966,SELLBLOG,AFTER_USE,좋아하네요~~~~~~~~,2021-02-23T13:39:24.673+0000,STOREFARM,5,어린이 보석십자수 DIY 캐릭터 큐빅 비즈 지니맘 KC인증,지니맘 큐빅십자수  DIY: 25번 뿔 돌고래(액자별매)
3089659211,SELLBLOG,AFTER_USE,아이들 완전 좋아 합니다... 근데 좀 피곤하네요^^,2021-01-12T19:39:55.708+0000,STOREFARM,4,어린이 보석십자수 DIY 캐릭터 큐빅 비즈 지니맘 KC인증,지니맘 큐빅십자수  DIY: 26번 왕관 고양이(액자별매)
3011926681,SELLBLOG,NORMAL,"초2 여자아이들이 했는데, 엄청 집중해서 잘 하네요. 다음에 다른 도안으로 또 사달라고 하더라구요. 액자에 넣어줬더니 큐빅이 반짝반짝 넘 이뻐요",2020-09-22T04:00:42.619+0000,STOREFARM,5,어린이 보석십자수 DIY 캐릭터 큐빅 비즈십자수 지니맘,지니맘 큐빅십자수  DIY: 12번 돌고래 (15cm 20cm)
3011610077,SELLBLOG,NORMAL,"일단 배송이 늦었는데.. 전 택배파업으로 늦어지는 줄 알았는데 연락을 주셔서 택배분실인거 같다고 다음날 받아볼 수있도록 우체국택배로 보내주시겠다하셔서 받았어요^^ 택배보내신 후에도 꼼꼼히 모니터링해서 연락주신게 너무 감동이였어요~ 아이가 엄청 기다렸거든요
하나하나 꼼꼼하게 배송해주셔서 너무 감사합니다^^
아이가 집중해서 하나하나 붙이면서 완성되어가는 것에 성취감도 느끼는것같아 뿌듯해요
시간도 잘가고 아이도 좋아하니 너무 좋아요",2020-09-21T12:48:32.191+0000,STOREFARM,5,어린이 보석십자수 DIY 캐릭터 큐빅 비즈십자수 지니맘,지니맘 큐빅십자수  DIY: 12번 돌고래 (15cm 20cm)
3011928598,SELLBLOG,NORMAL,꼼꼼한 포장 마음에 듭니다. 아이들이 즐겁고 뿌듯해해서 재구매 의사 있습니다. 번창하세요~~,2020-09-22T04:03:15.159+0000,STOREFARM,5,어린이 보석십자수 DIY 캐릭터 큐빅 비즈십자수 지니맘,지니맘 큐빅십자수  DIY: 1번 유니콘  (15cm 20cm)
3011929631,SELLBLOG,NORMAL,"집중해서 잘 하네요.^^ 엄마 도움이 조금 필요하기도 하지만, 조금 적응하면 혼자서 하겠다고  하더라구요.",2020-09-22T04:04:37.500+0000,STOREFARM,5,어린이 보석십자수 DIY 캐릭터 큐빅 비즈십자수 지니맘,지니맘 큐빅십자수  DIY: 13번 별유니콘 (15cm 20cm)
3011611139,SELLBLOG,NORMAL,"큐빅이 너무 이뻐요^^
아쉬운 점은 양면테잎이 좀더 나눠져있음 좋겠어요~ 크게 나눠지다보니 먼지도 뭍고 요령이 없는 아이는 쏟아서 다시 떼어내으라 힘들었어요ㅋㅋ",2020-09-21T12:50:12.735+0000,STOREFARM,5,어린이 보석십자수 DIY 캐릭터 큐빅 비즈십자수 지니맘,지니맘 큐빅십자수  DIY: 14번 부엉이 (15cm 20cm)
3011705320,SELLBLOG,NORMAL,"초2,3학년 아이들이 너무 잼있게 하고있어요!! 뿌듯합니다~",2020-09-21T16:41:49.419+0000,STOREFARM,5,어린이 보석십자수 DIY 캐릭터 큐빅 비즈십자수 지니맘,지니맘 큐빅십자수  DIY: 8번 꽃사슴 (15cm 20cm)
3011705300,SELLBLOG,NORMAL,"초2,3학년 아이들이 너무 잼있게 하고있어요!! 뿌듯합니다~",2020-09-21T16:41:41.760+0000,STOREFARM,5,어린이 보석십자수 DIY 캐릭터 큐빅 비즈십자수 지니맘,지니맘 큐빅십자수  DIY: 19번 아이스크림 (15cm 20cm)
3011634592,SELLBLOG,NORMAL,막내동생 사줬는데 엄청 좋아하네요ㅋㅋㅋ 또 구매할게요,2020-09-21T13:28:59.093+0000,STOREFARM,5,어린이 보석십자수 DIY 캐릭터 큐빅 비즈십자수 지니맘,지니맘 큐빅십자수  DIY: 1번 유니콘  (15cm 20cm)
3011740496,SELLBLOG,NORMAL,아이가 좋아하네요 시간 보내기 좋겠어요,2020-09-21T23:02:34.684+0000,STOREFARM,4,어린이 보석십자수 DIY 캐릭터 큐빅 비즈십자수 지니맘,지니맘 큐빅십자수  DIY: 7번 소녀2  (15cm 20cm)
3011611781,SELLBLOG,NORMAL,꼼꼼하게 포장되어있고 코팅되어 있어서 구겨지니 않고 펴져있어서 좋았어요,2020-09-21T12:51:10.914+0000,STOREFARM,5,어린이 보석십자수 DIY 캐릭터 큐빅 비즈십자수 지니맘,지니맘 큐빅십자수  DIY: 16번 여우 (15cm 20cm)
3011889691,SELLBLOG,AFTER_USE,선물했어요~ 너무 좋아합니다.,2020-09-22T03:12:08.227+0000,STOREFARM,5,어린이 보석십자수 DIY 캐릭터 큐빅 비즈십자수 지니맘,지니맘 큐빅십자수  DIY: 1번 유니콘  (15cm 20cm)
3011740789,SELLBLOG,NORMAL,아이가 좋아 합니다 이쁘네요,2020-09-21T23:03:42.768+0000,STOREFARM,4,어린이 보석십자수 DIY 캐릭터 큐빅 비즈십자수 지니맘,지니맘 큐빅십자수  DIY: 14번 부엉이 (15cm 20cm)
3011908235,SELLBLOG,NORMAL,아이가 무척조아하네요,2020-09-22T03:37:08.597+0000,STOREFARM,5,어린이 보석십자수 DIY 캐릭터 큐빅 비즈십자수 지니맘,지니맘 큐빅십자수  DIY: 10번 안경토끼  (15cm 20cm)
3011740619,SELLBLOG,NORMAL,그림도 귀엽고 좋아요,2020-09-21T23:03:06.434+0000,STOREFARM,4,어린이 보석십자수 DIY 캐릭터 큐빅 비즈십자수 지니맘,지니맘 큐빅십자수  DIY: 1번 유니콘  (15cm 20cm)
3011866620,SELLBLOG,NORMAL,아이가 좋아합니다.,2020-09-22T02:40:34.106+0000,STOREFARM,4,어린이 보석십자수 DIY 캐릭터 큐빅 비즈십자수 지니맘,지니맘 큐빅십자수  DIY: 14번 부엉이 (15cm 20cm)
3011611314,SELLBLOG,NORMAL,쨍하니 너무 이뻐요~,2020-09-21T12:50:27.273+0000,STOREFARM,5,어린이 보석십자수 DIY 캐릭터 큐빅 비즈십자수 지니맘,지니맘 큐빅십자수  DIY: 1번 유니콘  (15cm 20cm)
3011608203,SELLBLOG,NORMAL,아이가 좋아하네요^^,2020-09-21T12:45:28.388+0000,STOREFARM,4,어린이 보석십자수 DIY 캐릭터 큐빅 비즈십자수 지니맘,지니맘 큐빅십자수  DIY: 13번 별유니콘 (15cm 20cm)
